1784756850 | enp139s0f0np0: 221824994852442 59975572649    0 2473    0     0          0    501421 168278530435156 43660763470    0    0    0     0       0          0
1784756851 | enp139s0f0np0: 221825169153698 59975627272    0 2473    0     0          0    501421 168279867801151 43661086770    0    0    0     0       0          0
1784756852 | enp139s0f0np0: 221825742165059 59975793635    0 2473    0     0          0    501421 168282886591258 43661819445    0    0    0     0       0          0
1784756853 | enp139s0f0np0: 221825908325881 59975863272    0 2473    0     0          0    501421 168285981095726 43662566067    0    0    0     0       0          0
1784756854 | enp139s0f0np0: 221826064749255 59975931200    0 2473    0     0          0    501421 168288964755836 43663285920    0    0    0     0       0          0
1784756855 | enp139s0f0np0: 221826454821874 59976052777    0 2473    0     0          0    501421 168291636555828 43663934306    0    0    0     0       0          0
1784756856 | enp139s0f0np0: 221826739503895 59976152700    0 2473    0     0          0    501422 168295072106259 43664763156    0    0    0     0       0          0
1784756857 | enp139s0f0np0: 221826941393712 59976223187    0 2473    0     0          0    501422 168296634914113 43665143065    0    0    0     0       0          0
1784756858 | enp139s0f0np0: 221827494971572 59976385370    0 2473    0     0          0    501422 168299222295215 43665772852    0    0    0     0       0          0
1784756859 | enp139s0f0np0: 221827701819489 59976458846    0 2473    0     0          0    501422 168301154291881 43666241172    0    0    0     0       0          0
1784756860 | enp139s0f0np0: 221827911776988 59976526740    0 2473    0     0          0    501422 168302917505437 43666668045    0    0    0     0       0          0
1784756861 | enp139s0f0np0: 221828461942610 59976686542    0 2473    0     0          0    501422 168305713053947 43667347077    0    0    0     0       0          0
1784756862 | enp139s0f0np0: 221828471161311 59976719104    0 2473    0     0          0    501422 168309207757555 43668186668    0    0    0     0       0          0
1784756863 | enp139s0f0np0: 221829174085164 59976917408    0 2473    0     0          0    501422 168311872600942 43668836133    0    0    0     0       0          0
1784756864 | enp139s0f0np0: 221829364431945 59976978946    0 2473    0     0          0    501422 168313425878121 43669213094    0    0    0     0       0          0
1784756865 | enp139s0f0np0: 221829612841524 59977062649    0 2473    0     0          0    501422 168315896615222 43669810330    0    0    0     0       0          0
1784756866 | enp139s0f0np0: 221830125289314 59977211657    0 2473    0     0          0    501422 168318487830730 43670440073    0    0    0     0       0          0
1784756867 | enp139s0f0np0: 221830127473432 59977224766    0 2473    0     0          0    501422 168319487917790 43670681351    0    0    0     0       0          0
1784756868 | enp139s0f0np0: 221830787523440 59977413112    0 2473    0     0          0    501422 168322369645866 43671382429    0    0    0     0       0          0
1784756869 | enp139s0f0np0: 221830889423049 59977465853    0 2473    0     0          0    501422 168325151974212 43672052788    0    0    0     0       0          0
1784756870 | enp139s0f0np0: 221831341752080 59977603062    0 2473    0     0          0    501422 168328129577048 43672773963    0    0    0     0       0          0
1784756871 | enp139s0f0np0: 221831651607846 59977705996    0 2473    0     0          0    501422 168331168163329 43673508154    0    0    0     0       0          0
1784756872 | enp139s0f0np0: 221831701898329 59977744435    0 2473    0     0          0    501422 168334116936939 43674218055    0    0    0     0       0          0
1784756873 | enp139s0f0np0: 221832380509378 59977935066    0 2473    0     0          0    501422 168336788679306 43674869496    0    0    0     0       0          0
1784756874 | enp139s0f0np0: 221832460016003 59977984267    0 2473    0     0          0    501422 168340059291258 43675656341    0    0    0     0       0          0
1784756875 | enp139s0f0np0: 221833174646690 59978179194    0 2473    0     0          0    501422 168341938232406 43676118144    0    0    0     0       0          0
1784756876 | enp139s0f0np0: 221833391165615 59978257210    0 2473    0     0          0    501422 168344484026480 43676733461    0    0    0     0       0          0
1784756877 | enp139s0f0np0: 221833775493702 59978377835    0 2473    0     0          0    501422 168347540272526 43677472754    0    0    0     0       0          0
1784756878 | enp139s0f0np0: 221833939312264 59978435368    0 2473    0     0          0    501422 168349154212751 43677863902    0    0    0     0       0          0
1784756879 | enp139s0f0np0: 221833942593300 59978454359    0 2473    0     0          0    501422 168350995674717 43678306603    0    0    0     0       0          0
1784756880 | enp139s0f0np0: 221833945946347 59978474113    0 2473    0     0          0    501422 168352799864717 43678740815    0    0    0     0       0          0
1784756881 | enp139s0f0np0: 221833948082544 59978487646    0 2473    0     0          0    501422 168353859301309 43678996050    0    0    0     0       0          0
1784756882 | enp139s0f0np0: 221833949651333 59978497326    0 2473    0     0          0    501422 168354599317393 43679174304    0    0    0     0       0          0
1784756883 | enp139s0f0np0: 221833952049944 59978511941    0 2473    0     0          0    501422 168355742453321 43679450001    0    0    0     0       0          0
1784756884 | enp139s0f0np0: 221833953574601 59978521112    0 2473    0     0          0    501422 168356502192171 43679633004    0    0    0     0       0          0
1784756885 | enp139s0f0np0: 221833955379068 59978531721    0 2473    0     0          0    501423 168357332903835 43679833459    0    0    0     0       0          0
1784756886 | enp139s0f0np0: 221833957187976 59978542842    0 2473    0     0          0    501423 168358199344130 43680042388    0    0    0     0       0          0
1784756887 | enp139s0f0np0: 221833958588938 59978550744    0 2473    0     0          0    501423 168358832973364 43680195260    0    0    0     0       0          0
1784756888 | enp139s0f0np0: 221833960816124 59978564003    0 2473    0     0          0    501423 168359914996996 43680456102    0    0    0     0       0          0
1784756889 | enp139s0f0np0: 221833995232094 59978580961    0 2473    0     0          0    501423 168360585050078 43680618546    0    0    0     0       0          0
1784756890 | enp139s0f0np0: 221834032566690 59978601277    0 2473    0     0          0    501423 168361442906394 43680826024    0    0    0     0       0          0
1784756891 | enp139s0f0np0: 221834034247107 59978611406    0 2473    0     0          0    501423 168362200819460 43681008936    0    0    0     0       0          0
1784756892 | enp139s0f0np0: 221834036348499 59978624353    0 2473    0     0          0    501423 168363178076772 43681244603    0    0    0     0       0          0
1784756893 | enp139s0f0np0: 221834037979781 59978634226    0 2473    0     0          0    501423 168363978028154 43681437283    0    0    0     0       0          0
1784756894 | enp139s0f0np0: 221834039567067 59978643918    0 2473    0     0          0    501423 168364728454786 43681618259    0    0    0     0       0          0
1784756895 | enp139s0f0np0: 221834041590329 59978656345    0 2473    0     0          0    501423 168365659832232 43681842984    0    0    0     0       0          0
1784756896 | enp139s0f0np0: 221834111369715 59978681526    0 2473    0     0          0    501423 168366305989905 43682000170    0    0    0     0       0          0
1784756897 | enp139s0f0np0: 221834113638493 59978696322    0 2473    0     0          0    501423 168367444703304 43682274419    0    0    0     0       0          0
1784756898 | enp139s0f0np0: 221834157352774 59978719339    0 2473    0     0          0    501423 168368368831653 43682498425    0    0    0     0       0          0
1784756899 | enp139s0f0np0: 221834272397535 59978760246    0 2473    0     0          0    501423 168369344575457 43682735821    0    0    0     0       0          0
1784756900 | enp139s0f0np0: 221834392990584 59978800398    0 2473    0     0          0    501423 168370196245501 43682943419    0    0    0     0       0          0
1784756901 | enp139s0f0np0: 221834394502455 59978809786    0 2473    0     0          0    501423 168370930349055 43683120320    0    0    0     0       0          0
1784756902 | enp139s0f0np0: 221834396509864 59978822717    0 2473    0     0          0    501423 168371903179339 43683354816    0    0    0     0       0          0
1784756903 | enp139s0f0np0: 221834397596361 59978829652    0 2473    0     0          0    501423 168372425217021 43683480677    0    0    0     0       0          0
1784756904 | enp139s0f0np0: 221834399670341 59978842647    0 2473    0     0          0    501423 168373443353917 43683725890    0    0    0     0       0          0
1784756905 | enp139s0f0np0: 221834401327768 59978853062    0 2473    0     0          0    501423 168374246283929 43683919409    0    0    0     0       0          0
1784756906 | enp139s0f0np0: 221834458360369 59978879831    0 2473    0     0          0    501423 168375254805704 43684163437    0    0    0     0       0          0
1784756907 | enp139s0f0np0: 221834495120515 59978894406    0 2473    0     0          0    501423 168375694572854 43684270180    0    0    0     0       0          0
1784756908 | enp139s0f0np0: 221834542848031 59978916431    0 2473    0     0          0    501423 168376521765010 43684470579    0    0    0     0       0          0
1784756909 | enp139s0f0np0: 221834543795233 59978922519    0 2473    0     0          0    501423 168376961643654 43684576664    0    0    0     0       0          0
1784756910 | enp139s0f0np0: 221834544991400 59978929530    0 2473    0     0          0    501423 168377461690076 43684697603    0    0    0     0       0          0
1784756911 | enp139s0f0np0: 221834545993546 59978935588    0 2473    0     0          0    501423 168377923212622 43684808914    0    0    0     0       0          0
1784756912 | enp139s0f0np0: 221834546956963 59978941704    0 2473    0     0          0    501423 168378337836064 43684909010    0    0    0     0       0          0
1784756913 | enp139s0f0np0: 221834547589103 59978945187    0 2473    0     0          0    501423 168378583741196 43684968420    0    0    0     0       0          0
1784756914 | enp139s0f0np0: 221834549111429 59978954248    0 2473    0     0          0    501423 168379256302890 43685130729    0    0    0     0       0          0
1784756915 | enp139s0f0np0: 221834550285748 59978961582    0 2473    0     0          0    501424 168379785542836 43685258349    0    0    0     0       0          0
1784756916 | enp139s0f0np0: 221834551255779 59978966945    0 2473    0     0          0    501424 168380161014487 43685349220    0    0    0     0       0          0
1784756917 | enp139s0f0np0: 221834553010925 59978977049    0 2473    0     0          0    501424 168380931946351 43685535360    0    0    0     0       0          0
1784756918 | enp139s0f0np0: 221834553918533 59978982037    0 2473    0     0          0    501424 168381271517267 43685617543    0    0    0     0       0          0
1784756919 | enp139s0f0np0: 221834554563410 59978985777    0 2473    0     0          0    501424 168381526284069 43685679035    0    0    0     0       0          0
1784756920 | enp139s0f0np0: 221834556306557 59978996479    0 2473    0     0          0    501424 168382265599631 43685857610    0    0    0     0       0          0
1784756921 | enp139s0f0np0: 221834557329652 59979002609    0 2473    0     0          0    501424 168382712925083 43685965432    0    0    0     0       0          0
1784756922 | enp139s0f0np0: 221834558739722 59979011078    0 2473    0     0          0    501424 168383355586217 43686120423    0    0    0     0       0          0
1784756923 | enp139s0f0np0: 221834560445176 59979021875    0 2473    0     0          0    501424 168384161713917 43686314750    0    0    0     0       0          0
1784756924 | enp139s0f0np0: 221834659996587 59979059600    0 2473    0     0          0    501424 168385276438479 43686585177    0    0    0     0       0          0
1784756925 | enp139s0f0np0: 221834769383839 59979095472    0 2473    0     0          0    501424 168385964561159 43686753025    0    0    0     0       0          0
1784756926 | enp139s0f0np0: 221834839870920 59979125299    0 2473    0     0          0    501424 168386899435984 43686979917    0    0    0     0       0          0
1784756927 | enp139s0f0np0: 221834841417407 59979134699    0 2473    0     0          0    501424 168387578908456 43687143811    0    0    0     0       0          0
1784756928 | enp139s0f0np0: 221834843188503 59979145047    0 2473    0     0          0    501424 168388345997900 43687329049    0    0    0     0       0          0
1784756929 | enp139s0f0np0: 221834844919520 59979154034    0 2473    0     0          0    501424 168389090807604 43687508968    0    0    0     0       0          0
1784756930 | enp139s0f0np0: 221834847303803 59979167985    0 2473    0     0          0    501424 168390166514094 43687768646    0    0    0     0       0          0
1784756931 | enp139s0f0np0: 221834866824156 59979181861    0 2473    0     0          0    501424 168390911139336 43687948486    0    0    0     0       0          0
1784756932 | enp139s0f0np0: 221834919666009 59979208682    0 2473    0     0          0    501424 168392003231018 43688212645    0    0    0     0       0          0
1784756933 | enp139s0f0np0: 221834920418801 59979212803    0 2473    0     0          0    501424 168392288946032 43688281617    0    0    0     0       0          0
1784756934 | enp139s0f0np0: 221834921314452 59979217718    0 2473    0     0          0    501424 168392634969648 43688365198    0    0    0     0       0          0
1784756935 | enp139s0f0np0: 221834933183503 59979232394    0 2473    0     0          0    501424 168393573178045 43688591439    0    0    0     0       0          0
1784756936 | enp139s0f0np0: 221834993583416 59979258660    0 2473    0     0          0    501424 168394532571783 43688823456    0    0    0     0       0          0
1784756937 | enp139s0f0np0: 221834995734595 59979271527    0 2473    0     0          0    501424 168395603278215 43689081235    0    0    0     0       0          0
1784756938 | enp139s0f0np0: 221834998519413 59979288885    0 2473    0     0          0    501424 168397012954805 43689420610    0    0    0     0       0          0
1784756939 | enp139s0f0np0: 221835000401878 59979300249    0 2473    0     0          0    501424 168397930384821 43689641529    0    0    0     0       0          0
1784756940 | enp139s0f0np0: 221835001988922 59979309560    0 2473    0     0          0    501424 168398695511629 43689825756    0    0    0     0       0          0
1784756941 | enp139s0f0np0: 221835003455591 59979318034    0 2473    0     0          0    501424 168399313988589 43689975123    0    0    0     0       0          0
1784756942 | enp139s0f0np0: 221835055840569 59979338901    0 2473    0     0          0    501424 168399921346661 43690122589    0    0    0     0       0          0
1784756943 | enp139s0f0np0: 221835074044416 59979348110    0 2473    0     0          0    501424 168400267667653 43690206479    0    0    0     0       0          0
1784756944 | enp139s0f0np0: 221835075583447 59979356976    0 2473    0     0          0    501424 168400958359947 43690373115    0    0    0     0       0          0
1784756945 | enp139s0f0np0: 221835205886176 59979399568    0 2473    0     0          0    501425 168401803964603 43690579424    0    0    0     0       0          0
1784756946 | enp139s0f0np0: 221835270761292 59979420845    0 2473    0     0          0    501425 168402203896852 43690677337    0    0    0     0       0          0
1784756947 | enp139s0f0np0: 221835285502626 59979435071    0 2473    0     0          0    501425 168403057973713 43690883719    0    0    0     0       0          0
1784756948 | enp139s0f0np0: 221835286459200 59979440660    0 2473    0     0          0    501425 168403491152741 43690988058    0    0    0     0       0          0
1784756949 | enp139s0f0np0: 221835287831710 59979448718    0 2473    0     0          0    501425 168404100938687 43691135054    0    0    0     0       0          0
1784756950 | enp139s0f0np0: 221835289470611 59979458661    0 2473    0     0          0    501425 168404833963481 43691311749    0    0    0     0       0          0
1784756951 | enp139s0f0np0: 221835290567705 59979464517    0 2473    0     0          0    501425 168405314724825 43691427643    0    0    0     0       0          0
1784756952 | enp139s0f0np0: 221835292987988 59979478288    0 2473    0     0          0    501425 168406422641645 43691694778    0    0    0     0       0          0
1784756954 | enp139s0f0np0: 221835355341485 59979504814    0 2473    0     0          0    501425 168407322051231 43691912765    0    0    0     0       0          0
1784756955 | enp139s0f0np0: 221835365079258 59979516460    0 2473    0     0          0    501425 168408043457227 43692087118    0    0    0     0       0          0
1784756956 | enp139s0f0np0: 221835367613368 59979531232    0 2473    0     0          0    501425 168409156636557 43692355909    0    0    0     0       0          0
1784756957 | enp139s0f0np0: 221835369391890 59979540649    0 2473    0     0          0    501425 168409780543176 43692507572    0    0    0     0       0          0
1784756958 | enp139s0f0np0: 221835371637819 59979553983    0 2473    0     0          0    501425 168410813280190 43692756683    0    0    0     0       0          0
1784756959 | enp139s0f0np0: 221835395301001 59979564993    0 2473    0     0          0    501425 168411214909479 43692854135    0    0    0     0       0          0
1784756960 | enp139s0f0np0: 221835510815142 59979601820    0 2473    0     0          0    501425 168411900449970 43693021641    0    0    0     0       0          0
1784756961 | enp139s0f0np0: 221835512248671 59979610047    0 2473    0     0          0    501425 168412518616690 43693170885    0    0    0     0       0          0
1784756962 | enp139s0f0np0: 221835688771320 59979664119    0 2473    0     0          0    501425 168413416958428 43693390387    0    0    0     0       0          0
1784756963 | enp139s0f0np0: 221835721002796 59979682375    0 2473    0     0          0    501425 168414220917994 43693584902    0    0    0     0       0          0
1784756964 | enp139s0f0np0: 221835723490676 59979698308    0 2473    0     0          0    501425 168415416626352 43693873021    0    0    0     0       0          0
1784756965 | enp139s0f0np0: 221835725647491 59979711942    0 2473    0     0          0    501425 168416473165708 43694127486    0    0    0     0       0          0
1784756966 | enp139s0f0np0: 221835727074820 59979720765    0 2473    0     0          0    501425 168417160669428 43694293084    0    0    0     0       0          0
1784756967 | enp139s0f0np0: 221835729065974 59979733726    0 2473    0     0          0    501425 168418145709933 43694530308    0    0    0     0       0          0
1784756968 | enp139s0f0np0: 221835729874107 59979738833    0 2473    0     0          0    501425 168418506349661 43694617265    0    0    0     0       0          0
1784756969 | enp139s0f0np0: 221835731368790 59979747765    0 2473    0     0          0    501425 168419209295463 43694786772    0    0    0     0       0          0
1784756970 | enp139s0f0np0: 221835732185950 59979752451    0 2473    0     0          0    501425 168419566235217 43694872902    0    0    0     0       0          0
1784756971 | enp139s0f0np0: 221835802109385 59979778565    0 2473    0     0          0    501425 168420280141619 43695046347    0    0    0     0       0          0
1784756972 | enp139s0f0np0: 221835803655659 59979788340    0 2473    0     0          0    501425 168421032370541 43695227589    0    0    0     0       0          0
1784756973 | enp139s0f0np0: 221835804654828 59979794045    0 2473    0     0          0    501425 168421470449955 43695333387    0    0    0     0       0          0
1784756974 | enp139s0f0np0: 221835806516192 59979804051    0 2473    0     0          0    501425 168422115235737 43695490293    0    0    0     0       0          0
1784756975 | enp139s0f0np0: 221835807323444 59979808993    0 2473    0     0          0    501425 168422461497197 43695573853    0    0    0     0       0          0
1784756976 | enp139s0f0np0: 221835808896954 59979818484    0 2473    0     0          0    501426 168423182336419 43695747714    0    0    0     0       0          0
1784756977 | enp139s0f0np0: 221835878769203 59979844718    0 2473    0     0          0    501426 168423924191394 43695927825    0    0    0     0       0          0
1784756978 | enp139s0f0np0: 221835991073497 59979882402    0 2473    0     0          0    501426 168424764946910 43696132389    0    0    0     0       0          0
1784756979 | enp139s0f0np0: 221836019079643 59979899807    0 2473    0     0          0    501426 168425594756768 43696333149    0    0    0     0       0          0
1784756980 | enp139s0f0np0: 221836021120656 59979912080    0 2473    0     0          0    501426 168426541042332 43696561395    0    0    0     0       0          0
1784756981 | enp139s0f0np0: 221836022406685 59979919530    0 2473    0     0          0    501426 168427117022870 43696700343    0    0    0     0       0          0
1784756982 | enp139s0f0np0: 221836161660987 59979967951    0 2473    0     0          0    501426 168428333263028 43696995917    0    0    0     0       0          0
1784756983 | enp139s0f0np0: 221836162588146 59979973348    0 2473    0     0          0    501426 168428744901492 43697095264    0    0    0     0       0          0
1784756984 | enp139s0f0np0: 221836163053930 59979975632    0 2473    0     0          0    501426 168428906050594 43697134275    0    0    0     0       0          0
1784756985 | enp139s0f0np0: 221836164175981 59979982468    0 2473    0     0          0    501426 168429418524200 43697257953    0    0    0     0       0          0
1784756986 | enp139s0f0np0: 221836165436557 59979990279    0 2473    0     0          0    501426 168429982497934 43697394094    0    0    0     0       0          0
1784756987 | enp139s0f0np0: 221836166624483 59979997599    0 2473    0     0          0    501426 168430533384569 43697526951    0    0    0     0       0          0
1784756988 | enp139s0f0np0: 221836169141900 59980010544    0 2473    0     0          0    501426 168431332022269 43697722086    0    0    0     0       0          0
1784756989 | enp139s0f0np0: 221836169886974 59980014951    0 2473    0     0          0    501426 168431679346069 43697805839    0    0    0     0       0          0
1784756990 | enp139s0f0np0: 221836171426852 59980023871    0 2473    0     0          0    501426 168432402888415 43697980435    0    0    0     0       0          0
1784756991 | enp139s0f0np0: 221836172583298 59980030445    0 2473    0     0          0    501426 168432944172515 43698110946    0    0    0     0       0          0
1784756992 | enp139s0f0np0: 221836173892772 59980038216    0 2473    0     0          0    501426 168433541234117 43698254983    0    0    0     0       0          0
1784756993 | enp139s0f0np0: 221836174835212 59980043723    0 2473    0     0          0    501426 168433893946153 43698340581    0    0    0     0       0          0
1784756994 | enp139s0f0np0: 221836176307703 59980052251    0 2473    0     0          0    501426 168434667754715 43698526776    0    0    0     0       0          0
1784756995 | enp139s0f0np0: 221836177012192 59980056428    0 2473    0     0          0    501426 168434981602585 43698602509    0    0    0     0       0          0
1784756996 | enp139s0f0np0: 221836178218578 59980063562    0 2473    0     0          0    501426 168435566557777 43698743415    0    0    0     0       0          0
1784756997 | enp139s0f0np0: 221836179008126 59980068212    0 2473    0     0          0    501426 168435920126778 43698828688    0    0    0     0       0          0
1784756998 | enp139s0f0np0: 221836179374276 59980070131    0 2473    0     0          0    501426 168436060852320 43698862678    0    0    0     0       0          0
1784756999 | enp139s0f0np0: 221836180775481 59980079123    0 2473    0     0          0    501426 168436749559394 43699028630    0    0    0     0       0          0
1784757000 | enp139s0f0np0: 221836182152533 59980088064    0 2473    0     0          0    501426 168437413476250 43699188575    0    0    0     0       0          0
1784757001 | enp139s0f0np0: 221836183166807 59980094201    0 2473    0     0          0    501426 168437867727150 43699297980    0    0    0     0       0          0
1784757002 | enp139s0f0np0: 221836184546612 59980102714    0 2473    0     0          0    501426 168438511360546 43699453043    0    0    0     0       0          0
1784757003 | enp139s0f0np0: 221836185301092 59980106865    0 2473    0     0          0    501426 168438821086084 43699527808    0    0    0     0       0          0
1784757004 | enp139s0f0np0: 221836186656674 59980115346    0 2473    0     0          0    501426 168439480699984 43699686686    0    0    0     0       0          0
1784757005 | enp139s0f0np0: 221836191604080 59980121957    0 2473    0     0          0    501426 168439892642907 43699786090    0    0    0     0       0          0
1784757006 | enp139s0f0np0: 221836257298995 59980145641    0 2473    0     0          0    501427 168440516990266 43699937767    0    0    0     0       0          0
1784757007 | enp139s0f0np0: 221836258574305 59980153734    0 2473    0     0          0    501427 168441118741897 43700082708    0    0    0     0       0          0
1784757008 | enp139s0f0np0: 221836328079537 59980177050    0 2473    0     0          0    501427 168441679421747 43700219031    0    0    0     0       0          0
1784757009 | enp139s0f0np0: 221836398605237 59980207976    0 2473    0     0          0    501427 168442726357361 43700472482    0    0    0     0       0          0
1784757010 | enp139s0f0np0: 221836399569135 59980213304    0 2473    0     0          0    501427 168443165671757 43700578275    0    0    0     0       0          0
1784757011 | enp139s0f0np0: 221836400634559 59980219576    0 2473    0     0          0    501427 168443619392153 43700687648    0    0    0     0       0          0
1784757012 | enp139s0f0np0: 221836401981264 59980227757    0 2473    0     0          0    501427 168444259547381 43700841791    0    0    0     0       0          0
1784757013 | enp139s0f0np0: 221836402404829 59980229870    0 2473    0     0          0    501427 168444392523013 43700873892    0    0    0     0       0          0
1784757014 | enp139s0f0np0: 221836403252823 59980234644    0 2473    0     0          0    501427 168444730380249 43700955416    0    0    0     0       0          0
1784757015 | enp139s0f0np0: 221836404629539 59980243106    0 2473    0     0          0    501427 168445362559689 43701107730    0    0    0     0       0          0
1784757016 | enp139s0f0np0: 221836405566456 59980248452    0 2473    0     0          0    501427 168445761610325 43701203953    0    0    0     0       0          0
1784757017 | enp139s0f0np0: 221836407082033 59980257598    0 2473    0     0          0    501427 168446491393382 43701379718    0    0    0     0       0          0
1784757018 | enp139s0f0np0: 221836408031767 59980263156    0 2473    0     0          0    501427 168446891760894 43701476169    0    0    0     0       0          0
1784757019 | enp139s0f0np0: 221836409165996 59980269864    0 2473    0     0          0    501427 168447428647244 43701605556    0    0    0     0       0          0
1784757020 | enp139s0f0np0: 221836410651361 59980278999    0 2473    0     0          0    501427 168448121966752 43701772593    0    0    0     0       0          0
1784757021 | enp139s0f0np0: 221836411692869 59980284897    0 2473    0     0          0    501427 168448602891790 43701888435    0    0    0     0       0          0
1784757022 | enp139s0f0np0: 221836413026655 59980293042    0 2473    0     0          0    501427 168449224660840 43702038282    0    0    0     0       0          0
1784757023 | enp139s0f0np0: 221836413908749 59980298013    0 2473    0     0          0    501427 168449616494028 43702132691    0    0    0     0       0          0
1784757024 | enp139s0f0np0: 221836414816267 59980303287    0 2473    0     0          0    501427 168449997400356 43702224487    0    0    0     0       0          0
1784757025 | enp139s0f0np0: 221836416081561 59980311069    0 2473    0     0          0    501427 168450563452300 43702360968    0    0    0     0       0          0
1784757026 | enp139s0f0np0: 221836417188934 59980317525    0 2473    0     0          0    501427 168451067728714 43702482518    0    0    0     0       0          0
1784757027 | enp139s0f0np0: 221836418409805 59980324664    0 2473    0     0          0    501427 168451576086587 43702605212    0    0    0     0       0          0
1784757028 | enp139s0f0np0: 221836419541461 59980331573    0 2473    0     0          0    501427 168452052524973 43702720142    0    0    0     0       0          0
1784757029 | enp139s0f0np0: 221836420485792 59980336994    0 2473    0     0          0    501427 168452421458685 43702809176    0    0    0     0       0          0
1784757030 | enp139s0f0np0: 221836559093326 59980382222    0 2473    0     0          0    501427 168453298279599 43703023042    0    0    0     0       0          0
1784757031 | enp139s0f0np0: 221836560467689 59980390398    0 2473    0     0          0    501427 168453908583665 43703170096    0    0    0     0       0          0
1784757032 | enp139s0f0np0: 221836560797240 59980391715    0 2473    0     0          0    501427 168453990262691 43703189951    0    0    0     0       0          0
1784757033 | enp139s0f0np0: 221836560989418 59980392127    0 2473    0     0          0    501427 168453990358007 43703190250    0    0    0     0       0          0
1784757034 | enp139s0f0np0: 221836561209165 59980392499    0 2473    0     0          0    501427 168453990437501 43703190501    0    0    0     0       0          0
1784757035 | enp139s0f0np0: 221836561453556 59980392873    0 2473    0     0          0    501427 168453990514139 43703190745    0    0    0     0       0          0
1784757036 | enp139s0f0np0: 221836561763669 59980393468    0 2473    0     0          0    501428 168453990676043 43703191197    0    0    0     0       0          0
1784757037 | enp139s0f0np0: 221836561950865 59980393751    0 2473    0     0          0    501428 168453990717758 43703191347    0    0    0     0       0          0
1784757038 | enp139s0f0np0: 221836630740642 59980412018    0 2473    0     0          0    501428 168454059392760 43703209562    0    0    0     0       0          0
1784757039 | enp139s0f0np0: 221836630937995 59980412299    0 2473    0     0          0    501428 168454059434256 43703209714    0    0    0     0       0          0
1784757040 | enp139s0f0np0: 221836631176492 59980412668    0 2473    0     0          0    501428 168454059509388 43703209974    0    0    0     0       0          0
1784757041 | enp139s0f0np0: 221836631327854 59980412908    0 2473    0     0          0    501428 168454059537408 43703210081    0    0    0     0       0          0
1784757042 | enp139s0f0np0: 221836631580567 59980413314    0 2473    0     0          0    501428 168454059616824 43703210336    0    0    0     0       0          0
1784757043 | enp139s0f0np0: 221836631752660 59980413555    0 2473    0     0          0    501428 168454059649854 43703210453    0    0    0     0       0          0
1784757044 | enp139s0f0np0: 221836631960579 59980413920    0 2473    0     0          0    501428 168454059756942 43703210806    0    0    0     0       0          0
1784757045 | enp139s0f0np0: 221836632092775 59980414031    0 2473    0     0          0    501428 168454059780942 43703210895    0    0    0     0       0          0
1784757046 | enp139s0f0np0: 221836700801176 59980432142    0 2473    0     0          0    501428 168454128432640 43703229073    0    0    0     0       0          0
1784757047 | enp139s0f0np0: 221836700984580 59980432284    0 2473    0     0          0    501428 168454128464731 43703229186    0    0    0     0       0          0
1784757048 | enp139s0f0np0: 221836701105987 59980432392    0 2473    0     0          0    501428 168454128492325 43703229288    0    0    0     0       0          0
1784757049 | enp139s0f0np0: 221836701201516 59980432487    0 2473    0     0          0    501428 168454128511453 43703229355    0    0    0     0       0          0
1784757050 | enp139s0f0np0: 221836701375982 59980432708    0 2473    0     0          0    501428 168454128584671 43703229599    0    0    0     0       0          0
1784757051 | enp139s0f0np0: 221836701510414 59980432885    0 2473    0     0          0    501428 168454128636229 43703229788    0    0    0     0       0          0
1784757052 | enp139s0f0np0: 221836701658951 59980433056    0 2473    0     0          0    501428 168454128680569 43703229952    0    0    0     0       0          0
1784757053 | enp139s0f0np0: 221836701784977 59980433218    0 2473    0     0          0    501428 168454128727553 43703230118    0    0    0     0       0          0
1784757054 | enp139s0f0np0: 221836702061557 59980433727    0 2473    0     0          0    501428 168454128897491 43703230646    0    0    0     0       0          0
1784757055 | enp139s0f0np0: 221836839190356 59980469530    0 2473    0     0          0    501428 168454266060469 43703266543    0    0    0     0       0          0
1784757056 | enp139s0f0np0: 221836839376426 59980469878    0 2473    0     0          0    501428 168454266173443 43703266923    0    0    0     0       0          0
1784757057 | enp139s0f0np0: 221836839512203 59980470001    0 2473    0     0          0    501428 168454266199756 43703267021    0    0    0     0       0          0
1784757058 | enp139s0f0np0: 221836839611930 59980470128    0 2473    0     0          0    501428 168454266233710 43703267152    0    0    0     0       0          0
1784757059 | enp139s0f0np0: 221836839784058 59980470327    0 2473    0     0          0    501428 168454266294148 43703267363    0    0    0     0       0          0
1784757060 | enp139s0f0np0: 221836839890703 59980470524    0 2473    0     0          0    501428 168454266361774 43703267600    0    0    0     0       0          0
1784757061 | enp139s0f0np0: 221836840040583 59980470828    0 2473    0     0          0    501428 168454266464944 43703267944    0    0    0     0       0          0
1784757062 | enp139s0f0np0: 221836840152421 59980470933    0 2473    0     0          0    501428 168454266491722 43703268044    0    0    0     0       0          0
1784757063 | enp139s0f0np0: 221836840272968 59980471075    0 2473    0     0          0    501428 168454266532624 43703268187    0    0    0     0       0          0
1784757064 | enp139s0f0np0: 221836840431422 59980471265    0 2473    0     0          0    501428 168454266590386 43703268373    0    0    0     0       0          0
1784757065 | enp139s0f0np0: 221836840511877 59980471337    0 2473    0     0          0    501428 168454266608434 43703268434    0    0    0     0       0          0
1784757066 | enp139s0f0np0: 221836840692975 59980471699    0 2473    0     0          0    501429 168454266722482 43703268794    0    0    0     0       0          0
1784757067 | enp139s0f0np0: 221836840850048 59980471990    0 2473    0     0          0    501429 168454266808951 43703269078    0    0    0     0       0          0
1784757068 | enp139s0f0np0: 221836978154843 59980508396    0 2473    0     0          0    501429 168454404190965 43703305562    0    0    0     0       0          0
1784757069 | enp139s0f0np0: 221836978340424 59980508760    0 2473    0     0          0    501429 168454404298749 43703305910    0    0    0     0       0          0
1784757070 | enp139s0f0np0: 221836978546381 59980509218    0 2473    0     0          0    501429 168454404442167 43703306360    0    0    0     0       0          0
1784757071 | enp139s0f0np0: 221836978899427 59980510155    0 2473    0     0          0    501429 168454404773857 43703307278    0    0    0     0       0          0
1784757072 | enp139s0f0np0: 221837047748202 59980528851    0 2473    0     0          0    501429 168454473652915 43703326160    0    0    0     0       0          0
1784757073 | enp139s0f0np0: 221837047951631 59980529314    0 2473    0     0          0    501429 168454473792961 43703326603    0    0    0     0       0          0
1784757074 | enp139s0f0np0: 221837048516025 59980530967    0 2473    0     0          0    501429 168454474365283 43703328266    0    0    0     0       0          0
1784757075 | enp139s0f0np0: 221837048923333 59980532067    0 2473    0     0          0    501429 168454474745881 43703329362    0    0    0     0       0          0
1784757076 | enp139s0f0np0: 221837049212073 59980532877    0 2473    0     0          0    501429 168454475010895 43703330175    0    0    0     0       0          0
1784757077 | enp139s0f0np0: 221837164490959 59980563279    0 2473    0     0          0    501429 168454590318678 43703360598    0    0    0     0       0          0
1784757078 | enp139s0f0np0: 221837186603976 59980569414    0 2473    0     0          0    501429 168454612416606 43703366739    0    0    0     0       0          0
1784757079 | enp139s0f0np0: 221837186890573 59980570155    0 2473    0     0          0    501429 168454612655742 43703367476    0    0    0     0       0          0
1784757080 | enp139s0f0np0: 221837187269274 59980571209    0 2473    0     0          0    501429 168454613006004 43703368508    0    0    0     0       0          0
1784757081 | enp139s0f0np0: 221837333123978 59980610582    0 2473    0     0          0    501429 168454758970515 43703407947    0    0    0     0       0          0
1784757082 | enp139s0f0np0: 221837434766904 59980639176    0 2473    0     0          0    501429 168454860208057 43703436423    0    0    0     0       0          0
1784757083 | enp139s0f0np0: 221837668711263 59980701602    0 2473    0     0          0    501429 168455094862048 43703498899    0    0    0     0       0          0
1784757084 | enp139s0f0np0: 221837675831537 59980705350    0 2473    0     0          0    501429 168455102004810 43703502672    0    0    0     0       0          0
1784757085 | enp139s0f0np0: 221837806924445 59980740651    0 2473    0     0          0    501429 168455233186812 43703538070    0    0    0     0       0          0
1784757086 | enp139s0f0np0: 221837808668642 59980746328    0 2473    0     0          0    501429 168455235153270 43703543706    0    0    0     0       0          0
1784757087 | enp139s0f0np0: 221837979396879 59980791328    0 2473    0     0          0    501429 168455405971335 43703588896    0    0    0     0       0          0
1784757088 | enp139s0f0np0: 221838014935473 59980801887    0 2473    0     0          0    501429 168455441521611 43703599480    0    0    0     0       0          0
1784757089 | enp139s0f0np0: 221838015477244 59980803382    0 2473    0     0          0    501429 168455441989119 43703600879    0    0    0     0       0          0
1784757090 | enp139s0f0np0: 221838221570086 59980858356    0 2473    0     0          0    501429 168455648206167 43703655962    0    0    0     0       0          0
1784757091 | enp139s0f0np0: 221838550057007 59980948605    0 2473    0     0          0    501429 168455976816059 43703745771    0    0    0     0       0          0
