1784784309 | enp139s0f0np0: 234161831161743 63218438775    0 2473    0     0          0    502337 184213525875522 47728517165    0    0    0     0       0          0
1784784310 | enp139s0f0np0: 234163242305197 63218781162    0 2473    0     0          0    502337 184213532414338 47728534365    0    0    0     0       0          0
1784784311 | enp139s0f0np0: 234166171402907 63219492336    0 2473    0     0          0    502337 184213545794034 47728569599    0    0    0     0       0          0
1784784312 | enp139s0f0np0: 234169218774162 63220231989    0 2473    0     0          0    502337 184213559676432 47728605667    0    0    0     0       0          0
1784784313 | enp139s0f0np0: 234172249651208 63220967848    0 2473    0     0          0    502337 184213573607897 47728643011    0    0    0     0       0          0
1784784314 | enp139s0f0np0: 234175202670463 63221684638    0 2473    0     0          0    502337 184213587078572 47728678009    0    0    0     0       0          0
1784784315 | enp139s0f0np0: 234178222693015 63222417892    0 2473    0     0          0    502337 184213600980149 47728715641    0    0    0     0       0          0
1784784316 | enp139s0f0np0: 234181275004699 63223158692    0 2473    0     0          0    502337 184213614962448 47728752259    0    0    0     0       0          0
1784784317 | enp139s0f0np0: 234184235515489 63223877700    0 2473    0     0          0    502337 184213628525279 47728788438    0    0    0     0       0          0
1784784318 | enp139s0f0np0: 234187260855613 63224612042    0 2473    0     0          0    502337 184213642347189 47728824881    0    0    0     0       0          0
1784784319 | enp139s0f0np0: 234190391817936 63225371985    0 2473    0     0          0    502337 184213656575434 47728861246    0    0    0     0       0          0
1784784320 | enp139s0f0np0: 234193454927496 63226115754    0 2473    0     0          0    502337 184213670689723 47728898973    0    0    0     0       0          0
1784784321 | enp139s0f0np0: 234196501372467 63226855319    0 2473    0     0          0    502337 184213684573931 47728935864    0    0    0     0       0          0
1784784322 | enp139s0f0np0: 234199606465109 63227608775    0 2473    0     0          0    502337 184213698772149 47728973203    0    0    0     0       0          0
1784784323 | enp139s0f0np0: 234202663249022 63228350961    0 2473    0     0          0    502337 184213712830144 47729010894    0    0    0     0       0          0
1784784324 | enp139s0f0np0: 234205830175077 63229119466    0 2473    0     0          0    502337 184213727286940 47729048757    0    0    0     0       0          0
1784784325 | enp139s0f0np0: 234208825282465 63229846334    0 2473    0     0          0    502337 184213740962225 47729084312    0    0    0     0       0          0
1784784326 | enp139s0f0np0: 234211878919098 63230587657    0 2473    0     0          0    502337 184213754975749 47729121359    0    0    0     0       0          0
1784784327 | enp139s0f0np0: 234215005638505 63231346357    0 2473    0     0          0    502337 184213769268365 47729159273    0    0    0     0       0          0
1784784328 | enp139s0f0np0: 234218047679391 63232084874    0 2473    0     0          0    502337 184213783185415 47729195897    0    0    0     0       0          0
1784784329 | enp139s0f0np0: 234221095790462 63232824658    0 2473    0     0          0    502337 184213797167188 47729233088    0    0    0     0       0          0
1784784330 | enp139s0f0np0: 234224167037459 63233570365    0 2473    0     0          0    502337 184213811257299 47729270837    0    0    0     0       0          0
1784784331 | enp139s0f0np0: 234227086489371 63234279187    0 2473    0     0          0    502337 184213824654811 47729306928    0    0    0     0       0          0
1784784332 | enp139s0f0np0: 234230142916516 63235021068    0 2473    0     0          0    502337 184213838659009 47729343812    0    0    0     0       0          0
1784784333 | enp139s0f0np0: 234233229393832 63235770313    0 2473    0     0          0    502337 184213852737070 47729380694    0    0    0     0       0          0
1784784334 | enp139s0f0np0: 234236255237659 63236504347    0 2473    0     0          0    502337 184213866578585 47729417416    0    0    0     0       0          0
1784784335 | enp139s0f0np0: 234239312692855 63237246353    0 2473    0     0          0    502337 184213880651561 47729455473    0    0    0     0       0          0
1784784336 | enp139s0f0np0: 234242365733821 63237987431    0 2473    0     0          0    502337 184213894657387 47729492517    0    0    0     0       0          0
1784784337 | enp139s0f0np0: 234245574267748 63238765859    0 2473    0     0          0    502338 184213909345712 47729531031    0    0    0     0       0          0
1784784338 | enp139s0f0np0: 234248658490858 63239513964    0 2473    0     0          0    502338 184213923319774 47729567138    0    0    0     0       0          0
1784784339 | enp139s0f0np0: 234251778820419 63240271139    0 2473    0     0          0    502338 184213937605534 47729604541    0    0    0     0       0          0
1784784340 | enp139s0f0np0: 234254898930494 63241028233    0 2473    0     0          0    502338 184213951875075 47729642193    0    0    0     0       0          0
1784784341 | enp139s0f0np0: 234257937965302 63241765892    0 2473    0     0          0    502338 184213965777969 47729679146    0    0    0     0       0          0
1784784342 | enp139s0f0np0: 234261035818485 63242517797    0 2473    0     0          0    502338 184213980022542 47729717073    0    0    0     0       0          0
1784784343 | enp139s0f0np0: 234264154539272 63243274365    0 2473    0     0          0    502338 184213994243213 47729754477    0    0    0     0       0          0
1784784344 | enp139s0f0np0: 234267273082223 63244030925    0 2473    0     0          0    502338 184214008465305 47729791495    0    0    0     0       0          0
1784784345 | enp139s0f0np0: 234270377880551 63244784058    0 2473    0     0          0    502338 184214022746636 47729829830    0    0    0     0       0          0
1784784346 | enp139s0f0np0: 234273495287966 63245540498    0 2473    0     0          0    502338 184214037008297 47729867345    0    0    0     0       0          0
1784784347 | enp139s0f0np0: 234276602980441 63246294716    0 2473    0     0          0    502338 184214051242996 47729905113    0    0    0     0       0          0
1784784349 | enp139s0f0np0: 234279653808791 63247035238    0 2473    0     0          0    502338 184214065219116 47729942319    0    0    0     0       0          0
1784784350 | enp139s0f0np0: 234282737232190 63247783481    0 2473    0     0          0    502338 184214079390181 47729980137    0    0    0     0       0          0
1784784351 | enp139s0f0np0: 234286164934939 63248614097    0 2473    0     0          0    502338 184214094844656 47730018522    0    0    0     0       0          0
1784784352 | enp139s0f0np0: 234289419140315 63249403331    0 2473    0     0          0    502338 184214109645129 47730056641    0    0    0     0       0          0
1784784353 | enp139s0f0np0: 234292597292137 63250174061    0 2473    0     0          0    502338 184214124123386 47730093674    0    0    0     0       0          0
1784784354 | enp139s0f0np0: 234295733197756 63250934859    0 2473    0     0          0    502338 184214138512724 47730132191    0    0    0     0       0          0
1784784355 | enp139s0f0np0: 234298819661245 63251683805    0 2473    0     0          0    502338 184214152624562 47730170005    0    0    0     0       0          0
1784784356 | enp139s0f0np0: 234301918258573 63252435825    0 2473    0     0          0    502338 184214166834483 47730207228    0    0    0     0       0          0
1784784357 | enp139s0f0np0: 234305010461867 63253186074    0 2473    0     0          0    502338 184214180966102 47730244867    0    0    0     0       0          0
1784784358 | enp139s0f0np0: 234308391552364 63254005256    0 2473    0     0          0    502338 184214196286504 47730283426    0    0    0     0       0          0
1784784359 | enp139s0f0np0: 234311470470137 63254752353    0 2473    0     0          0    502338 184214210368210 47730320690    0    0    0     0       0          0
1784784360 | enp139s0f0np0: 234314605001672 63255512855    0 2473    0     0          0    502338 184214224688631 47730358144    0    0    0     0       0          0
1784784361 | enp139s0f0np0: 234318014572652 63256339018    0 2473    0     0          0    502338 184214240079618 47730396281    0    0    0     0       0          0
1784784362 | enp139s0f0np0: 234321267813211 63257127750    0 2473    0     0          0    502338 184214254817668 47730433501    0    0    0     0       0          0
1784784363 | enp139s0f0np0: 234324365378335 63257879668    0 2473    0     0          0    502338 184214269014523 47730471629    0    0    0     0       0          0
1784784364 | enp139s0f0np0: 234327648486563 63258675846    0 2473    0     0          0    502338 184214283941279 47730509434    0    0    0     0       0          0
1784784365 | enp139s0f0np0: 234330983015678 63259484254    0 2473    0     0          0    502338 184214298978564 47730546847    0    0    0     0       0          0
1784784366 | enp139s0f0np0: 234334246526871 63260275505    0 2473    0     0          0    502338 184214313768817 47730583943    0    0    0     0       0          0
1784784367 | enp139s0f0np0: 234337317213298 63261020847    0 2473    0     0          0    502338 184214327847190 47730621587    0    0    0     0       0          0
1784784368 | enp139s0f0np0: 234340603232428 63261817746    0 2473    0     0          0    502339 184214342746761 47730658945    0    0    0     0       0          0
1784784369 | enp139s0f0np0: 234343635470299 63262553747    0 2473    0     0          0    502339 184214356544344 47730694944    0    0    0     0       0          0
1784784370 | enp139s0f0np0: 234346600450093 63263273672    0 2473    0     0          0    502339 184214370166405 47730731964    0    0    0     0       0          0
1784784371 | enp139s0f0np0: 234349791976749 63264047596    0 2473    0     0          0    502339 184214384731482 47730769789    0    0    0     0       0          0
1784784372 | enp139s0f0np0: 234353004369705 63264826626    0 2473    0     0          0    502339 184214399298111 47730806854    0    0    0     0       0          0
1784784373 | enp139s0f0np0: 234356130550690 63265585255    0 2473    0     0          0    502339 184214413558037 47730844389    0    0    0     0       0          0
1784784374 | enp139s0f0np0: 234359354143169 63266367155    0 2473    0     0          0    502339 184214428234073 47730882014    0    0    0     0       0          0
1784784375 | enp139s0f0np0: 234362471822363 63267123709    0 2473    0     0          0    502339 184214442464289 47730919907    0    0    0     0       0          0
1784784376 | enp139s0f0np0: 234365628363382 63267889882    0 2473    0     0          0    502339 184214456835534 47730957396    0    0    0     0       0          0
1784784377 | enp139s0f0np0: 234368770174061 63268652088    0 2473    0     0          0    502339 184214471262360 47730995504    0    0    0     0       0          0
1784784378 | enp139s0f0np0: 234372008726198 63269437457    0 2473    0     0          0    502339 184214485845832 47731032654    0    0    0     0       0          0
1784784379 | enp139s0f0np0: 234375069022442 63270180266    0 2473    0     0          0    502339 184214499777931 47731068767    0    0    0     0       0          0
1784784380 | enp139s0f0np0: 234378187149631 63270936491    0 2473    0     0          0    502339 184214513961036 47731105795    0    0    0     0       0          0
1784784381 | enp139s0f0np0: 234381430128494 63271723061    0 2473    0     0          0    502339 184214528714544 47731144257    0    0    0     0       0          0
1784784382 | enp139s0f0np0: 234384536458887 63272476992    0 2473    0     0          0    502339 184214542848375 47731181322    0    0    0     0       0          0
1784784383 | enp139s0f0np0: 234387616882539 63273225139    0 2473    0     0          0    502339 184214556904734 47731218894    0    0    0     0       0          0
1784784384 | enp139s0f0np0: 234390762780881 63273988577    0 2473    0     0          0    502339 184214571303128 47731257620    0    0    0     0       0          0
1784784385 | enp139s0f0np0: 234393845343324 63274736781    0 2473    0     0          0    502339 184214585344397 47731295070    0    0    0     0       0          0
1784784386 | enp139s0f0np0: 234397040796988 63275511827    0 2473    0     0          0    502339 184214599859648 47731333188    0    0    0     0       0          0
1784784387 | enp139s0f0np0: 234400160226521 63276268692    0 2473    0     0          0    502339 184214614040899 47731370589    0    0    0     0       0          0
1784784388 | enp139s0f0np0: 234403272464436 63277023494    0 2473    0     0          0    502339 184214628128430 47731407069    0    0    0     0       0          0
1784784389 | enp139s0f0np0: 234406378732369 63277777459    0 2473    0     0          0    502339 184214642323355 47731445725    0    0    0     0       0          0
1784784390 | enp139s0f0np0: 234409516841698 63278539194    0 2473    0     0          0    502339 184214656459101 47731483008    0    0    0     0       0          0
1784784391 | enp139s0f0np0: 234412604851129 63279288512    0 2473    0     0          0    502339 184214670423591 47731520055    0    0    0     0       0          0
1784784392 | enp139s0f0np0: 234415710226376 63280042329    0 2473    0     0          0    502339 184214684515131 47731557995    0    0    0     0       0          0
1784784393 | enp139s0f0np0: 234418754597672 63280781372    0 2473    0     0          0    502339 184214698285202 47731596145    0    0    0     0       0          0
1784784394 | enp139s0f0np0: 234421887503151 63281541400    0 2473    0     0          0    502339 184214712264259 47731633009    0    0    0     0       0          0
1784784395 | enp139s0f0np0: 234425215197096 63282348533    0 2473    0     0          0    502339 184214727084943 47731672525    0    0    0     0       0          0
1784784396 | enp139s0f0np0: 234428610681293 63283171044    0 2473    0     0          0    502339 184214741921314 47731710754    0    0    0     0       0          0
1784784397 | enp139s0f0np0: 234431714643711 63283924215    0 2473    0     0          0    502339 184214755441492 47731747612    0    0    0     0       0          0
1784784398 | enp139s0f0np0: 234434751442965 63284660920    0 2473    0     0          0    502340 184214768424947 47731784723    0    0    0     0       0          0
1784784399 | enp139s0f0np0: 234437842612054 63285410884    0 2473    0     0          0    502340 184214781476338 47731822102    0    0    0     0       0          0
1784784400 | enp139s0f0np0: 234440979371260 63286171563    0 2473    0     0          0    502340 184214794552508 47731859288    0    0    0     0       0          0
1784784401 | enp139s0f0np0: 234444016315082 63286908379    0 2473    0     0          0    502340 184214806967707 47731895626    0    0    0     0       0          0
1784784402 | enp139s0f0np0: 234447090873494 63287654352    0 2473    0     0          0    502340 184214819548318 47731932451    0    0    0     0       0          0
1784784403 | enp139s0f0np0: 234450098745621 63288384167    0 2473    0     0          0    502340 184214832384966 47731969301    0    0    0     0       0          0
1784784404 | enp139s0f0np0: 234453139537756 63289122187    0 2473    0     0          0    502340 184214845703107 47732005634    0    0    0     0       0          0
1784784405 | enp139s0f0np0: 234456238640590 63289874484    0 2473    0     0          0    502340 184214859740408 47732042691    0    0    0     0       0          0
1784784406 | enp139s0f0np0: 234459216050288 63290597390    0 2473    0     0          0    502340 184214873425358 47732079237    0    0    0     0       0          0
1784784407 | enp139s0f0np0: 234462248766365 63291333240    0 2473    0     0          0    502340 184214887288004 47732115692    0    0    0     0       0          0
1784784408 | enp139s0f0np0: 234465333971951 63292082167    0 2473    0     0          0    502340 184214901395984 47732152662    0    0    0     0       0          0
1784784409 | enp139s0f0np0: 234468385162626 63292822622    0 2473    0     0          0    502340 184214915337341 47732189247    0    0    0     0       0          0
1784784410 | enp139s0f0np0: 234471435779251 63293563225    0 2473    0     0          0    502340 184214929328401 47732226887    0    0    0     0       0          0
1784784411 | enp139s0f0np0: 234474572926872 63294324768    0 2473    0     0          0    502340 184214943609598 47732263629    0    0    0     0       0          0
1784784412 | enp139s0f0np0: 234477675334326 63295077924    0 2473    0     0          0    502340 184214957847882 47732300872    0    0    0     0       0          0
1784784413 | enp139s0f0np0: 234480770007093 63295829181    0 2473    0     0          0    502340 184214971976187 47732338006    0    0    0     0       0          0
1784784414 | enp139s0f0np0: 234483851662670 63296577254    0 2473    0     0          0    502340 184214986144739 47732375899    0    0    0     0       0          0
1784784415 | enp139s0f0np0: 234486825930706 63297299401    0 2473    0     0          0    502340 184214999773589 47732412488    0    0    0     0       0          0
1784784416 | enp139s0f0np0: 234490044597332 63298080249    0 2473    0     0          0    502340 184215014337980 47732449259    0    0    0     0       0          0
1784784417 | enp139s0f0np0: 234493148764254 63298833670    0 2473    0     0          0    502340 184215028570254 47732487062    0    0    0     0       0          0
1784784418 | enp139s0f0np0: 234496317540425 63299602305    0 2473    0     0          0    502340 184215043079424 47732524955    0    0    0     0       0          0
1784784419 | enp139s0f0np0: 234499342745483 63300336393    0 2473    0     0          0    502340 184215056911154 47732561966    0    0    0     0       0          0
1784784420 | enp139s0f0np0: 234502392818935 63301076601    0 2473    0     0          0    502340 184215070864195 47732598451    0    0    0     0       0          0
1784784421 | enp139s0f0np0: 234505445772215 63301817478    0 2473    0     0          0    502340 184215084829872 47732635440    0    0    0     0       0          0
1784784422 | enp139s0f0np0: 234508586267976 63302579329    0 2473    0     0          0    502340 184215099175871 47732673035    0    0    0     0       0          0
1784784423 | enp139s0f0np0: 234511628360825 63303317671    0 2473    0     0          0    502340 184215113109965 47732709675    0    0    0     0       0          0
1784784424 | enp139s0f0np0: 234514698674645 63304063117    0 2473    0     0          0    502340 184215127107766 47732746285    0    0    0     0       0          0
1784784425 | enp139s0f0np0: 234517710280011 63304794374    0 2473    0     0          0    502340 184215140956791 47732783598    0    0    0     0       0          0
1784784426 | enp139s0f0np0: 234520817967905 63305548568    0 2473    0     0          0    502340 184215155164621 47732820967    0    0    0     0       0          0
1784784427 | enp139s0f0np0: 234523918625804 63306301133    0 2473    0     0          0    502340 184215169387277 47732858699    0    0    0     0       0          0
1784784428 | enp139s0f0np0: 234527027833988 63307055821    0 2473    0     0          0    502341 184215183624347 47732896668    0    0    0     0       0          0
1784784429 | enp139s0f0np0: 234530030269322 63307784472    0 2473    0     0          0    502341 184215197343177 47732932981    0    0    0     0       0          0
1784784430 | enp139s0f0np0: 234533119538080 63308534130    0 2473    0     0          0    502341 184215211479111 47732969828    0    0    0     0       0          0
1784784431 | enp139s0f0np0: 234536128837153 63309264677    0 2473    0     0          0    502341 184215225295219 47733007342    0    0    0     0       0          0
1784784432 | enp139s0f0np0: 234539217864115 63310014483    0 2473    0     0          0    502341 184215239481996 47733045174    0    0    0     0       0          0
1784784433 | enp139s0f0np0: 234542319301799 63310767158    0 2473    0     0          0    502341 184215253663388 47733082926    0    0    0     0       0          0
1784784434 | enp139s0f0np0: 234545364332895 63311506279    0 2473    0     0          0    502341 184215267639194 47733120033    0    0    0     0       0          0
1784784435 | enp139s0f0np0: 234548307135283 63312221024    0 2473    0     0          0    502341 184215281146326 47733156223    0    0    0     0       0          0
1784784436 | enp139s0f0np0: 234551415039713 63312975072    0 2473    0     0          0    502341 184215295296867 47733192780    0    0    0     0       0          0
1784784437 | enp139s0f0np0: 234554385077839 63313696121    0 2473    0     0          0    502341 184215308895728 47733228921    0    0    0     0       0          0
1784784438 | enp139s0f0np0: 234557539628569 63314461194    0 2473    0     0          0    502341 184215323220907 47733265458    0    0    0     0       0          0
1784784439 | enp139s0f0np0: 234560745266555 63315239049    0 2473    0     0          0    502341 184215337817885 47733303114    0    0    0     0       0          0
1784784440 | enp139s0f0np0: 234563707201400 63315957999    0 2473    0     0          0    502341 184215351403141 47733339743    0    0    0     0       0          0
1784784441 | enp139s0f0np0: 234566756731348 63316698087    0 2473    0     0          0    502341 184215365378327 47733376670    0    0    0     0       0          0
1784784442 | enp139s0f0np0: 234569883340214 63317456530    0 2473    0     0          0    502341 184215379655669 47733414180    0    0    0     0       0          0
1784784443 | enp139s0f0np0: 234572894501529 63318187638    0 2473    0     0          0    502341 184215393465985 47733450887    0    0    0     0       0          0
1784784444 | enp139s0f0np0: 234576062745424 63318956139    0 2473    0     0          0    502341 184215407895664 47733487973    0    0    0     0       0          0
1784784445 | enp139s0f0np0: 234579025185610 63319675218    0 2473    0     0          0    502341 184215421517648 47733524588    0    0    0     0       0          0
1784784446 | enp139s0f0np0: 234582104933425 63320422551    0 2473    0     0          0    502341 184215435653002 47733562425    0    0    0     0       0          0
1784784447 | enp139s0f0np0: 234585260437848 63321188178    0 2473    0     0          0    502341 184215450099593 47733600488    0    0    0     0       0          0
1784784448 | enp139s0f0np0: 234588395513783 63321948758    0 2473    0     0          0    502341 184215464406628 47733638589    0    0    0     0       0          0
1784784449 | enp139s0f0np0: 234591509432453 63322704196    0 2473    0     0          0    502341 184215478598388 47733675369    0    0    0     0       0          0
1784784450 | enp139s0f0np0: 234594530288388 63323437345    0 2473    0     0          0    502341 184215492453286 47733712110    0    0    0     0       0          0
1784784451 | enp139s0f0np0: 234597626809654 63324188735    0 2473    0     0          0    502341 184215506635663 47733749564    0    0    0     0       0          0
1784784452 | enp139s0f0np0: 234600707277439 63324936055    0 2473    0     0          0    502341 184215520681563 47733786689    0    0    0     0       0          0
1784784453 | enp139s0f0np0: 234603754425725 63325676048    0 2473    0     0          0    502341 184215534744290 47733824582    0    0    0     0       0          0
1784784454 | enp139s0f0np0: 234606759484020 63326405653    0 2473    0     0          0    502341 184215548518551 47733861075    0    0    0     0       0          0
1784784455 | enp139s0f0np0: 234609726161320 63327125954    0 2473    0     0          0    502341 184215562117383 47733897743    0    0    0     0       0          0
1784784456 | enp139s0f0np0: 234612847474758 63327883392    0 2473    0     0          0    502341 184215576356359 47733934855    0    0    0     0       0          0
1784784457 | enp139s0f0np0: 234615998452621 63328647337    0 2473    0     0          0    502341 184215590679717 47733971769    0    0    0     0       0          0
1784784458 | enp139s0f0np0: 234619137151928 63329408846    0 2473    0     0          0    502342 184215605041477 47734009464    0    0    0     0       0          0
1784784459 | enp139s0f0np0: 234622250191212 63330163934    0 2473    0     0          0    502342 184215619246401 47734046499    0    0    0     0       0          0
1784784460 | enp139s0f0np0: 234625270386556 63330896938    0 2473    0     0          0    502342 184215633063595 47734082671    0    0    0     0       0          0
1784784461 | enp139s0f0np0: 234628292256133 63331630641    0 2473    0     0          0    502342 184215646884759 47734119663    0    0    0     0       0          0
1784784462 | enp139s0f0np0: 234631337160347 63332369663    0 2473    0     0          0    502342 184215660795081 47734156462    0    0    0     0       0          0
1784784463 | enp139s0f0np0: 234634414008662 63333116218    0 2473    0     0          0    502342 184215674819170 47734193327    0    0    0     0       0          0
1784784464 | enp139s0f0np0: 234637457289660 63333855193    0 2473    0     0          0    502342 184215688862628 47734231120    0    0    0     0       0          0
1784784465 | enp139s0f0np0: 234640452717790 63334582154    0 2473    0     0          0    502342 184215702543988 47734267516    0    0    0     0       0          0
1784784466 | enp139s0f0np0: 234643625153152 63335351633    0 2473    0     0          0    502342 184215717000574 47734305323    0    0    0     0       0          0
1784784467 | enp139s0f0np0: 234646752813828 63336110620    0 2473    0     0          0    502342 184215731293377 47734342922    0    0    0     0       0          0
1784784468 | enp139s0f0np0: 234649838972534 63336859505    0 2473    0     0          0    502342 184215745380750 47734380011    0    0    0     0       0          0
1784784469 | enp139s0f0np0: 234652882168055 63337598335    0 2473    0     0          0    502342 184215759231145 47734416404    0    0    0     0       0          0
1784784470 | enp139s0f0np0: 234655914996632 63338334534    0 2473    0     0          0    502342 184215773181074 47734453750    0    0    0     0       0          0
1784784471 | enp139s0f0np0: 234659031115907 63339090891    0 2473    0     0          0    502342 184215787396941 47734491157    0    0    0     0       0          0
1784784472 | enp139s0f0np0: 234662171449060 63339852843    0 2473    0     0          0    502342 184215801608685 47734527695    0    0    0     0       0          0
1784784473 | enp139s0f0np0: 234665180704407 63340583239    0 2473    0     0          0    502342 184215815307474 47734563227    0    0    0     0       0          0
1784784474 | enp139s0f0np0: 234668273287229 63341333440    0 2473    0     0          0    502342 184215829399912 47734600459    0    0    0     0       0          0
1784784475 | enp139s0f0np0: 234671287913945 63342065519    0 2473    0     0          0    502342 184215843218445 47734637918    0    0    0     0       0          0
1784784476 | enp139s0f0np0: 234674409504692 63342823176    0 2473    0     0          0    502342 184215857444146 47734675647    0    0    0     0       0          0
1784784477 | enp139s0f0np0: 234677497183123 63343572345    0 2473    0     0          0    502342 184215871494991 47734712118    0    0    0     0       0          0
1784784478 | enp139s0f0np0: 234680787696542 63344370167    0 2473    0     0          0    502342 184215886338135 47734749651    0    0    0     0       0          0
1784784479 | enp139s0f0np0: 234683847127196 63345112940    0 2473    0     0          0    502342 184215900244576 47734786548    0    0    0     0       0          0
1784784480 | enp139s0f0np0: 234686953033091 63345866476    0 2473    0     0          0    502342 184215914315731 47734823069    0    0    0     0       0          0
1784784481 | enp139s0f0np0: 234689916404693 63346586403    0 2473    0     0          0    502342 184215927924210 47734860883    0    0    0     0       0          0
1784784482 | enp139s0f0np0: 234692972442198 63347327741    0 2473    0     0          0    502342 184215941695914 47734896587    0    0    0     0       0          0
1784784483 | enp139s0f0np0: 234696098129923 63348086376    0 2473    0     0          0    502342 184215955906214 47734934863    0    0    0     0       0          0
1784784484 | enp139s0f0np0: 234699255231253 63348852295    0 2473    0     0          0    502342 184215970167559 47734972680    0    0    0     0       0          0
1784784485 | enp139s0f0np0: 234702292914268 63349589805    0 2473    0     0          0    502342 184215983894864 47735009693    0    0    0     0       0          0
1784784486 | enp139s0f0np0: 234705332306488 63350327389    0 2473    0     0          0    502342 184215997478020 47735046007    0    0    0     0       0          0
1784784487 | enp139s0f0np0: 234708442283633 63351081942    0 2473    0     0          0    502342 184216011289599 47735083193    0    0    0     0       0          0
1784784488 | enp139s0f0np0: 234711464351329 63351815405    0 2473    0     0          0    502343 184216024642302 47735119772    0    0    0     0       0          0
1784784489 | enp139s0f0np0: 234714538985013 63352561308    0 2473    0     0          0    502343 184216038086219 47735157429    0    0    0     0       0          0
1784784490 | enp139s0f0np0: 234717356420770 63353244666    0 2473    0     0          0    502343 184216050203200 47735190896    0    0    0     0       0          0
