hints = 1
  sec Cur ops   started  finished  avg MB/s  cur MB/s last lat(s)  avg lat(s)
    0       0         0         0         0         0           -           0
    1      64       912       848   52.9848        53   0.0284207   0.0730982
    2      64      1601      1537   48.0206   43.0625   0.0110974   0.0818928
    3      64      2837      2773   57.7602     77.25  0.00598897   0.0683808
    4      64      3351      3287   51.3503    32.125    0.413361   0.0682441
    5      63      3494      3431   42.8804         9   0.0464754   0.0915913
    6      63      4314      4251   44.2742     51.25   0.0288524   0.0898926
    7      64      5421      5357   47.8231    69.125   0.0683368   0.0833329
    8      64      6680      6616   51.6797   78.6875   0.0268735   0.0771253
    9      64      7660      7596   52.7422     61.25   0.0248407   0.0755841
   10      64      8507      8443   52.7609   52.9375    0.278769   0.0720246
   11      64      8837      8773   49.8391    20.625   0.0163858   0.0800462
   12      64      9932      9868   51.3881   68.4375   0.0459147   0.0776674
   13      64     11161     11097   53.3429   76.8125   0.0194552   0.0748184
   14      64     12172     12108   54.0454   63.1875   0.0272641   0.0734628
   15      64     13409     13345   55.5959   77.3125   0.0617438   0.0717982
   16      64     14016     13952    54.492   37.9375   0.0185597   0.0730044
   17      64     14983     14919   54.8412   60.4375   0.0024715   0.0708422
   18      64     15242     15178   52.6937   16.1875    0.277628   0.0741502
   19      64     16661     16597   54.5875   88.6875   0.0955434    0.073112
2026-07-07T22:11:37.156930+0800 min lat: 0.00229149 max lat: 1.58859 avg lat: 0.0694806
  sec Cur ops   started  finished  avg MB/s  cur MB/s last lat(s)  avg lat(s)
   20      64     18449     18385   57.4447    111.75  0.00828224   0.0694806
   21      64     20016     19952   59.3724   97.9375   0.0142432   0.0672547
   22      64     21575     21511    61.102   97.4375    0.107774   0.0653231
   23      64     23359     23295   63.2927     111.5   0.0211683    0.063077
   24      64     25104     25040   65.1991   109.062   0.0850206    0.061238
   25      64     26907     26843    67.098   112.688   0.0083641   0.0594981
   26      64     28492     28428   68.3269   99.0625    0.135552    0.058323
   27      64     30010     29946   69.3097    94.875   0.0144843   0.0576095
   28      64     31804     31740   70.8382   112.125   0.0964109    0.056367
   29      64     33593     33529   72.2507   111.812   0.0147577   0.0552543
   30      63     35394     35331   73.5958   112.625  0.00901257   0.0542638
   31      64     37187     37123   74.8341       112   0.0154132    0.053371
   32      64     38893     38829   75.8271   106.625   0.0810157   0.0526768
   33      64     40677     40613   76.9076     111.5  0.00863007   0.0519237
   34      64     42465     42401   77.9319    111.75    0.107884   0.0512441
   35      64     44259     44195   78.9084   112.125  0.00893623   0.0506171
   36      64     46061     45997   79.8446   112.625   0.0129233   0.0500217
   37      64     47735     47671    80.514   104.625   0.0232138   0.0496265
   38      64     49511     49447   81.3159       111    0.125594   0.0491085
   39      64     51298     51234   82.0943   111.688   0.0106512   0.0486569
2026-07-07T22:11:57.159606+0800 min lat: 0.00213513 max lat: 1.58859 avg lat: 0.0482215
  sec Cur ops   started  finished  avg MB/s  cur MB/s last lat(s)  avg lat(s)
   40      64     53087     53023   82.8368   111.812  0.00632678   0.0482215
   41      64     54888     54824   83.5614   112.562   0.0124015   0.0478044
   42      64     56575     56511   84.0819   105.438   0.0217198   0.0475209
   43      64     58329     58265   84.6755   109.625   0.0129277   0.0471793
   44      63     60103     60040    85.272   110.938   0.0949261   0.0468483
   45      63     61897     61834   85.8684   112.125   0.0860172   0.0465242
   46      64     63686     63622   86.4307    111.75   0.0115033   0.0462185
   47      64     65488     65424   86.9876   112.625  0.00762706   0.0459225
   48      64     67248     67184   87.4667       110  0.00786971   0.0456815
   49      64     69023     68959   87.9455   110.938  0.00994655   0.0454253
   50      64     70812     70748   88.4226   111.812   0.0121512   0.0451841
   51      64     72597     72533    88.876   111.562   0.0847773   0.0449552
   52      64     74393     74329   89.3252    112.25  0.00547411   0.0447286
   53      64     76169     76105   89.7339       111   0.0111145   0.0445314
   54      64     77948     77884   90.1309   111.188   0.0964803   0.0443288
   55      64     79724     79660   90.5101       111    0.097125   0.0441409
   56      64     81512     81448   90.8891    111.75  0.00880004   0.0439564
   57      64     83302     83238    91.257   111.875  0.00720205    0.043784
   58      64     85102     85038    91.623     112.5   0.0972953   0.0436057
   59      64     86880     86816   91.9533   111.125   0.0147952   0.0434539
2026-07-07T22:12:17.162344+0800 min lat: 0.00213513 max lat: 1.58859 avg lat: 0.0432956
  sec Cur ops   started  finished  avg MB/s  cur MB/s last lat(s)  avg lat(s)
   60      64     88663     88599   92.2778   111.438  0.00953321   0.0432956
   61      64     90443     90379   92.5886    111.25  0.00822385    0.043149
   62      64     92233     92169   92.8994   111.875  0.00782145    0.043008
   63      64     94024     93960   93.2014   111.938  0.00965846   0.0428698
   64      64     95827     95763   93.5056   112.688   0.0793415   0.0427372
   65      64     97603     97539   93.7746       111   0.0139592   0.0426096
   66      64     99378     99314   94.0344   110.938   0.0116594   0.0424917
   67      63    101161    101098    94.295     111.5    0.108647    0.042372
   68      64    102954    102890   94.5552       112   0.0100999   0.0422578
   69      64    104751    104687   94.8123   112.312   0.0106263     0.04214
   70      64    106555    106491   95.0683    112.75  0.00336135   0.0420376
   71      64    108324    108260   95.2864   110.562    0.102784   0.0419358
   72      64    110096    110032   95.5009    110.75  0.00708561   0.0418427
   73      64    111888    111824   95.7267       112   0.0178576   0.0417421
   74      64    113681    113617   95.9473   112.062  0.00752944   0.0416469
   75      64    115479    115415   96.1662   112.375  0.00609125   0.0415539
   76      64    117276    117212   96.3785   112.312   0.0190075   0.0414595
   77      63    119046    118983   96.5641   110.688   0.0212361   0.0413818
   78      64    120828    120764    96.753   111.312   0.0948803   0.0413011
   79      64    122620    122556   96.9459       112  0.00490264   0.0412196
2026-07-07T22:12:37.164717+0800 min lat: 0.00213513 max lat: 1.58859 avg lat: 0.041141
  sec Cur ops   started  finished  avg MB/s  cur MB/s last lat(s)  avg lat(s)
   80      64    124413    124349   97.1347   112.062   0.0852538    0.041141
   81      64    126213    126149   97.3242     112.5   0.0254319   0.0410599
   82      64    127998    127934   97.4976   111.562   0.0108701   0.0409878
   83      63    129773    129710   97.6601       111   0.0158691   0.0409173
   84      64    131558    131494   97.8247     111.5   0.0386092   0.0408518
   85      64    133350    133286   97.9914       112   0.0178409   0.0407796
   86      64    135148    135084   98.1585   112.375   0.0215591    0.040714
   87      64    136949    136885   98.3239   112.562   0.0134682   0.0406433
   88      64    138720    138656   98.4642   110.688  0.00968079   0.0405864
   89      64    140493    140429   98.6028   110.812   0.0158969   0.0405285
   90      64    142280    142216   98.7481   111.688   0.0159542   0.0404686
   91      64    144075    144011   98.8956   112.188   0.0828673   0.0404103
   92      64    145876    145812    99.044   112.562   0.0161227   0.0403493
   93      63    147668    147605   99.1838   112.062   0.0256241   0.0402929
   94      64    149445    149381   99.3094       111   0.0945081   0.0402427
   95      64    151224    151160   99.4343   111.188  0.00943697   0.0401887
   96      64    153017    152953   99.5657   112.062   0.0114702   0.0401378
   97      64    154810    154746   99.6944   112.062   0.0118411   0.0400874
   98      63    156610    156547   99.8255   112.562  0.00438528   0.0400342
   99      64    158392    158328   99.9414   111.312   0.0075078   0.0399878
2026-07-07T22:12:57.167150+0800 min lat: 0.00213513 max lat: 1.58859 avg lat: 0.0399451
  sec Cur ops   started  finished  avg MB/s  cur MB/s last lat(s)  avg lat(s)
  100      64    160167    160103   100.051   110.938   0.0920611   0.0399451
  101      64    161954    161890   100.166   111.688   0.0884433   0.0398991
  102      64    163747    163683   100.283   112.062   0.0965505   0.0398508
  103      64    165545    165481     100.4   112.375   0.0227938   0.0398054
  104      64    167347    167283   100.517   112.625   0.0927556   0.0397593
  105      64    169118    169054   100.614   110.688   0.0158839   0.0397192
  106      64    170893    170829   100.711   110.938    0.013713   0.0396837
  107      63    172684    172621   100.817       112   0.0882304   0.0396423
  108      64    174479    174415   100.921   112.125  0.00608793   0.0396019
  109      64    176281    176217   101.029   112.625  0.00946332   0.0395585
  110      64    178065    178001   101.124     111.5  0.00909645   0.0395217
  111      64    179844    179780   101.214   111.188    0.011592   0.0394858
  112      64    181624    181560   101.304    111.25  0.00960702     0.03945
  113      64    183420    183356     101.4    112.25  0.00911835   0.0394156
  114      64    185215    185151   101.495   112.188   0.0188843   0.0393776
  115      64    187015    186951    101.59     112.5   0.0122862   0.0393392
  116      64    188792    188728   101.672   111.062   0.0936137   0.0393081
  117      64    189685    189621    101.28   55.8125  0.00287792   0.0394505
  118      64    191432    191368   101.347   109.188    0.120829   0.0394355
  119      64    193230    193166   101.439   112.375   0.0194847   0.0394004
2026-07-07T22:13:17.169827+0800 min lat: 0.00213513 max lat: 1.58859 avg lat: 0.0393677
  sec Cur ops   started  finished  avg MB/s  cur MB/s last lat(s)  avg lat(s)
  120      34    194998    194964    101.53   112.375   0.0713183   0.0393677
Total time run:       120.035
Total reads made:     194998
Read size:            65536
Object size:          65536
Bandwidth (MB/sec):   101.532
Average IOPS:         1624
Stddev IOPS:          368.633
Max IOPS:             1804
Min IOPS:             144
Average Latency(s):   0.03937
Max latency(s):       1.58859
Min latency(s):       0.00213513
