hints = 1
  sec Cur ops   started  finished  avg MB/s  cur MB/s last lat(s)  avg lat(s)
    0       0         0         0         0         0           -           0
    1      46        46         0         0         0           -           0
    2      63        73        10   19.9959        20     1.95678     1.78402
    3      63       102        39     51.99       116      2.3078     2.16266
    4      63       131        68   67.9875       116     2.26687     2.22098
    5      63       156        93   74.3869       100     2.29132     2.24901
    6      63       185       122   81.3194       116     2.29947     2.27142
    7      63       212       149   85.1285       108     2.23518     2.28357
    8      63       239       176   87.9852       108     1.92937     2.25951
    9      63       267       204   90.6514       112     3.99899      2.2255
   10      63       291       228    91.185        96     4.13641     2.24954
   11      63       320       257   93.4393       116     2.28198      2.2833
   12      63       348       285    94.985       112     4.24073      2.3063
   13      63       377       314      96.6       116     2.02661     2.29533
   14      63       406       343   97.9844       116      1.6722     2.26627
   15      63       433       370   98.6511       108     1.67308     2.26129
   16      63       460       397   99.2343       108     1.92589     2.28028
   17      63       488       425   99.9713       112     1.95698     2.28926
   18      63       516       453   100.639       112     1.78425     2.28029
   19      63       544       481   101.236       112     1.78892     2.27794
2026-07-07T23:01:21.889087+0800 min lat: 1.6256 max lat: 4.25346 avg lat: 2.28585
  sec Cur ops   started  finished  avg MB/s  cur MB/s last lat(s)  avg lat(s)
   20      63       572       509   101.773       112     1.78592     2.28585
   21      63       599       536   102.069       108      1.7816     2.27799
   22      63       627       564   102.519       112     1.95977     2.28763
   23      63       656       593   103.105       116     1.85438     2.28984
   24      63       682       619   103.141       104     1.72265     2.28218
   25      63       709       646   103.335       108     1.79096     2.28596
   26      63       736       673   103.514       108     1.72884     2.29066
   27      63       764       701   103.827       112     3.66996     2.29506
   28      63       790       727   103.833       104     3.83282     2.29837
   29      63       818       755   104.114       112     1.86092     2.29365
   30      63       844       781    104.11       104     1.82631     2.29865
   31      63       873       810   104.493       116     1.77372     2.30052
   32      63       900       837   104.602       108     1.74903       2.301
   33      63       927       864   104.704       108     1.92604     2.30227
   34      63       954       891   104.801       108     3.74432     2.30681
   35      63       983       920    105.12       116     1.83568     2.30528
   36      63      1009       946   105.089       104     1.79246     2.30608
   37      63      1037       974   105.275       112     3.59075     2.30603
   38      63      1065      1002   105.452       112     3.65657     2.30692
   39      63      1094      1031   105.722       116     1.84548     2.30836
2026-07-07T23:01:41.892124+0800 min lat: 1.6256 max lat: 4.25346 avg lat: 2.30783
  sec Cur ops   started  finished  avg MB/s  cur MB/s last lat(s)  avg lat(s)
   40      63      1120      1057   105.678       104     1.83138     2.30783
   41      63      1149      1086   105.929       116     1.64631     2.30363
   42      63      1177      1114   106.065       112     3.51261     2.30465
   43      63      1204      1141    106.11       108     3.61304     2.30843
   44      63      1231      1168   106.153       108     1.93073     2.30724
   45      63      1257      1194   106.104       104     1.73486     2.30748
   46      63      1284      1221   106.145       108     1.74711     2.30535
   47      63      1312      1249   106.269       112      3.6576     2.31365
   48      63      1340      1277   106.388       112     1.90349     2.30997
   49      63      1367      1304   106.421       108     1.86085      2.3121
   50      63      1395      1332   106.532       112     3.50923     2.30961
   51      63      1420      1357   106.404       100     3.59952     2.31309
   52      63      1449      1386   106.588       116     1.76716     2.31346
   53      63      1476      1413   106.614       108     1.83865     2.31438
   54      63      1505      1442   106.788       116     1.80279     2.31485
   55      63      1533      1470    106.88       112     1.80883     2.31262
   56      63      1559      1496   106.828       104     1.84986     2.31417
   57      63      1585      1522   106.779       104      1.7433     2.31305
   58      63      1612      1549   106.799       108     3.52444     2.31484
   59      63      1640      1577   106.887       112     3.48631     2.31792
2026-07-07T23:02:01.899534+0800 min lat: 1.48768 max lat: 4.25346 avg lat: 2.31995
  sec Cur ops   started  finished  avg MB/s  cur MB/s last lat(s)  avg lat(s)
   60      63      1665      1602   106.772       100     1.88656     2.31995
   61      63      1692      1629   106.792       108     1.81814     2.32091
   62      63      1719      1656   106.811       108     1.86179      2.3207
   63      63      1745      1682   106.766       104     1.96472     2.32326
   64      63      1773      1710   106.848       112     1.68697       2.325
   65      63      1800      1737   106.865       108     1.82307     2.32201
   66      63      1828      1765   106.942       112     3.66089     2.32593
   67      63      1856      1793   107.017       112     1.96384     2.32374
   68      63      1882      1819   106.973       104     3.78332     2.32571
   69      63      1910      1847   107.045       112     3.57885     2.32286
   70      63      1937      1874   107.059       108     1.78356     2.32494
   71      63      1964      1901   107.072       108     1.91653     2.32596
   72      63      1994      1931   107.251       120     1.87758     2.32567
   73      63      2018      1955   107.097        96     1.98795     2.32573
   74      63      2045      1982   107.109       108     1.90853     2.32571
   75      63      2074      2011   107.227       116     3.81243     2.32911
   76      63      2099      2036   107.132       100     1.74035     2.32734
   77      63      2126      2063   107.143       108     1.82755     2.32792
   78      63      2153      2090   107.154       108     1.80069     2.32944
   79      63      2180      2117   107.163       108     3.64078     2.33039
2026-07-07T23:02:21.903747+0800 min lat: 1.48768 max lat: 4.25346 avg lat: 2.32893
  sec Cur ops   started  finished  avg MB/s  cur MB/s last lat(s)  avg lat(s)
   80      63      2207      2144   107.173       108     1.69549     2.32893
   81      63      2236      2173   107.282       116     1.76917     2.33096
   82      63      2262      2199   107.242       104     1.92346     2.33051
   83      63      2290      2227   107.299       112     1.83283     2.33221
   84      63      2316      2253    107.26       104     1.78973     2.32942
   85      63      2345      2282   107.362       116     1.90232     2.33151
   86      63      2373      2310   107.416       112     1.97534     2.33047
   87      63      2399      2336   107.376       104     1.95626     2.33105
   88      63      2426      2363   107.383       108     1.83471     2.33046
   89      63      2455      2392    107.48       116     3.78458     2.33042
   90      63      2482      2419   107.485       108     1.99123     2.33154
   91      63      2510      2447   107.535       112     1.86219     2.33132
   92      63      2538      2475   107.583       112       3.727     2.33031
   93      63      2566      2503    107.63       112     1.63123     2.33004
   94      63      2592      2529   107.592       104     1.63189     2.32899
   95      63      2617      2554   107.512       100     2.01643     2.33141
   96      63      2644      2581   107.517       108     2.00142     2.33309
   97      63      2671      2608   107.521       108     1.76661     2.33155
   98      63      2697      2634   107.485       104     1.78639     2.33322
   99      63      2724      2661    107.49       108     1.79348     2.33312
2026-07-07T23:02:41.906910+0800 min lat: 1.48768 max lat: 4.25346 avg lat: 2.3361
  sec Cur ops   started  finished  avg MB/s  cur MB/s last lat(s)  avg lat(s)
  100      63      2750      2687   107.455       104     3.45284      2.3361
  101      63      2777      2714    107.46       108     1.65033      2.3344
  102      63      2805      2742   107.505       112     1.62649     2.33488
  103      63      2832      2769   107.509       108     1.85023     2.33552
  104      63      2861      2798   107.591       116     1.96139     2.33662
  105      63      2888      2825   107.595       108     2.00916     2.33589
  106      63      2914      2851   107.561       104     2.24878     2.33716
  107      63      2940      2877   107.527       104     2.43248     2.33917
  108      63      2970      2907   107.642       120     2.31548     2.33928
  109      63      2995      2932   107.572       100     2.34963     2.33943
  110      63      3022      2959   107.576       108      2.3696     2.33959
  111      63      3051      2988    107.65       116     2.31197     2.33967
  112      63      3079      3016   107.689       112     1.98756     2.33836
  113      63      3105      3042   107.656       104     1.91822     2.33513
  114      63      3134      3071   107.729       116     2.14702     2.33689
  115      63      3161      3098   107.731       108     2.18193     2.33823
  116      63      3188      3125   107.733       108     2.24258       2.337
  117      63      3216      3153    107.77       112     2.35777     2.33883
  118      63      3242      3179   107.737       104     2.43759     2.33932
  119      63      3269      3206   107.739       108     2.35193     2.33958
2026-07-07T23:03:01.912045+0800 min lat: 1.48768 max lat: 4.47095 avg lat: 2.34014
  sec Cur ops   started  finished  avg MB/s  cur MB/s last lat(s)  avg lat(s)
  120      63      3294      3231   107.675       100     2.43064     2.34014
Total time run:       120.867
Total reads made:     3295
Read size:            4194304
Object size:          4194304
Bandwidth (MB/sec):   109.045
Average IOPS:         27
Stddev IOPS:          3.43532
Max IOPS:             30
Min IOPS:             0
Average Latency(s):   2.32294
Max latency(s):       4.47095
Min latency(s):       0.197544
