hints = 1
  sec Cur ops   started  finished  avg MB/s  cur MB/s last lat(s)  avg lat(s)
    0       0         0         0         0         0           -           0
    1      47        47         0         0         0           -           0
    2      63        75        12   23.9957        24     1.92053     1.76207
    3      63       103        40   53.3244       112     2.23835     2.09976
    4      63       131        68   67.9891       112     2.32198     2.17984
    5      63       161        98   78.3878       120     2.27022     2.20921
    6      63       187       124   82.6536       104     2.25888     2.22722
    7      63       214       151   86.2729       108     2.32481     2.24222
    8      63       243       180   89.9866       116     2.11448     2.23087
    9      63       269       206   91.5421       104      4.2863     2.23043
   10      63       297       234   93.5863       112     1.77618     2.22748
   11      63       326       263    95.622       116     1.65845     2.22729
   12      63       354       291   96.9853       112     1.79364     2.23435
   13      63       381       318   97.8313       108     1.95955      2.2598
   14      63       406       343   97.9854       100      1.8949     2.24973
   15      63       435       372   99.1855       116     1.91875     2.26352
   16      63       462       399   99.7354       108     1.78591     2.26552
   17      63       489       426    100.22       108     3.61928      2.2775
   18      63       516       453   100.648       108     1.62105     2.27649
   19      63       542       479   100.823       104     1.87485     2.28664
2026-07-07T23:05:48.557975+0800 min lat: 1.5498 max lat: 4.30466 avg lat: 2.29485
  sec Cur ops   started  finished  avg MB/s  cur MB/s last lat(s)  avg lat(s)
   20      63       568       505   100.981       104     2.04215     2.29485
   21      63       594       531   101.123       104     1.93622     2.31109
   22      63       622       559   101.617       112     1.62617     2.29294
   23      63       650       587   102.068       112     1.81219     2.30798
   24      63       678       615   102.481       112     1.79693     2.31001
   25      63       705       642   102.701       108     3.67748      2.3104
   26      63       732       669   102.904       108     1.91345     2.31238
   27      63       760       697   103.241       112      1.7482     2.30534
   28      63       787       724    103.41       108     1.83629     2.30544
   29      63       814       751   103.568       108     1.91681     2.31565
   30      63       840       777   103.581       104     3.76189     2.31304
   31      63       867       804   103.723       108     3.61517     2.31563
   32      63       895       832   103.982       112     1.68962     2.31878
   33      63       922       859   104.103       108      3.5787     2.31462
   34      63       948       885   104.099       104     2.07553     2.32457
   35      63       975       912    104.21       108     1.74812     2.32187
   36      63      1002       939   104.315       108      1.7757      2.3182
   37      63      1027       964   104.198       100     3.94864      2.3316
   38      63      1054       991   104.298       108     1.75635     2.33179
   39      63      1083      1020   104.597       116     1.62447     2.32435
2026-07-07T23:06:08.560964+0800 min lat: 1.5498 max lat: 4.30466 avg lat: 2.33626
  sec Cur ops   started  finished  avg MB/s  cur MB/s last lat(s)  avg lat(s)
   40      63      1109      1046   104.582       104     3.58274     2.33626
   41      63      1138      1075    104.86       116     1.71154     2.33173
   42      63      1165      1102   104.934       108      1.8007     2.33002
   43      63      1191      1128   104.912       104     3.78502     2.33509
   44      63      1218      1155   104.982       108     2.01211      2.3346
   45      63      1247      1184   105.227       116     1.86005     2.33304
   46      63      1271      1208   105.026        96      1.9675     2.33339
   47      63      1299      1236   105.174       112     3.58449     2.33646
   48      63      1326      1263   105.232       108     1.72621     2.33227
   49      63      1355      1292   105.452       116     1.97458     2.33887
   50      63      1381      1318   105.422       104     1.88811     2.33721
   51      63      1408      1345   105.472       108     1.74814     2.33726
   52      63      1435      1372   105.521       108      3.3845     2.33699
   53      63      1463      1400   105.643       112     1.72599     2.33813
   54      63      1490      1427   105.686       108     3.44748     2.33793
   55      63      1515      1452   105.582       100     1.75703     2.33817
   56      63      1544      1481   105.768       116     3.54746     2.34111
   57      63      1571      1508   105.807       108     3.43668     2.33868
   58      63      1599      1536   105.911       112     1.74236     2.33834
   59      63      1624      1561   105.811       100     1.89796     2.34281
2026-07-07T23:06:28.565317+0800 min lat: 1.52587 max lat: 4.30466 avg lat: 2.33897
  sec Cur ops   started  finished  avg MB/s  cur MB/s last lat(s)  avg lat(s)
   60      63      1652      1589   105.914       112     1.61111     2.33897
   61      63      1679      1616   105.947       108     1.83328     2.34083
   62      63      1705      1642   105.916       104     1.85759     2.34326
   63      63      1733      1670   106.012       112     1.85415     2.34161
   64      63      1760      1697   106.043       108     1.86254     2.34285
   65      63      1789      1726   106.196       116     1.92696     2.34009
   66      63      1816      1753   106.223       108     3.91614      2.3437
   67      63      1843      1780   106.249       108     1.86813     2.34227
   68      63      1871      1808   106.333       112      1.8117     2.33851
   69      63      1900      1837   106.473       116     1.90207     2.34018
   70      63      1926      1863   106.438       104     1.96649     2.34007
   71      63      1953      1890   106.459       108      1.8686     2.34063
   72      63      1979      1916   106.425       104     1.84341     2.34012
   73      63      2008      1945   106.556       116     1.85642     2.34297
   74      63      2034      1971   106.521       104     1.78219     2.34211
   75      63      2062      1999   106.594       112     1.73999      2.3398
   76      63      2089      2026   106.612       108     3.69531     2.34208
   77      63      2117      2054   106.682       112     1.85116     2.34232
   78      63      2142      2079   106.596       100     3.61514      2.3406
   79      63      2169      2106   106.614       108     1.77194     2.34228
2026-07-07T23:06:48.568545+0800 min lat: 1.52587 max lat: 4.30466 avg lat: 2.34284
  sec Cur ops   started  finished  avg MB/s  cur MB/s last lat(s)  avg lat(s)
   80      63      2198      2135   106.731       116     3.41088     2.34284
   81      63      2225      2162   106.746       108     1.77129     2.34149
   82      63      2252      2189   106.761       108     1.90897     2.34274
   83      63      2278      2215   106.728       104     3.82899     2.34366
   84      63      2305      2242   106.743       108     1.95968     2.34319
   85      63      2334      2271   106.852       116     3.89103     2.34315
   86      63      2362      2299   106.911       112     1.96875      2.3428
   87      63      2390      2327    106.97       112     1.86395     2.34356
   88      63      2417      2354   106.981       108     1.84657     2.34153
   89      63      2444      2381   106.992       108      1.8397     2.34223
   90      63      2471      2408   107.003       108     3.73776     2.34201
   91      63      2500      2437   107.102       116     1.92202     2.34124
   92      63      2527      2464   107.112       108     2.13199      2.3416
   93      63      2556      2493   107.207       116     1.98313     2.34183
   94      63      2583      2520   107.215       108     1.73519     2.33899
   95      63      2612      2549   107.308       116     1.78366     2.33872
   96      63      2639      2576   107.315       108     1.81444     2.33854
   97      63      2669      2606   107.445       120     1.79192     2.33729
   98      63      2696      2633   107.451       108     3.74497     2.33869
   99      63      2722      2659   107.416       104     1.75608     2.33615
2026-07-07T23:07:08.571450+0800 min lat: 1.52587 max lat: 4.30466 avg lat: 2.33645
  sec Cur ops   started  finished  avg MB/s  cur MB/s last lat(s)  avg lat(s)
  100      63      2752      2689   107.541       120     1.85541     2.33645
  101      63      2776      2713   107.427        96     3.78808      2.3374
  102      63      2804      2741   107.472       112     1.88212     2.33711
  103      63      2831      2768   107.477       108     1.80323      2.3368
  104      63      2858      2795   107.482       108     1.73965     2.33728
  105      63      2887      2824   107.563       116     1.98893     2.33851
  106      63      2914      2851   107.567       108        3.83     2.34024
  107      63      2942      2879   107.608       112     1.72142     2.33702
  108      63      2967      2904   107.537       100     3.59724     2.33657
  109      63      2995      2932   107.578       112     1.90659     2.33846
  110      63      3020      2957   107.509       100     1.93863     2.33887
  111      63      3048      2985   107.549       112     1.88624     2.33924
  112      63      3074      3011   107.517       104     1.76456     2.33864
  113      63      3101      3038   107.521       108     3.56917     2.33998
  114      63      3127      3064   107.488       104     1.78548     2.34041
  115      63      3154      3091   107.493       108     1.85911     2.34126
  116      63      3178      3115   107.393        96     1.94488     2.34254
  117      63      3207      3144   107.467       116     1.87745     2.34242
  118      63      3234      3171   107.471       108     1.65347     2.34276
  119      63      3261      3198   107.475       108     3.60574     2.34286
2026-07-07T23:07:28.576814+0800 min lat: 1.52587 max lat: 4.30466 avg lat: 2.34407
  sec Cur ops   started  finished  avg MB/s  cur MB/s last lat(s)  avg lat(s)
  120      63      3287      3224   107.446       104     1.80901     2.34407
Total time run:       120.858
Total reads made:     3288
Read size:            4194304
Object size:          4194304
Bandwidth (MB/sec):   108.822
Average IOPS:         27
Stddev IOPS:          3.38306
Max IOPS:             30
Min IOPS:             0
Average Latency(s):   2.32784
Max latency(s):       4.30466
Min latency(s):       0.238353
