hints = 1
  sec Cur ops   started  finished  avg MB/s  cur MB/s last lat(s)  avg lat(s)
    0       0         0         0         0         0           -           0
    1      64       165       101   100.978       101    0.703114    0.419726
    2      64       276       212   105.981       111    0.235717    0.484236
    3      64       389       325   108.315       113    0.846333    0.522373
    4      64       504       440   109.981       115    0.315865    0.514312
    5      64       611       547   109.382       107    0.315131     0.52596
    6      64       724       660   109.982       113    0.830129    0.550769
    7      64       830       766   109.411       106    0.450657    0.557383
    8      64       941       877   109.608       111    0.650714    0.554746
    9      64      1054       990   109.983       113    0.031612    0.559383
   10      64      1164      1100   109.983       110      1.0371    0.558239
   11      64      1273      1209   109.893       109    0.798174    0.561667
   12      64      1382      1318   109.817       109     0.24884    0.561778
   13      64      1492      1428    109.83       110    0.674948    0.567442
   14      64      1602      1538   109.841       110    0.788982    0.567117
   15      64      1714      1650   109.984       112     1.03661    0.567086
   16      64      1827      1763   110.171       113     1.15374    0.563056
   17      64      1936      1872   110.101       109     1.04449    0.564696
   18      64      2044      1980   109.984       108     1.15753    0.565564
   19      64      2153      2089   109.931       109   0.0427024    0.562585
2026-07-07T22:44:57.316591+0800 min lat: 0.026832 max lat: 1.70005 avg lat: 0.56169
  sec Cur ops   started  finished  avg MB/s  cur MB/s last lat(s)  avg lat(s)
   20      64      2264      2200   109.984       111     1.63673     0.56169
   21      64      2373      2309   109.936       109   0.0578548    0.561223
   22      64      2482      2418   109.893       109    0.204342    0.563978
   23      64      2591      2527   109.853       109   0.0466441    0.560948
   24      64      2701      2637   109.859       110    0.060513     0.56087
   25      64      2813      2749   109.944       112   0.0969911    0.560652
   26      64      2923      2859   109.945       110     1.89495    0.563011
   27      64      3034      2970   109.984       111     1.73591    0.565759
   28      64      3143      3079   109.948       109     1.63326    0.566321
   29      64      3255      3191   110.018       112    0.089087    0.564437
   30      64      3364      3300   109.984       109   0.0992234    0.563062
   31      64      3475      3411   110.016       111   0.0622897    0.566859
   32      64      3582      3518   109.921       107     1.59297    0.567518
   33      64      3690      3626   109.863       108     1.81505    0.568064
   34      64      3801      3737   109.896       111     1.77408    0.568377
   35      64      3909      3845   109.841       108   0.0443132     0.56839
   36      64      4019      3955   109.845       110   0.0548949    0.569413
   37      64      4129      4065   109.849       110   0.0569778    0.567849
   38      64      4242      4178   109.931       113      2.1569    0.567972
   39      64      4350      4286   109.882       108     1.53441    0.571474
2026-07-07T22:45:17.319376+0800 min lat: 0.025612 max lat: 2.20268 avg lat: 0.569663
  sec Cur ops   started  finished  avg MB/s  cur MB/s last lat(s)  avg lat(s)
   40      64      4460      4396   109.884       110    0.067456    0.569663
   41      64      4569      4505   109.862       109   0.0605546    0.568311
   42      64      4678      4614   109.842       109    0.114767    0.570564
   43      64      4790      4726   109.892       112    0.034462    0.571666
   44      64      4899      4835   109.871       109   0.0502347    0.570609
   45      64      5011      4947   109.918       112     2.10108    0.569708
   46      64      5121      5057   109.919       110     2.01472     0.57172
   47      64      5231      5167   109.921       110    0.202504    0.570948
   48      64      5343      5279   109.964       112   0.0492812    0.571097
   49      64      5453      5389   109.964       110    0.180393    0.571316
   50      64      5565      5501   110.005       112     1.73143    0.572753
   51      64      5673      5609   109.965       108   0.0755678    0.572901
   52      64      5783      5719   109.966       110   0.0858846     0.57243
   53      64      5892      5828   109.947       109     1.89542      0.5721
   54      64      6002      5938   109.948       110   0.0848816    0.572548
   55      63      6112      6049   109.967       111   0.0480262    0.572867
   56      64      6223      6159   109.967       110     1.56138    0.574646
   57      64      6333      6269   109.967       110     1.74916    0.573537
   58      64      6441      6377   109.933       108   0.0588382    0.573052
   59      64      6551      6487   109.934       110    0.041866    0.572689
2026-07-07T22:45:37.321875+0800 min lat: 0.0243585 max lat: 2.20268 avg lat: 0.575035
  sec Cur ops   started  finished  avg MB/s  cur MB/s last lat(s)  avg lat(s)
   60      64      6662      6598   109.952       111     1.58178    0.575035
   61      64      6771      6707   109.936       109     1.54908    0.574881
   62      64      6882      6818   109.953       111   0.0758434    0.573762
   63      64      6991      6927   109.937       109   0.0798288    0.573574
   64      64      7103      7039   109.969       112   0.0287485    0.574276
   65      64      7216      7152   110.016       113     1.81778    0.574413
   66      64      7327      7263    110.03       111    0.111492    0.574707
   67      64      7435      7371       110       108     1.64583    0.575336
   68      64      7545      7481       110       110     1.63923    0.574739
   69      64      7655      7591   109.999       110     1.58695    0.575745
   70      64      7762      7698   109.956       107   0.0399621    0.575228
   71      64      7874      7810   109.985       112   0.0955962    0.575276
   72      64      7986      7922   110.013       112   0.0388965     0.57452
   73      64      8095      8031   109.999       109    0.130036    0.574882
   74      64      8206      8142   110.012       111     1.87645    0.575113
   75      64      8316      8252   110.012       110   0.0424285    0.574881
   76      64      8428      8364   110.038       112   0.0431034     0.57565
   77      64      8538      8474   110.037       110   0.0778041    0.575907
   78      64      8648      8584   110.036       110     1.90144    0.574668
   79      64      8758      8694   110.036       110   0.0548291    0.574748
2026-07-07T22:45:57.324379+0800 min lat: 0.0243585 max lat: 2.20268 avg lat: 0.574556
  sec Cur ops   started  finished  avg MB/s  cur MB/s last lat(s)  avg lat(s)
   80      64      8868      8804   110.035       110     2.03807    0.574556
   81      64      8979      8915   110.047       111    0.102864    0.575626
   82      64      9091      9027   110.071       112    0.200725    0.574627
   83      64      9202      9138   110.082       111     2.21816    0.575017
   84      64      9310      9246   110.057       108    0.267296    0.575785
   85      64      9421      9357   110.067       111   0.0466773    0.575888
   86      64      9531      9467   110.066       110      1.9483    0.575841
   87      64      9640      9576   110.054       109   0.0415414    0.576357
   88      64      9750      9686   110.053       110    0.166194    0.576653
   89      64      9862      9798   110.075       112   0.0337443    0.575848
   90      64      9968      9904   110.029       106     1.87261    0.576117
   91      64     10079     10015    110.04       111    0.090389    0.575764
   92      64     10190     10126    110.05       111   0.0449207    0.576384
   93      64     10299     10235   110.039       109   0.0754081    0.576104
   94      64     10412     10348    110.07       113     0.03082    0.576077
   95      64     10521     10457   110.059       109     1.92156    0.575888
   96      64     10631     10567   110.058       110   0.0483547     0.57603
   97      64     10738     10674   110.026       107      1.6546    0.576702
   98      64     10851     10787   110.057       113   0.0460088    0.575552
   99      64     10961     10897   110.056       110   0.0439152    0.575757
2026-07-07T22:46:17.327204+0800 min lat: 0.0243585 max lat: 2.27711 avg lat: 0.576585
  sec Cur ops   started  finished  avg MB/s  cur MB/s last lat(s)  avg lat(s)
  100      64     11069     11005   110.035       108   0.0615553    0.576585
  101      64     11181     11117   110.054       112    0.195269    0.576332
  102      64     11291     11227   110.054       110    0.157964    0.575665
  103      64     11400     11336   110.043       109   0.0584539    0.575734
  104      64     11510     11446   110.043       110     2.11502    0.576027
  105      64     11621     11557   110.052       111   0.0328611    0.576106
  106      64     11731     11667   110.051       110   0.0697879    0.576571
  107      64     11839     11775   110.032       108   0.0986751    0.576047
  108      64     11950     11886   110.041       111     2.02319     0.57685
  109      64     12061     11997   110.049       111   0.0723727     0.57725
  110      64     12173     12109   110.067       112    0.116637    0.576573
  111      64     12284     12220   110.075       111    0.100009    0.576416
  112      64     12396     12332   110.092       112    0.186663    0.576739
  113      64     12504     12440   110.074       108   0.0844953     0.57703
  114      64     12612     12548   110.055       108   0.0500608    0.577055
  115      64     12719     12655   110.029       107   0.0633279      0.5773
  116      64     12830     12766   110.037       111     1.92737    0.576668
  117      64     12939     12875   110.028       109   0.0367341    0.577305
  118      64     13052     12988   110.053       113    0.158934    0.576532
  119      64     13161     13097   110.044       109   0.0800915    0.576714
2026-07-07T22:46:37.329728+0800 min lat: 0.0232806 max lat: 2.34527 avg lat: 0.577392
  sec Cur ops   started  finished  avg MB/s  cur MB/s last lat(s)  avg lat(s)
  120      61     13268     13207   110.044       110   0.0658084    0.577392
Total time run:       120.541
Total reads made:     13268
Read size:            1048576
Object size:          1048576
Bandwidth (MB/sec):   110.07
Average IOPS:         110
Stddev IOPS:          1.87552
Max IOPS:             115
Min IOPS:             101
Average Latency(s):   0.579858
Max latency(s):       2.34527
Min latency(s):       0.0232806
