hints = 1
  sec Cur ops   started  finished  avg MB/s  cur MB/s last lat(s)  avg lat(s)
    0       0         0         0         0         0           -           0
    1      64       114        50  0.195271  0.195312    0.976046    0.559676
    2      64       176       112  0.218712  0.242188     1.35303    0.718896
    3      64      7311      7247    9.4346   27.8711    0.362176   0.0238792
    4      64     11680     11616   11.3419   17.0664    0.488834   0.0195809
    5      64     13315     13251   10.3507   6.38672    0.170706   0.0229913
    6      64     23890     23826   15.5094   41.3086    0.206975   0.0155447
    7      64     32893     32829   18.3171    35.168      0.1543   0.0131955
    8      64     43150     43086   21.0351   40.0664    0.292712   0.0114929
    9      64     55095     55031   23.8816   46.6602    0.101347   0.0102142
   10      64     70827     70763   27.6379   61.4531   0.0040454  0.00903673
   11      63     84637     84574   30.0292   53.9492  0.00325921  0.00831671
   12      64     99947     99883   32.5095   59.8008    0.029612  0.00756949
   13      64    105473    105409   31.6689   21.5859   0.0925839  0.00778911
   14      63    114779    114716   32.0034   36.3555   0.0023214  0.00780355
   15      63    126390    126327    32.893   45.3555  0.00411966   0.0075925
   16      64    139332    139268   33.9961   50.5508  0.00253286   0.0073459
   17      64    149121    149057   34.2454   38.2383  0.00233666  0.00729252
   18      64    162087    162023   35.1563   50.6484  0.00344923  0.00710346
   19      64    166262    166198   34.1642   16.3086  0.00138467  0.00718862
2026-07-07T21:53:51.337079+0800 min lat: 0.000958069 max lat: 2.17555 avg lat: 0.00727203
  sec Cur ops   started  finished  avg MB/s  cur MB/s last lat(s)  avg lat(s)
   20      64    175923    175859   34.3426   37.7383   0.0033443  0.00727203
   21      63    187585    187522   34.8763   45.5586  0.00324759  0.00716069
   22      64    198329    198265   35.1983   41.9648    0.456546  0.00699558
   23      64    202920    202856   34.4476   17.9336  0.00391837  0.00724989
   24      63    210934    210871   34.3167   31.3086  0.00222842  0.00727772
   25      64    227429    227365   35.5208   64.4297   0.0031311  0.00703072
   26      63    247562    247499   37.1792   78.6484  0.00332505  0.00671692
   27      63    267832    267769   38.7343   79.1797  0.00351946  0.00644696
   28      64    286295    286231   39.9262   72.1172  0.00289602  0.00625435
   29      63    303249    303186    40.833   66.2305  0.00263587  0.00611541
   30      63    320813    320750   41.7586   68.6094  0.00385039  0.00597971
   31      63    341109    341046   42.9686   79.2812  0.00249135   0.0058111
   32      64    361257    361193   44.0848   78.6992  0.00371088  0.00566383
   33      64    381520    381456   45.1471   79.1523  0.00386647  0.00553044
   34      63    398181    398118   45.7333   65.0859  0.00257647  0.00545951
   35      64    416802    416738   46.5045   72.7344  0.00285258  0.00536888
   36      64    437111    437047    47.416    79.332  0.00200823  0.00526551
   37      64    457028    456964    48.237   77.8008  0.00384713  0.00517577
   38      63    477483    477420   49.0701   79.9062   0.0029567   0.0050878
   39      64    495575    495511   49.6236    70.668  0.00325723  0.00503102
2026-07-07T21:54:11.339768+0800 min lat: 0.000865456 max lat: 2.17555 avg lat: 0.00497473
  sec Cur ops   started  finished  avg MB/s  cur MB/s last lat(s)  avg lat(s)
   40      64    514022    513958   50.1843   72.0586  0.00237765  0.00497473
   41      64    534470    534406   50.9081    79.875  0.00410858  0.00490392
   42      64    554804    554740   51.5869   79.4297  0.00322279  0.00483929
   43      64    575207    575143   52.2404   79.6992  0.00304184  0.00477869
   44      64    594642    594578   52.7783    75.918  0.00308634  0.00472994
   45      64    613477    613413   53.2403   73.5742  0.00237746  0.00468886
   46      64    632017    631953   53.6571   72.4219  0.00341195  0.00465241
   47      64    652469    652405   54.2151   79.8906  0.00184922  0.00460447
   48      64    672773    672709   54.7377   79.3125   0.0032487  0.00456044
   49      63    693134    693071   55.2436   79.5391  0.00317904  0.00451861
   50      64    712858    712794   55.6794    77.043  0.00378618  0.00448319
   51      63    731814    731751   56.0395   74.0508  0.00312782  0.00445434
   52      63    752126    752063   56.4874   79.3438  0.00235292  0.00441894
   53      63    772441    772378   56.9187   79.3555  0.00240513   0.0043854
   54      64    792861    792797   57.3415   79.7617  0.00302908  0.00435303
   55      64    812023    811959   57.6597   74.8516  0.00330232  0.00432896
   56      63    830791    830728   57.9391   73.3164  0.00422588  0.00430797
   57      64    851134    851070   58.3165   79.4609  0.00240407  0.00428015
   58      64    871647    871583   58.6923   80.1289  0.00248101  0.00425269
   59      63    892081    892018   59.0503   79.8242  0.00338423  0.00422687
2026-07-07T21:54:31.342521+0800 min lat: 0.000806002 max lat: 2.17555 avg lat: 0.00420206
  sec Cur ops   started  finished  avg MB/s  cur MB/s last lat(s)  avg lat(s)
   60      63    912441    912378   59.3914   79.5312  0.00122248  0.00420206
   61      64    932187    932123   59.6819   77.1289  0.00311048  0.00418206
   62      64    952001    951937   59.9675   77.3984   0.0039187   0.0041621
   63      64    972368    972304   60.2784   79.5586  0.00342577  0.00414063
   64      63    992720    992657   60.5786   79.5039   0.0024744  0.00412009
   65      63   1013004   1012941   60.8654   79.2344  0.00361084  0.00410064
   66      64   1033418   1033354   61.1512   79.7383  0.00192983  0.00408142
   67      64   1053676   1053612   61.4195   79.1328  0.00238441  0.00406355
   68      64   1073985   1073921   61.6828    79.332  0.00345957  0.00404619
   69      63   1094281   1094218   61.9378   79.2852  0.00396552  0.00402952
   70      63   1114583   1114520   62.1857   79.3047  0.00239684  0.00401344
   71      64   1134855   1134791    62.425   79.1836  0.00291866  0.00399801
   72      63   1155287   1155224   62.6663   79.8164  0.00356959  0.00398261
   73      64   1175647   1175583   62.8971   79.5273  0.00255488  0.00396795
   74      64   1195950   1195886   63.1188   79.3086  0.00271614  0.00395402
   75      64   1216340   1216276    63.339   79.6484  0.00344832  0.00394025
   76      63   1236656   1236593   63.5497   79.3633  0.00356848  0.00392717
   77      64   1257061   1256997   63.7593   79.7031   0.0020953  0.00391424
   78      64   1277410   1277346   63.9608   79.4883  0.00349599  0.00390185
   79      64   1297669   1297605   64.1528   79.1367  0.00242922  0.00389019
2026-07-07T21:54:51.345237+0800 min lat: 0.000806002 max lat: 2.17555 avg lat: 0.00387846
  sec Cur ops   started  finished  avg MB/s  cur MB/s last lat(s)  avg lat(s)
   80      64   1318059   1317995   64.3464   79.6484  0.00340414  0.00387846
   81      63   1338444   1338381   64.5349   79.6328  0.00299346  0.00386713
   82      63   1358762   1358699   64.7157   79.3672  0.00368284  0.00385631
   83      64   1379132   1379068   64.8944   79.5664   0.0041221  0.00384567
   84      63   1399481   1399418   65.0681   79.4922  0.00350918  0.00383541
   85      64   1419754   1419690   65.2341   79.1875  0.00216474  0.00382564
   86      64   1440100   1440036   65.3996   79.4766   0.0031887  0.00381595
   87      64   1460473   1460409   65.5625    79.582  0.00247456  0.00380645
   88      64   1480861   1480797   65.7223   79.6406  0.00339798  0.00379719
   89      63   1501188   1501125    65.876   79.4062  0.00301842  0.00378833
   90      64   1521509   1521445   66.0258    79.375  0.00289479  0.00377972
   91      64   1541881   1541817   66.1746   79.5781  0.00243904   0.0037712
   92      64   1562227   1562163   66.3191   79.4766  0.00345759  0.00376297
   93      63   1582721   1582658   66.4667   80.0586  0.00365003  0.00375462
   94      63   1603103   1603040   66.6065   79.6172   0.0031729  0.00374671
   95      64   1623405   1623341     66.74   79.3008  0.00314481  0.00373921
   96      64   1643828   1643764   66.8758   79.7773  0.00263058  0.00373161
   97      64   1664154   1664090   67.0048   79.3984  0.00272788  0.00372444
   98      64   1684606   1684542   67.1362   79.8906  0.00250164  0.00371713
   99      64   1704944   1704880   67.2604   79.4453  0.00274478  0.00371024
2026-07-07T21:55:11.347835+0800 min lat: 0.000806002 max lat: 2.17555 avg lat: 0.00370345
  sec Cur ops   started  finished  avg MB/s  cur MB/s last lat(s)  avg lat(s)
  100      63   1725322   1725259   67.3838   79.6055  0.00347461  0.00370345
  101      64   1745636   1745572   67.5021   79.3477  0.00255775  0.00369695
  102      64   1766024   1765960    67.621   79.6406  0.00333607  0.00369045
  103      63   1786408   1786345   67.7374   79.6289  0.00246734  0.00368408
  104      64   1806859   1806795   67.8541   79.8828  0.00270826  0.00367773
  105      64   1827238   1827174   67.9659   79.6055  0.00321172  0.00367167
  106      64   1847558   1847494   68.0735    79.375   0.0022575  0.00366586
  107      63   1867822   1867759    68.177   79.1602  0.00381211   0.0036603
  108      64   1888251   1888187   68.2845   79.7969  0.00229782  0.00365453
  109      64   1908604   1908540   68.3873   79.5039   0.0041942  0.00364903
  110      64   1928983   1928919   68.4892   79.6055  0.00369909  0.00364361
  111      63   1949435   1949372   68.5918   79.8945  0.00254738  0.00363813
  112      64   1969764   1969700   68.6883   79.4062  0.00555121  0.00363299
  113      64   1990193   1990129   68.7865   79.8008  0.00235966  0.00362784
  114      64   2010515   2010451   68.8794   79.3828  0.00377173  0.00362294
  115      63   2030892   2030829   68.9725   79.6016  0.00294209  0.00361804
  116      63   2051155   2051092   69.0602   79.1523  0.00252448  0.00361344
  117      63   2071491   2071428   69.1488   79.4375  0.00242087   0.0036088
  118      64   2091864   2091800   69.2371   79.5781  0.00280778   0.0036042
  119      64   2112315   2112251   69.3265   79.8867  0.00343853  0.00359953
Total time run:       120.003
Total reads made:     2132441
Read size:            4096
Object size:          4096
Bandwidth (MB/sec):   69.4139
Average IOPS:         17769
Stddev IOPS:          4996.53
Max IOPS:             20513
Min IOPS:             50
Average Latency(s):   0.00359501
Max latency(s):       2.17555
Min latency(s):       0.000806002
