hints = 1
  sec Cur ops   started  finished  avg MB/s  cur MB/s last lat(s)  avg lat(s)
    0       0         0         0         0         0           -           0
    1      64       167       103   102.973       103   0.0737952    0.392525
    2      64       280       216   107.978       113     1.21738    0.464677
    3      64       390       326   108.647       110     1.00229    0.490921
    4      64       498       434   108.481       108    0.555188    0.502853
    5      64       609       545   108.982       111   0.0693902    0.508429
    6      64       720       656   109.315       111   0.0463424    0.527656
    7      64       830       766   109.411       110   0.0862002    0.525921
    8      64       939       875   109.358       109    0.116901    0.538158
    9      64      1051       987   109.649       112   0.0594942    0.526896
   10      64      1160      1096   109.583       109     1.88105     0.53911
   11      64      1269      1205   109.528       109   0.0537779    0.540054
   12      64      1380      1316   109.649       111   0.0372986    0.541144
   13      64      1491      1427   109.752       111   0.0433534    0.543361
   14      64      1601      1537   109.769       110   0.0841623    0.545752
   15      64      1712      1648    109.85       111   0.0752666     0.54584
   16      64      1819      1755   109.671       107   0.0556305    0.549035
   17      64      1932      1868   109.865       113    0.109586    0.550644
   18      64      2043      1979   109.927       111   0.0959455    0.554561
   19      64      2153      2089    109.93       110    0.131991    0.556524
2026-07-07T22:47:10.539124+0800 min lat: 0.0218563 max lat: 2.21274 avg lat: 0.558199
  sec Cur ops   started  finished  avg MB/s  cur MB/s last lat(s)  avg lat(s)
   20      64      2259      2195   109.733       106   0.0311315    0.558199
   21      64      2369      2305   109.745       110      1.9116    0.558784
   22      64      2483      2419   109.938       114   0.0806486    0.557613
   23      64      2593      2529   109.939       110     2.20661    0.557389
   24      63      2702      2639   109.941       110     1.96454    0.561659
   25      64      2815      2751   110.023       112   0.0566912    0.559661
   26      64      2923      2859   109.944       108   0.0553395    0.562363
   27      64      3034      2970   109.983       111   0.0875199    0.563196
   28      64      3145      3081   110.019       111   0.0501294    0.565406
   29      64      3254      3190   109.983       109    0.031189    0.564578
   30      64      3363      3299    109.95       109   0.0434751    0.566126
   31      64      3472      3408   109.919       109     1.98208    0.563425
   32      64      3583      3519   109.952       111   0.0721774    0.562409
   33      64      3694      3630   109.983       111   0.0594945    0.567587
   34      64      3804      3740   109.983       110   0.0363719    0.569116
   35      64      3914      3850   109.983       110   0.0581058    0.567977
   36      64      4024      3960   109.983       110    0.035267    0.568209
   37      64      4134      4070   109.983       110    0.103019    0.566787
   38      64      4244      4180   109.984       110     1.98147    0.569322
   39      64      4353      4289   109.958       109    0.046852    0.570582
2026-07-07T22:47:30.542213+0800 min lat: 0.0218563 max lat: 2.39118 avg lat: 0.568645
  sec Cur ops   started  finished  avg MB/s  cur MB/s last lat(s)  avg lat(s)
   40      63      4464      4401   110.008       112    0.124184    0.568645
   41      64      4573      4509   109.959       108     1.94542    0.570198
   42      64      4683      4619   109.959       110   0.0619618    0.570479
   43      64      4792      4728   109.936       109   0.0468421    0.569201
   44      64      4902      4838   109.937       110     2.20623    0.569791
   45      64      5012      4948   109.939       110     1.89902    0.571216
   46      64      5124      5060   109.983       112     1.94645    0.570661
   47      64      5235      5171   110.004       111     1.87155    0.571518
   48      64      5344      5280   109.983       109     1.66452    0.572516
   49      64      5454      5390   109.983       110     1.76746    0.571432
   50      64      5564      5500   109.983       110   0.0602089    0.571246
   51      64      5676      5612   110.023       112   0.0826035    0.572049
   52      64      5785      5721   110.003       109   0.0572278    0.571729
   53      64      5895      5831   110.002       110   0.0467207    0.570643
   54      64      6004      5940   109.983       109   0.0900253     0.57161
   55      64      6114      6050   109.983       110    0.249608    0.572372
   56      64      6226      6162   110.019       112   0.0463463    0.571514
   57      64      6337      6273   110.036       111     2.00268    0.572151
   58      64      6450      6386   110.087       113     2.09072    0.571475
   59      64      6561      6497   110.102       111   0.0795606    0.571444
2026-07-07T22:47:50.544965+0800 min lat: 0.0218563 max lat: 2.39118 avg lat: 0.573645
  sec Cur ops   started  finished  avg MB/s  cur MB/s last lat(s)  avg lat(s)
   60      64      6667      6603   110.034       106   0.0682594    0.573645
   61      64      6777      6713   110.033       110    0.061825    0.572669
   62      64      6888      6824   110.048       111   0.0690076    0.572278
   63      64      7001      6937   110.095       113     2.12535    0.573092
   64      64      7112      7048   110.109       111     1.93186    0.573427
   65      64      7220      7156   110.076       108   0.0465253    0.573304
   66      64      7329      7265   110.059       109   0.0315708    0.573995
   67      64      7438      7374   110.043       109   0.0656875    0.574314
   68      64      7549      7485   110.057       111   0.0527932    0.573945
   69      64      7661      7597   110.085       112   0.0468965    0.573283
   70      64      7768      7704   110.041       107   0.0338956    0.573849
   71      64      7875      7811   109.998       107   0.0508967    0.573559
   72      64      7986      7922   110.011       111   0.0457648    0.573348
   73      64      8099      8035   110.052       113      2.1208    0.573866
   74      64      8207      8143   110.024       108   0.0305475    0.575096
   75      64      8318      8254   110.037       111   0.0577168    0.574552
   76      64      8431      8367   110.075       113   0.0724052    0.573955
   77      64      8538      8474   110.035       107   0.0494072    0.575088
   78      64      8645      8581   109.996       107     1.57131    0.576158
   79      64      8755      8691   109.996       110   0.0835168    0.575693
2026-07-07T22:48:10.548081+0800 min lat: 0.0218563 max lat: 2.39118 avg lat: 0.575846
  sec Cur ops   started  finished  avg MB/s  cur MB/s last lat(s)  avg lat(s)
   80      64      8865      8801   109.996       110     1.68886    0.575846
   81      64      8976      8912   110.008       111     0.13549    0.575175
   82      64      9085      9021   109.996       109     1.98734    0.575286
   83      64      9195      9131   109.996       110     1.68561    0.576329
   84      64      9306      9242   110.007       111    0.065671     0.57533
   85      64      9417      9353   110.019       111     1.95099    0.575577
   86      64      9526      9462   110.007       109   0.0482665     0.57643
   87      64      9635      9571   109.995       109    0.117966    0.576354
   88      64      9744      9680   109.984       109     1.70839    0.576323
   89      64      9854      9790   109.984       110   0.0645795    0.575984
   90      64      9965      9901   109.995       111      2.2001    0.575369
   91      64     10078     10014   110.028       113   0.0410374     0.57601
   92      64     10191     10127    110.06       113   0.0634338    0.576439
   93      64     10297     10233   110.016       106   0.0440225     0.57672
   94      63     10406     10343   110.015       110     1.83313    0.575891
   95      64     10518     10454   110.026       111   0.0566896    0.576338
   96      64     10631     10567   110.056       113     0.09147    0.576278
   97      64     10740     10676   110.045       109     1.92951    0.576152
   98      64     10847     10783   110.014       107   0.0841433    0.576297
   99      64     10955     10891   109.994       108   0.0425383     0.57694
2026-07-07T22:48:30.551063+0800 min lat: 0.0218563 max lat: 2.39118 avg lat: 0.576548
  sec Cur ops   started  finished  avg MB/s  cur MB/s last lat(s)  avg lat(s)
  100      64     11065     11001   109.993       110     1.86384    0.576548
  101      64     11172     11108   109.964       107   0.0449145      0.5768
  102      63     11282     11219   109.974       111   0.0496639    0.577525
  103      64     11393     11329   109.974       110   0.0432832    0.576735
  104      64     11505     11441   109.993       112    0.112494    0.576268
  105      64     11613     11549   109.974       108    0.134703    0.576598
  106      64     11724     11660   109.983       111   0.0602094     0.57667
  107      63     11834     11771   109.993       111   0.0973118    0.577212
  108      64     11942     11878   109.965       107     1.69446    0.577475
  109      64     12054     11990   109.983       112     1.90719    0.576876
  110      64     12163     12099   109.974       109   0.0653843    0.577323
  111      64     12274     12210   109.983       111   0.0694788    0.577049
  112      64     12386     12322   110.001       112   0.0418903    0.577226
  113      64     12497     12433    110.01       111     1.87773     0.57692
  114      64     12608     12544   110.018       111     2.10302    0.576814
  115      64     12718     12654   110.018       110     2.11201    0.576723
  116      64     12825     12761   109.992       107    0.132401    0.576924
  117      64     12936     12872   110.001       111   0.0326869    0.577444
  118      64     13047     12983   110.009       111   0.0719289    0.577632
  119      64     13157     13093   110.009       110   0.0422962    0.577176
2026-07-07T22:48:50.554016+0800 min lat: 0.0218563 max lat: 2.39118 avg lat: 0.578211
  sec Cur ops   started  finished  avg MB/s  cur MB/s last lat(s)  avg lat(s)
  120      61     13263     13202       110       109   0.0443158    0.578211
Total time run:       120.548
Total reads made:     13263
Read size:            1048576
Object size:          1048576
Bandwidth (MB/sec):   110.022
Average IOPS:         110
Stddev IOPS:          1.81952
Max IOPS:             114
Min IOPS:             103
Average Latency(s):   0.580105
Max latency(s):       2.39118
Min latency(s):       0.0218563
