hints = 1
  sec Cur ops   started  finished  avg MB/s  cur MB/s last lat(s)  avg lat(s)
    0       0         0         0         0         0           -           0
    1      64       169       105   104.978       105    0.574028    0.389012
    2      64       282       218    108.98       113   0.0730281    0.453668
    3      64       395       331   110.314       113   0.0556226    0.458713
    4      64       506       442   110.481       111    0.146446    0.465663
    5      64       615       551   110.182       109    0.327215    0.498533
    6      64       724       660   109.982       109     1.75049     0.50832
    7      64       838       774   110.554       114   0.0492853    0.508616
    8      64       948       884   110.482       110   0.0685226     0.51519
    9      64      1060       996   110.649       112    0.055371    0.522207
   10      64      1171      1107   110.683       111    0.131591    0.524841
   11      64      1278      1214   110.347       107   0.0722826    0.534621
   12      64      1388      1324   110.316       110   0.0463006    0.537398
   13      64      1500      1436   110.445       112    0.110206    0.539832
   14      64      1611      1547   110.483       111     1.94533    0.541726
   15      64      1724      1660    110.65       113    0.089335    0.545354
   16      64      1831      1767   110.421       107     1.67352    0.551074
   17      64      1941      1877   110.396       110   0.0472935    0.550877
   18      64      2051      1987   110.373       110    0.087339    0.553791
   19      64      2162      2098   110.405       111     1.72706    0.556411
2026-07-07T22:49:24.084882+0800 min lat: 0.0267418 max lat: 2.21713 avg lat: 0.559066
  sec Cur ops   started  finished  avg MB/s  cur MB/s last lat(s)  avg lat(s)
   20      64      2269      2205   110.234       107     1.49992    0.559066
   21      64      2381      2317   110.317       112     1.83452    0.556212
   22      64      2490      2426   110.257       109   0.0911413    0.558172
   23      64      2601      2537   110.289       111     1.93578    0.556236
   24      64      2714      2650   110.401       113     2.18404    0.556368
   25      64      2822      2758   110.304       108    0.036962    0.560396
   26      64      2929      2865   110.177       107     1.80849    0.562979
   27      64      3040      2976   110.207       111   0.0786437    0.563925
   28      64      3148      3084   110.127       108     1.70397    0.563823
   29      64      3261      3197   110.226       113     1.96256    0.562046
   30      64      3371      3307   110.218       110     2.17454    0.561797
   31      64      3483      3419   110.275       112   0.0356563    0.563605
   32      64      3593      3529   110.266       110    0.069484    0.563355
   33      64      3703      3639   110.257       110   0.0464586    0.563461
   34      64      3814      3750   110.279       111   0.0598813    0.566114
   35      64      3922      3858   110.213       108    0.111719    0.567063
   36      64      4033      3969   110.235       111     1.68922    0.567214
   37      64      4144      4080   110.255       111     1.92875    0.567296
   38      64      4253      4189   110.222       109   0.0605724    0.567164
   39      64      4361      4297   110.164       108     1.99862    0.566893
2026-07-07T22:49:44.087500+0800 min lat: 0.024766 max lat: 2.21713 avg lat: 0.568687
  sec Cur ops   started  finished  avg MB/s  cur MB/s last lat(s)  avg lat(s)
   40      64      4471      4407    110.16       110   0.0552789    0.568687
   41      64      4580      4516   110.131       109    0.149661    0.568418
   42      64      4692      4628   110.175       112   0.0623064    0.567329
   43      64      4802      4738   110.171       110    0.111485    0.569145
   44      64      4911      4847   110.144       109   0.0407364    0.569928
   45      64      5020      4956   110.118       109   0.0503231    0.567932
   46      64      5131      5067   110.137       111    0.200487    0.568703
   47      64      5241      5177   110.134       110    0.054021    0.571625
   48      64      5350      5286    110.11       109   0.0677698    0.572112
   49      64      5461      5397   110.128       111    0.075548    0.570979
   50      64      5569      5505   110.085       108      1.9928    0.570883
   51      64      5678      5614   110.063       109   0.0334403    0.572784
   52      64      5785      5721   110.004       107    0.194424    0.573904
   53      63      5896      5833   110.041       112     1.77057    0.571624
   54      64      6009      5945   110.077       112    0.104851    0.571228
   55      64      6118      6054   110.057       109   0.0418869    0.572433
   56      64      6225      6161   110.002       107   0.0278054    0.572514
   57      64      6335      6271   110.002       110   0.0356344    0.572177
   58      64      6445      6381   110.001       110   0.0371172    0.573283
   59      64      6557      6493   110.035       112   0.0307963    0.573116
2026-07-07T22:50:04.090618+0800 min lat: 0.023346 max lat: 2.412 avg lat: 0.572469
  sec Cur ops   started  finished  avg MB/s  cur MB/s last lat(s)  avg lat(s)
   60      64      6666      6602   110.018       109    0.066815    0.572469
   61      64      6776      6712   110.017       110     2.21932    0.571895
   62      64      6885      6821       110       109   0.0437772    0.572842
   63      64      6997      6933   110.032       112     1.83677    0.573903
   64      64      7107      7043   110.031       110    0.042168    0.573708
   65      64      7216      7152   110.015       109    0.160935    0.574106
   66      64      7326      7262   110.014       110   0.0511811    0.574549
   67      64      7435      7371   109.999       109    0.109657     0.57459
   68      64      7544      7480   109.984       109    0.294779    0.575154
   69      63      7654      7591   109.998       111      1.9386    0.574743
   70      64      7766      7702   110.012       111    0.204105      0.5749
   71      64      7877      7813   110.026       111   0.0708001    0.575001
   72      64      7984      7920   109.984       107   0.0383002    0.575497
   73      64      8092      8028   109.956       108    0.078324    0.575181
   74      64      8203      8139    109.97       111   0.0628416    0.575374
   75      64      8313      8249   109.971       110   0.0417915    0.574564
   76      64      8421      8357   109.944       108   0.0465374    0.575297
   77      64      8529      8465   109.919       108   0.0486713    0.576453
   78      64      8638      8574   109.907       109    0.118312    0.575688
   79      64      8748      8684   109.908       110    0.038428    0.575551
2026-07-07T22:50:24.093717+0800 min lat: 0.023346 max lat: 2.412 avg lat: 0.57689
  sec Cur ops   started  finished  avg MB/s  cur MB/s last lat(s)  avg lat(s)
   80      64      8859      8795   109.921       111   0.0541137     0.57689
   81      64      8970      8906   109.934       111     1.66432    0.576449
   82      64      9079      9015   109.923       109    0.034796    0.576175
   83      64      9190      9126   109.936       111   0.0499518      0.5756
   84      64      9299      9235   109.924       109     0.11984    0.575727
   85      64      9410      9346   109.937       111     2.14567    0.575501
   86      64      9521      9457   109.949       111    0.033947    0.575395
   87      64      9632      9568   109.961       111   0.0334177    0.575509
   88      64      9741      9677    109.95       109     1.97189    0.576293
   89      64      9854      9790   109.984       113   0.0313683    0.575756
   90      64      9962      9898   109.962       108    0.118132    0.576479
   91      64     10071     10007   109.951       109     1.75057     0.57687
   92      64     10178     10114   109.919       107     1.61052    0.577433
   93      64     10290     10226   109.941       112   0.0483529    0.576178
   94      64     10399     10335   109.931       109     1.97965    0.576551
   95      64     10508     10444   109.921       109     1.77206    0.576926
   96      64     10618     10554   109.921       110     1.81223     0.57708
   97      64     10729     10665   109.932       111   0.0586292    0.576598
   98      64     10840     10776   109.943       111   0.0832848    0.576403
   99      64     10950     10886   109.944       110   0.0530333    0.576875
2026-07-07T22:50:44.096472+0800 min lat: 0.023346 max lat: 2.412 avg lat: 0.576479
  sec Cur ops   started  finished  avg MB/s  cur MB/s last lat(s)  avg lat(s)
  100      64     11059     10995   109.934       109    0.183587    0.576479
  101      64     11167     11103   109.915       108    0.112926    0.576062
  102      64     11280     11216   109.945       113     2.25268    0.576367
  103      64     11389     11325   109.935       109     1.93579    0.576918
  104      64     11501     11437   109.955       112   0.0338896    0.576978
  105      64     11612     11548   109.965       111     1.86911    0.577053
  106      64     11722     11658   109.965       110    0.047299    0.577138
  107      64     11831     11767   109.956       109     1.88138    0.576884
  108      64     11942     11878   109.966       111   0.0520708    0.577298
  109      64     12054     11990   109.984       112     1.85995    0.577094
  110      63     12165     12102   110.002       112    0.123216    0.577187
  111      64     12276     12212   110.002       110   0.0383351    0.576761
  112      64     12386     12322   110.002       110     2.27223    0.576816
  113      64     12497     12433   110.011       111     2.29859    0.576569
  114      64     12608     12544   110.019       111   0.0701018     0.57646
  115      64     12718     12654   110.019       110    0.152725    0.577412
  116      64     12828     12764   110.019       110     1.82194    0.577364
  117      64     12937     12873    110.01       109   0.0764118    0.577115
  118      64     13047     12983    110.01       110   0.0549983    0.577162
  119      64     13154     13090   109.984       107   0.0588792     0.57844
2026-07-07T22:51:04.099278+0800 min lat: 0.023346 max lat: 2.412 avg lat: 0.577562
  sec Cur ops   started  finished  avg MB/s  cur MB/s last lat(s)  avg lat(s)
  120      61     13259     13198   109.967       108   0.0794997    0.577562
Total time run:       120.534
Total reads made:     13259
Read size:            1048576
Object size:          1048576
Bandwidth (MB/sec):   110.002
Average IOPS:         110
Stddev IOPS:          1.67524
Max IOPS:             114
Min IOPS:             105
Average Latency(s):   0.580215
Max latency(s):       2.412
Min latency(s):       0.023346
