hints = 1
Maintaining 64 concurrent writes of 1048576 bytes to objects of size 1048576 for up to 120 seconds or 0 objects
Object prefix: benchmark_data_tikv-node_471089
  sec Cur ops   started  finished  avg MB/s  cur MB/s last lat(s)  avg lat(s)
    0       0         0         0         0         0           -           0
    1      64       167       103   102.982       103    0.612049     0.36725
    2      64       275       211   105.484       108    0.046097    0.451809
    3      64       383       319   106.318       108    0.152633    0.498184
    4      64       493       429   107.235       110    0.103122     0.51983
    5      64       601       537   107.386       108    0.151041    0.541271
    6      64       710       646   107.653       109    0.174675    0.551571
    7      64       819       755   107.844       109     1.28398    0.550282
    8      64       869       805   100.612        50     1.70815    0.554153
    9      64       905       841   93.4323        36       1.578    0.599701
   10      64       973       909   90.8881        68    0.826631      0.6636
   11      64      1016       952   86.5339        43     0.90463    0.683236
   12      64      1067      1003   83.5724        51     1.74307     0.72657
   13      64      1120      1056   81.2204        53     1.29166    0.753703
   14      64      1159      1095   78.2042        39    0.773644    0.765648
   15      64      1204      1140   75.9902        45     1.37355    0.789841
   16      64      1257      1193    74.553        53     1.11542     0.81958
   17      64      1328      1264   74.3434        71    0.862353    0.840346
   18      64      1361      1297   72.0464        33     1.49268    0.848973
   19      64      1416      1352   71.1489        55     1.08932       0.871
2026-07-07T22:40:17.494893+0800 min lat: 0.0375193 max lat: 2.79014 avg lat: 0.888085
  sec Cur ops   started  finished  avg MB/s  cur MB/s last lat(s)  avg lat(s)
   20      64      1475      1411   70.5411        59     1.37521    0.888085
   21      64      1508      1444   68.7531        33      1.9356    0.893474
   22      64      1558      1494   67.9004        50     1.66843    0.911273
   23      64      1612      1548   67.2956        54     1.05263    0.926946
   24      64      1667      1603    66.783        55     1.17081    0.937805
   25      64      1701      1637   65.4716        34     1.29068    0.945114
   26      64      1757      1693    65.107        56     1.04984     0.96528
   27      64      1797      1733   64.1769        40     1.44124    0.969904
   28      64      1843      1779   63.5275        46     1.07548    0.979173
   29      64      1890      1826   62.9573        47     1.44531    0.993072
   30      64      1941      1877   62.5585        51     1.28551     1.00237
   31      64      1997      1933   62.3467        56    0.898427     1.00511
   32      64      2033      1969   61.5232        36      1.4208     1.01383
   33      64      2074      2010   60.9011        41     1.05955      1.0242
   34      64      2130      2066   60.7568        56     1.31533     1.03197
   35      64      2181      2117   60.4779        51    0.939188     1.03271
   36      64      2220      2156   59.8811        39     1.53364     1.04238
   37      64      2267      2203   59.5328        47     1.04341     1.04914
   38      64      2319      2255   59.3344        52      2.5565     1.05646
   39      64      2358      2294   58.8128        39     1.41762     1.05936
2026-07-07T22:40:37.497578+0800 min lat: 0.0375193 max lat: 3.23897 avg lat: 1.07271
  sec Cur ops   started  finished  avg MB/s  cur MB/s last lat(s)  avg lat(s)
   40      64      2424      2360   58.9923        66    0.916974     1.07271
   41      64      2464      2400   58.5289        40     0.79415     1.07432
   42      64      2520      2456   58.4685        56     1.13328     1.07967
   43      64      2539      2475   57.5506        19     2.04188     1.08496
   44      64      2587      2523   57.3333        48     1.86072      1.0948
   45      64      2659      2595    57.659        72    0.831339     1.09825
   46      64      2691      2627   57.1011        32     1.01736     1.09933
   47      64      2737      2673   56.8648        46     1.47876      1.1065
   48      64      2799      2735   56.9717        62    0.983857     1.10945
   49      64      2838      2774   56.6048        39    0.999848     1.10991
   50      64      2880      2816   56.3126        42     1.64573     1.11801
   51      64      2937      2873   56.3259        57     1.31588     1.12493
   52      64      2985      2921   56.1657        48     1.22702     1.12579
   53      64      3017      2953   55.7097        32     1.49793     1.12553
   54      64      3070      3006   55.6594        53     1.49709      1.1351
   55      64      3124      3060   55.6291        54     1.37986       1.138
   56      64      3169      3105   55.4392        45     1.16451     1.13893
   57      64      3211      3147   55.2033        42     1.48539     1.14398
   58      64      3262      3198   55.1308        51     1.03976     1.14968
   59      64      3308      3244   54.9759        46     1.32708     1.15091
2026-07-07T22:40:57.500210+0800 min lat: 0.0375193 max lat: 3.23897 avg lat: 1.15374
  sec Cur ops   started  finished  avg MB/s  cur MB/s last lat(s)  avg lat(s)
   60      64      3344      3280   54.6595        36     1.42384     1.15374
   61      64      3390      3326   54.5174        46     1.22293     1.15861
   62      64      3441      3377   54.4606        51     1.13033     1.16176
   63      64      3499      3435   54.5167        58     1.29835     1.16259
   64      64      3525      3461    54.071        26     1.39084      1.1652
   65      64      3581      3517   54.1006        56    0.889751     1.17021
   66      64      3625      3561   53.9474        44      1.1431     1.17086
   67      64      3661      3597   53.6795        36     1.24573     1.17188
   68      64      3717      3653   53.7135        56     1.40375     1.17813
   69      64      3770      3706    53.703        53     1.03222     1.17806
   70      64      3827      3763     53.75        57     1.32668     1.17988
   71      64      3857      3793   53.4155        30     2.51394     1.18368
   72      64      3898      3834    53.243        41     1.88989     1.18842
   73      64      3964      3900   53.4176        66     1.25235     1.18955
   74      64      3998      3934   53.1552        34      1.4712     1.18979
   75      64      4031      3967   52.8864        33     1.50736     1.19402
   76      64      4099      4035   53.0851        68     1.41314     1.19701
   77      64      4145      4081    52.993        46    0.664664     1.19568
   78      64      4181      4117   52.7751        36     1.40608     1.19953
   79      64      4239      4175   52.8412        58     1.29913     1.20385
2026-07-07T22:41:17.502901+0800 min lat: 0.0375193 max lat: 3.87094 avg lat: 1.20293
  sec Cur ops   started  finished  avg MB/s  cur MB/s last lat(s)  avg lat(s)
   80      64      4279      4215   52.6806        40     1.00961     1.20293
   81      64      4315      4251   52.4746        36      1.4072     1.20483
   82      64      4373      4309   52.5419        58     1.80704     1.21129
   83      64      4420      4356    52.475        47    0.970086     1.21172
   84      64      4473      4409   52.4812        53     1.36685     1.21107
   85      64      4489      4425    52.052        16     1.14372     1.21234
   86      64      4542      4478    52.063        53     1.13732     1.21696
   87      64      4611      4547   52.2575        69     1.04062     1.21658
   88      64      4641      4577   52.0046        30     1.49204     1.21821
   89      64      4690      4626   51.9707        49     2.12282      1.2222
   90      64      4730      4666   51.8376        40     1.36556     1.22348
   91      64      4795      4731   51.9822        65     1.82361     1.22299
   92      64      4825      4761   51.7432        30      1.6089     1.22528
   93      64      4883      4819   51.8104        58      1.1331     1.22813
   94      64      4932      4868   51.7804        49      0.9728     1.22841
   95      64      4964      4900   51.5721        32     1.26599      1.2288
   96      64      5020      4956   51.6182        56     1.82678     1.23345
   97      64      5078      5014   51.6839        58     1.10649     1.23258
   98      64      5116      5052   51.5442        38     1.11153     1.23245
   99      64      5156      5092   51.4275        40     1.04335     1.23524
2026-07-07T22:41:37.505642+0800 min lat: 0.0375193 max lat: 3.87094 avg lat: 1.23774
  sec Cur ops   started  finished  avg MB/s  cur MB/s last lat(s)  avg lat(s)
  100      64      5204      5140   51.3932        48    0.976689     1.23774
  101      64      5255      5191   51.3892        51     1.08019     1.23752
  102      64      5289      5225   51.2187        34     1.42545      1.2392
  103      64      5338      5274   51.1971        49     1.55249     1.24319
  104      64      5391      5327   51.2143        53     1.03056     1.24399
  105      64      5432      5368    51.117        41    0.803746     1.24389
  106      64      5475      5411   51.0403        43     1.77906     1.24754
  107      64      5532      5468    51.096        57       1.011      1.2482
  108      64      5584      5520   51.1043        52     1.03758     1.24703
  109      64      5599      5535    50.773        15     1.31635     1.24671
  110      64      5649      5585    50.766        50     1.81012     1.25078
  111      64      5704      5640    50.804        55     1.37015     1.25177
  112      64      5758      5694   50.8325        54    0.932808       1.251
  113      64      5792      5728   50.6835        34     1.52579     1.25379
  114      64      5847      5783   50.7213        55     1.02757     1.25593
  115      64      5902      5838   50.7585        55     1.44379     1.25451
  116      64      5935      5871   50.6053        33     1.65825     1.25596
  117      64      5981      5917   50.5659        46     1.04053     1.25867
  118      64      6020      5956   50.4678        39     1.19992     1.25954
  119      64      6071      6007   50.4722        51      1.3533      1.2593
2026-07-07T22:41:57.508376+0800 min lat: 0.0375193 max lat: 3.96221 avg lat: 1.2617
  sec Cur ops   started  finished  avg MB/s  cur MB/s last lat(s)  avg lat(s)
  120      64      6114      6050   50.4099        43     1.68078      1.2617
Total time run:         120.71
Total writes made:      6114
Write size:             1048576
Object size:            1048576
Bandwidth (MB/sec):     50.6505
Stddev Bandwidth:       18.0441
Max bandwidth (MB/sec): 110
Min bandwidth (MB/sec): 15
Average IOPS:           50
Stddev IOPS:            18.0441
Max IOPS:               110
Min IOPS:               15
Average Latency(s):     1.26187
Stddev Latency(s):      0.492655
Max latency(s):         3.96221
Min latency(s):         0.0375193
