hints = 1
Maintaining 64 concurrent writes of 65536 bytes to objects of size 65536 for up to 120 seconds or 0 objects
Object prefix: benchmark_data_tikv-node_293740
  sec Cur ops   started  finished  avg MB/s  cur MB/s last lat(s)  avg lat(s)
    0       0         0         0         0         0           -           0
    1      64      1851      1787    111.68   111.688  0.00661143   0.0342425
    2      64      3425      3361   105.021    98.375   0.0981297   0.0359919
    3      64      3840      3776   78.6578   25.9375    0.145912   0.0496868
    4      64      4257      4193   65.5077   26.0625    0.143334   0.0592242
    5      64      4705      4641   58.0051        28    0.184933   0.0683161
    6      64      5153      5089   53.0038        28     0.12868   0.0750306
    7      64      5550      5486   48.9759   24.8125    0.144533   0.0805616
    8      64      5998      5934   46.3533        28    0.142269   0.0854668
    9      64      6387      6323   43.9039   24.3125    0.141824   0.0897711
   10      64      6835      6771    42.313        28    0.153698   0.0941645
   11      64      7223      7159   40.6707     24.25    0.112245   0.0971313
   12      64      7671      7607   39.6145        28    0.114379    0.100146
   13      64      8116      8052   38.7064   27.8125     0.12673    0.103145
   14      64      8514      8450   37.7182    24.875    0.188759    0.105565
   15      64      8947      8883   37.0075   27.0625    0.161499    0.107668
   16      64      9359      9295   36.3037     25.75    0.158283    0.109618
   17      64      9743      9679   35.5797        24    0.155389     0.11173
   18      64     10191     10127   35.1583        28     0.18899    0.113636
   19      64     10593     10529   34.6301    25.125    0.120533    0.114625
2026-07-07T22:06:45.517994+0800 min lat: 0.00552096 max lat: 0.269983 avg lat: 0.116404
  sec Cur ops   started  finished  avg MB/s  cur MB/s last lat(s)  avg lat(s)
   20      64     11025     10961   34.2484        27    0.200621    0.116404
   21      64     11463     11399   33.9209    27.375    0.102235    0.117812
   22      64     11864     11800   33.5181   25.0625    0.153954    0.118913
   23      64     12248     12184   33.1041        24    0.154855    0.120159
   24      64     12689     12625   32.8731   27.5625    0.155198    0.121425
   25      64     13080     13016   32.5355   24.4375    0.147064    0.122279
   26      64     13528     13464   32.3609        28    0.148986    0.123191
   27      64     13916     13852   32.0603     24.25    0.167383    0.124206
   28      64     14364     14300   31.9152        28    0.111054    0.125187
   29      64     14749     14685   31.6443   24.0625    0.118513    0.125864
   30      64     15197     15133   31.5226        28     0.17099    0.126725
   31      64     15593     15529   31.3041     24.75    0.159204    0.127386
   32      64     15968     15904   31.0581   23.4375    0.152899     0.12865
   33      64     16361     16297   30.8612   24.5625    0.150976     0.12931
   34      64     16800     16736   30.7604   27.4375    0.166256    0.129754
   35      64     17184     17120   30.5671        24    0.163747    0.130537
   36      64     17585     17521   30.4141   25.0625    0.146804    0.131046
   37      64     18055     17991   30.3859    29.375     0.14443    0.131457
   38      64     18427     18363    30.198     23.25    0.192359    0.132127
   39      64     18747     18683   29.9365        20    0.199389    0.133163
2026-07-07T22:07:05.520881+0800 min lat: 0.00552096 max lat: 0.309852 avg lat: 0.13429
  sec Cur ops   started  finished  avg MB/s  cur MB/s last lat(s)  avg lat(s)
   40      64     19079     19015   29.7068     20.75    0.199698     0.13429
   41      64     19175     19111   29.1285         6    0.658928    0.135912
   42      64     19399     19335   28.7682        14    0.161599    0.138626
   43      64     19836     19772   28.7343   27.3125    0.102531    0.139074
   44      64     20103     20039   28.4605   16.6875    0.206025    0.139376
   45      64     20199     20135   27.9613         6    0.786468    0.141562
   46      64     20615     20551   27.9186        26    0.125485    0.143154
   47      64     20999     20935   27.8351        24    0.156424    0.143318
   48      64     21159     21095   27.4635        10    0.798298    0.144977
   49      64     21383     21319   27.1887        14    0.152338    0.146798
   50      64     21799     21735   27.1649        26     0.18008    0.147046
   51      64     22119     22055   27.0243        20    0.152793    0.147093
   52      64     22204     22140   26.6068    5.3125    0.826962    0.149008
   53      64     22588     22524   26.5575        24    0.160706    0.150272
   54      64     23015     22951   26.5599   26.6875    0.145866    0.150274
   55      64     23207     23143   26.2951        12    0.580613    0.151243
   56      64     23463     23399   26.1112        16    0.155201    0.153113
   57      64     23847     23783   26.0741        24    0.154541    0.153233
   58      64     24188     24124    25.992   21.3125    0.153609    0.153203
   59      64     24295     24231   25.6648    6.6875    0.787434    0.155297
2026-07-07T22:07:25.523702+0800 min lat: 0.00552096 max lat: 0.827643 avg lat: 0.155944
  sec Cur ops   started  finished  avg MB/s  cur MB/s last lat(s)  avg lat(s)
   60      64     24682     24618   25.6401   24.1875    0.155526    0.155944
   61      64     25072     25008   25.6193    24.375   0.0852767    0.155915
   62      64     25322     25258   25.4581    15.625    0.630277    0.157009
   63      64     25514     25450   25.2444        12    0.120649    0.158335
   64      64     25904     25840   25.2308    24.375    0.166986    0.158425
   65      64     26288     26224   25.2118        24    0.149122    0.158405
   66      64     26359     26295    24.897    4.4375    0.774675    0.159154
   67      64     26736     26672    24.877   23.5625    0.154579    0.160701
   68      64     27120     27056   24.8641        24    0.161358    0.160713
   69      64     27383     27319   24.7419   16.4375    0.389418    0.160682
   70      64     27568     27504   24.5536   11.5625    0.104977    0.162868
   71      64     27952     27888   24.5458        24    0.170443    0.162766
   72      64     28343     28279   24.5442   24.4375    0.152485    0.162666
   73      64     28471     28407   24.3176         8    0.614081    0.162969
   74      64     28791     28727   24.2592        20    0.166017    0.164617
   75      64     29232     29168   24.3032   27.5625    0.157052    0.164552
   76      64     29552     29488   24.2466        20    0.373456    0.164815
   77      64     29680     29616   24.0355         8    0.181008    0.166293
   78      64     30052     29988   24.0254     23.25    0.215232    0.166176
   79      64     30469     30405   24.0512   26.0625    0.205148     0.16609
2026-07-07T22:07:45.526651+0800 min lat: 0.00552096 max lat: 0.861162 avg lat: 0.166347
  sec Cur ops   started  finished  avg MB/s  cur MB/s last lat(s)  avg lat(s)
   80      64     30628     30564   23.8747    9.9375    0.543069    0.166347
   81      64     30935     30871   23.8168   19.1875     0.16964    0.167751
   82      64     31319     31255    23.819        24    0.158619    0.167718
   83      64     31639     31575    23.773        20    0.271457    0.167736
   84      64     31724     31660   23.5532    5.3125    0.527814    0.169694
   85      64     32108     32044   23.5584        24    0.170448    0.169561
   86      64     32535     32471   23.5948   26.6875    0.152997    0.169404
   87      64     32727     32663   23.4615        12    0.229892    0.169405
   88      64     33004     32940   23.3916   17.3125    0.162476    0.170835
   89      63     33400     33337   23.4075   24.8125    0.158454    0.170701
   90      64     33815     33751   23.4349    25.875    0.143898    0.170447
   91      64     33879     33815   23.2213         4    0.718697    0.171334
   92      64     34294     34230   23.2508   25.9375    0.141507     0.17197
   93      64     34678     34614   23.2588        24     0.15131    0.171769
   94      64     34934     34870   23.1816        16    0.491892    0.171996
   95      64     35190     35126    23.106        16    0.154266    0.172996
   96      64     35574     35510   23.1152        24    0.152567    0.172848
   97      64     36022     35958   23.1655        28     0.14365    0.172561
   98      64     36086     36022     22.97         4    0.705426    0.173344
   99      64     36470     36406   22.9804        24    0.210467    0.173895
2026-07-07T22:08:05.529343+0800 min lat: 0.00552096 max lat: 1.17378 avg lat: 0.173608
  sec Cur ops   started  finished  avg MB/s  cur MB/s last lat(s)  avg lat(s)
  100      64     36918     36854   23.0305        28    0.157424    0.173608
  101      64     37110     37046   22.9213        12    0.464428    0.173817
  102      64     37424     37360   22.8889    19.625    0.108797    0.174717
  103      64     37816     37752   22.9045      24.5     0.15332    0.174538
  104      64     38223     38159   22.9288   25.4375    0.153765    0.174278
  105      64     38328     38264    22.773    6.5625    0.602402     0.17488
  106      64     38712     38648   22.7845        24    0.169597    0.175376
  107      64     39119     39055   22.8093   25.4375    0.146149    0.175166
  108      64     39416     39352   22.7699   18.5625    0.152095    0.174969
  109      64     39672     39608   22.7078        16    0.165054    0.176041
  110      64     40079     40015   22.7326   25.4375    0.153155    0.175831
  111      64     40509     40445   22.7699    26.875    0.172234    0.175572
  112      64     40637     40573    22.638         8     0.53358    0.176018
  113      64     41021     40957     22.65        24    0.160602    0.176434
  114      64     41427     41363   22.6739    25.375    0.154565    0.176262
  115      64     41747     41683   22.6506        20    0.379743    0.176263
  116      64     41981     41917   22.5814    14.625    0.165836    0.177013
  117      64     42365     42301   22.5935        24    0.162273    0.176888
  118      64     42813     42749   22.6393        28    0.145312    0.176632
  119      64     42941     42877   22.5162         8    0.500707     0.17696
2026-07-07T22:08:25.532322+0800 min lat: 0.00552096 max lat: 1.17378 avg lat: 0.177337
  sec Cur ops   started  finished  avg MB/s  cur MB/s last lat(s)  avg lat(s)
  120      42     43325     43283     22.54    25.375    0.161703    0.177337
Total time run:         120.06
Total writes made:      43325
Write size:             65536
Object size:            65536
Bandwidth (MB/sec):     22.5538
Stddev Bandwidth:       12.83
Max bandwidth (MB/sec): 111.688
Min bandwidth (MB/sec): 4
Average IOPS:           360
Stddev IOPS:            205.28
Max IOPS:               1787
Min IOPS:               64
Average Latency(s):     0.177322
Stddev Latency(s):      0.131537
Max latency(s):         1.17378
Min latency(s):         0.00552096
