hints = 1
Maintaining 64 concurrent writes of 1048576 bytes to objects of size 1048576 for up to 120 seconds or 0 objects
Object prefix: benchmark_data_tikv-node_458142
  sec Cur ops   started  finished  avg MB/s  cur MB/s last lat(s)  avg lat(s)
    0       0         0         0         0         0           -           0
    1      64       167       103   102.992       103     0.14454    0.406004
    2      64       277       213    106.49       110    0.991427    0.490973
    3      64       383       319   106.322       106    0.331866    0.505597
    4      64       491       427   106.739       108    0.572457    0.519502
    5      64       600       536   107.189       109    0.479308    0.527016
    6      64       705       641   106.822       105   0.0674376    0.514926
    7      64       810       746    106.56       105   0.0826272    0.519041
    8      64       917       853   106.614       107   0.0666298    0.532715
    9      64      1014       950   105.544        97      2.1518    0.544308
   10      64      1051       987    98.689        37     1.17273     0.60096
   11      64      1098      1034   93.9892        47     1.12771    0.647407
   12      64      1150      1086   90.4894        52      1.3125    0.675341
   13      64      1203      1139   87.6048        53    0.806422     0.69901
   14      64      1244      1180   84.2753        41    0.989872    0.719168
   15      64      1301      1237   82.4564        57    0.863671    0.738546
   16      64      1369      1305   81.5523        68    0.894665    0.760612
   17      64      1406      1342   78.9312        37     1.02445    0.772774
   18      64      1462      1398   77.6567        56     2.18065      0.7934
   19      64      1513      1449   76.2535        51     1.09339    0.806808
2026-07-07T22:37:50.629055+0800 min lat: 0.0337652 max lat: 3.02552 avg lat: 0.8222
  sec Cur ops   started  finished  avg MB/s  cur MB/s last lat(s)  avg lat(s)
   20      64      1568      1504   75.1904        55     1.11266      0.8222
   21      64      1623      1559   74.2285        55     1.50677    0.833527
   22      64      1675      1611   73.2177        52     1.26351    0.847059
   23      64      1722      1658   72.0774        47    0.993641     0.85633
   24      64      1776      1712   71.3239        54     1.10169    0.869178
   25      64      1842      1778   71.1106        66    0.913103    0.883467
   26      64      1891      1827   70.2599        49    0.921973    0.891211
   27      64      1949      1885   69.8055        58     1.00854    0.898785
   28      64      1998      1934   69.0622        49     1.37414    0.905879
   29      64      2055      1991    68.646        57     1.06616    0.917623
   30      64      2095      2031   67.6909        40    0.813484    0.920907
   31      64      2150      2086   67.2813        55     0.98598    0.927857
   32      64      2226      2162   67.5534        76    0.788195    0.935363
   33      64      2264      2200   66.6576        38     1.05343    0.940375
   34      64      2313      2249   66.1381        49     1.00683    0.948365
   35      64      2367      2303   65.7912        54     1.08816    0.955086
   36      64      2426      2362   65.6023        59     1.02698    0.963156
   37      64      2479      2415   65.2615        53    0.911813    0.966049
   38      64      2533      2469   64.9649        54     1.16058     0.97017
   39      64      2586      2522   64.6579        53    0.804607    0.974834
2026-07-07T22:38:10.631951+0800 min lat: 0.0337652 max lat: 3.02552 avg lat: 0.980718
  sec Cur ops   started  finished  avg MB/s  cur MB/s last lat(s)  avg lat(s)
   40      64      2648      2584   64.5912        62     1.15661    0.980718
   41      64      2698      2634   64.2351        50    0.956719    0.983121
   42      64      2738      2674   63.6579        40    0.961558    0.984896
   43      64      2794      2730   63.4796        56     1.30131    0.991001
   44      64      2844      2780   63.1731        50    0.966765    0.994996
   45      64      2902      2838   63.0579        58    0.950315    0.999128
   46      64      2945      2881   62.6218        43     1.21163      1.0019
   47      64      3004      2940   62.5445        59    0.950239     1.00732
   48      64      3078      3014   62.7829        74    0.894501     1.00977
   49      64      3112      3048   62.1954        34     1.01713      1.0115
   50      64      3170      3106   62.1114        58     1.27185     1.01791
   51      64      3216      3152   61.7954        46     1.41572     1.02168
   52      64      3278      3214   61.7991        62    0.825282     1.02286
   53      64      3335      3271   61.7084        57     1.62242     1.02668
   54      64      3391      3327   61.6025        56    0.966627     1.03163
   55      64      3448      3384   61.5187        57    0.948509     1.03176
   56      64      3494      3430   61.2415        46     1.02211      1.0341
   57      64      3543      3479   61.0266        49     1.02809     1.03498
   58      64      3601      3537   60.9743        58    0.946345     1.03847
   59      64      3656      3592   60.8729        55     1.07344     1.04057
2026-07-07T22:38:30.634810+0800 min lat: 0.0337652 max lat: 3.24824 avg lat: 1.04194
  sec Cur ops   started  finished  avg MB/s  cur MB/s last lat(s)  avg lat(s)
   60      64      3726      3662   61.0249        70    0.771321     1.04194
   61      64      3763      3699   60.6309        37    0.977914     1.04429
   62      64      3814      3750   60.4754        51    0.973474     1.04656
   63      64      3857      3793    60.198        43     1.09937     1.04906
   64      64      3921      3857   60.2572        64     1.25547     1.05276
   65      64      3975      3911   60.1609        54     1.01223     1.05449
   66      64      4029      3965   60.0674        54    0.897937     1.05529
   67      64      4059      3995   59.6186        30     1.19753     1.05677
   68      64      4119      4055   59.6241        60      1.1083     1.06145
   69      64      4170      4106    59.499        51    0.951147     1.06478
   70      64      4223      4159    59.406        53     1.49741     1.06722
   71      64      4267      4203   59.1889        44    0.976847     1.07009
   72      64      4329      4265   59.2278        62     0.80438     1.07338
   73      64      4380      4316    59.115        51     1.21363     1.07399
   74      64      4432      4368   59.0188        52     1.08525     1.07551
   75      64      4489      4425   58.9918        57    0.949915     1.07749
   76      64      4541      4477   58.8997        52      1.0735     1.07762
   77      64      4587      4523   58.7321        46    0.927694     1.07787
   78      64      4626      4562    58.479        39     1.37563     1.08139
   79      64      4684      4620   58.4728        58     1.19087     1.08484
2026-07-07T22:38:50.637723+0800 min lat: 0.0337652 max lat: 3.67037 avg lat: 1.08579
  sec Cur ops   started  finished  avg MB/s  cur MB/s last lat(s)  avg lat(s)
   80      64      4733      4669   58.3543        49    0.928512     1.08579
   81      64      4779      4715   58.2017        46     1.27695     1.08778
   82      64      4837      4773   58.1991        58     1.00715     1.09259
   83      64      4887      4823   58.1003        50     1.00373     1.09459
   84      64      4942      4878   58.0632        55    0.965846     1.09552
   85      64      4979      4915   57.8154        37     1.33941     1.09911
   86      64      5021      4957   57.6314        42      1.9404     1.10215
   87      64      5075      5011   57.5896        54     1.10515     1.10401
   88      64      5131      5067   57.5714        56      1.0119     1.10512
   89      64      5161      5097   57.2616        30     1.25921     1.10748
   90      64      5211      5147   57.1808        50     1.02862     1.11078
   91      64      5266      5202   57.1568        55     1.40074     1.11219
   92      64      5303      5239   56.9377        37      0.7922     1.11287
   93      64      5374      5310   57.0888        71    0.791649     1.11548
   94      64      5416      5352   56.9282        42     1.52288     1.11631
   95      64      5480      5416   57.0025        64    0.959289     1.11777
   96      64      5535      5471   56.9816        55    0.974561     1.11697
   97      64      5590      5526   56.9611        55     1.03888     1.11734
   98      64      5644      5580   56.9308        54     1.31992     1.11794
   99      64      5697      5633    56.891        53    0.913555     1.11882
2026-07-07T22:39:10.640525+0800 min lat: 0.0337652 max lat: 3.67037 avg lat: 1.11878
  sec Cur ops   started  finished  avg MB/s  cur MB/s last lat(s)  avg lat(s)
  100      64      5764      5700    56.992        67     1.34512     1.11878
  101      64      5798      5734   56.7643        34     1.05269     1.11903
  102      64      5867      5803   56.8842        69    0.774995     1.12017
  103      64      5914      5850   56.7881        47    0.943872     1.12068
  104      64      5959      5895   56.6747        45     1.05515       1.122
  105      64      6013      5949   56.6492        54    0.973424     1.12285
  106      64      6057      5993   56.5298        44    0.954284     1.12317
  107      64      6126      6062   56.6462        69    0.947276      1.1241
  108      64      6171      6107   56.5383        45     1.53956     1.12493
  109      64      6234      6170   56.5975        63     1.12998     1.12539
  110      64      6281      6217   56.5102        47     1.39157     1.12575
  111      64      6322      6258   56.3704        41     1.05109     1.12637
  112      64      6377      6313   56.3581        55    0.800323     1.12756
  113      64      6438      6374   56.3991        61    0.909601     1.12776
  114      64      6494      6430   56.3955        56     1.23442     1.12846
  115      64      6550      6486    56.392        56      1.1202     1.12989
  116      64      6601      6537   56.3455        51     1.01376     1.12939
  117      64      6635      6571   56.1545        34     1.14583     1.13045
  118      64      6711      6647   56.3226        76    0.866481     1.13181
  119      64      6750      6686    56.177        39     1.14201     1.13183
2026-07-07T22:39:30.643403+0800 min lat: 0.0337652 max lat: 3.67037 avg lat: 1.13241
  sec Cur ops   started  finished  avg MB/s  cur MB/s last lat(s)  avg lat(s)
  120      64      6812      6748   56.2254        62      1.3758     1.13241
Total time run:         120.722
Total writes made:      6812
Write size:             1048576
Object size:            1048576
Bandwidth (MB/sec):     56.4272
Stddev Bandwidth:       16.9015
Max bandwidth (MB/sec): 110
Min bandwidth (MB/sec): 30
Average IOPS:           56
Stddev IOPS:            16.9015
Max IOPS:               110
Min IOPS:               30
Average Latency(s):     1.13301
Stddev Latency(s):      0.4491
Max latency(s):         3.67037
Min latency(s):         0.0337652
