hints = 1
Maintaining 64 concurrent writes of 262144 bytes to objects of size 262144 for up to 120 seconds or 0 objects
Object prefix: benchmark_data_tikv-node_383455
  sec Cur ops   started  finished  avg MB/s  cur MB/s last lat(s)  avg lat(s)
    0       0         0         0         0         0           -           0
    1      64       506       442   110.485     110.5   0.0229769    0.117263
    2      64       954       890   111.235       112   0.0304147     0.13129
    3      64      1402      1338   111.486       112    0.410307    0.135234
    4      64      1849      1785   111.549    111.75    0.449407    0.136571
    5      64      2299      2235   111.737     112.5   0.0154024    0.137657
    6      64      2424      2360   98.3216     31.25   0.0546846     0.15815
    7      64      2627      2563   91.5249     50.75    0.293535    0.171142
    8      64      2831      2767   86.4588        51    0.237134     0.17923
    9      64      2990      2926   81.2682     39.75    0.364185    0.185402
   10      64      3193      3129   78.2156     50.75    0.341685    0.202562
   11      64      3372      3308   75.1726     44.75    0.349807    0.207077
   12      64      3599      3535   73.6369     56.75    0.289882    0.213967
   13      64      3718      3654   70.2605     29.75     0.43873    0.224093
   14      64      3918      3854   68.8128        50    0.347227    0.228967
   15      64      4134      4070   67.8247        54    0.289674    0.233306
   16      64      4311      4247   66.3509     44.25    0.468148    0.235583
   17      64      4462      4398   64.6681     37.75    0.207485     0.24373
   18      64      4669      4605     63.95     51.75    0.307318     0.24793
   19      64      4876      4812   63.3075     51.75   0.0770692    0.249138
2026-07-07T22:23:42.277185+0800 min lat: 0.0109847 max lat: 1.09076 avg lat: 0.256668
  sec Cur ops   started  finished  avg MB/s  cur MB/s last lat(s)  avg lat(s)
   20      64      5031      4967   62.0793     38.75   0.0647291    0.256668
   21      64      5240      5176   61.6108     52.25    0.329121    0.259504
   22      64      5432      5368   60.9919        48    0.290697    0.261454
   23      64      5622      5558    60.405      47.5    0.310029    0.262511
   24      64      5751      5687   59.2316     32.25    0.316224    0.269188
   25      64      5949      5885   58.8421      49.5    0.358338    0.270813
   26      64      6157      6093   58.5786        52    0.208226    0.271296
   27      64      6293      6229   57.6681        34    0.680509    0.274861
   28      64      6489      6425   57.3582        49    0.400666    0.278237
   29      64      6686      6622   57.0784     49.25     0.29963    0.279163
   30      64      6890      6826   56.8756        51    0.292434    0.279452
   31      64      7034      6970    56.202        36    0.076451    0.283896
   32      64      7192      7128   55.6799      39.5    0.352654    0.285034
   33      64      7439      7375   55.8636     61.75   0.0763255    0.285706
   34      64      7571      7507   55.1911        33   0.0949614    0.285814
   35      64      7717      7653   54.6569      36.5    0.165506    0.290581
   36      64      7925      7861   54.5829        52    0.165931    0.291575
   37      64      8136      8072   54.5332     52.75    0.282486    0.291854
   38      64      8266      8202   53.9532      32.5    0.126003    0.295455
   39      64      8466      8402   53.8517        50    0.343351      0.2963
2026-07-07T22:24:02.279974+0800 min lat: 0.00903855 max lat: 1.09076 avg lat: 0.296427
  sec Cur ops   started  finished  avg MB/s  cur MB/s last lat(s)  avg lat(s)
   40      64      8671      8607   53.7864     51.25    0.293024    0.296427
   41      64      8847      8783   53.5476        44    0.391268    0.295787
   42      64      8981      8917   53.0702      33.5    0.179188    0.300242
   43      64      9182      9118   53.0044     50.25    0.406089    0.300952
   44      64      9386      9322   52.9587        51    0.248148    0.301038
   45      64      9524      9460   52.5484      34.5   0.0199137    0.304367
   46      64      9683      9619     52.27     39.75    0.264515    0.304371
   47      64      9886      9822   52.2376     50.75    0.373634    0.304837
   48      64     10099     10035   52.2585     53.25    0.243611    0.304494
   49      64     10211     10147   51.7633        28     0.29982    0.308333
   50      64     10429     10365   51.8179      54.5    0.284292    0.308429
   51      64     10650     10586    51.885     55.25   0.0188725    0.308093
   52      64     10732     10668   51.2814      20.5    0.152946     0.30793
   53      64     10939     10875   51.2901     51.75   0.0936185    0.311395
   54      64     11136     11072   51.2522     49.25    0.411084    0.311837
   55      64     11330     11266   51.2021      48.5     0.28328    0.311517
   56      64     11413     11349   50.6583     20.75    0.258143    0.314488
   57      64     11621     11557   50.6817        52    0.162129    0.314433
   58      64     11828     11764      50.7     51.75    0.146864     0.31444
   59      64     11959     11895   50.3956     32.75    0.373121    0.314513
2026-07-07T22:24:22.282777+0800 min lat: 0.00846154 max lat: 1.09076 avg lat: 0.317425
  sec Cur ops   started  finished  avg MB/s  cur MB/s last lat(s)  avg lat(s)
   60      64     12145     12081   50.3306      46.5    0.322951    0.317425
   61      64     12309     12245   50.1775        41    0.376072    0.317061
   62      64     12558     12494   50.3721     62.25    0.291711    0.317177
   63      64     12651     12587   49.9415     23.25   0.0467076    0.319748
   64      64     12852     12788   49.9462     50.25   0.0129147    0.319844
   65      64     13053     12989   49.9508     50.25    0.326294     0.31965
   66      64     13197     13133   49.7393        36    0.102191    0.319288
   67      64     13340     13276   49.5304     35.75    0.235768    0.321894
   68      64     13544     13480    49.552        51    0.118058    0.321884
   69      64     13747     13683   49.5692     50.75    0.253063     0.32183
   70      64     13885     13821   49.3539      34.5   0.0190433    0.323941
   71      64     14089     14025    49.377        51    0.356476    0.323935
   72      64     14291     14227   49.3925      50.5     0.31315    0.323709
   73      64     14436     14372   49.2123     36.25    0.336471    0.323459
   74      64     14581     14517   49.0371     36.25   0.0848523    0.325655
   75      64     14780     14716   49.0465     49.75    0.319313    0.325559
   76      64     14980     14916    49.059        50    0.442375    0.325279
   77      64     15062     14998    48.688      20.5    0.799498    0.325344
   78      64     15277     15213   48.7528     53.75    0.236351    0.327194
   79      64     15495     15431   48.8255      54.5    0.111483    0.327001
2026-07-07T22:24:42.285668+0800 min lat: 0.00846154 max lat: 1.09076 avg lat: 0.326973
  sec Cur ops   started  finished  avg MB/s  cur MB/s last lat(s)  avg lat(s)
   80      64     15672     15608   48.7682     44.25    0.406428    0.326973
   81      64     15826     15762   48.6414      38.5   0.0183442    0.328842
   82      64     15991     15927   48.5512     41.25    0.329259     0.32874
   83      64     16220     16156   48.6559     57.25    0.346467    0.328468
   84      64     16308     16244   48.3385        22    0.687866    0.328613
   85      64     16512     16448   48.3697        51    0.430607    0.330073
   86      64     16725     16661   48.4264     53.25    0.207335    0.329764
   87      64     16923     16859   48.4386      49.5    0.351436    0.329362
   88      64     17060     16996   48.2773     34.25    0.272441    0.330994
   89      64     17266     17202   48.3135      51.5    0.361575    0.330849
   90      64     17479     17415   48.3682     53.25    0.256721    0.330419
   91      64     17554     17490   48.0427     18.75     0.49736    0.330373
   92      64     17769     17705   48.1046     53.75   0.0157894    0.331937
   93      64     17973     17909   48.1357        51    0.224686    0.331775
   94      64     18178     18114   48.1688     51.25    0.317565    0.331434
   95      64     18300     18236   47.9828      30.5     0.22062    0.333011
   96      64     18502     18438   48.0089      50.5    0.372893    0.332894
   97      64     18708     18644   48.0448      51.5    0.128337    0.332498
   98      64     18848     18784   47.9117        35    0.260743    0.332234
   99      64     18989     18925   47.7837     35.25   0.0888962    0.333876
2026-07-07T22:25:02.288494+0800 min lat: 0.00846154 max lat: 1.09076 avg lat: 0.333599
  sec Cur ops   started  finished  avg MB/s  cur MB/s last lat(s)  avg lat(s)
  100      64     19205     19141   47.8458        54   0.0918718    0.333599
  101      64     19436     19372   47.9438     57.75    0.418366    0.333279
  102      64     19523     19459    47.687     21.75    0.457198    0.334844
  103      64     19721     19657   47.7045      49.5    0.163646    0.334676
  104      64     19937     19873    47.765        54    0.173189    0.334445
  105      64     20076     20012    47.641     34.75    0.353006    0.334198
  106      64     20229     20165   47.5523     38.25    0.210823    0.335794
  107      64     20439     20375   47.5985      52.5     0.16771    0.335495
  108      64     20647     20583   47.6392        52    0.423249    0.335287
  109      64     20771     20707   47.4865        31    0.892844    0.336549
  110      64     20975     20911   47.5184        51    0.289334    0.336495
  111      64     21180     21116   47.5519     51.25    0.330193    0.336304
  112      64     21323     21259   47.4465     35.75     0.35301    0.336102
  113      64     21467     21403   47.3452        36    0.371302    0.337555
  114      64     21674     21610   47.3837     51.75   0.0653508    0.337415
  115      64     21883     21819    47.426     52.25    0.171414    0.337114
  116      64     21963     21899   47.1895        20   0.0944135    0.336921
  117      64     22164     22100   47.2156     50.25    0.156507    0.338525
  118      64     22374     22310   47.2603      52.5   0.0858385    0.338161
  119      64     22573     22509   47.2812     49.75     0.37385    0.337911
2026-07-07T22:25:22.291316+0800 min lat: 0.00846154 max lat: 1.09076 avg lat: 0.339406
  sec Cur ops   started  finished  avg MB/s  cur MB/s last lat(s)  avg lat(s)
  120      64     22649     22585   47.0455        19    0.271157    0.339406
Total time run:         120.075
Total writes made:      22649
Write size:             262144
Object size:            262144
Bandwidth (MB/sec):     47.1561
Stddev Bandwidth:       16.9833
Max bandwidth (MB/sec): 112.5
Min bandwidth (MB/sec): 18.75
Average IOPS:           188
Stddev IOPS:            67.9331
Max IOPS:               450
Min IOPS:               75
Average Latency(s):     0.339278
Stddev Latency(s):      0.187035
Max latency(s):         1.09076
Min latency(s):         0.00846154
