hints = 1
Maintaining 64 concurrent writes of 4194304 bytes to objects of size 4194304 for up to 120 seconds or 0 objects
Object prefix: benchmark_data_tikv-node_545181
  sec Cur ops   started  finished  avg MB/s  cur MB/s last lat(s)  avg lat(s)
    0       0         0         0         0         0           -           0
    1      45        45         0         0         0           -           0
    2      63        72         9   17.9978        18     1.95645     1.81429
    3      63        96        33   43.9942        96     2.44892     2.22749
    4      63       123        60   59.9919       108     2.38293     2.33784
    5      63       150        87   69.5904       108     2.43814     2.38135
    6      63       172       109   72.6564        88      2.2685     2.39743
    7      63       199       136   77.7032       108     2.01299     2.36445
    8      63       228       165   82.4881       116     1.82814      2.3723
    9      63       252       189   83.9881        96     1.82849     2.36827
   10      63       278       215    85.988       104     1.97793     2.40436
   11      63       286       223   81.0795        32     2.28031     2.40702
   12      63       295       232   77.3224        36      2.9033     2.44392
   13      63       314       251     77.22        76     5.53697     2.56687
   14      63       322       259   73.9897        32     4.11971     2.62336
   15      63       341       278   74.1229        76     6.68905     2.78909
   16      63       348       285   71.2399        28     7.18508     2.86101
   17      63       362       299    70.343        56     4.76791     2.97644
   18      63       377       314    69.768        60     4.86179      3.0752
   19      63       389       326   68.6219        48     4.63062     3.13775
2026-07-07T22:54:17.274057+0800 min lat: 1.6937 max lat: 8.09606 avg lat: 3.21673
  sec Cur ops   started  finished  avg MB/s  cur MB/s last lat(s)  avg lat(s)
   20      63       405       342   68.3903        64     4.81751     3.21673
   21      63       420       357   67.9902        60     4.67664     3.28205
   22      63       431       368   66.8994        44     4.58835     3.32309
   23      63       444       381   66.2513        52     4.56103     3.36389
   24      63       458       395   65.8238        56     4.50473     3.40324
   25      63       467       404   64.6307        36     4.58288     3.43107
   26      63       487       424   65.2213        80     3.98282     3.47791
   27      63       498       435   64.4351        44     4.55801     3.50614
   28      63       510       447   63.8479        48     4.44081     3.54289
   29      63       526       463   63.8529        64     4.60565     3.60085
   30      63       539       476   63.4575        52     4.46843     3.63335
   31      63       551       488   62.9586        48     4.58028     3.66485
   32      63       567       504   62.9909        64     4.57131     3.71033
   33      63       575       512   62.0516        32      4.5466     3.72593
   34      63       592       529   62.2263        68     4.62275     3.76232
   35      63       608       545   62.2767        64     4.50069     3.79247
   36      63       615       552   61.3244        28     4.96238     3.80469
   37      63       632       569   61.5046        68     4.61392     3.83366
   38      63       647       584   61.4648        60     4.33848     3.85495
   39      63       659       596   61.1193        48     4.87741      3.8698
2026-07-07T22:54:37.277040+0800 min lat: 1.6937 max lat: 9.48067 avg lat: 3.88914
  sec Cur ops   started  finished  avg MB/s  cur MB/s last lat(s)  avg lat(s)
   40      63       674       611   61.0911        60     4.36589     3.88914
   41      63       682       619   60.3814        32     4.66029     3.90059
   42      63       700       637   60.6578        72      4.5886     3.92215
   43      63       715       652   60.6423        60     4.75557     3.94386
   44      63       726       663   60.2639        44     4.61358     3.95699
   45      63       742       679   60.3467        64     4.38012     3.97816
   46      63       754       691   60.0782        48     4.82711     3.99094
   47      63       768       705   59.9912        56     4.41632     4.00921
   48      63       781       718   59.8246        52     4.41695     4.01725
   49      63       795       732   59.7464        56     4.66688      4.0283
   50      63       805       742   59.3513        40      4.9557     4.03946
   51      63       824       761   59.6775        76     4.12756       4.048
   52      63       838       775   59.6066        56     4.80287     4.06181
   53      63       845       782   59.0102        28     5.17091     4.07231
   54      63       860       797   59.0283        60     4.49621     4.09001
   55      63       878       815    59.264        72      4.8728     4.10428
   56      63       889       826   58.9913        44     4.79477      4.1167
   57      63       904       841   59.0088        60     4.30398     4.12897
   58      63       914       851    58.681        40     4.58362     4.13514
   59      63       929       866   58.7032        60     4.69014     4.14435
2026-07-07T22:54:57.280091+0800 min lat: 1.6937 max lat: 9.48067 avg lat: 4.15846
  sec Cur ops   started  finished  avg MB/s  cur MB/s last lat(s)  avg lat(s)
   60      63       947       884   58.9246        72     4.60558     4.15846
   61      63       958       895   58.6798        44     4.48674     4.16479
   62      63       962       899   57.9914        16     5.16368     4.16806
   63      63       983       920   58.4041        84     4.63443     4.18179
   64      63       993       930   58.1164        40     4.89046     4.19053
   65      63      1009       946   58.2068        64     4.83264     4.20038
   66      63      1025       962   58.2944        64     4.65875     4.21174
   67      63      1033       970   57.9019        32     4.62684     4.21384
   68      63      1048       985   57.9326        60     4.65067      4.2243
   69      63      1066      1003   58.1363        72     4.43927     4.23227
   70      63      1076      1013   57.8772        40     4.01592     4.23626
   71      63      1090      1027   57.8506        56     4.63566      4.2436
   72      63      1105      1042   57.8803        60       4.452     4.24653
   73      63      1112      1049   57.4709        28     4.86056     4.24954
   74      63      1127      1064    57.505        60     5.04049     4.25622
   75      63      1145      1082   57.6981        72     4.51904     4.26771
   76      63      1154      1091   57.4125        36     4.71627     4.27132
   77      63      1170      1107    57.498        64     4.63307     4.28245
   78      63      1186      1123   57.5812        64     4.87444     4.28824
   79      63      1194      1131   57.2573        32     4.56662     4.29176
2026-07-07T22:55:17.283070+0800 min lat: 1.6937 max lat: 9.48067 avg lat: 4.29619
  sec Cur ops   started  finished  avg MB/s  cur MB/s last lat(s)  avg lat(s)
   80      63      1208      1145   57.2415        56     4.88869     4.29619
   81      63      1227      1164   57.4729        76     4.50995     4.30414
   82      63      1236      1173    57.211        36     4.78839     4.30745
   83      63      1251      1188   57.2445        60     4.56819     4.31389
   84      63      1270      1207   57.4677        76      4.5901     4.31894
   85      63      1281      1218   57.3092        44     4.28753     4.31985
   86      63      1292      1229   57.1544        44     4.78101     4.32243
   87      63      1305      1242    57.095        52     4.92496     4.32674
   88      63      1315      1252   56.9007        40     4.87028     4.33151
   89      63      1332      1269   57.0253        68     4.94475     4.33751
   90      63      1345      1282   56.9694        52     5.15817      4.3434
   91      63      1361      1298   57.0465        64     4.29785     4.34925
   92      63      1374      1311   56.9916        52     4.61717     4.35318
   93      63      1386      1323   56.8948        48      4.8792     4.35469
   94      63      1399      1336   56.8427        52      4.5668     4.35984
   95      63      1411      1348   56.7495        48     4.52487     4.36167
   96      63      1427      1364   56.8249        64     4.47527     4.36668
   97      63      1437      1374   56.6514        40     4.93806     4.36867
   98      63      1458      1395   56.9304        84      4.2906       4.373
   99      63      1466      1403   56.6785        32       4.835     4.37551
2026-07-07T22:55:37.285951+0800 min lat: 1.6937 max lat: 9.48067 avg lat: 4.37927
  sec Cur ops   started  finished  avg MB/s  cur MB/s last lat(s)  avg lat(s)
  100      63      1483      1420   56.7916        68     4.68335     4.37927
  101      63      1495      1432   56.7045        48     4.68765     4.38262
  102      63      1504      1441   56.5015        36     4.68697     4.38532
  103      63      1523      1460   56.6906        76     4.51202     4.39284
  104      63      1532      1469   56.4917        36     4.87885     4.39569
  105      63      1546      1483   56.4869        56     5.02376     4.40185
  106      63      1558      1495   56.4068        48      4.8966      4.4062
  107      63      1576      1513   56.5524        72     4.51418     4.41089
  108      63      1587      1524   56.4361        44      5.1001     4.41518
  109      63      1600      1537   56.3953        52     4.53323     4.41749
  110      63      1617      1554   56.5008        68     4.35986     4.42124
  111      63      1630      1567   56.4602        52     4.43188     4.42397
  112      63      1640      1577   56.3131        40     4.84923     4.42443
  113      63      1656      1593   56.3811        64     4.83971     4.42617
  114      63      1669      1606   56.3426        52      4.3855      4.4265
  115      63      1686      1623   56.4439        68     4.32756     4.42967
  116      63      1696      1633    56.302        40     4.89979      4.4308
  117      63      1709      1646   56.2652        52     4.65484     4.43351
  118      63      1723      1660   56.2629        56     4.66216     4.43629
  119      63      1736      1673    56.227        52     4.52952     4.43948
2026-07-07T22:55:57.288905+0800 min lat: 1.6937 max lat: 9.48067 avg lat: 4.44174
  sec Cur ops   started  finished  avg MB/s  cur MB/s last lat(s)  avg lat(s)
  120      63      1748      1685   56.1584        48     4.95834     4.44174
Total time run:         120.864
Total writes made:      1749
Write size:             4194304
Object size:            4194304
Bandwidth (MB/sec):     57.8831
Stddev Bandwidth:       19.6447
Max bandwidth (MB/sec): 116
Min bandwidth (MB/sec): 0
Average IOPS:           14
Stddev IOPS:            4.91952
Max IOPS:               29
Min IOPS:               0
Average Latency(s):     4.38053
Stddev Latency(s):      0.993649
Max latency(s):         9.48067
Min latency(s):         0.935732
