hints = 1
Maintaining 64 concurrent writes of 4096 bytes to objects of size 4096 for up to 120 seconds or 0 objects
Object prefix: benchmark_data_tikv-node_158238
  sec Cur ops   started  finished  avg MB/s  cur MB/s last lat(s)  avg lat(s)
    0       0         0         0         0         0           -           0
    1      64      8843      8779   34.2888    34.293  0.00407422   0.0072603
    2      64     15839     15775   30.8065   27.3281   0.0439299  0.00801775
    3      64     17396     17332   22.5647   6.08203   0.0436561   0.0109869
    4      63     21943     21880   21.3644   17.7656  0.00849128    0.011682
    5      64     29679     29615   23.1336   30.2148   0.0384268   0.0107858
    6      64     31151     31087   20.2362      5.75   0.0448218   0.0123014
    7      64     32687     32623   18.2023         6   0.0448009   0.0137189
    8      64     34068     34004   16.6012   5.39453   0.0433719    0.015011
    9      64     35507     35443   15.3811   5.62109   0.0425927   0.0162048
   10      64     37012     36948   14.4308   5.87891   0.0369326   0.0172811
   11      64     38426     38362    13.621   5.52344   0.0441315   0.0182133
   12      64     39886     39822   12.9611   5.70312   0.0518207   0.0192467
   13      64     41310     41246   12.3919    5.5625   0.0443613   0.0201297
   14      64     42782     42718   11.9175      5.75   0.0388257   0.0209326
   15      64     44238     44174   11.5021    5.6875    0.067425    0.021683
   16      64     45602     45538   11.1162   5.32812   0.0398748   0.0224168
   17      64     47074     47010   10.8005      5.75   0.0396555    0.023137
   18      63     48522     48459   10.5148   5.66016   0.0371225   0.0237501
   19      64     49895     49831   10.2434   5.35938   0.0471432   0.0243605
2026-07-07T21:41:11.116401+0800 min lat: 0.00261964 max lat: 0.168651 avg lat: 0.024946
  sec Cur ops   started  finished  avg MB/s  cur MB/s last lat(s)  avg lat(s)
   20      64     51367     51303   10.0187      5.75   0.0433592    0.024946
   21      64     52775     52711   9.80351       5.5   0.0454554   0.0254663
   22      64     54277     54213   9.62455   5.86719   0.0393495   0.0259469
   23      64     55701     55637    9.4479    5.5625    0.043377    0.026434
   24      64     57050     56986   9.27378   5.26953  0.00726045   0.0269015
   25      64     58600     58536   9.14499   6.05469   0.0371572   0.0273159
   26      64     60008     59944   9.00477       5.5   0.0329012   0.0277324
   27      64     61446     61382   8.87927   5.61719   0.0429623   0.0281325
   28      64     62788     62724   8.74934   5.24219   0.0377081   0.0285326
   29      64     64265     64201   8.64657   5.76953   0.0447467   0.0289078
   30      64     65609     65545   8.53332      5.25   0.0452475   0.0292851
   31      64     67017     66953   8.43546       5.5   0.0479929   0.0296262
   32      64     68423     68359   8.34346   5.49219   0.0450079   0.0299277
   33      64     69831     69767   8.25727       5.5   0.0462182   0.0302559
   34      64     71103     71039   8.16053   4.96875  0.00777566   0.0306001
   35      64     72590     72526   8.09331   5.80859   0.0424886    0.030855
   36      64     73998     73934   8.02125       5.5   0.0401821   0.0311078
   37      64     75347     75283   7.94686   5.26953   0.0547329   0.0314268
   38      64     76755     76691   7.88243       5.5   0.0438471   0.0316988
   39      64     78163     78099   7.82133       5.5   0.0400542   0.0319353
2026-07-07T21:41:31.119154+0800 min lat: 0.00261964 max lat: 0.168651 avg lat: 0.0321785
  sec Cur ops   started  finished  avg MB/s  cur MB/s last lat(s)  avg lat(s)
   40      64     79571     79507   7.76328       5.5   0.0459374   0.0321785
   41      64     80979     80915   7.70806       5.5   0.0433693   0.0324231
   42      64     82332     82268   7.65036   5.28516   0.0513431   0.0326501
   43      64     83804     83740   7.60615      5.75   0.0445964   0.0328513
   44      64     85068     85004   7.54548    4.9375  0.00861727   0.0331182
   45      64     86558     86494   7.50713   5.82031   0.0744569   0.0332903
   46      64     87966     87902   7.46348       5.5   0.0423635   0.0334685
   47      64     89438     89374   7.42701      5.75   0.0411513   0.0336556
   48      64     90718     90654   7.37643         5   0.0428377   0.0338666
   49      64     92126     92062   7.33812       5.5   0.0496214   0.0340473
   50      63     93594     93531   7.30611   5.73828    0.041971   0.0342132
   51      64     94942     94878   7.26601   5.26172   0.0373585   0.0343765
   52      64     96353     96289   7.23226   5.51172   0.0344107   0.0345556
   53      64     97708     97644   7.19565   5.29297   0.0451626   0.0347219
   54      64     99053     98989   7.15968   5.25391  0.00828177   0.0348871
   55      64    100562    100498   7.13666   5.89453   0.0550297   0.0350213
   56      64    101906    101842   7.10296      5.25   0.0515146   0.0351716
   57      64    103347    103283   7.07708   5.62891   0.0465879   0.0353096
   58      64    104819    104755   7.05419      5.75   0.0373429   0.0354254
   59      64    106194    106130   7.02565   5.37109   0.0554015   0.0355716
2026-07-07T21:41:51.121900+0800 min lat: 0.00261964 max lat: 0.173168 avg lat: 0.0356934
  sec Cur ops   started  finished  avg MB/s  cur MB/s last lat(s)  avg lat(s)
   60      64    107602    107538    7.0002       5.5   0.0511883   0.0356934
   61      64    109074    109010   6.97969      5.75    0.043085   0.0358001
   62      64    110498    110434   6.95682    5.5625   0.0737574   0.0359256
   63      63    111842    111779   6.92978   5.25391   0.0421155   0.0360497
   64      64    113173    113109   6.90267   5.19531   0.0113275   0.0361979
   65      64    114663    114599     6.886   5.82031   0.0427031    0.036291
   66      64    116071    116007   6.86499       5.5   0.0461487   0.0364076
   67      64    117415    117351   6.84088      5.25   0.0415686   0.0365205
   68      64    118823    118759   6.82115       5.5   0.0524154   0.0366468
   69      64    120231    120167     6.802       5.5   0.0436693    0.036747
   70      64    121511    121447   6.77625         5    0.047789    0.036863
   71      64    122919    122855   6.75827       5.5   0.0440622   0.0369672
   72      64    124281    124217   6.73829   5.32031   0.0436184   0.0370782
   73      64    125745    125681   6.72431   5.71875   0.0424768   0.0371601
   74      64    127004    126940    6.6999   4.91797   0.0103688   0.0373061
   75      64    128520    128456   6.68951   5.92188   0.0420839     0.03736
   76      64    129928    129864   6.67385       5.5   0.0451645   0.0374398
   77      64    131402    131338   6.66194   5.75781   0.0300491    0.037521
   78      64    132746    132682   6.64383      5.25   0.0411452   0.0376147
   79      64    134154    134090   6.62934       5.5   0.0444762   0.0376936
2026-07-07T21:42:11.124512+0800 min lat: 0.00261964 max lat: 0.201552 avg lat: 0.0377663
  sec Cur ops   started  finished  avg MB/s  cur MB/s last lat(s)  avg lat(s)
   80      64    135626    135562   6.61834      5.75   0.0432489   0.0377663
   81      64    136970    136906   6.60143      5.25   0.0560818     0.03785
   82      64    138384    138320   6.58828   5.52344   0.0443174   0.0379378
   83      64    139731    139667   6.57229   5.26172   0.0430757    0.038028
   84      64    141032    140968   6.55454   5.08203  0.00739234   0.0381151
   85      63    142524    142461   6.54603   5.83203   0.0470213   0.0381733
   86      64    143959    143895   6.53504   5.60156   0.0510478   0.0382405
   87      64    145431    145367     6.526      5.75   0.0425386   0.0382999
   88      64    146839    146775   6.51433       5.5    0.064487   0.0383672
   89      64    148247    148183   6.50293       5.5   0.0428581   0.0384259
   90      64    149655    149591   6.49177       5.5   0.0419081   0.0384976
   91      64    151063    150999   6.48087       5.5   0.0414433   0.0385506
   92      64    152483    152419   6.47071   5.54688   0.0441258   0.0386224
   93      64    153891    153827   6.46026       5.5   0.0427718   0.0386881
   94      64    155173    155109    6.4448   5.00781   0.0100084   0.0387628
   95      64    156724    156660   6.44073   6.05859   0.0426442   0.0387966
   96      64    158196    158132   6.43352      5.75   0.0509625   0.0388499
   97      64    159638    159574   6.42526   5.63281   0.0362686    0.038898
   98      64    161076    161012   6.41701   5.61719   0.0436827   0.0389507
   99      64    162507    162443   6.40865   5.58984   0.0440054    0.038997
2026-07-07T21:42:31.127308+0800 min lat: 0.00261964 max lat: 0.201552 avg lat: 0.0390595
  sec Cur ops   started  finished  avg MB/s  cur MB/s last lat(s)  avg lat(s)
  100      64    163892    163828   6.39865   5.41016   0.0473938   0.0390595
  101      64    165300    165236   6.38975       5.5    0.043378   0.0391081
  102      64    166711    166647   6.38114   5.51172   0.0436618   0.0391647
  103      64    168119    168055   6.37258       5.5   0.0452056   0.0392133
  104      64    169444    169380   6.36106   5.17578   0.0111662    0.039282
  105      64    170965    170901   6.35705   5.94141   0.0421386     0.03931
  106      64    172421    172357   6.35073    5.6875    0.050933   0.0393558
  107      64    173829    173765   6.34277       5.5   0.0474822   0.0394036
  108      64    175251    175187   6.33547   5.55469   0.0428196   0.0394451
  109      64    176659    176595    6.3278       5.5   0.0446222   0.0395007
  110      64    177363    177299   6.29527      2.75    0.154728   0.0396856
  111      64    177811    177747   6.25432      1.75    0.162563   0.0399649
  112      64    178195    178131   6.21186       1.5     0.15519   0.0402163
  113      64    178643    178579   6.17238      1.75    0.137399   0.0404452
  114      64    179091    179027   6.13358      1.75    0.257559   0.0407462
  115      64    179539    179475   6.09546      1.75    0.124044   0.0409872
  116      64    180051    179987   6.06015         2    0.119209   0.0412397
  117      64    180435    180371   6.02118       1.5    0.132813   0.0414727
  118      64    180883    180819   5.98498      1.75    0.131381   0.0417268
  119      64    181395    181331   5.95149         2    0.141945   0.0419693
2026-07-07T21:42:51.130082+0800 min lat: 0.00261964 max lat: 0.258494 avg lat: 0.0421913
  sec Cur ops   started  finished  avg MB/s  cur MB/s last lat(s)  avg lat(s)
  120      64    181971    181907   5.92064      2.25    0.178411   0.0421913
Total time run:         120.035
Total writes made:      181971
Write size:             4096
Object size:            4096
Bandwidth (MB/sec):     5.9218
Stddev Bandwidth:       4.29675
Max bandwidth (MB/sec): 34.293
Min bandwidth (MB/sec): 1.5
Average IOPS:           1515
Stddev IOPS:            1099.97
Max IOPS:               8779
Min IOPS:               384
Average Latency(s):     0.0422141
Stddev Latency(s):      0.0248958
Max latency(s):         0.258494
Min latency(s):         0.00261964
