hints = 1
Maintaining 64 concurrent writes of 4194304 bytes to objects of size 4194304 for up to 120 seconds or 0 objects
Object prefix: benchmark_data_tikv-node_558100
  sec Cur ops   started  finished  avg MB/s  cur MB/s last lat(s)  avg lat(s)
    0       0         0         0         0         0           -           0
    1      48        48         0         0         0           -           0
    2      63        73        10   19.9967        20     1.99806     1.81182
    3      63        99        36   47.9922       104     2.36966     2.19227
    4      63       125        62   61.9902       104     2.40484     2.30013
    5      63       149        86   68.7893        96     2.55819     2.34851
    6      63       176       113   75.3217       108     2.44929     2.38265
    7      63       202       139   79.4165       104     2.46508     2.39843
    8      63       208       145   72.4891        24     3.26309     2.42445
    9      63       218       155   68.8785        40     3.75134     2.50238
   10      63       227       164   65.5902        36     4.25149     2.59496
   11      63       244       181   65.8083        68      4.6658     2.77555
   12      63       259       196   65.3235        60     5.09566     2.95109
   13      63       269       206    63.375        40     5.38257     3.06889
   14      63       285       222   63.4189        64      4.3813     3.20086
   15      63       297       234   62.3904        48     4.53687     3.27106
   16      63       312       249   62.2405        60     4.43047     3.35978
   17      63       329       266   62.5787        68     4.42702     3.46288
   18      63       345       282   62.6571        64     4.65942     3.52317
   19      63       354       291   61.2538        36     4.40313      3.5542
2026-07-07T22:56:42.632459+0800 min lat: 1.57733 max lat: 5.75774 avg lat: 3.61837
  sec Cur ops   started  finished  avg MB/s  cur MB/s last lat(s)  avg lat(s)
   20      63       371       308   61.5907        68     4.55879     3.61837
   21      63       380       317   60.3718        36     4.22854     3.64736
   22      63       394       331   60.1727        56     4.50078     3.68248
   23      63       405       342   59.4693        44     4.58461     3.71406
   24      63       425       362   60.3242        80     4.36112     3.77472
   25      63       435       372    59.511        40     5.00547     3.80606
   26      63       451       388   59.6833        64     4.33664     3.84308
   27      63       459       396   58.6579        32     4.91404     3.86175
   28      63       467       404   57.7056        32     5.11601     3.88523
   29      63       483       420   57.9223        64     4.77745     3.92371
   30      63       500       437   58.2579        68     4.90749     3.96198
   31      63       510       447   57.6687        40     4.73412     3.97936
   32      63       525       462   57.7413        60     4.93497     4.01657
   33      63       546       483   58.5367        84     4.31294     4.04057
   34      63       555       492   57.8737        36     4.56725     4.04825
   35      63       572       509   58.1627        68     4.53316     4.07195
   36      63       582       519    57.658        40     4.28848     4.07971
   37      63       603       540   58.3696        84     4.22803     4.08664
   38      63       609       546   57.4651        24     5.13871      4.0967
   39      63       624       561   57.5298        60     4.50091     4.11525
2026-07-07T22:57:02.635446+0800 min lat: 1.57733 max lat: 5.75774 avg lat: 4.12673
  sec Cur ops   started  finished  avg MB/s  cur MB/s last lat(s)  avg lat(s)
   40      63       637       574   57.3914        52     4.32125     4.12673
   41      63       652       589   57.4547        60     4.20809     4.13828
   42      63       661       598   56.9437        36     5.31404     4.15297
   43      63       682       619   57.5727        84     4.26945     4.17152
   44      63       689       626   56.9005        28      4.8028     4.17685
   45      63       704       641   56.9691        60      4.5248     4.19065
   46      63       717       654   56.8609        52     4.50351     4.20561
   47      63       735       672   57.1828        72     4.35614     4.21917
   48      63       745       682   56.8247        40     5.13606     4.22905
   49      63       761       698   56.9709        64      4.4694     4.23734
   50      63       771       708   56.6314        40     4.72446     4.24607
   51      63       791       728   57.0893        80     4.10408     4.24847
   52      63       796       733    56.376        20     5.16886     4.25264
   53      63       814       751   56.6706        72     4.53312     4.26591
   54      63       829       766   56.7321        60     4.46977     4.27528
   55      63       840       777   56.5005        44     4.72438     4.27985
   56      63       854       791   56.4914        56     5.27764     4.29555
   57      63       871       808   56.6931        68     4.77459     4.30496
   58      63       879       816   56.2673        32       4.569     4.30767
   59      63       891       828    56.127        48     4.93524      4.3153
2026-07-07T22:57:22.638597+0800 min lat: 1.57733 max lat: 5.75774 avg lat: 4.32909
  sec Cur ops   started  finished  avg MB/s  cur MB/s last lat(s)  avg lat(s)
   60      63       909       846   56.3914        72     4.63207     4.32909
   61      63       922       859   56.3192        52     4.68262     4.33248
   62      63       935       872   56.2494        52     4.85723     4.33892
   63      63       950       887   56.3088        60     4.71556       4.346
   64      63       964       901   56.3039        56      4.4169     4.34886
   65      63       975       912   56.1145        44     4.55515     4.35088
   66      63       990       927   56.1733        60     4.57233     4.35986
   67      63      1003       940   56.1109        52     4.45418     4.36514
   68      63      1012       949    55.815        36     4.83463     4.36955
   69      63      1029       966   55.9915        68     4.84145     4.37537
   70      63      1040       977   55.8201        44     4.91478     4.38469
   71      63      1057       994   55.9915        68     4.69364     4.38762
   72      63      1070      1007    55.936        52     4.65683     4.39323
   73      63      1083      1020    55.882        52     4.85128     4.39726
   74      63      1097      1034   55.8834        56     4.04485     4.40316
   75      63      1110      1047   55.8316        52     4.95135     4.40547
   76      63      1126      1063   55.9389        64     4.53941     4.41081
   77      63      1135      1072   55.6799        36     4.51635     4.41338
   78      63      1147      1084   55.5813        48     4.85366     4.41852
   79      63      1164      1101   55.7384        68     4.85853     4.42436
2026-07-07T22:57:42.641548+0800 min lat: 1.57733 max lat: 5.75774 avg lat: 4.42883
  sec Cur ops   started  finished  avg MB/s  cur MB/s last lat(s)  avg lat(s)
   80      63      1179      1116   55.7915        60     4.64217     4.42883
   81      63      1190      1127   55.6459        44     4.88216     4.43292
   82      63      1208      1145   55.8452        72     4.46532      4.4368
   83      63      1213      1150   55.4133        20     4.78994     4.43761
   84      63      1230      1167    55.563        68     4.67084     4.44704
   85      63      1243      1180    55.521        52     4.94392     4.45281
   86      63      1258      1195    55.573        60     4.27616      4.4562
   87      63      1269      1206   55.4399        44     5.09797     4.46022
   88      63      1284      1221   55.4916        60      4.4401      4.4629
   89      63      1296      1233   55.4073        48     4.45632     4.46457
   90      63      1313      1250   55.5471        68     4.48754     4.46894
   91      63      1327      1264    55.552        56     4.74096     4.47264
   92      63      1335      1272    55.296        32     4.64546     4.47349
   93      63      1356      1293   55.6045        84     4.22701     4.47679
   94      63      1362      1299   55.2682        24     4.46507     4.47704
   95      63      1380      1317   55.4443        72     4.63529     4.48003
   96      63      1388      1325      55.2        32     4.91666     4.48248
   97      63      1401      1338   55.1669        52     4.63394     4.48618
   98      63      1418      1355   55.2978        68     4.94666     4.49286
   99      63      1429      1366   55.1836        44     4.70708     4.49704
2026-07-07T22:58:02.644556+0800 min lat: 1.57733 max lat: 5.75774 avg lat: 4.501
  sec Cur ops   started  finished  avg MB/s  cur MB/s last lat(s)  avg lat(s)
  100      63      1446      1383   55.3116        68     4.36593       4.501
  101      63      1455      1392   55.1204        36     4.76619     4.50203
  102      63      1469      1406   55.1289        56     4.60776     4.50631
  103      63      1485      1422   55.2149        64     4.58062     4.51015
  104      63      1498      1435   55.1839        52      4.6888     4.51131
  105      63      1508      1445   55.0393        40     4.95673     4.51478
  106      63      1524      1461   55.1237        64     4.29839     4.51756
  107      63      1541      1478    55.244        68     4.44661     4.51763
  108      63      1549      1486   55.0287        32     4.91238     4.51925
  109      63      1562      1499   55.0008        52     4.69119     4.52158
  110      63      1582      1519    55.228        80     4.59247     4.52365
  111      63      1591      1528   55.0547        36     4.57787     4.52434
  112      63      1602      1539   54.9559        44     5.01938     4.52612
  113      63      1618      1555   55.0359        64     4.59818     4.52786
  114      63      1629      1566    54.939        44     4.22718     4.52746
  115      63      1645      1582   55.0177        64     4.59421     4.52889
  116      63      1663      1600    55.164        72     3.95014     4.53285
  117      63      1672      1609   55.0002        36     4.81821     4.53532
  118      63      1684      1621   54.9408        48     9.24701     4.54165
  119      63      1701      1638   55.0504        68     4.39141     4.54373
2026-07-07T22:58:22.647713+0800 min lat: 1.57733 max lat: 9.2708 avg lat: 4.54293
  sec Cur ops   started  finished  avg MB/s  cur MB/s last lat(s)  avg lat(s)
  120      63      1716      1653   55.0916        60     3.76363     4.54293
  121      17      1717      1700   56.1898       188     1.07899     4.49714
Total time run:         121.405
Total writes made:      1717
Write size:             4194304
Object size:            4194304
Bandwidth (MB/sec):     56.571
Stddev Bandwidth:       22.4053
Max bandwidth (MB/sec): 188
Min bandwidth (MB/sec): 0
Average IOPS:           14
Stddev IOPS:            5.60133
Max IOPS:               47
Min IOPS:               0
Average Latency(s):     4.47109
Stddev Latency(s):      0.859394
Max latency(s):         9.2708
Min latency(s):         1.07899
