hints = 1
Maintaining 16 concurrent writes of 262144 bytes to objects of size 262144 for up to 60 seconds or 0 objects
Object prefix: benchmark_data_oneasia-c1-cpu-node10_2415966
  sec Cur ops   started  finished  avg MB/s  cur MB/s last lat(s)  avg lat(s)
    0       0         0         0         0         0           -           0
    1      16     10864     10848   2711.87      2712  0.00127468  0.00147331
    2      16     21955     21939   2742.21   2772.75  0.00124045  0.00145733
    3      16     33178     33162   2763.33   2805.75  0.00112546  0.00144642
    4      15     44302     44287   2767.75   2781.25   0.0010187  0.00144421
    5      16     55457     55441   2771.85    2788.5  0.00132035  0.00144211
    6      16     66666     66650   2776.88   2802.25  0.00156528   0.0014396
    7      16     77843     77827   2779.32   2794.25  0.00168286  0.00143834
    8      16     89139     89123   2784.87      2824  0.00107124  0.00143546
    9      16    100444    100428   2789.44   2826.25  0.00110193  0.00143313
   10      16    111693    111677    2791.7   2812.25  0.00120128  0.00143198
   11      16    123004    122988   2794.95   2827.75  0.00114564   0.0014303
   12      16    134322    134306    2797.8    2829.5  0.00179783  0.00142887
   13      16    145693    145677   2801.25   2842.75  0.00150243  0.00142711
   14      16    157007    156991   2803.18    2828.5 0.000999005  0.00142612
   15      16    168364    168348   2805.57   2839.25  0.00105224   0.0014249
   16      16    179631    179615   2806.26   2816.75  0.00101502  0.00142455
   17      16    191073    191057   2809.43    2860.5  0.00107941  0.00142296
   18      16    202526    202510   2812.41   2863.25  0.00116752  0.00142145
   19      16    213863    213847   2813.55   2834.25  0.00155518  0.00142084
2026-07-19T00:24:16.683850+0700 min lat: 0.000693397 max lat: 0.00793151 avg lat: 0.00142097
  sec Cur ops   started  finished  avg MB/s  cur MB/s last lat(s)  avg lat(s)
   20      16    225102    225086   2813.35   2809.75  0.00102301  0.00142097
   21      16    236418    236402   2814.08      2829  0.00101084  0.00142057
   22      16    247684    247668   2814.18    2816.5 0.000979276  0.00142055
   23      16    258969    258953   2814.48   2821.25  0.00110366  0.00142039
   24      16    270214    270198   2814.34   2811.25  0.00118395  0.00142048
   25      16    281521    281505   2814.82   2826.75 0.000890536  0.00142022
   26      15    292702    292687   2814.07    2795.5  0.00121553  0.00142061
   27      16    303976    303960   2814.22   2818.25  0.00128432  0.00142053
   28      15    315339    315324   2815.17      2841  0.00282291  0.00142004
   29      16    326756    326740    2816.5      2854  0.00171016  0.00141939
   30      16    338063    338047   2816.83   2826.75  0.00196782  0.00141922
   31      16    349375    349359   2817.19      2828  0.00150429  0.00141904
   32      16    360506    360490    2816.1   2782.75  0.00105676  0.00141956
   33      16    371611    371595   2814.89   2776.25  0.00142696  0.00142021
   34      16    382682    382666    2813.5   2767.75  0.00119905  0.00142091
   35      15    393845    393830   2812.85      2791  0.00146347  0.00142125
   36      16    405023    405007   2812.32   2794.25 0.000929139  0.00142148
   37      15    416242    416227   2812.12      2805   0.0015005  0.00142162
   38      15    427400    427385   2811.52    2789.5 0.000980703  0.00142192
   39      16    438536    438520   2810.81   2783.75  0.00216329  0.00142228
2026-07-19T00:24:36.685388+0700 min lat: 0.000693397 max lat: 0.00793151 avg lat: 0.00142218
  sec Cur ops   started  finished  avg MB/s  cur MB/s last lat(s)  avg lat(s)
   40      16    449813    449797   2811.01   2819.25  0.00129473  0.00142218
   41      16    460915    460899   2810.14    2775.5   0.0010368  0.00142262
   42      16    472157    472141   2810.14    2810.5  0.00103492  0.00142263
   43      16    483364    483348   2809.94   2801.75  0.00140458  0.00142273
   44      16    494722    494706   2810.61    2839.5  0.00111275   0.0014224
   45      16    506113    506097   2811.43   2847.75  0.00118514  0.00142198
   46      16    517317    517301   2811.19      2801  0.00137518  0.00142209
   47      16    528354    528338   2810.08   2759.25  0.00168203  0.00142266
   48      16    539416    539400   2809.15    2765.5  0.00193002  0.00142314
   49      16    550593    550577   2808.84   2794.25  0.00182684  0.00142329
   50      16    561917    561901   2809.28      2831  0.00180533  0.00142307
   51      16    573252    573236   2809.75   2833.75  0.00132524  0.00142283
   52      16    584509    584493   2809.84   2814.25   0.0010149  0.00142279
   53      16    595701    595685   2809.61      2798  0.00195575   0.0014229
   54      16    607038    607022   2810.06   2834.25  0.00112732  0.00142268
   55      16    618369    618353   2810.47   2832.75  0.00134188  0.00142247
   56      16    629666    629650   2810.71   2824.25  0.00150673  0.00142235
   57      16    641019    641003   2811.19   2838.25  0.00166415  0.00142211
   58      16    652439    652423   2811.94      2855 0.000963242  0.00142173
   59      16    663888    663872   2812.79   2862.25   0.0012699  0.00142129
Total time run:         60.0011
Total writes made:      675187
Write size:             262144
Object size:            262144
Bandwidth (MB/sec):     2813.23
Stddev Bandwidth:       28.7903
Max bandwidth (MB/sec): 2863.25
Min bandwidth (MB/sec): 2712
Average IOPS:           11252
Stddev IOPS:            115.161
Max IOPS:               11453
Min IOPS:               10848
Average Latency(s):     0.00142109
Stddev Latency(s):      0.000390709
Max latency(s):         0.00793151
Min latency(s):         0.000693397
