hints = 1
Maintaining 16 concurrent writes of 262144 bytes to objects of size 262144 for up to 120 seconds or 0 objects
Object prefix: benchmark_data_oneasia-c1-cpu-node10_2358371
  sec Cur ops   started  finished  avg MB/s  cur MB/s last lat(s)  avg lat(s)
    0       0         0         0         0         0           -           0
    1      16     11560     11544   2885.82      2886  0.00132036  0.00138446
    2      16     23200     23184   2897.79      2910   0.0019123  0.00137904
    3      16     34693     34677   2889.54   2873.25  0.00114341  0.00138318
    4      16     46323     46307   2893.97    2907.5  0.00104915  0.00138121
    5      16     57970     57954   2897.47   2911.75   0.0014143  0.00137968
    6      16     69623     69607   2900.06   2913.25  0.00111024  0.00137838
    7      16     81265     81249   2901.52    2910.5  0.00121978  0.00137769
    8      16     92968     92952   2904.53   2925.75  0.00123585  0.00137625
    9      16    104775    104759   2909.75   2951.75  0.00313531   0.0013739
   10      16    116523    116507   2912.46      2937  0.00113408  0.00137265
   11      16    128389    128373   2917.35    2966.5  0.00104651  0.00137028
   12      16    140185    140169   2919.97      2949 0.000965356  0.00136907
   13      16    152090    152074   2924.28   2976.25  0.00113597  0.00136705
   14      16    163351    163335   2916.47   2815.25  0.00163745  0.00137074
   15      16    174734    174718   2911.74   2845.75  0.00122253  0.00137297
   16      16    186587    186571   2914.95   2963.25  0.00125626  0.00137145
   17      16    198321    198305   2916.03    2933.5  0.00134711  0.00137088
   18      16    210185    210169   2918.79      2966  0.00107123  0.00136966
   19      16    222004    221988   2920.67   2954.75   0.0011382  0.00136877
2026-07-18T23:42:05.922553+0700 min lat: 0.000706633 max lat: 0.0189168 avg lat: 0.00136737
  sec Cur ops   started  finished  avg MB/s  cur MB/s last lat(s)  avg lat(s)
   20      16    233928    233912   2923.67      2981   0.0014248  0.00136737
   21      16    245758    245742   2925.26    2957.5  0.00142056  0.00136659
   22      16    257497    257481   2925.68   2934.75  0.00143156  0.00136642
   23      16    269302    269286   2926.78   2951.25 0.000966006  0.00136592
   24      16    281089    281073    2927.6   2946.75  0.00137991  0.00136553
   25      16    292983    292967   2929.43    2973.5  0.00104312  0.00136469
   26      16    304863    304847   2930.98      2970  0.00120099  0.00136395
   27      16    316554    316538   2930.66   2922.75   0.0011102  0.00136411
   28      16    327608    327592   2924.69    2763.5  0.00114331  0.00136689
   29      16    339314    339298   2924.74    2926.5 0.000968753  0.00136689
   30      16    350966    350950   2924.34      2913  0.00112048  0.00136707
   31      16    362854    362838   2925.87      2972 0.000968066  0.00136634
   32      15    374654    374639   2926.62   2950.25  0.00146449  0.00136599
   33      15    386596    386581    2928.4    2985.5  0.00183379  0.00136515
   34      16    398378    398362   2928.89   2945.25   0.0032121  0.00136493
   35      16    410223    410207    2929.8   2961.25  0.00125431  0.00136452
   36      16    422140    422124   2931.17   2979.25  0.00110338  0.00136386
   37      16    433842    433826   2931.01    2925.5  0.00139076  0.00136395
   38      16    445414    445398   2930.01      2893  0.00108041  0.00136442
   39      16    456559    456543   2926.32   2786.25   0.0015591  0.00136615
2026-07-18T23:42:25.924263+0700 min lat: 0.000706633 max lat: 0.0557466 avg lat: 0.00136808
  sec Cur ops   started  finished  avg MB/s  cur MB/s last lat(s)  avg lat(s)
   40      16    467604    467588   2922.18   2761.25  0.00122648  0.00136808
   41      16    478940    478924   2920.03      2834  0.00105456  0.00136909
   42      16    489450    489434   2913.06    2627.5  0.00116288  0.00137237
   43      16    501033    501017   2912.65   2895.75 0.000924919  0.00137256
   44      16    511386    511370   2905.27   2588.25 0.000983157  0.00137603
   45      16    522690    522674   2903.51      2826   0.0012181  0.00137689
   46      16    534472    534456   2904.41    2945.5  0.00178128  0.00137645
   47      16    546210    546194   2905.05    2934.5  0.00153615  0.00137615
   48      16    558120    558104   2906.55    2977.5   0.0010759  0.00137545
   49      16    569970    569954   2907.69    2962.5   0.0010271  0.00137491
   50      16    581925    581909   2909.31   2988.75  0.00136109  0.00137415
   51      16    593912    593896   2911.02   2996.75  0.00104282  0.00137334
   52      15    605856    605841   2912.46   2986.25  0.00172375  0.00137265
   53      16    617718    617702   2913.45   2965.25  0.00193929   0.0013722
   54      16    629316    629300   2913.19    2899.5  0.00153045  0.00137232
   55      16    640336    640320   2910.31      2755  0.00111536  0.00137368
   56      16    652327    652311   2911.87   2997.75  0.00142449  0.00137294
   57      16    664175    664159   2912.74      2962  0.00114913  0.00137253
   58      16    676011    675995   2913.54      2959 0.000973705  0.00137216
   59      16    687852    687836   2914.32   2960.25  0.00111783  0.00137179
2026-07-18T23:42:45.925844+0700 min lat: 0.000706633 max lat: 0.0624368 avg lat: 0.00137147
  sec Cur ops   started  finished  avg MB/s  cur MB/s last lat(s)  avg lat(s)
   60      16    699670    699654   2914.99    2954.5  0.00125707  0.00137147
   61      16    711487    711471   2915.63   2954.25  0.00116624  0.00137117
   62      16    723314    723298   2916.29   2956.75   0.0014361  0.00137086
   63      16    735186    735170    2917.1      2968  0.00115664  0.00137048
   64      15    747046    747031   2917.85   2965.25   0.0010406  0.00137013
   65      16    758734    758718   2917.91   2921.75  0.00118457   0.0013701
   66      16    770381    770365   2917.81   2911.75  0.00184526  0.00137015
   67      16    782093    782077   2917.96      2928  0.00113081  0.00137008
   68      16    793222    793206   2915.96   2782.25 0.000996419  0.00137102
   69      16    804823    804807   2915.73   2900.25  0.00116491  0.00137113
   70      16    816350    816334   2915.24   2881.75  0.00140072  0.00137136
   71      16    828060    828044   2915.41    2927.5  0.00145507  0.00137128
   72      16    839719    839703    2915.4   2914.75  0.00145695  0.00137128
   73      16    851588    851572   2916.11   2967.25  0.00248554  0.00137095
   74      16    863358    863342   2916.46    2942.5  0.00113751  0.00137079
   75      16    875200    875184   2917.05    2960.5  0.00138049   0.0013705
   76      16    886930    886914   2917.25    2932.5 0.000997386  0.00137042
   77      16    898676    898660   2917.49    2936.5  0.00145706  0.00137031
   78      16    910531    910515   2918.08   2963.75  0.00282935  0.00137003
   79      16    922331    922315   2918.49      2950  0.00124528  0.00136983
2026-07-18T23:43:05.927335+0700 min lat: 0.000706633 max lat: 0.0624368 avg lat: 0.00136961
  sec Cur ops   started  finished  avg MB/s  cur MB/s last lat(s)  avg lat(s)
   80      16    934167    934151   2918.99      2959  0.00102011  0.00136961
   81      16    945401    945385   2917.62    2808.5 0.000967589  0.00137025
   82      16    956670    956654    2916.4   2817.25  0.00112162  0.00137083
   83      16    968396    968380   2916.58    2931.5  0.00221303  0.00137072
   84      16    980167    980151   2916.88   2942.75  0.00198531  0.00137059
   85      16    992022    992006   2917.43   2963.75  0.00115798  0.00137034
   86      16   1003778   1003762   2917.68      2939  0.00100319  0.00137022
   87      16   1014733   1014717   2915.62   2738.75 0.000963321  0.00137119
   88      15   1026226   1026211   2915.14    2873.5  0.00120321  0.00137142
   89      15   1037932   1037917   2915.27    2926.5  0.00157567  0.00137136
   90      16   1049669   1049653   2915.47      2934  0.00130855  0.00137126
   91      16   1061290   1061274   2915.36   2905.25  0.00146384  0.00137132
   92      16   1072968   1072952    2915.4    2919.5  0.00143333   0.0013713
   93      16   1084720   1084704   2915.64      2938  0.00110675  0.00137118
   94      16   1096194   1096178   2915.14    2868.5  0.00208067  0.00137141
   95      16   1107113   1107097   2913.18   2729.75   0.0019915  0.00137234
   96      16   1118710   1118694   2913.04   2899.25  0.00111727  0.00137241
   97      16   1130443   1130427   2913.24   2933.25  0.00144204  0.00137231
   98      16   1142205   1142189   2913.52    2940.5  0.00116276  0.00137218
   99      16   1153958   1153942   2913.77   2938.25 0.000967104  0.00137206
2026-07-18T23:43:25.928757+0700 min lat: 0.000706633 max lat: 0.0624368 avg lat: 0.00137198
  sec Cur ops   started  finished  avg MB/s  cur MB/s last lat(s)  avg lat(s)
  100      16   1165681   1165665   2913.94   2930.75  0.00111462  0.00137198
  101      16   1177470   1177454   2914.26   2947.25  0.00119168  0.00137183
  102      16   1189273   1189257   2914.62   2950.75 0.000968018  0.00137166
  103      16   1201161   1201145   2915.17      2972  0.00173567   0.0013714
  104      16   1213015   1212999   2915.63    2963.5  0.00114294  0.00137118
  105      16   1224750   1224734    2915.8   2933.75  0.00142462   0.0013711
  106      16   1236597   1236581   2916.24   2961.75  0.00104481   0.0013709
  107      16   1248312   1248296   2916.35   2928.75  0.00128259  0.00137085
  108      16   1259794   1259778   2915.92    2870.5 0.000964666  0.00137105
  109      16   1271356   1271340   2915.69    2890.5  0.00118249  0.00137116
  110      15   1282989   1282974   2915.62    2908.5  0.00133838  0.00137119
  111      16   1294725   1294709   2915.78   2933.75  0.00182774  0.00137112
  112      15   1306480   1306465   2915.99      2939  0.00128972  0.00137102
  113      16   1318446   1318430   2916.65   2991.25  0.00170343  0.00137071
  114      15   1330330   1330315   2917.13   2971.25  0.00111783  0.00137049
  115      16   1341787   1341771   2916.67      2864 0.000921266   0.0013707
  116      15   1353491   1353476   2916.75   2926.25 0.000987819  0.00137067
  117      16   1365313   1365297   2917.07   2955.25  0.00098069  0.00137051
  118      16   1376942   1376926   2916.99   2907.25  0.00121605  0.00137055
  119      16   1388706   1388690   2917.19      2941   0.0014088  0.00137046
Total time run:         120.001
Total writes made:      1400243
Write size:             262144
Object size:            262144
Bandwidth (MB/sec):     2917.15
Stddev Bandwidth:       69.2777
Max bandwidth (MB/sec): 2997.75
Min bandwidth (MB/sec): 2588.25
Average IOPS:           11668
Stddev IOPS:            277.111
Max IOPS:               11991
Min IOPS:               10353
Average Latency(s):     0.00137048
Stddev Latency(s):      0.000624487
Max latency(s):         0.0624368
Min latency(s):         0.000706633
