1784696328 | enp139s0f0np0: 187029141852464 50947867246    0 2473    0     0          0    499404 127759377303469 33277549163    0    0    0     0       0          0
1784696329 | enp139s0f0np0: 187029144499926 50947879839    0 2473    0     0          0    499404 127761063991323 33277953970    0    0    0     0       0          0
1784696330 | enp139s0f0np0: 187029150278316 50947906371    0 2473    0     0          0    499404 127764851091730 33278862708    0    0    0     0       0          0
1784696331 | enp139s0f0np0: 187029155932228 50947932316    0 2473    0     0          0    499404 127768553232894 33279751001    0    0    0     0       0          0
1784696332 | enp139s0f0np0: 187029161743635 50947959310    0 2473    0     0          0    499404 127772343216489 33280660402    0    0    0     0       0          0
1784696333 | enp139s0f0np0: 187029167445070 50947984971    0 2473    0     0          0    499404 127776098703015 33281561534    0    0    0     0       0          0
1784696334 | enp139s0f0np0: 187029173216459 50948011557    0 2473    0     0          0    499404 127779893818227 33282472198    0    0    0     0       0          0
1784696335 | enp139s0f0np0: 187029178886086 50948038645    0 2473    0     0          0    499404 127783558887285 33283351789    0    0    0     0       0          0
1784696336 | enp139s0f0np0: 187029184731483 50948066125    0 2473    0     0          0    499404 127787362287664 33284264492    0    0    0     0       0          0
1784696337 | enp139s0f0np0: 187029190464471 50948093482    0 2473    0     0          0    499404 127791027884943 33285144150    0    0    0     0       0          0
1784696338 | enp139s0f0np0: 187029195880182 50948119591    0 2473    0     0          0    499404 127794482428589 33285973167    0    0    0     0       0          0
1784696339 | enp139s0f0np0: 187029201513971 50948145570    0 2473    0     0          0    499404 127798160379628 33286855706    0    0    0     0       0          0
1784696340 | enp139s0f0np0: 187029207159518 50948171204    0 2473    0     0          0    499405 127801842057470 33287739029    0    0    0     0       0          0
1784696341 | enp139s0f0np0: 187029212756335 50948197072    0 2473    0     0          0    499405 127805512649126 33288619738    0    0    0     0       0          0
1784696342 | enp139s0f0np0: 187029218363222 50948222751    0 2473    0     0          0    499405 127809201690416 33289504951    0    0    0     0       0          0
1784696343 | enp139s0f0np0: 187029224039196 50948248978    0 2473    0     0          0    499405 127812904030782 33290393429    0    0    0     0       0          0
1784696344 | enp139s0f0np0: 187029229867633 50948276140    0 2473    0     0          0    499405 127816709088021 33291306425    0    0    0     0       0          0
1784696345 | enp139s0f0np0: 187029235536385 50948302382    0 2473    0     0          0    499405 127820411312732 33292194769    0    0    0     0       0          0
1784696346 | enp139s0f0np0: 187029240931857 50948328796    0 2473    0     0          0    499405 127823862483940 33293023124    0    0    0     0       0          0
1784696347 | enp139s0f0np0: 187029246578736 50948356648    0 2473    0     0          0    499405 127827453312965 33293884988    0    0    0     0       0          0
