hints = 1
Maintaining 64 concurrent writes of 4096 bytes to objects of size 4096 for up to 120 seconds or 0 objects
Object prefix: benchmark_data_tikv-node_977683
  sec Cur ops   started  finished  avg MB/s  cur MB/s last lat(s)  avg lat(s)
    0       0         0         0         0         0           -           0
    1      64      8754      8690   33.9431   33.9453  0.00734101   0.0073325
    2      64     17565     17501   34.1787    34.418  0.00692143   0.0072966
    3      64     26366     26302   34.2443   34.3789  0.00753079  0.00728552
    4      64     35375     35311   34.4801   35.1914  0.00739274  0.00724091
    5      64     44228     44164   34.4997    34.582  0.00627339  0.00723672
    6      64     53104     53040   34.5277   34.6719  0.00891167   0.0072326
    7      64     62040     61976   34.5813   34.9062   0.0052635  0.00722245
    8      64     69147     69083   33.7283   27.7617  0.00857297  0.00737918
    9      64     77886     77822   33.7731   34.1367    0.005418  0.00739594
   10      64     86567     86503   33.7862   33.9102  0.00749799   0.0073933
   11      64     95334     95270   33.8276   34.2461  0.00532788  0.00738489
   12      64    100897    100833   32.8193   21.7305  0.00730343  0.00760307
   13      64    104095    104031   31.2556   12.4922  0.00465594  0.00799417
   14      64    107386    107322   29.9412   12.8555   0.0103808  0.00833616
   15      64    111017    110953   28.8905   14.1836    0.038209  0.00864531
   16      64    114259    114195   27.8762   12.6641   0.0391411  0.00895959
   17      64    117677    117613   27.0217   13.3516  0.00796568  0.00924569
   18      64    121174    121110   26.2793   13.6602   0.0248216  0.00950697
   19      64    124621    124557   25.6047   13.4648    0.058588  0.00974722
2026-07-08T14:32:49.755610+0800 min lat: 0.00190876 max lat: 0.183016 avg lat: 0.0100094
  sec Cur ops   started  finished  avg MB/s  cur MB/s last lat(s)  avg lat(s)
   20      64    127888    127824   24.9624   12.7617   0.0112147   0.0100094
   21      64    131184    131120   24.3867    12.875   0.0253331    0.010245
   22      64    134752    134688   23.9117   13.9375   0.0445036    0.010448
   23      64    138164    138100   23.4515   13.3281  0.00849226   0.0106547
   24      64    141374    141310   22.9967   12.5391   0.0411883   0.0108614
   25      64    144925    144861   22.6317   13.8711  0.00545975   0.0110418
   26      64    148546    148482   22.3051   14.1445  0.00905134   0.0112044
   27      64    151703    151639   21.9357    12.332  0.00818181   0.0113765
   28      64    155102    155038   21.6264   13.2773   0.0442281   0.0115432
   29      64    158653    158589   21.3589   13.8711   0.0365452   0.0116988
   30      64    162124    162060   21.0988   13.5586   0.0129295   0.0118439
   31      64    165140    165076   20.7982   11.7812   0.0068788   0.0120156
   32      64    168529    168465   20.5619   13.2383   0.0089947   0.0121529
   33      63    172100    172037   20.3616   13.9531   0.0105248   0.0122736
   34      64    175035    174971   20.0997   11.4609   0.0405982   0.0124179
   35      64    178467    178403   19.9084   13.4062  0.00893394   0.0125534
   36      64    181819    181755   19.7191   13.0938    0.011119   0.0126711
   37      64    185268    185204   19.5502   13.4727    0.040191   0.0127818
   38      64    188445    188381   19.3623   12.4102   0.0080188   0.0129025
   39      64    191704    191640   19.1922   12.7305   0.0338152   0.0130125
2026-07-08T14:33:09.758360+0800 min lat: 0.00190876 max lat: 0.19225 avg lat: 0.0131174
  sec Cur ops   started  finished  avg MB/s  cur MB/s last lat(s)  avg lat(s)
   40      64    195193    195129    19.053   13.6289   0.0621844   0.0131174
   41      64    198445    198381   18.8981   12.7031   0.0206901   0.0132256
   42      64    201750    201686   18.7555   12.9102   0.0549713   0.0133119
   43      64    205254    205190   18.6376   13.6875  0.00805642     0.01341
   44      64    208794    208730   18.5283   13.8281   0.0122093    0.013488
   45      64    211845    211781   18.3813    11.918   0.0534736   0.0135861
   46      64    215312    215248   18.2761    13.543   0.0348304     0.01367
   47      64    218963    218899   18.1907   14.2617   0.0202363    0.013738
   48      64    222191    222127   18.0744   12.6094   0.0680263   0.0138128
   49      64    225651    225587   17.9813   13.5156   0.0366779   0.0138914
   50      64    229185    229121   17.8977   13.8047   0.0214279   0.0139631
   51      64    232697    232633   17.8158   13.7188  0.00487074   0.0140287
   52      64    235659    235595   17.6957   11.5703   0.0103659   0.0141243
   53      64    238981    238917   17.6066   12.9766    0.035015   0.0141963
   54      64    242491    242427   17.5344   13.7109  0.00756125   0.0142532
   55      64    245863    245799   17.4551   13.1719   0.0382708    0.014313
   56      64    249001    248937   17.3622   12.2578   0.0392559   0.0143887
   57      64    252410    252346   17.2912   13.3164   0.0638391   0.0144547
   58      64    256101    256037   17.2416    14.418   0.0261527   0.0144933
   59      64    259428    259364   17.1696   12.9961  0.00570538   0.0145546
2026-07-08T14:33:29.760870+0800 min lat: 0.00190876 max lat: 0.19225 avg lat: 0.0146217
  sec Cur ops   started  finished  avg MB/s  cur MB/s last lat(s)  avg lat(s)
   60      64    262546    262482   17.0864   12.1797   0.0414578   0.0146217
   61      64    266103    266039   17.0341   13.8945  0.00715174   0.0146682
   62      64    269229    269165   16.9563   12.2109   0.0128635   0.0147365
   63      64    272290    272226   16.8769    11.957   0.0599458   0.0147968
   64      64    275578    275514   16.8138   12.8438  0.00498078   0.0148656
   65      64    279204    279140    16.773   14.1641  0.00597771   0.0149013
   66      64    282678    282614   16.7245   13.5703   0.0317376   0.0149389
   67      64    285775    285711   16.6554   12.0977   0.0234867   0.0150015
   68      64    289197    289133    16.607   13.3672  0.00749887   0.0150472
   69      64    292837    292773   16.5724   14.2188   0.0101089   0.0150817
   70      64    296142    296078     16.52   12.9102  0.00989947   0.0151282
   71      64    299444    299380    16.469   12.8984   0.0203384   0.0151758
   72      64    303001    302937   16.4332   13.8945  0.00743745   0.0152094
   73      64    306583    306519   16.3997   13.9922  0.00642048   0.0152406
   74      64    309678    309614   16.3415   12.0898   0.0339444   0.0152888
   75      64    313123    313059    16.303    13.457  0.00775731   0.0153305
   76      64    316751    316687   16.2749   14.1719  0.00515801   0.0153582
   77      64    319911    319847   16.2238   12.3438   0.0607344   0.0154059
   78      64    323249    323185    16.183   13.0391   0.0257963   0.0154382
   79      64    326788    326724   16.1531   13.8242   0.0168998   0.0154734
2026-07-08T14:33:49.763611+0800 min lat: 0.00190876 max lat: 0.19225 avg lat: 0.0155016
  sec Cur ops   started  finished  avg MB/s  cur MB/s last lat(s)  avg lat(s)
   80      64    330284    330220   16.1219   13.6562    0.042298   0.0155016
   81      64    333449    333385   16.0755   12.3633   0.0446131    0.015542
   82      64    337144    337080   16.0554   14.4336  0.00690899   0.0155643
   83      64    340822    340758    16.035   14.3672  0.00853742   0.0155844
   84      64    344079    344015   15.9956   12.7227   0.0497357   0.0156196
   85      64    347566    347502   15.9676   13.6211   0.0073397   0.0156511
   86      64    351076    351012   15.9414   13.7109   0.0397217   0.0156742
   87      64    354692    354628   15.9205    14.125   0.0065281   0.0156967
   88      64    357923    357859   15.8829   12.6211   0.0120321   0.0157357
   89      64    361418    361354   15.8579   13.6523   0.0073893   0.0157605
   90      64    365056    364992   15.8395   14.2109  0.00946132   0.0157799
   91      64    368341    368277   15.8065    12.832   0.0282152    0.015811
   92      64    371840    371776   15.7832    13.668   0.0100288   0.0158341
   93      64    375428    375364   15.7642   14.0156  0.00978935   0.0158555
   94      64    379055    378991   15.7472    14.168  0.00614289   0.0158724
   95      64    382218    382154   15.7114   12.3555   0.0108149   0.0159066
   96      64    385713    385649     15.69   13.6523   0.0173493   0.0159261
   97      64    389163    389099   15.6671   13.4766   0.0717353   0.0159533
   98      64    392846    392782   15.6541   14.3867  0.00479952   0.0159667
   99      64    396227    396163   15.6293    13.207   0.0101136   0.0159896
2026-07-08T14:34:09.766553+0800 min lat: 0.00190876 max lat: 0.19225 avg lat: 0.0160003
  sec Cur ops   started  finished  avg MB/s  cur MB/s last lat(s)  avg lat(s)
  100      64    399956    399892   15.6187   14.5664  0.00917781   0.0160003
  101      63    403511    403448   15.6015   13.8906   0.0102534   0.0160207
  102      64    406866    406802    15.577   13.1016   0.0297706    0.016044
  103      64    410539    410475   15.5651   14.3477  0.00969878   0.0160583
  104      64    414099    414035   15.5491   13.9062  0.00529582   0.0160747
  105      64    417555    417491   15.5296      13.5   0.0110925    0.016094
  106      64    420743    420679   15.5005   12.4531    0.055582   0.0161255
  107      64    424523    424459   15.4936   14.7656   0.0242273   0.0161294
  108      64    427993    427929   15.4757   13.5547   0.0378143   0.0161472
  109      64    431342    431278   15.4537    13.082   0.0124961   0.0161736
  110      64    434861    434797   15.4382   13.7461   0.0186385   0.0161884
  111      64    438502    438438   15.4272   14.2227   0.0089728   0.0162006
  112      64    441884    441820   15.4074   13.2109  0.00860494   0.0162227
  113      64    445504    445440   15.3962   14.1406   0.0112914   0.0162342
  114      64    449184    449120   15.3872    14.375  0.00771293   0.0162416
  115      64    452552    452488   15.3678   13.1562   0.0338229   0.0162596
  116      64    456007    455943   15.3516   13.4961   0.0441631   0.0162774
  117      64    459775    459711   15.3462   14.7188   0.0104815   0.0162853
  118      64    463413    463349   15.3365   14.2109    0.012197   0.0162964
  119      64    466937    466873   15.3233   13.7656   0.0298342   0.0163109
2026-07-08T14:34:29.769232+0800 min lat: 0.00190876 max lat: 0.19225 avg lat: 0.0163212
  sec Cur ops   started  finished  avg MB/s  cur MB/s last lat(s)  avg lat(s)
  120      61    470382    470321   15.3079   13.4688   0.0492818   0.0163212
Total time run:         120.027
Total writes made:      470382
Write size:             4096
Object size:            4096
Bandwidth (MB/sec):     15.3085
Stddev Bandwidth:       6.02825
Max bandwidth (MB/sec): 35.1914
Min bandwidth (MB/sec): 11.4609
Average IOPS:           3918
Stddev IOPS:            1543.23
Max IOPS:               9009
Min IOPS:               2934
Average Latency(s):     0.0163278
Stddev Latency(s):      0.0171398
Max latency(s):         0.19225
Min latency(s):         0.00190876
