hints = 1
Maintaining 64 concurrent writes of 65536 bytes to objects of size 65536 for up to 120 seconds or 0 objects
Object prefix: benchmark_data_tikv-node_1012431
  sec Cur ops   started  finished  avg MB/s  cur MB/s last lat(s)  avg lat(s)
    0       0         0         0         0         0           -           0
    1      64      1851      1787   111.667   111.688  0.00831632   0.0344687
    2      64      3647      3583   111.953    112.25    0.117929    0.035053
    3      64      5448      5384   112.151   112.562  0.00633678   0.0352674
    4      64      7246      7182   112.203   112.375   0.0110311   0.0353179
    5      64      9047      8983   112.272   112.562   0.0968342   0.0353355
    6      64     10846     10782   112.296   112.438   0.0082575   0.0354502
    7      64     12644     12580   112.305   112.375   0.0276665   0.0354506
    8      64     14444     14380   112.328     112.5   0.0135116    0.035445
    9      64     16209     16145   112.102   110.312   0.0143147   0.0354556
   10      64     17924     17860   111.609   107.188   0.0101369   0.0357225
   11      64     19723     19659   111.683   112.438  0.00939308   0.0357053
   12      64     21523     21459   111.751     112.5   0.0173676   0.0357078
   13      64     23319     23255   111.788    112.25  0.00780478   0.0356756
   14      64     25119     25055   111.838     112.5   0.0313221   0.0356931
   15      64     26914     26850    111.86   112.188  0.00905304    0.035684
   16      64     28717     28653   111.911   112.688    0.050459   0.0356858
   17      64     30516     30452   111.941   112.438   0.0508154   0.0356799
   18      64     31844     31780   110.333        83   0.0372397   0.0362272
   19      64     32736     32672   107.459     55.75   0.0387314   0.0371757
2026-07-08T14:39:46.487987+0800 min lat: 0.00442472 max lat: 0.262418 avg lat: 0.0380472
  sec Cur ops   started  finished  avg MB/s  cur MB/s last lat(s)  avg lat(s)
   20      64     33607     33543   104.808   54.4375    0.127384   0.0380472
   21      64     34718     34654   103.123   69.4375   0.0693935   0.0387312
   22      64     36518     36454   103.548     112.5  0.00616159   0.0385716
   23      64     38316     38252   103.931   112.375   0.0746588   0.0384238
   24      64     39809     39745   103.488   93.3125   0.0263942   0.0385321
   25      64     41039     40975   102.423    76.875  0.00785058   0.0389773
   26      64     42837     42773   102.805   112.375   0.0142861   0.0388456
   27      64     43843     43779   101.326    62.875   0.0424643    0.039426
   28      64     44682     44618     99.58   52.4375    0.125513   0.0399228
   29      64     45988     45924   98.9604    81.625   0.0339714   0.0403827
   30      64     46811     46747   97.3761   51.4375   0.0624463    0.041002
   31      64     47731     47667   96.0895      57.5   0.0945436   0.0415541
   32      64     48814     48750   95.2017   67.6875  0.00855085   0.0419802
   33      63     49679     49616   93.9566    54.125   0.0113696    0.042555
   34      64     50593     50529   92.8712   57.0625   0.0409016   0.0430377
   35      64     51454     51390    91.755   53.8125  0.00688777   0.0435752
   36      64     52491     52427   91.0063   64.8125    0.173699   0.0437376
   37      64     53377     53313   90.0431    55.375   0.0990256   0.0443404
   38      64     54270     54206   89.1421   55.8125   0.0753171   0.0447341
   39      64     55350     55286   88.5869      67.5   0.0215705   0.0451199
2026-07-08T14:40:06.490901+0800 min lat: 0.00383152 max lat: 0.365726 avg lat: 0.0455824
  sec Cur ops   started  finished  avg MB/s  cur MB/s last lat(s)  avg lat(s)
   40      64     56182     56118   87.6721        52   0.0551374   0.0455824
   41      64     57008     56944   86.7928    51.625   0.0771369   0.0459983
   42      64     57956     57892   86.1368     59.25   0.0355741   0.0464095
   43      64     58880     58816   85.4765     57.75   0.0317324   0.0467795
   44      64     59750     59686   84.7694    54.375   0.0322418   0.0471343
   45      64     60665     60601   84.1563   57.1875    0.059023   0.0474922
   46      64     61444     61380   83.3851   48.6875   0.0820046   0.0477576
   47      64     62305     62241   82.7557   53.8125    0.156676   0.0481924
   48      64     63267     63203   82.2841    60.125   0.0103661   0.0485838
   49      64     64126     64062   81.7003   53.6875    0.172467   0.0489458
   50      63     65113     65050   81.3012     61.75   0.0186117    0.049181
   51      64     65930     65866   80.7069        51   0.0564768   0.0495011
   52      63     66780     66717   80.1776   53.1875    0.211799   0.0498594
   53      64     67902     67838   79.9866   70.0625    0.023081   0.0499636
   54      64     68845     68781   79.5966   58.9375   0.0994342   0.0502335
   55      64     69691     69627   79.1106    52.875    0.146846   0.0505019
   56      64     70534     70470   78.6386   52.6875    0.205949   0.0508361
   57      64     71877     71813   78.7314   83.9375   0.0465239   0.0507825
   58      64     72679     72615    78.238    50.125   0.0374245   0.0510688
   59      64     73558     73494    77.843   54.9375   0.0609378   0.0512967
2026-07-08T14:40:26.493659+0800 min lat: 0.00372631 max lat: 0.365726 avg lat: 0.0515778
  sec Cur ops   started  finished  avg MB/s  cur MB/s last lat(s)  avg lat(s)
   60      64     74499     74435   77.5257   58.8125   0.0501318   0.0515778
   61      64     75335     75271   77.1112     52.25   0.0373979    0.051851
   62      64     76205     76141   76.7443    54.375   0.0179433   0.0521057
   63      64     77031     76967   76.3455    51.625    0.203626   0.0523339
   64      64     78166     78102   76.2608   70.9375    0.190986   0.0523374
   65      64     79135     79071   76.0192   60.5625   0.0730173   0.0525854
   66      64     80047     79983   75.7309        57   0.0360195   0.0528033
   67      64     81335     81271   75.8019      80.5  0.00602134   0.0527283
   68      64     82101     82037   75.3911    47.875   0.0829942    0.052939
   69      63     82989     82926   75.1036   55.5625   0.0934673   0.0532101
   70      64     83954     83890   74.8913     60.25   0.0256425   0.0533926
   71      64     85756     85692   75.4226   112.625   0.0508373   0.0530134
   72      64     86544     86480    75.059     49.25   0.0547766   0.0532153
   73      64     87560     87496   74.9005      63.5   0.0173594   0.0533824
   74      64     88329     88265   74.5377   48.0625    0.179503   0.0536522
   75      64     89227     89163   74.2921    56.125   0.0113195   0.0538147
   76      64     90105     90041   74.0366    54.875   0.0879477    0.054012
   77      64     91102     91038   73.8842   62.3125  0.00753869   0.0541312
   78      64     92104     92040   73.7397    62.625   0.0185453   0.0542238
   79      64     93032     92968   73.5404        58   0.0466585   0.0543665
2026-07-08T14:40:46.496442+0800 min lat: 0.00348062 max lat: 0.365726 avg lat: 0.0545076
  sec Cur ops   started  finished  avg MB/s  cur MB/s last lat(s)  avg lat(s)
   80      64     93883     93819   73.2859   53.1875   0.0672003   0.0545076
   81      64     94807     94743    73.094     57.75    0.012304   0.0547124
   82      64     95623     95559   72.8245        51     0.16611   0.0548667
   83      64     96572     96508   72.6616   59.3125   0.0680784   0.0550166
   84      64     97447     97383   72.4475   54.6875    0.121656   0.0551742
   85      64     98466     98402   72.3443   63.6875    0.120844   0.0552782
   86      64     99343     99279   72.1404   54.8125  0.00660216   0.0554315
   87      64    100274    100210   71.9799   58.1875   0.0612743   0.0555312
   88      64    101676    101612   72.1575    87.625  0.00688227   0.0554122
   89      64    102571    102507   71.9752   55.9375   0.0323156   0.0555607
   90      63    103461    103398   71.7942   55.6875   0.0576729   0.0556889
   91      64    104431    104367   71.6706   60.5625   0.0562042   0.0557744
   92      64    106177    106113   72.0776   109.125   0.0141801   0.0554383
   93      64    107038    106974   71.8811   53.8125   0.0534253   0.0556167
   94      64    107984    107920   71.7453    59.125  0.00961081   0.0557269
   95      64    109287    109223   71.8472   81.4375  0.00614009   0.0556473
   96      64    110480    110416   71.8754   74.5625   0.0710868   0.0556108
   97      64    111411    111347   71.7342   58.1875   0.0256945   0.0557422
   98      64    112314    112250   71.5781   56.4375   0.0476531   0.0558719
   99      64    113452    113388   71.5734    71.125     0.23538   0.0557751
2026-07-08T14:41:06.499247+0800 min lat: 0.00348062 max lat: 0.365726 avg lat: 0.0559154
  sec Cur ops   started  finished  avg MB/s  cur MB/s last lat(s)  avg lat(s)
  100      64    114437    114373   71.4732   61.5625   0.0460312   0.0559154
  101      63    115326    115263   71.3162    55.625   0.0102122   0.0560744
  102      64    116668    116604   71.4386   83.8125   0.0253895   0.0559705
  103      64    117553    117489   71.2819   55.3125  0.00695049    0.056075
  104      64    118454    118390   71.1379   56.3125   0.0656354   0.0562031
  105      64    119320    119256   70.9758    54.125  0.00899207   0.0563486
  106      64    120313    120249   70.8916   62.0625   0.0297791   0.0564043
  107      64    121145    121081    70.715        52   0.0359362   0.0565216
  108      64    122079    122015   70.6007    58.375   0.0750863   0.0566345
  109      64    123481    123417   70.7568    87.625  0.00904008   0.0565165
  110      64    125065    125001   71.0134        99    0.134519   0.0562538
  111      64    126043    125979   70.9242    61.125    0.034149   0.0563802
  112      64    126837    126773    70.734    49.625   0.0296679   0.0565248
  113      64    128461    128397   71.0061     101.5   0.0523031   0.0562653
  114      64    129384    129320   70.8892   57.6875  0.00723279   0.0564096
  115      64    130214    130150   70.7238    51.875    0.143934   0.0565384
  116      64    131120    131056   70.6022    56.625   0.0521966   0.0565952
  117      64    131973    131909   70.4544   53.3125   0.0898697   0.0567239
  118      64    132942    132878   70.3705   60.5625   0.0599616   0.0568257
  119      64    133811    133747   70.2355   54.3125    0.074417   0.0569315
2026-07-08T14:41:26.502018+0800 min lat: 0.00348062 max lat: 0.365726 avg lat: 0.0570382
  sec Cur ops   started  finished  avg MB/s  cur MB/s last lat(s)  avg lat(s)
  120      64    134683    134619   70.1043      54.5    0.147417   0.0570382
Total time run:         120.114
Total writes made:      134683
Write size:             65536
Object size:            65536
Bandwidth (MB/sec):     70.081
Stddev Bandwidth:       22.3639
Max bandwidth (MB/sec): 112.688
Min bandwidth (MB/sec): 47.875
Average IOPS:           1121
Stddev IOPS:            357.822
Max IOPS:               1803
Min IOPS:               766
Average Latency(s):     0.0570716
Stddev Latency(s):      0.0531364
Max latency(s):         0.365726
Min latency(s):         0.00348062
