hints = 1
Maintaining 64 concurrent writes of 65536 bytes to objects of size 65536 for up to 120 seconds or 0 objects
Object prefix: benchmark_data_tikv-node_1038977
  sec Cur ops   started  finished  avg MB/s  cur MB/s last lat(s)  avg lat(s)
    0       0         0         0         0         0           -           0
    1      63      1851      1788   111.732    111.75   0.0121646   0.0342842
    2      64      3649      3585   112.013   112.312   0.0771697   0.0351541
    3      64      5448      5384   112.149   112.438  0.00889562   0.0351771
    4      64      7250      7186   112.265   112.625    0.013529   0.0352396
    5      64      9047      8983   112.272   112.312    0.094915   0.0353638
    6      64     10845     10781   112.288   112.375   0.0182619   0.0353711
    7      64     12646     12582   112.325   112.562  0.00963893   0.0354213
    8      64     14441     14377   112.306   112.188   0.0142398   0.0354341
    9      64     16235     16171   112.284   112.125   0.0319715   0.0355428
   10      64     17962     17898   111.848   107.938   0.0168066   0.0355919
   11      64     19758     19694   111.883    112.25   0.0938825   0.0356297
   12      64     21558     21494   111.933     112.5   0.0226512    0.035633
   13      64     23322     23258   111.802    110.25   0.0096409   0.0356071
   14      64     24215     24151   107.802   55.8125   0.0237779   0.0370577
   15      64     24996     24932   103.869   48.8125    0.070486   0.0384917
   16      64     25836     25772   100.658      52.5    0.153282   0.0393558
   17      64     26762     26698   98.1409    57.875   0.0266599   0.0406739
   18      64     27618     27554   95.6604      53.5   0.0778659   0.0415037
   19      64     28421     28357   93.2667   50.1875   0.0847325   0.0427047
2026-07-08T14:45:08.187038+0800 min lat: 0.00389629 max lat: 0.311004 avg lat: 0.04366
  sec Cur ops   started  finished  avg MB/s  cur MB/s last lat(s)  avg lat(s)
   20      64     29304     29240   91.3625   55.1875    0.100841     0.04366
   21      64     30225     30161   89.7526   57.5625   0.0326709   0.0443897
   22      64     31132     31068   88.2493   56.6875   0.0745929   0.0452227
   23      64     31942     31878   86.6132    50.625   0.0642056   0.0461283
   24      64     32783     32719   85.1941   52.5625   0.0165198   0.0468544
   25      64     33670     33606   84.0034   55.4375   0.0809474   0.0474623
   26      64     34482     34418   82.7242     50.75   0.0769302   0.0482367
   27      64     35415     35351   81.8198   58.3125   0.0287039   0.0488681
   28      64     36252     36188   80.7656   52.3125   0.0543055   0.0493505
   29      64     37209     37145   80.0427   59.8125   0.0112029   0.0499456
   30      64     37943     37879   78.9035    45.875   0.0193018   0.0505688
   31      64     38810     38746    78.106   54.1875   0.0920761   0.0511859
   32      64     39722     39658   77.4462        57   0.0621299   0.0516179
   33      64     40509     40445   76.5896   49.1875    0.159903   0.0520234
   34      64     41336     41272    75.857   51.6875    0.135907    0.052617
   35      64     42302     42238   75.4144    60.375   0.0985561   0.0529986
   36      64     43197     43133   74.8731   55.9375   0.0816086   0.0533801
   37      64     44078     44014   74.3375   55.0625   0.0129843   0.0537727
   38      64     44913     44849   73.7544   52.1875   0.0166422   0.0542033
   39      64     45819     45755    73.315    56.625  0.00817062   0.0545069
2026-07-08T14:45:28.189952+0800 min lat: 0.00389629 max lat: 0.358707 avg lat: 0.0548969
  sec Cur ops   started  finished  avg MB/s  cur MB/s last lat(s)  avg lat(s)
   40      64     46672     46608   72.8147   53.3125   0.0215865   0.0548969
   41      64     47440     47376   72.2092        48   0.0642562   0.0553162
   42      64     48307     48243   71.7799   54.1875   0.0340195   0.0556889
   43      64     49197     49133   71.4041    55.625   0.0560736   0.0559728
   44      64     49927     49863    70.818    45.625   0.0449046   0.0563633
   45      64     50817     50753   70.4802    55.625   0.0448897   0.0566871
   46      64     51704     51640    70.153   55.4375   0.0342593   0.0569718
   47      64     52472     52408   69.6815        48    0.208212   0.0571767
   48      64     53344     53280    69.365      54.5   0.0904825   0.0575473
   49      64     54244     54180   69.0973     56.25   0.0866423   0.0578819
   50      64     55104     55040   68.7902     53.75   0.0895323    0.058042
   51      63     55973     55910   68.5074    54.375  0.00907283   0.0583363
   52      64     56802     56738   68.1851     51.75   0.0212382   0.0586423
   53      64     57681     57617    67.935   54.9375   0.0352634    0.058775
   54      64     58599     58535   67.7393    57.375   0.0505682   0.0590101
   55      64     59400     59336   67.4178   50.0625   0.0759347   0.0593171
   56      64     60187     60123   67.0922   49.1875   0.0510365   0.0595626
   57      64     61091     61027   66.9063      56.5   0.0293833   0.0596553
   58      64     61900     61836   66.6244   50.5625     0.14298   0.0598936
   59      64     62736     62672   66.3806     52.25    0.027655   0.0601814
2026-07-08T14:45:48.192567+0800 min lat: 0.00387187 max lat: 0.358707 avg lat: 0.0603564
  sec Cur ops   started  finished  avg MB/s  cur MB/s last lat(s)  avg lat(s)
   60      64     63670     63606   66.2471    58.375   0.0390931   0.0603564
   61      64     64533     64469   66.0452   53.9375   0.0200256   0.0605412
   62      64     65310     65246   65.7631   48.5625   0.0717923   0.0607426
   63      64     66120     66056   65.5227    50.625   0.0239808   0.0610201
   64      64     67072     67008   65.4285      59.5  0.00778974    0.061106
   65      64     67768     67704   65.0911      43.5    0.139471   0.0614388
   66      64     68656     68592   64.9457      55.5    0.174209   0.0615642
   67      64     69591     69527   64.8484   58.4375   0.0174065   0.0616227
   68      64     70366     70302    64.607   48.4375    0.160301   0.0617407
   69      64     71320     71256   64.5346    59.625   0.0273758   0.0619363
   70      64     72127     72063   64.3331   50.4375    0.116199    0.062101
   71      64     73060     72996   64.2482   58.3125   0.0627075     0.06222
   72      64     73922     73858    64.104    53.875   0.0167716   0.0623662
   73      64     74654     74590   63.8525     45.75    0.044541    0.062554
   74      64     75537     75473   63.7353   55.1875   0.0955091   0.0626883
   75      64     76517     76453    63.702     61.25  0.00843121    0.062759
   76      64     77203     77139   63.4279    42.875   0.0924212   0.0630337
   77      64     77962     77898   63.2202   47.4375   0.0629222   0.0631475
   78      63     78931     78868   63.1869    60.625   0.0751513   0.0632454
   79      64     79713     79649   63.0048   48.8125   0.0904808   0.0634734
2026-07-08T14:46:08.195271+0800 min lat: 0.00387187 max lat: 0.419572 avg lat: 0.0637013
  sec Cur ops   started  finished  avg MB/s  cur MB/s last lat(s)  avg lat(s)
   80      64     80432     80368   62.7789   44.9375    0.168184   0.0637013
   81      64     81210     81146    62.604    48.625   0.0842118   0.0637531
   82      64     82199     82135   62.5943   61.8125    0.007957   0.0638776
   83      64     82988     82924   62.4341   49.3125   0.0646155   0.0639859
   84      64     83866     83802   62.3441    54.875   0.0712891   0.0640749
   85      64     84781     84717   62.2833   57.1875   0.0165443   0.0641772
   86      64     85589     85525   62.1462      50.5    0.040848   0.0643091
   87      64     86385     86321   62.0036     49.75   0.0300651   0.0644995
   88      64     87314     87250   61.9587   58.0625   0.0207029   0.0645117
   89      64     88231     88167   61.9065   57.3125   0.0490014   0.0645926
   90      64     89009     88945   61.7588    48.625   0.0750405   0.0646908
   91      64     89885     89821   61.6817     54.75   0.0719979   0.0648048
   92      64     90760     90696   61.6056   54.6875    0.104336   0.0648861
   93      64     91600     91536   61.5076      52.5   0.0803878   0.0649802
   94      64     92393     92329   61.3804   49.5625   0.0272342    0.065104
   95      64     93334     93270   61.3533   58.8125   0.0617171   0.0651847
   96      64     94222     94158   61.2922      55.5   0.0271297    0.065245
   97      64     95065     95001   61.2034   52.6875   0.0595052   0.0653369
   98      64     95854     95790    61.082   49.3125   0.0579253   0.0654754
   99      64     96771     96707   61.0439   57.3125    0.051279   0.0654912
2026-07-08T14:46:28.198277+0800 min lat: 0.00372128 max lat: 0.419572 avg lat: 0.0655212
  sec Cur ops   started  finished  avg MB/s  cur MB/s last lat(s)  avg lat(s)
  100      64     97662     97598   60.9902   55.6875   0.0112882   0.0655212
  101      64     98447     98383    60.872   49.0625    0.108559   0.0656288
  102      64     99321     99257   60.8107    54.625    0.125605   0.0657472
  103      64    100197    100133   60.7518     54.75   0.0445833   0.0657548
  104      64    101048    100984    60.679   53.1875   0.0158749   0.0659089
  105      64    101890    101826   60.6022    52.625  0.00620235   0.0659526
  106      64    102848    102784   60.5953    59.875   0.0625318   0.0659963
  107      64    103643    103579   60.4933   49.6875   0.0858886    0.066046
  108      64    104508    104444   60.4337   54.0625   0.0814324   0.0661548
  109      64    105318    105254   60.3436    50.625   0.0621902   0.0662219
  110      64    106231    106167   60.3137   57.0625    0.128347   0.0663039
  111      64    107145    107081    60.285    57.125   0.0280101   0.0663342
  112      64    107935    107871   60.1875    49.375    0.134606   0.0663957
  113      64    108814    108750    60.141   54.9375   0.0611937   0.0663921
  114      64    109812    109748   60.1605    62.375  0.00682204   0.0664687
  115      64    110594    110530   60.0623    48.875  0.00787442    0.066591
  116      64    111483    111419   60.0234   55.5625   0.0916351   0.0666214
  117      64    112437    112373   60.0199    59.625   0.0731959   0.0666385
  118      64    113295    113231   59.9657    53.625   0.0420381   0.0666883
  119      64    114078    114014   59.8729   48.9375    0.174654   0.0667157
2026-07-08T14:46:48.201108+0800 min lat: 0.00355059 max lat: 0.419572 avg lat: 0.0667681
  sec Cur ops   started  finished  avg MB/s  cur MB/s last lat(s)  avg lat(s)
  120      64    115071    115007   59.8911   62.0625   0.0447718   0.0667681
Total time run:         120.066
Total writes made:      115071
Write size:             65536
Object size:            65536
Bandwidth (MB/sec):     59.8997
Stddev Bandwidth:       18.622
Max bandwidth (MB/sec): 112.625
Min bandwidth (MB/sec): 42.875
Average IOPS:           958
Stddev IOPS:            297.952
Max IOPS:               1802
Min IOPS:               686
Average Latency(s):     0.066774
Stddev Latency(s):      0.0603323
Max latency(s):         0.419572
Min latency(s):         0.00355059
