hints = 1
Maintaining 64 concurrent writes of 4096 bytes to objects of size 4096 for up to 120 seconds or 0 objects
Object prefix: benchmark_data_tikv-node_995310
  sec Cur ops   started  finished  avg MB/s  cur MB/s last lat(s)  avg lat(s)
    0       0         0         0         0         0           -           0
    1      64      7986      7922   30.9424   30.9453  0.00508338  0.00804378
    2      64     16861     16797   32.8029    34.668  0.00940454  0.00760227
    3      64     25675     25611   33.3433   34.4297  0.00927292  0.00748307
    4      63     34430     34367   33.5569   34.2031  0.00828276   0.0074367
    5      64     43302     43238    33.775   34.6523  0.00654543  0.00739306
    6      64     52108     52044   33.8783   34.3984  0.00745616  0.00736956
    7      64     60827     60763   33.9036   34.0586  0.00655167  0.00736673
    8      64     68113     68049   33.2229   28.4609  0.00505331  0.00751773
    9      64     76887     76823    33.339   34.2734   0.0079179  0.00749113
   10      63     85720     85657   33.4554   34.5078  0.00763985  0.00746701
   11      64     94616     94552   33.5723   34.7461  0.00771316   0.0074403
   12      64    103396    103332   33.6324   34.2969  0.00521468  0.00742829
   13      64    110171    110107   33.0806   26.4648  0.00779101  0.00755049
   14      63    113382    113319   31.6139   12.5469  0.00659109  0.00790268
   15      64    116789    116725   30.3931   13.3047   0.0487588  0.00821785
   16      64    120478    120414   29.3941   14.4102  0.00515569  0.00850038
   17      63    126033    125970   28.9416   21.7031  0.00696573  0.00863319
   18      64    129448    129384   28.0744   13.3359  0.00627598  0.00889644
   19      64    132964    132900   27.3196   13.7344   0.0174578  0.00914517
2026-07-08T14:36:17.562242+0800 min lat: 0.00228266 max lat: 0.171491 avg lat: 0.0093709
  sec Cur ops   started  finished  avg MB/s  cur MB/s last lat(s)  avg lat(s)
   20      64    136386    136322   26.6218   13.3672   0.0138722   0.0093709
   21      64    139690    139626   25.9686   12.9062   0.0114936  0.00961496
   22      64    143132    143068   25.3992   13.4453    0.032954  0.00983071
   23      64    146866    146802    24.929   14.5859   0.0113442   0.0100233
   24      64    150138    150074   24.4228   12.7812   0.0375118    0.010233
   25      64    153403    153339    23.956   12.7539  0.00990999   0.0104117
   26      64    156860    156796   23.5539   13.5039  0.00657219   0.0105905
   27      64    160477    160413   23.2048   14.1289  0.00966622   0.0107704
   28      64    163717    163653    22.828   12.6562  0.00738275   0.0109462
   29      64    166994    166930   22.4822   12.8008   0.0226124   0.0111121
   30      64    170370    170306   22.1723   13.1875   0.0604652   0.0112494
   31      64    173804    173740   21.8897   13.4141  0.00991065   0.0114097
   32      64    177068    177004   21.6041     12.75   0.0128853   0.0115569
   33      64    180447    180383   21.3493   13.1992  0.00775124   0.0117031
   34      64    184012    183948   21.1309   13.9258   0.0062281   0.0118265
   35      64    186951    186887   20.8552   11.4805   0.0335615   0.0119764
   36      63    190239    190176   20.6327   12.8477   0.0139475   0.0121102
   37      64    193635    193571   20.4334   13.2617   0.0438902    0.012227
   38      64    196995    196931   20.2411    13.125  0.00631403   0.0123389
   39      64    200169    200105     20.04   12.3984   0.0202926   0.0124633
2026-07-08T14:36:37.564797+0800 min lat: 0.00228266 max lat: 0.236033 avg lat: 0.0125732
  sec Cur ops   started  finished  avg MB/s  cur MB/s last lat(s)  avg lat(s)
   40      64    203573    203509   19.8713   13.2969   0.0136933   0.0125732
   41      64    207261    207197    19.738   14.4062   0.0131842   0.0126587
   42      64    210375    210311   19.5576   12.1641  0.00599937   0.0127743
   43      64    213571    213507   19.3931   12.4844   0.0540379   0.0128879
   44      64    217056    216992   19.2617   13.6133   0.0501649    0.012969
   45      64    220519    220455   19.1342   13.5273   0.0696738   0.0130474
   46      64    223668    223604   18.9856   12.3008   0.0105216   0.0131641
   47      64    226900    226836   18.8503    12.625   0.0369456   0.0132541
   48      64    230556    230492    18.755   14.2812  0.00957941   0.0133261
   49      64    233768    233704   18.6283   12.5469  0.00541995   0.0134168
   50      64    236950    236886   18.5043   12.4297  0.00808975   0.0134974
   51      63    240296    240233   18.3978   13.0742  0.00753181    0.013585
   52      64    243857    243793   18.3114   13.9062  0.00713536   0.0136475
   53      64    247040    246976   18.2004   12.4336   0.0327694   0.0137301
   54      63    250332    250269   18.1016   12.8633  0.00881684   0.0138067
   55      64    253947    253883   18.0291   14.1172   0.0157223   0.0138602
   56      64    257207    257143   17.9345   12.7344   0.0212062   0.0139276
   57      64    260481    260417   17.8442   12.7891   0.0484272    0.014006
   58      64    263812    263748   17.7608   13.0117   0.0277521   0.0140673
   59      64    267351    267287   17.6941   13.8242  0.00576382   0.0141249
2026-07-08T14:36:57.567560+0800 min lat: 0.00215145 max lat: 0.236033 avg lat: 0.0141839
  sec Cur ops   started  finished  avg MB/s  cur MB/s last lat(s)  avg lat(s)
   60      64    270397    270333   17.5975   11.8984   0.0073716   0.0141839
   61      64    273730    273666   17.5224   13.0195  0.00889613   0.0142572
   62      64    277270    277206   17.4628   13.8281   0.0186403   0.0143118
   63      64    280683    280619   17.3972    13.332  0.00621766   0.0143642
   64      64    283807    283743    17.316   12.2031  0.00706954   0.0144298
   65      64    287267    287203   17.2575   13.5156    0.040335   0.0144757
   66      64    290920    290856   17.2122   14.2695   0.0121067   0.0145211
   67      64    294233    294169   17.1484   12.9414   0.0361366   0.0145744
   68      64    297603    297539   17.0898   13.1641   0.0194731   0.0146218
   69      64    301283    301219   17.0504    14.375   0.0160357    0.014654
   70      64    304381    304317   16.9797   12.1016   0.0218283   0.0147133
   71      64    307542    307478   16.9144   12.3477  0.00910294   0.0147741
   72      64    310774    310710   16.8548    12.625   0.0136677   0.0148242
   73      64    314449    314385   16.8206   14.3555  0.00731861   0.0148588
   74      64    317784    317720   16.7693   13.0273   0.0180944    0.014902
   75      64    321132    321068     16.72   13.0781   0.0199888   0.0149448
   76      64    324766    324702   16.6868   14.1953   0.0266449   0.0149749
   77      64    327896    327832   16.6288   12.2266   0.0558722    0.015018
   78      64    331271    331207   16.5846   13.1836   0.0257479   0.0150645
   79      64    334822    334758   16.5503   13.8711   0.0102805    0.015102
2026-07-08T14:37:17.570458+0800 min lat: 0.00215145 max lat: 0.236033 avg lat: 0.0151296
  sec Cur ops   started  finished  avg MB/s  cur MB/s last lat(s)  avg lat(s)
   80      64    338438    338374   16.5199    14.125  0.00697591   0.0151296
   81      64    341534    341470   16.4653   12.0938   0.0371264   0.0151761
   82      63    344965    344902   16.4279   13.4062  0.00692512   0.0152144
   83      64    348599    348535    16.401   14.1914   0.0258051   0.0152397
   84      64    351947    351883   16.3614   13.0781   0.0184596   0.0152738
   85      63    355241    355178   16.3203   12.8711  0.00689654   0.0153146
   86      64    358593    358529   16.2827   13.0898  0.00929428   0.0153503
   87      63    362115    362052   16.2537   13.7617   0.0256928   0.0153765
   88      64    365361    365297    16.213   12.6758   0.0110895   0.0154146
   89      64    368737    368673    16.179   13.1875   0.0242007   0.0154464
   90      64    372491    372427   16.1622   14.6641  0.00621093   0.0154637
   91      64    375714    375650   16.1229   12.5898   0.0306909   0.0154976
   92      64    379049    378985   16.0892   13.0273   0.0355628   0.0155354
   93      64    382689    382625   16.0691   14.2188   0.0115921   0.0155545
   94      64    386364    386300   16.0508   14.3555  0.00653337   0.0155722
   95      64    389453    389389   16.0089   12.0664   0.0108085   0.0156129
   96      64    392879    392815   15.9815   13.3828   0.0278527   0.0156371
   97      64    396568    396504   15.9653   14.4102  0.00862379   0.0156556
   98      64    399851    399787   15.9332   12.8242   0.0272585   0.0156808
   99      64    403256    403192   15.9066   13.3008    0.018727   0.0157089
2026-07-08T14:37:37.573296+0800 min lat: 0.00215145 max lat: 0.236033 avg lat: 0.0157297
  sec Cur ops   started  finished  avg MB/s  cur MB/s last lat(s)  avg lat(s)
  100      64    406891    406827   15.8895   14.1992    0.010093   0.0157297
  101      64    410488    410424   15.8713   14.0508   0.0118957   0.0157468
  102      64    413740    413676   15.8402   12.7031   0.0313428   0.0157744
  103      63    417273    417210   15.8204   13.8047  0.00469932    0.015799
  104      64    420973    420909   15.8072   14.4492  0.00674846    0.015812
  105      64    424053    423989   15.7712   12.0312    0.041089   0.0158393
  106      64    427442    427378   15.7473   13.2383   0.0102948   0.0158709
  107      64    431037    430973   15.7314    14.043  0.00923794    0.015886
  108      64    434578    434514   15.7138    13.832   0.0106516    0.015904
  109      64    437905    437841   15.6888   12.9961  0.00610442   0.0159314
  110      64    441471    441407   15.6728   13.9297  0.00668598   0.0159479
  111      64    445030    444966   15.6568   13.9023   0.0237496   0.0159619
  112      64    448373    448309   15.6336   13.0586   0.0854825   0.0159859
  113      64    451854    451790   15.6156   13.5977   0.0101664   0.0160064
  114      64    455403    455339   15.6002   13.8633  0.00803964   0.0160185
  115      64    458990    458926   15.5864   14.0117  0.00743147   0.0160347
  116      64    462349    462285   15.5651   13.1211   0.0208851   0.0160571
  117      64    465762    465698    15.546    13.332   0.0184987   0.0160756
  118      64    469489    469425   15.5376   14.5586   0.0120927   0.0160866
  119      64    472762    472698   15.5145   12.7852   0.0595009   0.0161094
2026-07-08T14:37:57.575831+0800 min lat: 0.00215145 max lat: 0.236033 avg lat: 0.0161234
  sec Cur ops   started  finished  avg MB/s  cur MB/s last lat(s)  avg lat(s)
  120      64    476299    476235   15.5003   13.8164  0.00944727   0.0161234
Total time run:         120.035
Total writes made:      476299
Write size:             4096
Object size:            4096
Bandwidth (MB/sec):     15.5001
Stddev Bandwidth:       6.29758
Max bandwidth (MB/sec): 34.7461
Min bandwidth (MB/sec): 11.4805
Average IOPS:           3968
Stddev IOPS:            1612.18
Max IOPS:               8895
Min IOPS:               2939
Average Latency(s):     0.0161261
Stddev Latency(s):      0.0171213
Max latency(s):         0.236033
Min latency(s):         0.00215145
