hints = 1
Maintaining 64 concurrent writes of 1048576 bytes to objects of size 1048576 for up to 120 seconds or 0 objects
Object prefix: benchmark_data_tikv-node_1075963
  sec Cur ops   started  finished  avg MB/s  cur MB/s last lat(s)  avg lat(s)
    0       0         0         0         0         0           -           0
    1      64       167       103   102.988       103    0.628261    0.366211
    2      64       274       210   104.988       107    0.383502    0.436327
    3      64       384       320   106.655       110    0.110233    0.479311
    4      64       493       429   107.237       109    0.189984     0.49715
    5      64       601       537   107.386       108   0.0874317    0.504145
    6      64       708       644   107.319       107     1.88952    0.509148
    7      64       814       750   107.129       106   0.0764944    0.516226
    8      64       919       855   106.861       105   0.0508749    0.543142
    9      64      1027       963   106.986       108   0.0695652    0.554049
   10      64      1119      1055   105.486        92    0.207757    0.559266
   11      64      1154      1090   99.0773        35     2.12227    0.577089
   12      64      1214      1150   95.8204        60    0.865075    0.633869
   13      64      1264      1200   92.2952        50    0.810394    0.657082
   14      64      1310      1246   88.9882        46     1.22627    0.674073
   15      64      1361      1297   86.4549        51     1.03356    0.702255
   16      64      1426      1362   85.1133        65    0.769573    0.722114
   17      64      1481      1417   83.3414        55    0.873091    0.735881
   18      64      1536      1472   81.7664        55    0.721311    0.752308
   19      64      1590      1526   80.3045        54     1.31287    0.767659
2026-07-08T14:52:38.663127+0800 min lat: 0.0339825 max lat: 3.73069 avg lat: 0.783776
  sec Cur ops   started  finished  avg MB/s  cur MB/s last lat(s)  avg lat(s)
   20      64      1642      1578   78.8889        52    0.684384    0.783776
   21      64      1690      1626   77.4176        48     1.71844    0.799152
   22      64      1742      1678    76.262        52     1.22164    0.812481
   23      64      1801      1737    75.511        59    0.727778     0.82348
   24      64      1860      1796   74.8228        59     0.76599    0.835094
   25      64      1910      1846   73.8295        50     1.38608    0.841902
   26      64      1969      1905   73.2589        59    0.801014    0.851139
   27      64      2021      1957   72.4712        52     1.50168    0.859279
   28      64      2070      2006   71.6327        49     2.14631    0.870599
   29      64      2126      2062   71.0934        56    0.613354    0.879425
   30      64      2187      2123   70.7568        61     1.02461    0.885682
   31      64      2235      2171   70.0224        48    0.642347    0.889451
   32      64      2287      2223    69.459        52     1.99369    0.896474
   33      64      2345      2281   69.1114        58     1.03184    0.906358
   34      64      2403      2339   68.7844        58    0.877404    0.911013
   35      64      2446      2382   68.0476        43     1.69632    0.915849
   36      64      2505      2441    67.796        59     1.54282    0.925216
   37      64      2563      2499    67.531        58     1.24429    0.927984
   38      64      2613      2549   67.0694        50    0.800435    0.929191
   39      64      2670      2606    66.811        57    0.611728    0.935177
2026-07-08T14:52:58.666044+0800 min lat: 0.0339825 max lat: 4.86049 avg lat: 0.93881
  sec Cur ops   started  finished  avg MB/s  cur MB/s last lat(s)  avg lat(s)
   40      64      2719      2655   66.3655        49    0.616185     0.93881
   41      64      2769      2705   65.9662        50    0.667291    0.948939
   42      64      2832      2768   65.8954        63     0.95557    0.956838
   43      64      2876      2812    65.386        44     1.45933    0.960587
   44      64      2939      2875   65.3316        63     2.64649    0.967576
   45      64      2992      2928   65.0574        53    0.540325    0.968345
   46      64      3044      2980   64.7733        52    0.827773    0.970506
   47      64      3102      3038   64.6291        58      0.8639    0.974631
   48      64      3152      3088   64.3241        50      1.8312     0.97868
   49      64      3201      3137   64.0112        49     0.87308    0.981759
   50      64      3257      3193   63.8508        56    0.924821     0.98869
   51      64      3323      3259   63.8927        66    0.870771    0.992162
   52      64      3366      3302   63.4908        43     1.71415    0.992678
   53      64      3424      3360   63.3871        58    0.849918    0.996475
   54      64      3477      3413   63.1946        53     1.05018     1.00066
   55      64      3525      3461   62.9181        48    0.951602     1.00338
   56      64      3577      3513   62.7231        52     1.73726     1.00535
   57      64      3636      3572   62.6576        59    0.727367     1.01096
   58      64      3692      3628   62.5427        56     2.32691      1.0132
   59      64      3752      3688   62.4994        60    0.597159     1.01299
2026-07-08T14:53:18.668998+0800 min lat: 0.0339825 max lat: 4.86049 avg lat: 1.01494
  sec Cur ops   started  finished  avg MB/s  cur MB/s last lat(s)  avg lat(s)
   60      64      3791      3727   62.1077        39     2.05643     1.01494
   61      64      3847      3783   62.0074        56     1.30827     1.02008
   62      64      3901      3837   61.8781        54    0.707709     1.02123
   63      64      3960      3896   61.8323        59    0.762445     1.02478
   64      64      4006      3942   61.5848        46     1.22261     1.02682
   65      64      4062      3998   61.4988        56    0.916901     1.02978
   66      64      4117      4053   61.4001        55     1.34368     1.03087
   67      64      4173      4109   61.3194        56    0.830738     1.03264
   68      64      4228      4164   61.2264        55    0.647225     1.03415
   69      64      4284      4220   61.1505        56     0.60925     1.03463
   70      64      4334      4270   60.9911        50     3.65927     1.03645
   71      64      4384      4320   60.8362        50     1.08304     1.03955
   72      64      4435      4371   60.6995        51     1.18473     1.04089
   73      64      4493      4429   60.6624        58    0.603367     1.04295
   74      64      4542      4478   60.5047        49     3.57575     1.04468
   75      64      4593      4529   60.3779        51     1.13961     1.04625
   76      64      4645      4581   60.2676        52    0.535731      1.0471
   77      64      4698      4634   60.1731        53    0.970271     1.04983
   78      64      4746      4682   60.0169        48     5.38984     1.05082
   79      64      4795      4731   59.8774        49    0.995772     1.05589
2026-07-08T14:53:38.671871+0800 min lat: 0.0339825 max lat: 5.54724 avg lat: 1.05899
  sec Cur ops   started  finished  avg MB/s  cur MB/s last lat(s)  avg lat(s)
   80      64      4852      4788   59.8414        57    0.941649     1.05899
   81      64      4901      4837   59.7074        49     1.13053     1.06077
   82      64      4958      4894   59.6743        57    0.973376     1.06335
   83      64      5009      4945   59.5697        51    0.518839     1.06384
   84      64      5061      4997   59.4795        52    0.914413     1.06383
   85      64      5110      5046   59.3561        49     1.99258     1.06597
   86      64      5169      5105   59.3519        59    0.865398     1.06839
   87      64      5218      5154   59.2329        49    0.647669     1.07034
   88      64      5273      5209   59.1847        55    0.864127     1.07083
   89      64      5327      5263   59.1263        54     1.27341     1.07307
   90      64      5382      5318   59.0804        55    0.712664     1.07448
   91      64      5437      5373   59.0354        55     1.01307     1.07551
   92      64      5487      5423   58.9372        50    0.842867     1.07683
   93      64      5547      5483   58.9485        60     1.11698     1.07942
   94      64      5593      5529   58.8107        46     1.03412     1.08045
   95      64      5647      5583   58.7599        54    0.608546     1.08106
   96      64      5697      5633   58.6686        50     1.33321     1.08203
   97      64      5758      5694   58.6925        61     2.27136     1.08436
   98      64      5811      5747   58.6344        53      1.0976     1.08424
   99      64      5860      5796    58.537        49     1.05643     1.08542
2026-07-08T14:53:58.674699+0800 min lat: 0.0339825 max lat: 5.54724 avg lat: 1.08599
  sec Cur ops   started  finished  avg MB/s  cur MB/s last lat(s)  avg lat(s)
  100      64      5921      5857   58.5616        61    0.913582     1.08599
  101      64      5979      5915   58.5559        58     1.07538     1.08583
  102      64      6033      5969   58.5112        54     1.31736     1.08712
  103      64      6083      6019   58.4285        50     1.53042     1.08773
  104      64      6137      6073   58.3859        54     2.04722     1.08879
  105      64      6194      6130   58.3726        57    0.525949      1.0901
  106      64      6241      6177   58.2652        47    0.844041     1.09034
  107      64      6297      6233    58.244        56     1.15314     1.09137
  108      64      6359      6295   58.2787        62     1.08707     1.09199
  109      64      6404      6340   58.1568        45     1.25866     1.09223
  110      64      6469      6405   58.2189        65     1.08694      1.0942
  111      64      6522      6458   58.1718        53     1.73356     1.09355
  112      64      6584      6520    58.206        62     2.13414     1.09351
  113      64      6633      6569   58.1244        49    0.598688      1.0943
  114      64      6680      6616   58.0268        47     1.07374     1.09483
  115      64      6742      6678   58.0613        62    0.927739     1.09521
  116      64      6792      6728   57.9917        50       1.374     1.09661
  117      64      6854      6790   58.0259        62     1.13251     1.09846
  118      64      6905      6841   57.9663        51     1.22711     1.09793
  119      64      6957      6893   57.9161        52    0.898921      1.0974
2026-07-08T14:54:18.677412+0800 min lat: 0.0339825 max lat: 5.54724 avg lat: 1.09843
  sec Cur ops   started  finished  avg MB/s  cur MB/s last lat(s)  avg lat(s)
  120      64      7020      6956   57.9584        63     1.69469     1.09843
Total time run:         120.943
Total writes made:      7020
Write size:             1048576
Object size:            1048576
Bandwidth (MB/sec):     58.0439
Stddev Bandwidth:       15.4294
Max bandwidth (MB/sec): 110
Min bandwidth (MB/sec): 35
Average IOPS:           58
Stddev IOPS:            15.4294
Max IOPS:               110
Min IOPS:               35
Average Latency(s):     1.09884
Stddev Latency(s):      0.64177
Max latency(s):         5.54724
Min latency(s):         0.0339825
