hints = 1
Maintaining 64 concurrent writes of 65536 bytes to objects of size 65536 for up to 120 seconds or 0 objects
Object prefix: benchmark_data_tikv-node_1025767
  sec Cur ops   started  finished  avg MB/s  cur MB/s last lat(s)  avg lat(s)
    0       0         0         0         0         0           -           0
    1      64      1847      1783   111.419   111.438   0.0150746   0.0344661
    2      64      3646      3582   111.922   112.438  0.00768594   0.0350315
    3      64      5445      5381   112.089   112.438   0.0193317   0.0351638
    4      64      7245      7181   112.187     112.5  0.00735005   0.0353234
    5      64      9044      8980   112.234   112.438   0.0202459   0.0353936
    6      64     10845     10781   112.286   112.562  0.00743457   0.0353983
    7      64     12641     12577   112.278    112.25   0.0113858    0.035403
    8      64     14440     14376   112.297   112.438  0.00807324   0.0354628
    9      64     16193     16129   111.991   109.562   0.0217961   0.0354576
   10      64     17909     17845   111.516    107.25   0.0930845   0.0357258
   11      64     19707     19643   111.593   112.375   0.0974767   0.0357151
   12      64     21507     21443   111.667     112.5    0.100896   0.0356986
   13      64     23306     23242   111.725   112.438   0.0825244    0.035699
   14      64     25104     25040    111.77   112.375   0.0160742   0.0356924
   15      63     26480     26417   110.055   86.0625    0.167188   0.0361843
   16      64     27595     27531   107.528    69.625  0.00854935   0.0371066
   17      64     28768     28704   105.515   73.3125   0.0366473   0.0378743
   18      64     29611     29547   102.579   52.6875    0.109734   0.0387801
   19      64     30561     30497   100.305    59.375  0.00611267   0.0398132
2026-07-08T14:42:28.900871+0800 min lat: 0.00475735 max lat: 0.288679 avg lat: 0.0405935
  sec Cur ops   started  finished  avg MB/s  cur MB/s last lat(s)  avg lat(s)
   20      64     31489     31425   98.1893        58   0.0716878   0.0405935
   21      64     32318     32254   95.9803   51.8125   0.0172404   0.0415433
   22      64     33184     33120   94.0774    54.125    0.111439   0.0423676
   23      64     34042     33978   92.3182    53.625    0.234647   0.0430406
   24      64     34950     34886    90.836     56.75    0.075543   0.0438755
   25      64     35907     35843   89.5948   59.8125   0.0579936   0.0446141
   26      64     36745     36681   88.1629    52.375    0.103861   0.0451433
   27      63     37672     37609   87.0456        58   0.0257521   0.0459176
   28      64     38558     38494   85.9121   55.3125   0.0548684    0.046534
   29      64     39353     39289   84.6626   49.6875   0.0751147   0.0470602
   30      64     40276     40212   83.7632   57.6875   0.0202501   0.0475844
   31      64     41112     41048   82.7463     52.25    0.101093   0.0481744
   32      64     41883     41819   81.6661   48.1875   0.0260294   0.0486826
   33      64     42819     42755   80.9638      58.5    0.176945    0.049333
   34      64     43678     43614   80.1614   53.6875   0.0747067   0.0496565
   35      64     44559     44495   79.4441   55.0625    0.019063   0.0503244
   36      64     45402     45338   78.7007   52.6875   0.0101658   0.0507776
   37      64     46256     46192   78.0161    53.375  0.00631698   0.0511434
   38      64     47017     46953   77.2146   47.5625   0.0515697    0.051649
   39      64     47877     47813   76.6128     53.75    0.143144    0.052077
2026-07-08T14:42:48.903541+0800 min lat: 0.00388916 max lat: 0.361494 avg lat: 0.0524531
  sec Cur ops   started  finished  avg MB/s  cur MB/s last lat(s)  avg lat(s)
   40      64     48821     48757   76.1724        59   0.0345203   0.0524531
   41      64     49577     49513   75.4668     47.25    0.147444   0.0528712
   42      64     50357     50293   74.8305     48.75    0.156448   0.0533657
   43      63     51183     51120   74.2922   51.6875    0.248374   0.0537272
   44      64     52006     51942   73.7712    51.375    0.156386   0.0540138
   45      64     52977     52913   73.4803   60.6875   0.0554897   0.0543931
   46      64     53803     53739    73.005    51.625   0.0210532   0.0547556
   47      64     54652     54588   72.5806   53.0625  0.00991964   0.0550916
   48      64     55470     55406   72.1334    51.125   0.0232203   0.0553567
   49      64     56301     56237   71.7211   51.9375  0.00728207   0.0557341
   50      64     57111     57047    71.299    50.625   0.0553469    0.056023
   51      64     58044     57980   71.0441   58.3125   0.0680477   0.0562281
   52      64     58791     58727   70.5756   46.6875   0.0545856    0.056596
   53      64     59647     59583   70.2533      53.5   0.0224678   0.0568815
   54      64     60310     60246   69.7196   41.4375   0.0502688   0.0571916
   55      64     61336     61272   69.6177    64.125   0.0193086   0.0574346
   56      64     62095     62031   69.2215   47.4375   0.0077376   0.0577488
   57      64     62800     62736     68.78   44.0625    0.193461   0.0579578
   58      64     63850     63786   68.7254    65.625     0.05273   0.0581872
   59      64     64602     64538   68.3571        47   0.0486818   0.0584377
2026-07-08T14:43:08.906334+0800 min lat: 0.00388916 max lat: 0.361494 avg lat: 0.0587742
  sec Cur ops   started  finished  avg MB/s  cur MB/s last lat(s)  avg lat(s)
   60      64     65378     65314    68.026      48.5   0.0361712   0.0587742
   61      64     66213     66149   67.7662   52.1875    0.016026   0.0589297
   62      64     67183     67119   67.6509    60.625   0.0413679   0.0591197
   63      64     67872     67808   67.2605   43.0625   0.0397032   0.0593573
   64      64     68694     68630   67.0122    51.375  0.00982421   0.0595458
   65      64     69600     69536   66.8522    56.625    0.139052   0.0597781
   66      64     70441     70377   66.6356   52.5625    0.180012   0.0599796
   67      64     71384     71320   66.5205   58.9375    0.027868   0.0601019
   68      64     72216     72152   66.3069        52   0.0464167   0.0602826
   69      64     73062     72998   66.1121    52.875   0.0224413   0.0603927
   70      64     73827     73763   65.8506   47.8125   0.0557108   0.0606676
   71      64     74716     74652   65.7056   55.5625   0.0631253    0.060868
   72      64     75613     75549   65.5715   56.0625   0.0455466   0.0609283
   73      64     76462     76398   65.4001   53.0625    0.163321   0.0611363
   74      64     77190     77126   65.1311      45.5   0.0769471   0.0612464
   75      64     78151     78087   65.0634   60.0625    0.108276   0.0614586
   76      64     79066     79002   64.9597   57.1875   0.0428067   0.0615675
   77      64     79876     79812   64.7734    50.625   0.0195393   0.0617379
   78      64     80713     80649   64.6136   52.3125    0.102125   0.0618737
   79      64     81612     81548   64.5068   56.1875   0.0651648   0.0619356
2026-07-08T14:43:28.909194+0800 min lat: 0.00377145 max lat: 0.361494 avg lat: 0.0620278
  sec Cur ops   started  finished  avg MB/s  cur MB/s last lat(s)  avg lat(s)
   80      64     82432     82368    64.341     51.25   0.0700357   0.0620278
   81      64     83327     83263   64.2372   55.9375   0.0462074   0.0622408
   82      64     84259     84195   64.1641     58.25   0.0803548   0.0623152
   83      64     85188     85124   64.0905   58.0625  0.00961597   0.0623904
   84      64     85820     85756   63.7976      39.5   0.0849135    0.062546
   85      64     86798     86734   63.7661    61.125    0.148368   0.0626596
   86      64     87734     87670   63.7047      58.5   0.0547646   0.0627584
   87      64     88580     88516   63.5802    52.875   0.0136144    0.062841
   88      64     89361     89297   63.4123   48.8125    0.101085   0.0630042
   89      64     90216     90152   63.3001   53.4375    0.171127   0.0631098
   90      64     91214     91150   63.2898    62.375   0.0355539   0.0631818
   91      64     91969     91905   63.1128   47.1875    0.156673   0.0633376
   92      64     92755     92691   62.9606    49.125   0.0888801   0.0634214
   93      64     93763     93699    62.961        63    0.113984   0.0635145
   94      64     94512     94448   62.7891   46.8125   0.0995789    0.063545
   95      64     95427     95363   62.7301   57.1875    0.135122   0.0637431
   96      64     96319     96255   62.6573     55.75   0.0866592   0.0638111
   97      64     97195     97131   62.5757     54.75    0.016005   0.0639067
   98      64     97893     97829   62.3823    43.625    0.252084   0.0640244
   99      64     98940     98876   62.4131   65.4375   0.0683542    0.064079
2026-07-08T14:43:48.911945+0800 min lat: 0.00377145 max lat: 0.405977 avg lat: 0.0641349
  sec Cur ops   started  finished  avg MB/s  cur MB/s last lat(s)  avg lat(s)
  100      64     99695     99631   62.2607   47.1875    0.078997   0.0641349
  101      64    100597    100533   62.2024    56.375    0.022701   0.0642885
  102      64    101418    101354   62.0955   51.3125    0.127074   0.0643757
  103      64    102339    102275   62.0515   57.5625    0.129247   0.0644052
  104      64    103114    103050   61.9205   48.4375    0.128242   0.0644619
  105      64    104041    103977   61.8825   57.9375   0.0200938   0.0645854
  106      64    104881    104817   61.7939      52.5   0.0700792   0.0646522
  107      64    105897    105833   61.8097      63.5   0.0526302    0.064687
  108      64    106655    106591    61.676    47.375   0.0725027   0.0648105
  109      64    107565    107501   61.6319    56.875   0.0860705   0.0648527
  110      64    108408    108344   61.5505   52.6875   0.0974593    0.064898
  111      64    109361    109297   61.5325   59.5625    0.062513   0.0649737
  112      64    110218    110154   61.4613   53.5625   0.0725012    0.065062
  113      64    111122    111058   61.4173      56.5   0.0943838   0.0651233
  114      64    111838    111774   61.2711     44.75   0.0348843   0.0651198
  115      63    112856    112793   61.2921   63.6875   0.0111131   0.0652423
  116      64    113728    113664   61.2329   54.4375    0.103412   0.0653164
  117      64    114783    114719   61.2731   65.9375   0.0504656   0.0652607
  118      64    115952    115888   61.3729   73.0625   0.0091691   0.0651675
  119      64    116804    116740   61.3046     53.25   0.0376896   0.0652325
2026-07-08T14:44:08.914540+0800 min lat: 0.00377145 max lat: 0.432413 avg lat: 0.0652398
  sec Cur ops   started  finished  avg MB/s  cur MB/s last lat(s)  avg lat(s)
  120      32    117735    117703   61.2952   60.1875   0.0655624   0.0652398
Total time run:         120.086
Total writes made:      117735
Write size:             65536
Object size:            65536
Bandwidth (MB/sec):     61.2764
Stddev Bandwidth:       19.5427
Max bandwidth (MB/sec): 112.562
Min bandwidth (MB/sec): 39.5
Average IOPS:           980
Stddev IOPS:            312.684
Max IOPS:               1801
Min IOPS:               632
Average Latency(s):     0.0652496
Stddev Latency(s):      0.0603004
Max latency(s):         0.432413
Min latency(s):         0.00377145
