hints = 1
Maintaining 64 concurrent writes of 4194304 bytes to objects of size 4194304 for up to 120 seconds or 0 objects
Object prefix: benchmark_data_tikv-node_1087961
  sec Cur ops   started  finished  avg MB/s  cur MB/s last lat(s)  avg lat(s)
    0       0         0         0         0         0           -           0
    1      45        45         0         0         0           -           0
    2      63        70         7   13.9977        14     1.87082     1.77268
    3      63        97        34   45.3261       108     2.48075     2.22949
    4      63       124        61   60.9904       108     2.24037     2.31424
    5      63       149        86   68.7892       100     1.85278     2.26802
    6      63       175       112    74.655       104     1.84852     2.28209
    7      63       201       138    78.845       104     1.96128     2.35596
    8      63       227       164   81.9875       104     2.04179     2.38464
    9      63       252       189   83.9872       100     1.98585     2.40299
   10      63       278       215   85.9868       104     4.00022      2.3934
   11      63       304       241   87.6229       104     2.00039     2.40239
   12      63       326       263   87.6532        88     2.30569     2.42192
   13      63       336       273   83.9872        40     4.77756     2.44741
   14      63       342       279   79.7024        24     3.13063     2.47171
   15      63       359       296   78.9216        68     3.82517     2.54959
   16      63       373       310   77.4884        56     4.39816     2.63505
   17      63       387       324    76.224        56     7.17208     2.74234
   18      63       401       338   75.1001        56     4.70046     2.85347
   19      63       411       348   73.2524        40     8.35446     2.92335
2026-07-08T14:55:04.150786+0800 min lat: 1.66626 max lat: 8.35446 avg lat: 3.00184
  sec Cur ops   started  finished  avg MB/s  cur MB/s last lat(s)  avg lat(s)
   20      63       426       363   72.5893        60     4.45858     3.00184
   21      63       445       382    72.751        76     4.48852     3.08081
   22      63       454       391   71.0803        36     4.35929     3.11333
   23      63       466       403   70.0767        48     4.82065     3.16079
   24      63       479       416   69.3233        52     4.93737     3.21474
   25      63       498       435     69.59        76     4.46291     3.28372
   26      63       517       454   69.8361        76      4.1335     3.34398
   27      63       526       463   68.5828        36      4.5054     3.36525
   28      63       540       477   68.1331        56     4.01228     3.38923
   29      63       554       491   67.7144        56     4.27115     3.41195
   30      63       571       508   67.7236        68     4.23628     3.43351
   31      63       587       524   67.6031        64     4.06154     3.46885
   32      63       622       559   69.8649       140     2.82785     3.48262
   33      63       633       570   69.0809        44     3.28098     3.47739
   34      63       641       578   67.9901        32     3.21091     3.47367
   35      63       653       590   67.4188        48      3.7994     3.47855
   36      63       699       636   70.6565       184     2.73817     3.47287
   37      63       721       658   71.1249        88     1.81825     3.42397
   38      63       730       667   70.2004        36     2.83229     3.40852
   39      63       753       690    70.759        92     3.36975     3.41234
2026-07-08T14:55:24.153615+0800 min lat: 1.66626 max lat: 8.35446 avg lat: 3.41511
  sec Cur ops   started  finished  avg MB/s  cur MB/s last lat(s)  avg lat(s)
   40      63       763       700   69.9899        40     4.01238     3.41511
   41      63       771       708   69.0631        32     4.51762     3.42591
   42      63       787       724   68.9423        64     4.80882      3.4565
   43      63       821       758   70.5014       136     3.71959     3.47172
   44      63       828       765   69.5354        28     3.86721     3.47669
   45      63       840       777   69.0566        48     3.67619     3.48115
   46      63       868       805   69.9898       112     3.65723      3.4863
   47      63       876       813   69.1815        32     4.50093     3.49099
   48      63       890       827   68.9067        56     4.13516     3.50891
   49      63       904       841   68.6431        56     3.85887     3.51713
   50      63       929       866   69.2699       100      4.0272     3.52709
   51      63       936       873   68.4607        28     4.68294     3.53574
   52      63       953       890   68.4517        68     4.10484     3.55239
   53      63       974       911   68.7448        84     3.69954     3.56157
   54      63       979       916   67.8421        20     4.42684     3.56487
   55      63       996       933   67.8447        68     4.41256     3.58861
   56      63      1007       944   67.4188        44     4.09597     3.59565
   57      63      1019       956    67.078        48     4.47267     3.60615
   58      63      1033       970   66.8869        56     5.05659     3.62291
   59      63      1048       985     66.77        60     4.41057     3.64221
2026-07-08T14:55:44.156544+0800 min lat: 1.66626 max lat: 8.35446 avg lat: 3.65776
  sec Cur ops   started  finished  avg MB/s  cur MB/s last lat(s)  avg lat(s)
   60      63      1065      1002   66.7903        68     4.60942     3.65776
   61      63      1077      1014   66.4821        48     4.78466     3.67046
   62      63      1090      1027   66.2484        52     4.56853     3.68357
   63      63      1105      1042   66.1491        60     4.50588     3.69622
   64      63      1118      1055   65.9279        52     4.71342     3.70818
   65      63      1133      1070   65.8366        60     4.44097     3.72217
   66      63      1148      1085    65.748        60     4.53273     3.73414
   67      63      1162      1099   65.6024        56     4.39051     3.74294
   68      63      1177      1114   65.5199        60      4.4559     3.75368
   69      63      1188      1125   65.2079        44     4.56582     3.76258
   70      63      1203      1140   65.1334        60     4.51228     3.77139
   71      63      1217      1154   65.0046        56     4.41869       3.778
   72      63      1236      1173   65.1572        76     4.10927     3.78976
   73      63      1245      1182   64.7577        36     4.25415     3.79425
   74      63      1279      1216   65.7201       136     3.27534     3.79947
   75      63      1287      1224   65.2705        32     3.24295     3.79527
   76      63      1295      1232   64.8326        32     4.22421     3.79572
   77      63      1313      1250   64.9256        72     3.82325     3.79673
   78      63      1329      1266   64.9136        64     4.37625     3.80094
   79      63      1339      1276   64.5982        40     5.25602     3.81052
2026-07-08T14:56:04.159477+0800 min lat: 1.66626 max lat: 8.35446 avg lat: 3.82609
  sec Cur ops   started  finished  avg MB/s  cur MB/s last lat(s)  avg lat(s)
   80      63      1354      1291   64.5406        60     4.77552     3.82609
   81      63      1370      1307   64.5338        64      4.5487     3.83484
   82      63      1380      1317   64.2345        40     4.67671     3.84118
   83      63      1399      1336   64.3762        76     4.21122     3.85145
   84      63      1410      1347   64.1335        44     4.35503     3.85584
   85      63      1428      1365   64.2259        72      4.3598     3.86013
   86      63      1444      1381   64.2232        64      4.0389     3.86447
   87      63      1457      1394   64.0826        52     3.98517     3.86658
   88      63      1490      1427   64.8542       132     3.45282      3.8661
   89      63      1499      1436   64.5299        36     3.66528     3.86313
   90      63      1507      1444   64.1684        32     3.85803      3.8634
   91      63      1520      1457   64.0346        52     4.07417     3.86519
   92      63      1542      1479    64.295        88     4.13388     3.86405
   93      63      1552      1489   64.0337        40     5.11671     3.87053
   94      63      1570      1507   64.1183        72     4.14171     3.88017
   95      63      1581      1518   63.9065        44     4.22818     3.88316
   96      63      1595      1532    63.824        56     4.66916     3.88719
   97      63      1609      1546   63.7433        56      4.6592     3.89573
   98      63      1622      1559   63.6234        52     4.61679     3.90146
   99      63      1644      1581   63.8695        88     3.97319     3.90905
2026-07-08T14:56:24.162444+0800 min lat: 1.66626 max lat: 8.35446 avg lat: 3.91018
  sec Cur ops   started  finished  avg MB/s  cur MB/s last lat(s)  avg lat(s)
  100      63      1647      1584   63.3507        12      4.7127     3.91018
  101      63      1665      1602   63.4363        72     4.53804     3.91822
  102      63      1700      1637   64.1867       140     3.44148     3.92184
  103      63      1712      1649   64.0294        48     2.65769     3.91767
  104      63      1719      1656    63.683        28     3.64259     3.91549
  105      63      1737      1674   63.7621        72     3.39866     3.91341
  106      63      1748      1685   63.5756        44     4.05065     3.91183
  107      63      1762      1699   63.5047        56     4.88838     3.91576
  108      63      1778      1715   63.5092        64     4.72007     3.92639
  109      63      1793      1730    63.477        60     4.26253     3.93149
  110      63      1807      1744   63.4089        56     4.56676     3.93544
  111      63      1819      1756     63.27        48     4.77294     3.93985
  112      63      1834      1771   63.2407        60     4.59725     3.94682
  113      63      1848      1785   63.1766        56      4.4617     3.95114
  114      63      1856      1793   62.9031        32     5.05265     3.95531
  115      63      1873      1810   62.9474        68     4.69889      3.9654
  116      63      1889      1826   62.9564        64     4.47957     3.97183
  117      63      1901      1838   62.8284        48     4.86098     3.97746
  118      63      1912      1849   62.6688        44      4.9864     3.98229
  119      63      1925      1862   62.5791        52     4.52708     3.98619
2026-07-08T14:56:44.165307+0800 min lat: 1.66626 max lat: 8.35446 avg lat: 3.99263
  sec Cur ops   started  finished  avg MB/s  cur MB/s last lat(s)  avg lat(s)
  120      63      1943      1880   62.6575        72     4.49107     3.99263
  121      13      1944      1931   63.8254       204     2.65775      3.9606
Total time run:         121.564
Total writes made:      1944
Write size:             4194304
Object size:            4194304
Bandwidth (MB/sec):     63.9665
Stddev Bandwidth:       31.8238
Max bandwidth (MB/sec): 204
Min bandwidth (MB/sec): 0
Average IOPS:           15
Stddev IOPS:            7.96258
Max IOPS:               51
Min IOPS:               0
Average Latency(s):     3.94573
Stddev Latency(s):      0.966461
Max latency(s):         8.35446
Min latency(s):         1.07496
