hints = 1
Maintaining 16 concurrent writes of 262144 bytes to objects of size 262144 for up to 300 seconds or 0 objects
Object prefix: benchmark_data_tikv-node_900507
  sec Cur ops   started  finished  avg MB/s  cur MB/s last lat(s)  avg lat(s)
    0       0         0         0         0         0           -           0
    1      16       457       441   110.237    110.25   0.0204188   0.0355646
    2      16       905       889   111.112       112   0.0388835   0.0356512
    3      16      1351      1335   111.237     111.5   0.0181746   0.0356571
    4      16      1798      1782   111.362    111.75   0.0774206   0.0356783
    5      16      2248      2232   111.587     112.5   0.0608835   0.0356946
    6      16      2694      2678    111.57     111.5   0.0241607   0.0356594
    7      16      3140      3124   111.558     111.5   0.0513232   0.0357383
    8      16      3587      3571    111.58    111.75   0.0189808   0.0357334
    9      16      4033      4017   111.569     111.5    0.026552   0.0357357
   10      16      4481      4465   111.611       112   0.0377495     0.03574
   11      16      4930      4914   111.668    112.25   0.0307436   0.0357576
   12      16      5377      5361   111.674    111.75   0.0710876   0.0357362
   13      16      5827      5811   111.736     112.5   0.0139228    0.035731
   14      16      6271      6255   111.683       111   0.0431655   0.0357477
   15      16      6722      6706   111.753    112.75   0.0297901   0.0357457
   16      16      7170      7154   111.767       112    0.041126   0.0357395
   17      16      7618      7602    111.78       112   0.0279348   0.0357298
   18      16      8067      8051   111.805    112.25   0.0177998   0.0357147
   19      16      8515      8499   111.815       112   0.0419736   0.0357271
2026-07-08T14:18:08.701692+0800 min lat: 0.0110376 max lat: 0.118017 avg lat: 0.0357276
  sec Cur ops   started  finished  avg MB/s  cur MB/s last lat(s)  avg lat(s)
   20      16      8960      8944   111.786    111.25   0.0264016   0.0357276
   21      16      9187      9171   109.165     56.75   0.0670861   0.0365663
   22      16      9427      9411   106.929        60   0.0797645    0.037322
   23      16      9638      9622   104.574     52.75   0.0722663   0.0381869
   24      16      9856      9840   102.487      54.5   0.0751177   0.0389659
   25      16     10077     10061   100.597     55.25   0.0741549    0.039664
   26      16     10301     10285   98.8817        56   0.0734908   0.0403892
   27      16     10516     10500   97.2098     53.75   0.0705272   0.0410915
   28      16     10744     10728   95.7735        57   0.0747488   0.0417067
   29      16     10958     10942   94.3155      53.5   0.0797895   0.0423397
   30      16     11171     11155   92.9465     53.25   0.0740484   0.0429719
   31      16     11389     11373   91.7061      54.5   0.0668742   0.0435596
   32      16     11616     11600   90.6135     56.75   0.0664175   0.0440737
   33      16     11815     11799   89.3751     49.75   0.0733591   0.0446984
   34      16     12024     12008    88.283     52.25   0.0728634    0.045246
   35      16     12252     12236    87.389        57   0.0662321    0.045717
   36      16     12465     12449   86.4405     53.25   0.0799182   0.0462169
   37      16     12671     12655    85.496      51.5   0.0803213    0.046732
   38      16     12893     12877   84.7064      55.5   0.0703571   0.0471665
   39      16     13153     13137   84.2009        65   0.0326856    0.047472
2026-07-08T14:18:28.704243+0800 min lat: 0.0103035 max lat: 0.208011 avg lat: 0.0477948
  sec Cur ops   started  finished  avg MB/s  cur MB/s last lat(s)  avg lat(s)
   40      16     13394     13378   83.6019     60.25   0.0721079   0.0477948
   41      16     13609     13593   82.8736     53.75   0.0675261   0.0482151
   42      16     13837     13821   82.2573        57   0.0704066   0.0485747
   43      16     14102     14086   81.8848     66.25   0.0828611   0.0487948
   44      16     14308     14292   81.1941      51.5   0.0740452    0.049209
   45      16     14527     14511   80.6062     54.75   0.0762308   0.0495755
   46      16     14794     14778   80.3049     66.75   0.0449954   0.0497832
   47      16     15049     15033   79.9525     63.75   0.0718224    0.049983
   48      16     15261     15245   79.3908        53   0.0676881   0.0503393
   49      16     15486     15470   78.9184     56.25   0.0680472   0.0506423
   50      16     15689     15673   78.3548     50.75   0.0805808   0.0509916
   51      16     15900     15884   77.8526     52.75   0.0718998   0.0513333
   52      16     16124     16108   77.4323        56   0.0652062   0.0516153
   53      16     16365     16349   77.1079     60.25   0.0807341   0.0518246
   54      16     16562     16546   76.5919     49.25   0.0732573    0.052181
   55      16     16778     16762   76.1811        54   0.0683853    0.052467
   56      16     17006     16990   75.8384        57   0.0684444   0.0527033
   57      16     17233     17217   75.5033     56.75   0.0794559   0.0529289
   58      16     17441     17425    75.098        52   0.0732773    0.053224
   59      16     17665     17649   74.7741        56    0.068357   0.0534534
2026-07-08T14:18:48.707024+0800 min lat: 0.00969183 max lat: 0.226534 avg lat: 0.0534128
  sec Cur ops   started  finished  avg MB/s  cur MB/s last lat(s)  avg lat(s)
   60      16     17980     17964   74.8402     78.75   0.0297503   0.0534128
   61      16     18432     18416   75.4655       113   0.0333704   0.0529799
   62      15     18690     18675   75.2926     64.75   0.0674111   0.0530888
   63      16     18920     18904   75.0061     57.25   0.0680094   0.0532894
   64      16     19142     19126   74.7012      55.5   0.0722774   0.0535117
   65      16     19349     19333   74.3479     51.75   0.0823355   0.0537606
   66      16     19576     19560   74.0812     56.75   0.0687795   0.0539567
   67      16     19906     19890   74.2067      82.5   0.0256959   0.0538753
   68      16     20278     20262   74.4828        93    0.074109   0.0536663
   69      16     20506     20490   74.2293        57   0.0678987   0.0538536
   70      16     20733     20717   73.9795     56.75   0.0673245   0.0540319
   71      16     20948     20932   73.6945     53.75   0.0753537   0.0542439
   72      16     21151     21135   73.3757     50.75   0.0730453   0.0544756
   73      16     21375     21359   73.1376        56   0.0689969   0.0546562
   74      16     21725     21709   73.3315      87.5   0.0252803   0.0545236
   75      16     22168     22152   73.8302    110.75   0.0306294   0.0541489
   76      16     22568     22552   74.1744       100   0.0684438   0.0538938
   77      16     22794     22778   73.9447      56.5   0.0686926   0.0540607
   78      16     23009     22993   73.6857     53.75   0.0769453   0.0542505
   79      16     23225     23209   73.4364        54   0.0692961   0.0544369
2026-07-08T14:19:08.709818+0800 min lat: 0.00968232 max lat: 0.226534 avg lat: 0.0545886
  sec Cur ops   started  finished  avg MB/s  cur MB/s last lat(s)  avg lat(s)
   80      16     23453     23437   73.2309        57   0.0678243   0.0545886
   81      16     23795     23779   73.3822      85.5   0.0327726   0.0544862
   82      16     24157     24141   73.5908      90.5   0.0819459   0.0543204
   83      16     24387     24371   73.3969      57.5   0.0658388   0.0544664
   84      16     24615     24599   73.2016        57   0.0712911   0.0546127
   85      16     24841     24825    73.005      56.5   0.0829571   0.0547545
   86      16     25050     25034   72.7636     52.25   0.0823001   0.0549406
   87      16     25277     25261   72.5795     56.75   0.0675845   0.0550797
   88      16     25631     25615   72.7603      88.5   0.0177203    0.054952
   89      16     26079     26063    73.201       112   0.0602351   0.0546213
   90      16     26305     26289   73.0153      56.5   0.0673029   0.0547526
   91      16     26533     26517   72.8393        57   0.0710841   0.0548847
   92      16     26771     26755   72.6942      59.5   0.0707334   0.0549939
   93      16     26985     26969   72.4877      53.5   0.0812016   0.0551499
   94      16     27214     27198   72.3255     57.25   0.0675924   0.0552768
   95      16     27438     27422   72.1536        56     0.08922   0.0554033
   96      16     27640     27624    71.928      50.5   0.0754488    0.055582
   97      16     27857     27841   71.7456     54.25   0.0676202   0.0557225
   98      16     28082     28066   71.5874     56.25    0.078156   0.0558404
   99      16     28328     28312   71.4854      61.5   0.0717607   0.0559277
2026-07-08T14:19:28.712498+0800 min lat: 0.00869622 max lat: 0.226534 avg lat: 0.0560708
  sec Cur ops   started  finished  avg MB/s  cur MB/s last lat(s)  avg lat(s)
  100      16     28541     28525    71.303     53.25   0.0699411   0.0560708
  101      16     28770     28754   71.1638     57.25   0.0688832   0.0561822
  102      16     29138     29122    71.368        92     0.06597   0.0560298
  103      16     29496     29480   71.5439      89.5   0.0730708   0.0558806
  104      16     29716     29700   71.3847        55    0.075586   0.0560097
  105      15     29958     29943   71.2834     60.75   0.0328734   0.0560985
  106      16     30241     30225   71.2758      70.5   0.0737572   0.0560935
  107      16     30448     30432   71.0933     51.75    0.073792   0.0562361
  108      16     30677     30661   70.9651     57.25   0.0709852   0.0563403
  109      16     30931     30915   70.8965      63.5   0.0890928   0.0563899
  110      16     31132     31116   70.7087     50.25   0.0764015   0.0565413
  111      16     31352     31336   70.5671        55    0.066683   0.0566601
  112      16     31596     31580   70.4817        61   0.0333392   0.0567339
  113      16     31878     31862   70.4817      70.5   0.0827768    0.056723
  114      16     32090     32074   70.3283        53   0.0718257     0.05685
  115      16     32316     32300    70.208      56.5   0.0763266   0.0569484
  116      16     32533     32517   70.0704     54.25   0.0896968   0.0570561
  117      16     32734     32718   69.9009     50.25   0.0754705   0.0571984
  118      16     32955     32939   69.7767     55.25   0.0686275   0.0573019
  119      16     33179     33163   69.6609        56   0.0639116   0.0573972
2026-07-08T14:19:48.715127+0800 min lat: 0.00869622 max lat: 0.226534 avg lat: 0.0575029
  sec Cur ops   started  finished  avg MB/s  cur MB/s last lat(s)  avg lat(s)
  120      16     33395     33379   69.5303        54   0.0800492   0.0575029
  121      16     33609     33593   69.3978      53.5   0.0766178    0.057612
  122      16     33840     33824   69.3023     57.75   0.0688986   0.0576953
  123      16     34091     34075   69.2489     62.75   0.0833027   0.0577374
  124      16     34298     34282   69.1078     51.75   0.0838278   0.0578562
  125      16     34518     34502   68.9949        55   0.0791679   0.0579502
  126      15     34771     34756   68.9512      63.5   0.0536866   0.0579963
  127      16     34982     34966   68.8216      52.5    0.073688   0.0580977
  128      16     35193     35177   68.6959     52.75   0.0685226   0.0582066
  129      16     35421     35405   68.6052        57   0.0684145   0.0582827
  130      16     35800     35784   68.8063     94.75   0.0260523    0.058117
  131      16     36140     36124   68.9298        85   0.0721375   0.0580074
  132      16     36364     36348   68.8318        56    0.068014   0.0580917
  133      16     36629     36613   68.8123     66.25   0.0292358   0.0581131
  134      16     36904     36888   68.8118     68.75   0.0788525   0.0581047
  135      16     37119     37103   68.7001     53.75   0.0669032   0.0582009
  136      16     37348     37332   68.6159     57.25   0.0671916   0.0582747
  137      16     37726     37710   68.8047      94.5   0.0824924   0.0581132
  138      16     37932     37916   68.6793      51.5   0.0741044    0.058218
  139      16     38156     38140    68.588        56   0.0687417   0.0582981
2026-07-08T14:20:08.717829+0800 min lat: 0.00869622 max lat: 0.226534 avg lat: 0.0582885
  sec Cur ops   started  finished  avg MB/s  cur MB/s last lat(s)  avg lat(s)
  140      16     38440     38424   68.6051        71   0.0388095   0.0582885
  141      16     38745     38729   68.6593     76.25   0.0721905   0.0582354
  142      16     38965     38949    68.563        55   0.0669677   0.0583201
  143      16     39193     39177   68.4821        57   0.0683452   0.0583893
  144      16     39527     39511   68.5863      83.5   0.0744077   0.0582984
  145      16     39732     39716   68.4667     51.25   0.0742521   0.0583997
  146      16     39957     39941    68.383     56.25   0.0664554    0.058473
  147      16     40267     40251    68.445      77.5   0.0973628   0.0584223
  148      16     40582     40566   68.5146     78.75    0.069698   0.0583609
  149      16     40811     40795   68.4389     57.25   0.0670521   0.0584246
  150      16     41052     41036   68.3843     60.25   0.0674687   0.0584708
  151      16     41281     41265   68.3105     57.25   0.0681843   0.0585371
  152      16     41511     41495   68.2393      57.5   0.0675501   0.0585968
  153      16     41742     41726   68.1707     57.75   0.0677637   0.0586562
  154      16     41983     41967   68.1192     60.25    0.066855   0.0586999
  155      16     42205     42189   68.0378      55.5    0.068399   0.0587716
  156      16     42433     42417    67.967        57   0.0674215   0.0588328
  157      16     42670     42654   67.9114     59.25   0.0672646   0.0588801
  158      16     42895     42879   67.8375     56.25    0.104969   0.0589424
  159      16     43126     43110    67.774     57.75   0.0676198   0.0589997
2026-07-08T14:20:28.720404+0800 min lat: 0.00869622 max lat: 0.226534 avg lat: 0.0590568
  sec Cur ops   started  finished  avg MB/s  cur MB/s last lat(s)  avg lat(s)
  160      16     43354     43338   67.7066        57   0.0752667   0.0590568
  161      16     43591     43575   67.6541     59.25   0.0674215   0.0591031
  162      16     43825     43809   67.5975      58.5   0.0676168   0.0591544
  163      16     44055     44039   67.5355      57.5   0.0668528   0.0592077
  164      16     44289     44273   67.4803      58.5   0.0648851   0.0592581
  165      16     44530     44514   67.4365     60.25    0.069393   0.0592963
  166      16     44750     44734   67.3615        55   0.0705608   0.0593593
  167      16     44981     44965   67.3039     57.75   0.0665081   0.0594123
  168      16     45217     45201   67.2544        59   0.0659626   0.0594558
  169      16     45453     45437   67.2055        59   0.0652032   0.0595011
  170      16     45681     45665   67.1455        57   0.0666573   0.0595532
  171      16     45911     45895    67.089      57.5   0.0668507   0.0596024
  172      16     46150     46134   67.0463     59.75   0.0673447   0.0596424
  173      16     46373     46357   66.9809     55.75   0.0773878   0.0596994
  174      16     46602     46586    66.925     57.25     0.06759   0.0597496
  175      16     46839     46823    66.881     59.25   0.0641712   0.0597912
  176      16     47067     47051   66.8249        57   0.0660827   0.0598385
  177      16     47299     47283   66.7749        58   0.0674075   0.0598856
  178      16     47529     47513   66.7228      57.5   0.0641195   0.0599317
  179      16     47770     47754   66.6866     60.25   0.0644353   0.0599643
2026-07-08T14:20:48.723230+0800 min lat: 0.00869622 max lat: 0.226534 avg lat: 0.0600174
  sec Cur ops   started  finished  avg MB/s  cur MB/s last lat(s)  avg lat(s)
  180      16     47994     47978   66.6272        56   0.0688957   0.0600174
  181      16     48224     48208   66.5767      57.5   0.0743354   0.0600608
  182      16     48461     48445   66.5364     59.25   0.0646328      0.0601
  183      16     48698     48682   66.4966     59.25   0.0806855    0.060131
  184      16     48926     48910   66.4449        57   0.0680795   0.0601833
  185      16     49153     49137   66.3925     56.75   0.0765686   0.0602284
  186      16     49396     49380   66.3621     60.75   0.0574789   0.0602575
  187      16     49617     49601   66.3026     55.25   0.0697642   0.0603099
  188      16     49839     49823   66.2451      55.5   0.0650969    0.060364
  189      16     50072     50056   66.2028     58.25   0.0659564   0.0604024
  190      16     50314     50298   66.1727      60.5    0.066094   0.0604301
  191      16     50540     50524    66.122      56.5   0.0674265    0.060475
  192      16     50769     50753   66.0758     57.25   0.0659466   0.0605178
  193      16     50999     50983   66.0313      57.5   0.0669807   0.0605593
  194      16     51237     51221   65.9976      59.5   0.0677866     0.06059
  195      16     51468     51452   65.9552     57.75   0.0669693   0.0606295
  196      16     51699     51683   65.9133     57.75   0.0611269   0.0606693
  197      16     51937     51921   65.8808      59.5   0.0717543   0.0606981
  198      16     52145     52129   65.8106        52   0.0678221   0.0607639
  199      16     52371     52355   65.7638      56.5   0.0767089   0.0608037
2026-07-08T14:21:08.726054+0800 min lat: 0.00869622 max lat: 0.226534 avg lat: 0.0608395
  sec Cur ops   started  finished  avg MB/s  cur MB/s last lat(s)  avg lat(s)
  200      16     52606     52590   65.7287     58.75   0.0648261   0.0608395
  201      16     52839     52823   65.6914     58.25   0.0663589   0.0608724
  202      16     53060     53044   65.6397     55.25   0.0751176   0.0609215
  203      16     53291     53275   65.6008     57.75   0.0672588   0.0609587
  204      16     53530     53514   65.5721     59.75   0.0475529   0.0609874
  205      16     53743     53727   65.5119     53.25   0.0670365   0.0610403
  206      16     53973     53957    65.473      57.5   0.0666474    0.061077
  207      16     54206     54190    65.438     58.25   0.0696292   0.0611087
  208      16     54441     54425   65.4059     58.75   0.0719324   0.0611399
  209      16     54662     54646   65.3572     55.25   0.0673571   0.0611855
  210      16     54890     54874   65.3174        57   0.0692097   0.0612215
  211      16     55129     55113    65.291     59.75   0.0648066   0.0612472
  212      16     55354     55338   65.2483     56.25   0.0741264   0.0612852
  213      16     55574     55558   65.2002        55   0.0687615   0.0613316
  214      16     55800     55784   65.1595      56.5   0.0633481   0.0613718
  215      16     56040     56024   65.1355        60   0.0550481   0.0613954
  216      16     56261     56245   65.0897     55.25   0.0670751   0.0614351
  217      16     56489     56473   65.0524        57   0.0753483   0.0614697
  218      16     56723     56707   65.0223      58.5   0.0671883   0.0615008
  219      16     56941     56925   64.9742      54.5   0.0745998   0.0615434
2026-07-08T14:21:28.728549+0800 min lat: 0.00867722 max lat: 0.226534 avg lat: 0.061582
  sec Cur ops   started  finished  avg MB/s  cur MB/s last lat(s)  avg lat(s)
  220      16     57168     57152   64.9368     56.75   0.0678258    0.061582
  221      16     57398     57382   64.9031      57.5   0.0663646   0.0616141
  222      16     57639     57623   64.8821     60.25    0.055717   0.0616341
  223      16     57857     57841   64.8355      54.5   0.0670927   0.0616764
  224      16     58088     58072   64.8038     57.75   0.0683678   0.0617083
  225      16     58324     58308    64.778        59   0.0662224   0.0617343
  226      16     58559     58543   64.7513     58.75   0.0808964   0.0617569
  227      16     58781     58765   64.7105      55.5   0.0674073   0.0617974
  228      15     59008     58993   64.6767        57   0.0667573   0.0618302
  229      16     59246     59230   64.6529     59.25   0.0666722   0.0618528
  230      16     59475     59459   64.6207     57.25   0.0675693    0.061882
  231      16     59704     59688   64.5888     57.25   0.0678693   0.0619131
  232      16     59936     59920   64.5603        58   0.0637612   0.0619413
  233      16     60161     60145   64.5246     56.25   0.0741175   0.0619745
  234      16     60382     60366    64.485     55.25   0.0657989   0.0620133
  235      16     60613     60597   64.4563     57.75   0.0713662   0.0620422
  236      16     60852     60836   64.4363     59.75   0.0686728   0.0620599
  237      16     61120     61104   64.4471        67   0.0725827   0.0620501
  238      16     61348     61332   64.4158        57   0.0688114   0.0620816
  239      16     61579     61563   64.3878     57.75   0.0659208   0.0621083
2026-07-08T14:21:48.731243+0800 min lat: 0.00814515 max lat: 0.226534 avg lat: 0.0621317
  sec Cur ops   started  finished  avg MB/s  cur MB/s last lat(s)  avg lat(s)
  240      16     61813     61797   64.3633      58.5   0.0682993   0.0621317
  241      16     62030     62014   64.3213     54.25   0.0714092   0.0621716
  242      16     62258     62242    64.291        57   0.0680993   0.0622003
  243      16     62495     62479   64.2702     59.25   0.0669512   0.0622213
  244      16     62728     62712   64.2455     58.25   0.0748364   0.0622451
  245      16     62947     62931   64.2067     54.75   0.0788473   0.0622828
  246      16     63176     63160   64.1784     57.25   0.0671344   0.0623106
  247      16     63411     63395   64.1564     58.75      0.0723   0.0623347
  248      16     63629     63613   64.1175      54.5   0.0689652   0.0623697
  249      16     63857     63841   64.0888        57   0.0657495   0.0623981
  250      16     64095     64079   64.0704      59.5   0.0729301   0.0624166
  251      16     64324     64308   64.0432     57.25   0.0712616   0.0624412
  252      16     64547     64531   64.0103     55.75   0.0684576    0.062474
  253      16     64777     64761   63.9845      57.5   0.0664941   0.0625007
  254      16     65015     64999   63.9668      59.5   0.0657384   0.0625176
  255      16     65259     65243   63.9552        61   0.0810099   0.0625264
  256      16     65488     65472   63.9289     57.25   0.0663371   0.0625536
  257      16     65723     65707   63.9088     58.75   0.0650933   0.0625746
  258      16     66012     65996   63.9411     72.25   0.0701228   0.0625425
  259      16     66232     66216   63.9065        55   0.0659452   0.0625753
2026-07-08T14:22:08.733937+0800 min lat: 0.00814515 max lat: 0.226534 avg lat: 0.0626013
  sec Cur ops   started  finished  avg MB/s  cur MB/s last lat(s)  avg lat(s)
  260      16     66461     66445   63.8809     57.25   0.0672671   0.0626013
  261      16     66697     66681   63.8621        59   0.0668259   0.0626195
  262      16     66986     66970   63.8941     72.25   0.0719472   0.0625884
  263      16     67213     67197   63.8669     56.75     0.06912   0.0626149
  264      16     67445     67429   63.8447        58    0.065192   0.0626372
  265      16     67727     67711   63.8698      70.5   0.0136932   0.0626143
  266      16     67967     67951   63.8552        60   0.0679639   0.0626257
  267      16     68198     68182   63.8323     57.75   0.0670668   0.0626499
  268      16     68433     68417   63.8133     58.75     0.06542   0.0626673
  269      16     68734     68718   63.8558     75.25   0.0718668    0.062625
  270      16     68958     68942   63.8266        56   0.0682254   0.0626555
  271      16     69185     69169   63.8005     56.75   0.0731475     0.06268
  272      16     69446     69430   63.8058     65.25   0.0510112   0.0626788
  273      16     69666     69650   63.7735        55   0.0799705    0.062707
  274      16     69886     69870   63.7415        55   0.0695271   0.0627378
  275      16     70114     70098   63.7169        57   0.0684837    0.062762
  276      16     70514     70498   63.8484       100   0.0267843   0.0626355
  277      16     70962     70946   64.0221       112   0.0866574   0.0624652
  278      16     71407     71391    64.192    111.25   0.0117363   0.0623003
  279      16     71736     71720   64.2566     82.25   0.0543975   0.0622386
2026-07-08T14:22:28.736626+0800 min lat: 0.00814515 max lat: 0.226534 avg lat: 0.0622688
  sec Cur ops   started  finished  avg MB/s  cur MB/s last lat(s)  avg lat(s)
  280      16     71953     71937   64.2209     54.25    0.074201   0.0622688
  281      16     72179     72163   64.1934      56.5   0.0693136   0.0622976
  282      16     72410     72394   64.1705     57.75   0.0714159   0.0623197
  283      16     72639     72623    64.146     57.25   0.0751743    0.062342
  284      16     72845     72829   64.1015      51.5   0.0708133   0.0623869
  285      16     73051     73035   64.0572      51.5   0.0737328   0.0624283
  286      16     73281     73265   64.0343      57.5   0.0668442   0.0624522
  287      16     73501     73485   64.0028        55   0.0782777   0.0624821
  288      16     73705     73689   63.9576        51   0.0759587   0.0625252
  289      16     73923     73907   63.9248      54.5   0.0673572   0.0625592
  290      16     74149     74133   63.8992      56.5   0.0684961   0.0625841
  291      16     74375     74359   63.8737      56.5   0.0801597   0.0626079
  292      16     74590     74574   63.8391     53.75   0.0717437   0.0626427
  293      16     74813     74797   63.8114     55.75   0.0695056   0.0626701
  294      16     75039     75023   63.7865      56.5   0.0670615   0.0626947
  295      16     75235     75219   63.7364        49   0.0827844   0.0627422
  296      16     75445     75429   63.6984      52.5   0.0672179   0.0627815
  297      16     75673     75657   63.6758        57   0.0677466   0.0628043
  298      16     75890     75874   63.6442     54.25   0.0711932   0.0628343
  299      16     76105     76089   63.6111     53.75   0.0702898   0.0628674
2026-07-08T14:22:48.739343+0800 min lat: 0.00814515 max lat: 0.239823 avg lat: 0.0628938
  sec Cur ops   started  finished  avg MB/s  cur MB/s last lat(s)  avg lat(s)
  300       7     76319     76312   63.5848     55.75   0.0706179   0.0628938
Total time run:         300.075
Total writes made:      76319
Write size:             262144
Object size:            262144
Bandwidth (MB/sec):     63.5832
Stddev Bandwidth:       16.817
Max bandwidth (MB/sec): 113
Min bandwidth (MB/sec): 49
Average IOPS:           254
Stddev IOPS:            67.2678
Max IOPS:               452
Min IOPS:               196
Average Latency(s):     0.0628949
Stddev Latency(s):      0.0210568
Max latency(s):         0.239823
Min latency(s):         0.00814515
