hints = 1
  sec Cur ops   started  finished  avg MB/s  cur MB/s last lat(s)  avg lat(s)
    0       0         0         0         0         0           -           0
    1      64       446       382   95.4766      95.5  0.00767663    0.151377
    2      64       748       684   85.4833      75.5   0.0463141    0.177477
    3      63      1116      1053   87.7345     92.25     0.18669    0.177631
    4      64      1472      1408   87.9851     88.75    0.234621    0.177811
    5      64      1822      1758   87.8853      87.5    0.267291    0.178659
    6      64      2177      2113   88.0277     88.75    0.293265    0.178439
    7      64      2453      2389   85.3078        69    0.242157     0.18077
    8      64      2838      2774   86.6743     96.25    0.317581    0.181763
    9      64      3277      3213    89.237    109.75    0.135745    0.176646
   10      64      3696      3632   90.7871    104.75    0.170569    0.174729
   11      64      4105      4041    91.828    102.25  0.00939651    0.172116
   12      64      4555      4491   93.5493     112.5    0.352622    0.169163
   13      64      5001      4937    94.929     111.5   0.0245479    0.166476
   14      64      5348      5284   94.3441     86.75   0.0981212    0.168221
   15      64      5725      5661   94.3372     94.25   0.0263552    0.167989
   16      64      6075      6011   93.9093      87.5   0.0831852     0.16945
   17      64      6423      6359   93.5023        87    0.227257    0.170005
   18      64      6800      6736   93.5431     94.25   0.0803673    0.170007
   19      64      7190      7126   93.7507      97.5    0.157883    0.169757
2026-07-08T15:30:40.251591+0800 min lat: 0.0050481 max lat: 0.649903 avg lat: 0.170451
  sec Cur ops   started  finished  avg MB/s  cur MB/s last lat(s)  avg lat(s)
   20      64      7534      7470   93.3626        86    0.295174    0.170451
   21      64      7860      7796   92.7972      81.5    0.074403    0.171623
   22      64      8177      8113    92.181     79.25    0.267226    0.172615
   23      64      8629      8565   93.0855       113   0.0204326    0.170376
   24      64      9075      9011    93.852     111.5   0.0173391    0.169245
   25      64      9522      9458   94.5672    111.75   0.0278037    0.167834
   26      64      9964      9900   95.1795     110.5    0.420593    0.166787
   27      64     10411     10347   95.7927    111.75   0.0200781    0.166221
   28      64     10863     10799   96.4067       113   0.0251181    0.164914
   29      64     11313     11249   96.9612     112.5   0.0193631    0.163792
   30      64     11759     11695   97.4453     111.5    0.423003    0.163189
   31      64     12201     12137   97.8659     110.5    0.361894    0.162746
   32      64     12645     12581   98.2759       111   0.0236939    0.161978
   33      64     13094     13030    98.699    112.25    0.012012    0.161055
   34      64     13546     13482   99.1192       113    0.448381    0.160435
   35      64     13994     13930   99.4869       112    0.494358    0.159799
   36      64     14439     14375   99.8133    111.25   0.0135027    0.159441
   37      64     14881     14817   100.102     110.5    0.410227    0.158941
   38      64     15331     15267   100.428     112.5    0.435523     0.15849
   39      64     15781     15717   100.737     112.5   0.0208402    0.157961
2026-07-08T15:31:00.254253+0800 min lat: 0.0050481 max lat: 0.691627 avg lat: 0.157522
  sec Cur ops   started  finished  avg MB/s  cur MB/s last lat(s)  avg lat(s)
   40      64     16230     16166   101.024    112.25   0.0351919    0.157522
   41      64     16676     16612   101.279     111.5    0.026964    0.157204
   42      64     17120     17056    101.51       111    0.389514    0.156908
   43      64     17566     17502   101.742     111.5   0.0203815    0.156481
   44      64     18013     17949   101.969    111.75   0.0226678    0.156156
   45      64     18465     18401   102.214       113    0.473544    0.155778
   46      64     18913     18849   102.426       112   0.0207266    0.155546
   47      64     19357     19293   102.608       111   0.0327303    0.155379
   48      64     19804     19740   102.799    111.75  0.00923177    0.154928
   49      64     20250     20186   102.976     111.5    0.433174    0.154707
   50      64     20699     20635   103.161    112.25    0.490324    0.154329
   51      64     21149     21085   103.344     112.5    0.404995    0.154244
   52      64     21598     21534   103.515    112.25    0.426749    0.153991
   53      64     22037     21973   103.632    109.75   0.0331347     0.15372
   54      64     22481     22417   103.768       111   0.0152726    0.153597
   55      64     22930     22866   103.922    112.25    0.496436    0.153341
   56      64     23378     23314   104.066       112   0.0226549    0.153092
   57      64     23827     23763    104.21    112.25    0.022697    0.152914
   58      64     24274     24210   104.339    111.75    0.426298      0.1528
   59      64     24718     24654   104.452       111    0.480526    0.152586
2026-07-08T15:31:20.257023+0800 min lat: 0.0050481 max lat: 0.691627 avg lat: 0.152475
  sec Cur ops   started  finished  avg MB/s  cur MB/s last lat(s)  avg lat(s)
   60      64     25164     25100   104.569     111.5   0.0254168    0.152475
   61      64     25611     25547   104.687    111.75    0.427659    0.152283
   62      64     26061     25997   104.812     112.5   0.0300384     0.15219
   63      64     26508     26444   104.922    111.75   0.0236778     0.15198
   64      64     26954     26890   105.025     111.5   0.0216384    0.151804
   65      64     27399     27335    105.12    111.25   0.0218729    0.151718
   66      64     27846     27782   105.221    111.75    0.455818    0.151534
   67      64     28293     28229   105.318    111.75     0.44358     0.15145
   68      64     28742     28678    105.42    112.25   0.0889913    0.151376
   69      64     29192     29128   105.522     112.5   0.0169962    0.151153
   70      64     29636     29572     105.6       111   0.0117476    0.151073
   71      64     30081     30017   105.679    111.25    0.466741     0.15092
   72      64     30528     30464   105.763    111.75   0.0179898    0.150788
   73      64     30980     30916   105.862       113   0.0523325    0.150709
   74      64     31426     31362   105.938     111.5   0.0142592     0.15059
   75      64     31874     31810   106.019       112    0.497692    0.150411
   76      64     32319     32255   106.088    111.25    0.464579    0.150364
   77      64     32766     32702   106.161    111.75    0.455654    0.150284
   78      64     33217     33153   106.245    112.75    0.010839    0.150145
   79      64     33667     33603   106.324     112.5   0.0179314    0.150071
2026-07-08T15:31:40.259873+0800 min lat: 0.0050481 max lat: 0.691627 avg lat: 0.149926
  sec Cur ops   started  finished  avg MB/s  cur MB/s last lat(s)  avg lat(s)
   80      64     34113     34049   106.389     111.5   0.0200841    0.149926
   81      64     34561     34497   106.458       112   0.0171452    0.149865
   82      64     35005     34941   106.513       111    0.492552    0.149775
   83      64     35451     35387   106.573     111.5    0.448995    0.149698
   84      64     35901     35837   106.643     112.5    0.383901    0.149689
   85      64     36350     36286   106.709    112.25    0.525985    0.149505
   86      64     36799     36735   106.773    112.25    0.409553    0.149492
   87      64     37242     37178   106.819    110.75   0.0249565    0.149411
   88      64     37687     37623   106.869    111.25   0.0144568    0.149332
   89      64     38134     38070   106.924    111.75   0.0165183    0.149245
   90      64     38584     38520   106.986     112.5   0.0154287    0.149165
   91      64     39033     38969   107.043    112.25   0.0159519    0.149127
   92      64     39481     39417   107.097       112   0.0200491    0.148986
   93      64     39924     39860   107.136    110.75   0.0206695    0.148923
   94      64     40372     40308   107.188       112   0.0227976    0.148919
   95      64     40823     40759   107.246    112.75   0.0341152    0.148828
   96      64     41271     41207   107.296       112   0.0255742    0.148755
   97      64     41719     41655   107.344       112    0.460202      0.1487
   98      64     42147     42083    107.34       107   0.0637645    0.148842
   99      64     42592     42528    107.38    111.25    0.340855    0.148794
2026-07-08T15:32:00.262284+0800 min lat: 0.0050481 max lat: 0.691627 avg lat: 0.148761
  sec Cur ops   started  finished  avg MB/s  cur MB/s last lat(s)  avg lat(s)
  100      64     43036     42972   107.416       111    0.109694    0.148761
  101      64     43487     43423   107.468    112.75    0.101517    0.148616
  102      64     43935     43871   107.513       112   0.0101767    0.148524
  103      64     44383     44319   107.556       112   0.0256017    0.148422
  104      64     44828     44764   107.591    111.25   0.0167085    0.148406
  105      64     45273     45209   107.626    111.25      0.3912     0.14836
  106      64     45720     45656   107.665    111.75   0.0368925    0.148303
  107      64     46170     46106    107.71     112.5   0.0196243    0.148195
  108      64     46616     46552   107.745     111.5   0.0196194    0.148164
  109      64     47064     47000   107.784       112   0.0177648    0.148134
  110      64     47510     47446   107.818     111.5    0.009468    0.148095
  111      64     47953     47889   107.844    110.75   0.0151894     0.14807
  112      64     48402     48338   107.883    112.25    0.456127    0.147995
  113      64     48851     48787   107.922    112.25    0.495224     0.14794
  114      64     49299     49235   107.957       112   0.0642246    0.147938
  115      64     49744     49680   107.986    111.25    0.295593    0.147934
  116      64     50190     50126   108.016     111.5    0.389886    0.147828
  117      64     50637     50573   108.048    111.75    0.510299    0.147769
  118      64     51087     51023   108.085     112.5   0.0185521    0.147753
  119      64     51536     51472    108.12    112.25    0.394387    0.147687
2026-07-08T15:32:20.264780+0800 min lat: 0.0050481 max lat: 0.691627 avg lat: 0.147659
  sec Cur ops   started  finished  avg MB/s  cur MB/s last lat(s)  avg lat(s)
  120      64     51985     51921   108.154    112.25    0.445683    0.147659
  121      64     52431     52367   108.182     111.5   0.0212589    0.147596
  122      64     52875     52811   108.205       111    0.457152    0.147568
  123      64     53325     53261    108.24     112.5   0.0160169    0.147553
  124      64     53774     53710   108.272    112.25    0.372224    0.147501
  125      64     54223     54159   108.304    112.25   0.0127059    0.147479
  126      64     54670     54606   108.331    111.75    0.442293    0.147414
  127      64     55116     55052   108.356     111.5    0.441987    0.147375
  128      63     55560     55497   108.378    111.25   0.0149191    0.147343
  129      64     56010     55946   108.408    112.25    0.430305     0.14732
  130      64     56459     56395   108.438    112.25   0.0209855    0.147304
  131      64     56907     56843   108.465       112   0.0236866    0.147234
  132      64     57350     57286   108.482    110.75    0.450576    0.147211
  133      64     57798     57734   108.508       112    0.453964    0.147195
  134      64     58245     58181   108.532    111.75   0.0341208     0.14713
  135      64     58694     58630    108.56    112.25    0.376166    0.147137
  136      64     59143     59079   108.587    112.25    0.412436    0.147095
  137      64     59589     59525   108.608     111.5   0.0237239    0.147043
  138      64     60034     59970   108.627    111.25   0.0180459    0.147022
  139      64     60478     60414   108.644       111   0.0176295    0.147028
2026-07-08T15:32:40.267417+0800 min lat: 0.0050481 max lat: 0.691627 avg lat: 0.146991
  sec Cur ops   started  finished  avg MB/s  cur MB/s last lat(s)  avg lat(s)
  140      64     60926     60862   108.668       112   0.0148418    0.146991
  141      64     61378     61314   108.698       113   0.0237609    0.146948
  142      64     61826     61762   108.722       112   0.0288701    0.146929
  143      64     62274     62210   108.744       112   0.0125858    0.146846
  144      64     62721     62657   108.765    111.75    0.525591    0.146839
  145      64     63168     63104   108.786    111.75    0.484811    0.146804
  146      64     63617     63553   108.809    112.25   0.0103152    0.146803
  147      64     64065     64001   108.831       112    0.438824    0.146767
  148      64     64515     64451   108.856     112.5    0.466822     0.14675
  149      64     64960     64896   108.872    111.25   0.0300618    0.146705
  150      64     65407     65343   108.891    111.75   0.0330183    0.146683
  151      64     65852     65788   108.906    111.25   0.0144063    0.146668
  152      64     66302     66238    108.93     112.5   0.0146082     0.14666
  153      64     66750     66686    108.95       112    0.404054    0.146628
  154      64     67198     67134   108.969       112   0.0429639    0.146601
  155      64     67646     67582   108.989       112   0.0367746    0.146562
  156      64     68090     68026   109.002       111    0.456254    0.146549
  157      64     68539     68475   109.022    112.25     0.43889    0.146544
  158      64     68991     68927   109.047       113    0.437694    0.146505
  159      63     69436     69373   109.063     111.5    0.379957    0.146485
2026-07-08T15:33:00.269841+0800 min lat: 0.0050481 max lat: 0.691627 avg lat: 0.146468
  sec Cur ops   started  finished  avg MB/s  cur MB/s last lat(s)  avg lat(s)
  160      64     69882     69818   109.076    111.25    0.389389    0.146468
  161      64     70330     70266   109.094       112   0.0196759    0.146415
  162      64     70775     70711   109.108    111.25    0.454697    0.146414
  163      64     71225     71161   109.128     112.5    0.423372    0.146396
  164      64     71675     71611   109.149     112.5   0.0478845    0.146362
  165      64     72121     72057   109.163     111.5   0.0150872     0.14634
  166      64     72569     72505    109.18       112   0.0164794    0.146331
  167      64     73014     72950   109.192    111.25    0.412741    0.146322
  168      64     73461     73397   109.208    111.75   0.0214784    0.146278
  169      64     73912     73848   109.228    112.75    0.022316    0.146251
  170      64     74358     74294   109.242     111.5   0.0232302     0.14623
  171      63     74802     74739   109.253    111.25    0.436324    0.146239
  172      64     75250     75186   109.268    111.75  0.00803989    0.146207
  173      64     75699     75635   109.285    112.25   0.0198867    0.146195
  174      64     76146     76082   109.299    111.75   0.0173526    0.146163
  175      64     76595     76531   109.316    112.25   0.0134545    0.146155
  176      64     77042     76978    109.33    111.75   0.0144437    0.146114
  177      64     77489     77425   109.343    111.75   0.0406915    0.146106
  178      64     77936     77872   109.357    111.75   0.0220429    0.146089
  179      64     78381     78317   109.367    111.25   0.0226041    0.146075
2026-07-08T15:33:20.272200+0800 min lat: 0.0050481 max lat: 0.691627 avg lat: 0.146049
  sec Cur ops   started  finished  avg MB/s  cur MB/s last lat(s)  avg lat(s)
  180      64     78831     78767   109.384     112.5   0.0205949    0.146049
  181      64     79280     79216     109.4    112.25   0.0169766    0.146035
  182      64     79727     79663   109.413    111.75   0.0454089    0.146018
  183      64     80170     80106    109.42    110.75    0.013312    0.146001
  184      64     80618     80554   109.434       112   0.0360142    0.146004
  185      64     81065     81001   109.447    111.75   0.0138933    0.145954
  186      64     81514     81450   109.462    112.25    0.487633    0.145964
  187      64     81960     81896   109.472     111.5   0.0440275    0.145938
  188      64     82409     82345   109.487    112.25   0.0327001    0.145905
  189      64     82854     82790   109.496    111.25    0.469792     0.14592
  190      64     83302     83238    109.51       112    0.487185    0.145898
  191      64     83754     83690   109.528       113    0.407806    0.145888
  192      64     84201     84137   109.539    111.75   0.0575575    0.145871
  193      64     84649     84585   109.552       112    0.410624    0.145865
  194      64     85095     85031   109.562     111.5   0.0282748    0.145825
  195      64     85542     85478   109.573    111.75    0.482935    0.145817
  196      64     85989     85925   109.584    111.75   0.0139475    0.145795
  197      64     86438     86374   109.598    112.25    0.549702    0.145772
  198      64     86886     86822    109.61       112    0.453657    0.145778
  199      64     87332     87268   109.619     111.5   0.0137786    0.145763
2026-07-08T15:33:40.274631+0800 min lat: 0.0050481 max lat: 0.691627 avg lat: 0.145752
  sec Cur ops   started  finished  avg MB/s  cur MB/s last lat(s)  avg lat(s)
  200      64     87781     87717   109.632    112.25   0.0296937    0.145752
  201      64     88226     88162    109.64    111.25   0.0127294    0.145738
  202      64     88674     88610   109.652       112    0.462108    0.145724
  203      64     89123     89059   109.664    112.25   0.0162479    0.145715
  204      64     89570     89506   109.675    111.75   0.0553015    0.145696
  205      64     90015     89951   109.682    111.25    0.417759    0.145691
  206      64     90462     90398   109.692    111.75   0.0368748    0.145674
  207      64     90908     90844   109.701     111.5   0.0135107    0.145671
  208      64     91358     91294   109.714     112.5   0.0166348    0.145638
  209      64     91808     91744   109.728     112.5   0.0182849    0.145617
  210      64     92254     92190   109.736     111.5   0.0120103    0.145609
  211      64     92701     92637   109.745    111.75   0.0160848    0.145584
  212      64     93147     93083   109.754     111.5   0.0673894    0.145583
  213      64     93595     93531   109.764       112    0.396393    0.145594
  214      64     94045     93981   109.777     112.5   0.0129676    0.145561
  215      64     94490     94426   109.784    111.25    0.440844    0.145555
  216      64     94936     94872   109.792     111.5   0.0322794    0.145541
  217      64     95382     95318   109.799     111.5   0.0151226    0.145538
  218      64     95829     95765   109.808    111.75   0.0232756    0.145527
  219      63     96278     96215    109.82     112.5   0.0313542    0.145512
2026-07-08T15:34:00.277002+0800 min lat: 0.0050481 max lat: 0.691627 avg lat: 0.145513
  sec Cur ops   started  finished  avg MB/s  cur MB/s last lat(s)  avg lat(s)
  220      64     96727     96663    109.83       112    0.386484    0.145513
  221      64     97173     97109   109.838     111.5   0.0202369    0.145491
  222      64     97619     97555   109.845     111.5   0.0435053     0.14547
  223      64     98068     98004   109.856    112.25    0.497619    0.145458
  224      64     98512     98448   109.861       111   0.0160296    0.145448
  225      64     98962     98898   109.873     112.5    0.023016    0.145451
  226      64     99408     99344    109.88     111.5    0.496635    0.145426
  227      64     99857     99793    109.89    112.25    0.475102    0.145413
  228      64    100302    100238   109.896    111.25   0.0181823    0.145409
  229      64    100748    100684   109.903     111.5   0.0417695    0.145416
  230      64    101195    101131   109.911    111.75   0.0133482    0.145402
  231      64    101644    101580   109.921    112.25   0.0129629    0.145366
  232      64    102092    102028    109.93       112   0.0159742    0.145351
  233      64    102541    102477    109.94    112.25     0.51772    0.145336
  234      64    102987    102923   109.947     111.5   0.0183472    0.145342
  235      64    103435    103371   109.955       112   0.0138265    0.145347
  236      64    103885    103821   109.966     112.5    0.500763    0.145319
  237      64    104334    104270   109.975    112.25    0.432856    0.145315
  238      64    104781    104717   109.983    111.75   0.0318462    0.145304
  239      64    105227    105163   109.989     111.5   0.0561691    0.145291
2026-07-08T15:34:20.279373+0800 min lat: 0.0050481 max lat: 0.691627 avg lat: 0.145285
  sec Cur ops   started  finished  avg MB/s  cur MB/s last lat(s)  avg lat(s)
  240      64    105675    105611   109.998       112   0.0318482    0.145285
  241      64    106123    106059   110.006       112    0.014641     0.14527
  242      64    106572    106508   110.015    112.25    0.510958    0.145265
  243      64    107021    106957   110.024    112.25    0.353968    0.145275
  244      64    107466    107402   110.029    111.25   0.0118153    0.145251
  245      64    107914    107850   110.037       112   0.0585059    0.145229
  246      64    108363    108299   110.046    112.25   0.0150192    0.145231
  247      64    108810    108746   110.053    111.75   0.0102719    0.145199
  248      64    109260    109196   110.063     112.5   0.0538991    0.145197
  249      63    109706    109643   110.069    111.75   0.0184543    0.145199
  250      64    110154    110090   110.076    111.75   0.0682628    0.145192
  251      64    110599    110535   110.081    111.25    0.424717    0.145182
  252      64    111045    110981   110.086     111.5   0.0106859    0.145168
  253      64    111492    111428   110.093    111.75    0.011243    0.145152
  254      64    111941    111877   110.101    112.25     0.54133    0.145142
  255      64    112389    112325   110.109       112   0.0184333    0.145131
  256      64    112836    112772   110.115    111.75   0.0338863    0.145126
  257      64    113283    113219   110.121    111.75   0.0125877    0.145144
  258      64    113732    113668   110.129    112.25     0.43208     0.14512
  259      64    114182    114118   110.138     112.5   0.0145115    0.145113
2026-07-08T15:34:40.282131+0800 min lat: 0.0050481 max lat: 0.691627 avg lat: 0.145111
  sec Cur ops   started  finished  avg MB/s  cur MB/s last lat(s)  avg lat(s)
  260      64    114627    114563   110.143    111.25   0.0160388    0.145111
  261      64    115075    115011    110.15       112    0.472915    0.145092
  262      64    115521    115457   110.155     111.5   0.0181739    0.145085
  263      64    115970    115906   110.163    112.25   0.0159166     0.14508
  264      64    116417    116353   110.169    111.75    0.407067    0.145075
  265      64    116866    116802   110.176    112.25    0.024661    0.145053
  266      64    117314    117250   110.183       112    0.388549    0.145068
  267      64    117762    117698    110.19       112    0.499162    0.145038
  268      64    118207    118143   110.194    111.25    0.301643    0.145074
  269      64    118655    118591   110.201       112     0.44617    0.145034
  270      64    119104    119040   110.208    112.25    0.414655     0.14502
  271      64    119551    119487   110.214    111.75   0.0612795    0.145022
  272      64    119999    119935    110.22       112   0.0190752    0.145018
  273      64    120445    120381   110.225     111.5    0.424863       0.145
  274      64    120888    120824   110.227    110.75   0.0142034       0.145
  275      64    121339    121275   110.236    112.75    0.470873     0.14498
  276      64    121788    121724   110.243    112.25   0.0194662    0.144977
  277      64    122234    122170   110.248     111.5   0.0146171    0.144979
  278      64    122682    122618   110.254       112    0.395155    0.144974
  279      64    123129    123065   110.259    111.75   0.0123127    0.144971
2026-07-08T15:35:00.284790+0800 min lat: 0.0050481 max lat: 0.691627 avg lat: 0.144949
  sec Cur ops   started  finished  avg MB/s  cur MB/s last lat(s)  avg lat(s)
  280      64    123576    123512   110.264    111.75    0.449971    0.144949
  281      64    124025    123961   110.271    112.25   0.0126579    0.144942
  282      64    124471    124407   110.276     111.5   0.0177485    0.144929
  283      64    124918    124854   110.281    111.75   0.0471694    0.144941
  284      64    125367    125303   110.288    112.25   0.0249192    0.144928
  285      64    125811    125747    110.29       111   0.0132201    0.144921
  286      64    126260    126196   110.297    112.25    0.428943    0.144915
  287      64    126707    126643   110.302    111.75   0.0162415    0.144904
  288      64    127155    127091   110.308       112    0.469101    0.144896
  289      64    127603    127539   110.314       112   0.0111118    0.144899
  290      64    128051    127987   110.319       112     0.46345    0.144882
  291      63    128495    128432   110.323    111.25   0.0151411    0.144878
  292      64    128945    128881   110.329    112.25   0.0193678    0.144873
  293      64    129393    129329   110.335       112   0.0128301    0.144866
  294      64    129837    129773   110.337       111     0.40128    0.144875
  295      63    130285    130222   110.343    112.25    0.357186    0.144875
  296      64    130732    130668   110.347     111.5   0.0445131    0.144852
  297      64    131179    131115   110.352    111.75   0.0191695    0.144842
  298      64    131628    131564   110.358    112.25   0.0123987    0.144822
  299      64    132076    132012   110.364       112    0.443084    0.144824
2026-07-08T15:35:20.287333+0800 min lat: 0.0050481 max lat: 0.691627 avg lat: 0.144836
  sec Cur ops   started  finished  avg MB/s  cur MB/s last lat(s)  avg lat(s)
  300      44    132503    132459   110.368    111.75    0.396674    0.144836
Total time run:       300.135
Total reads made:     132503
Read size:            262144
Object size:          262144
Bandwidth (MB/sec):   110.369
Average IOPS:         441
Stddev IOPS:          23.8527
Max IOPS:             452
Min IOPS:             276
Average Latency(s):   0.144883
Max latency(s):       0.691627
Min latency(s):       0.0050481
