hints = 1
  sec Cur ops   started  finished  avg MB/s  cur MB/s last lat(s)  avg lat(s)
    0       0         0         0         0         0           -           0
    1      64       201       137   34.2433     34.25   0.0429728    0.382114
    2      64       539       475   59.3661      84.5   0.0790398    0.251548
    3      64       853       789   65.7411      78.5    0.103231     0.23507
    4      64      1128      1064   66.4909     68.75    0.587512    0.223226
    5      64      1392      1328   66.3906        66    0.540575    0.224097
    6      64      1719      1655   68.9482     81.75   0.0345959    0.227715
    7      64      2024      1960   69.9897     76.25   0.0282854    0.224459
    8      64      2337      2273    71.021     78.25    0.327758    0.220396
    9      64      2620      2556   70.9899     70.75   0.0139485    0.217361
   10      64      2936      2872   71.7899        79    0.156776    0.220741
   11      64      3258      3194   72.5806      80.5     0.46338    0.217089
   12      64      3526      3462   72.1147        67   0.0698214    0.218149
   13      64      3879      3815   73.3549     88.25    0.104183    0.216433
   14      64      4239      4175   74.5428        90   0.0222959    0.213087
   15      64      4583      4519   75.3058        86    0.437081    0.210446
   16      64      4958      4894   76.4578     93.75    0.379517    0.208083
   17      64      5246      5182    76.195        72    0.418678    0.206198
   18      64      5699      5635   78.2528    113.25   0.0129632    0.202367
   19      64      6048      5984   78.7258     87.25    0.248394    0.202025
2026-07-08T15:12:21.949527+0800 min lat: 0.00569287 max lat: 1.11129 avg lat: 0.202707
  sec Cur ops   started  finished  avg MB/s  cur MB/s last lat(s)  avg lat(s)
   20      64      6333      6269   78.3517     71.25      0.1499    0.202707
   21      64      6765      6701   79.7628       108   0.0455415    0.198984
   22      64      7213      7149   81.2274       112   0.0236859    0.195202
   23      64      7596      7532   81.8583     95.75   0.0236058    0.194213
   24      64      7971      7907   82.3533     93.75    0.137825    0.193465
   25      64      8340      8276   82.7487     92.25    0.214454    0.192591
   26      64      8783      8719   83.8251    110.75   0.0212951    0.189477
   27      64      9228      9164   84.8403    111.25   0.0257868    0.186899
   28      64      9680      9616   85.8455       113    0.369591    0.185208
   29      64     10129     10065   86.7555    112.25    0.447366    0.183122
   30      64     10512     10448    87.055     95.75    0.218651    0.182552
   31      64     10892     10828    87.311        95   0.0810063    0.182493
   32      64     11324     11260    87.957       108    0.355467    0.180982
   33      64     11772     11708   88.6852       112   0.0635086    0.179609
   34      64     12224     12160   89.3999       113    0.404251    0.177905
   35      64     12593     12529   89.4809     92.25    0.294891    0.177618
   36      64     12965     12901   89.5783        93    0.134685    0.177816
   37      64     13354     13290   89.7853     97.25   0.0243723    0.177543
   38      64     13796     13732   90.3301     110.5   0.0988191    0.176393
   39      63     14245     14182   90.8981     112.5   0.0159077    0.175201
2026-07-08T15:12:41.952126+0800 min lat: 0.00569287 max lat: 1.11129 avg lat: 0.174655
  sec Cur ops   started  finished  avg MB/s  cur MB/s last lat(s)  avg lat(s)
   40      64     14683     14619   91.3565    109.25    0.149876    0.174655
   41      64     15131     15067   91.8595       112   0.0263696    0.173548
   42      64     15579     15515   92.3388       112   0.0164614    0.172539
   43      64     16021     15957   92.7608     110.5    0.478499    0.171573
   44      64     16469     16405   93.1977       112    0.454219    0.170848
   45      64     16919     16855   93.6263     112.5    0.409687    0.170158
   46      64     17369     17305   94.0362     112.5    0.026414    0.169519
   47      64     17813     17749   94.3968       111   0.0202128     0.16886
   48      63     18257     18194   94.7475    111.25   0.0705426    0.168148
   49      64     18702     18638   95.0789       111   0.0431713    0.167556
   50      64     19150     19086   95.4171       112    0.444458    0.166999
   51      64     19599     19535   95.7468    112.25   0.0330621     0.16648
   52      64     20043     19979   96.0399       111   0.0329605    0.166213
   53      63     20488     20425   96.3312     111.5   0.0166152     0.16556
   54      64     20933     20869   96.6025       111   0.0372637    0.164964
   55      64     21378     21314   96.8685    111.25   0.0929057    0.164741
   56      64     21825     21761    97.134    111.75    0.391384    0.164231
   57      64     22277     22213    97.412       113    0.349085    0.163735
   58      64     22722     22658   97.6503    111.25   0.0143845    0.163245
   59      64     23168     23104   97.8848     111.5    0.406666    0.162885
2026-07-08T15:13:01.955011+0800 min lat: 0.00569287 max lat: 1.11129 avg lat: 0.162689
  sec Cur ops   started  finished  avg MB/s  cur MB/s last lat(s)  avg lat(s)
   60      64     23609     23545   98.0907    110.25     0.32552    0.162689
   61      64     24054     23990   98.3062    111.25   0.0245852    0.162253
   62      64     24503     24439   98.5308    112.25    0.452619    0.161786
   63      64     24953     24889   98.7523     112.5    0.014395    0.161497
   64      64     25401     25337   98.9591       112    0.407926    0.161191
   65      64     25845     25781   99.1441       111     0.44927    0.160833
   66      64     26290     26226   99.3273    111.25   0.0234182    0.160555
   67      64     26736     26672   99.5088     111.5   0.0429159    0.160318
   68      64     27189     27125   99.7106    113.25   0.0406226    0.159944
   69      64     27632     27568   99.8703    110.75   0.0417965    0.159772
   70      64     28081     28017   100.047    112.25   0.0237386    0.159352
   71      64     28522     28458   100.191    110.25   0.0246989     0.15922
   72      64     28969     28905   100.351    111.75   0.0243906     0.15897
   73      64     29420     29356    100.52    112.75     0.46208    0.158674
   74      64     29869     29805   100.679    112.25   0.0268359    0.158443
   75      64     30319     30255   100.836     112.5   0.0167293    0.158222
   76      64     30764     30700   100.973    111.25    0.372102    0.158051
   77      64     31208     31144   101.103       111   0.0233191    0.157815
   78      64     31654     31590   101.236     111.5   0.0148994    0.157676
   79      64     32104     32040   101.378     112.5    0.447566    0.157384
2026-07-08T15:13:21.957810+0800 min lat: 0.00569287 max lat: 1.11129 avg lat: 0.157172
  sec Cur ops   started  finished  avg MB/s  cur MB/s last lat(s)  avg lat(s)
   80      64     32553     32489   101.514    112.25    0.420611    0.157172
   81      64     32996     32932   101.628    110.75    0.432018    0.157038
   82      64     33441     33377   101.745    111.25   0.0211338    0.156882
   83      64     33883     33819    101.85     110.5    0.435898    0.156653
   84      63     34333     34270    101.98    112.75   0.0366804    0.156503
   85      64     34783     34719   102.101    112.25   0.0228062    0.156246
   86      63     35230     35167   102.215       112    0.013318    0.156101
   87      64     35673     35609    102.31     110.5   0.0419196    0.155979
   88      64     36119     36055   102.415     111.5   0.0676364    0.155861
   89      64     36566     36502   102.519    111.75   0.0284416    0.155693
   90      63     37016     36953   102.633    112.75    0.426413    0.155499
   91      64     37467     37403   102.741     112.5   0.0230394    0.155337
   92      64     37916     37852   102.844    112.25    0.120606    0.155244
   93      64     38361     38297   102.935    111.25    0.387697    0.155148
   94      63     38806     38743   103.026     111.5   0.0240727    0.154912
   95      64     39251     39187   103.109       111   0.0176429    0.154819
   96      64     39703     39639   103.212       113    0.459915    0.154667
   97      64     40152     40088   103.305    112.25   0.0175022     0.15453
   98      64     40595     40531   103.381    110.75    0.428412    0.154453
   99      64     41039     40975   103.458       111    0.408694    0.154316
2026-07-08T15:13:41.960684+0800 min lat: 0.00569287 max lat: 1.11129 avg lat: 0.154145
  sec Cur ops   started  finished  avg MB/s  cur MB/s last lat(s)  avg lat(s)
  100      64     41487     41423   103.543       112    0.487687    0.154145
  101      64     41935     41871   103.627       112    0.426542    0.154078
  102      64     42383     42319   103.709       112    0.480752    0.153907
  103      64     42830     42766   103.786    111.75   0.0216202    0.153805
  104      64     43275     43211   103.858    111.25    0.024962    0.153686
  105      64     43719     43655   103.926       111    0.499164    0.153646
  106      64     44166     44102       104    111.75   0.0322009    0.153472
  107      64     44616     44552   104.079     112.5   0.0144451    0.153423
  108      64     45065     45001   104.154    112.25    0.410139    0.153301
  109      64     45512     45448   104.224    111.75   0.0207677    0.153197
  110      64     45957     45893   104.288    111.25    0.431767    0.153119
  111      64     46401     46337   104.348       111    0.466371    0.152987
  112      64     46848     46784   104.414    111.75   0.0135378    0.152902
  113      64     47298     47234   104.485     112.5    0.022403    0.152829
  114      64     47747     47683   104.553    112.25   0.0286272    0.152715
  115      64     48192     48128   104.612    111.25    0.019678    0.152619
  116      64     48637     48573   104.669    111.25   0.0265661    0.152565
  117      64     49083     49019   104.727     111.5     0.10624    0.152481
  118      64     49532     49468   104.791    112.25   0.0235907    0.152363
  119      64     49983     49919   104.857    112.75   0.0228387    0.152317
2026-07-08T15:14:01.963346+0800 min lat: 0.00569287 max lat: 1.11129 avg lat: 0.152226
  sec Cur ops   started  finished  avg MB/s  cur MB/s last lat(s)  avg lat(s)
  120      64     50432     50368   104.919    112.25    0.390778    0.152226
  121      64     50876     50812   104.969       111   0.0344418    0.152126
  122      64     51322     51258   105.022     111.5    0.452196    0.152039
  123      63     51764     51701   105.069    110.75   0.0174183    0.151985
  124      64     52217     52153   105.133       113    0.391379     0.15191
  125      64     52664     52600   105.185    111.75   0.0294195    0.151847
  126      64     53110     53046   105.235     111.5   0.0207253     0.15175
  127      64     53555     53491   105.283    111.25   0.0480776    0.151706
  128      63     53999     53936   105.329    111.25    0.043158    0.151627
  129      64     54449     54385   105.383    112.25   0.0192428    0.151547
  130      64     54899     54835   105.437     112.5    0.410376    0.151479
  131      64     55345     55281   105.484     111.5    0.461985    0.151412
  132      64     55790     55726   105.527    111.25   0.0453452     0.15134
  133      64     56234     56170   105.568       111    0.116887    0.151279
  134      64     56681     56617   105.614    111.75     0.49804    0.151218
  135      64     57130     57066   105.663    112.25    0.114866    0.151141
  136      64     57579     57515   105.712    112.25   0.0417487    0.151078
  137      64     58022     57958   105.748    110.75    0.117759    0.151057
  138      64     58465     58401   105.784    110.75   0.0215623    0.150986
  139      64     58911     58847   105.825     111.5    0.404891     0.15095
2026-07-08T15:14:21.966039+0800 min lat: 0.00569287 max lat: 1.11129 avg lat: 0.150874
  sec Cur ops   started  finished  avg MB/s  cur MB/s last lat(s)  avg lat(s)
  140      63     59358     59295   105.869       112    0.471881    0.150874
  141      64     59810     59746   105.918    112.75   0.0136966    0.150837
  142      64     60257     60193   105.959    111.75   0.0198682    0.150757
  143      64     60704     60640   105.999    111.75   0.0179202    0.150708
  144      64     61151     61087   106.039    111.75   0.0207705    0.150623
  145      64     61596     61532   106.075    111.25    0.417984    0.150589
  146      64     62043     61979   106.114    111.75    0.434204     0.15053
  147      64     62495     62431   106.161       113   0.0289345    0.150512
  148      64     62941     62877   106.197     111.5    0.447514    0.150401
  149      64     63389     63325   106.235       112   0.0657706    0.150375
  150      64     63834     63770   106.269    111.25    0.409155    0.150336
  151      64     64280     64216   106.303     111.5   0.0218005    0.150262
  152      64     64730     64666   106.344     112.5   0.0960364    0.150224
  153      64     65177     65113   106.379    111.75    0.434958     0.15018
  154      64     65625     65561   106.415       112   0.0351197    0.150129
  155      64     66069     66005   106.445       111   0.0753525    0.150052
  156      64     66516     66452   106.479    111.75   0.0161386    0.150007
  157      64     66963     66899   106.512    111.75   0.0231566     0.14998
  158      64     67415     67351   106.553       113   0.0237371    0.149929
  159      64     67860     67796   106.583    111.25    0.394529    0.149911
2026-07-08T15:14:41.968880+0800 min lat: 0.00569287 max lat: 1.11129 avg lat: 0.149846
  sec Cur ops   started  finished  avg MB/s  cur MB/s last lat(s)  avg lat(s)
  160      64     68307     68243   106.615    111.75     0.42634    0.149846
  161      64     68753     68689   106.645     111.5   0.0171595    0.149831
  162      64     69199     69135   106.675     111.5   0.0336792    0.149747
  163      64     69648     69584   106.709    112.25    0.423948    0.149705
  164      64     70098     70034   106.744     112.5   0.0229521    0.149647
  165      64     70545     70481   106.775    111.75   0.0193717    0.149614
  166      64     70990     70926   106.801    111.25    0.479242    0.149562
  167      64     71437     71373   106.831    111.75   0.0252864    0.149547
  168      64     71883     71819   106.859     111.5    0.011556    0.149536
  169      64     72333     72269   106.892     112.5   0.0733581    0.149465
  170      64     72781     72717   106.922       112   0.0154379     0.14941
  171      64     73226     73162   106.947    111.25   0.0135875    0.149399
  172      64     73670     73606   106.971       111    0.054911    0.149361
  173      64     74116     74052   106.997     111.5   0.0355087    0.149317
  174      64     74564     74500   107.025       112   0.0280501    0.149299
  175      64     75012     74948   107.054       112    0.405182    0.149252
  176      64     75459     75395    107.08    111.75   0.0178297    0.149213
  177      64     75906     75842   107.107    111.75     0.42733    0.149167
  178      64     76353     76289   107.133    111.75   0.0184935    0.149129
  179      64     76799     76735   107.157     111.5   0.0119445    0.149102
2026-07-08T15:15:01.971540+0800 min lat: 0.00569287 max lat: 1.11129 avg lat: 0.149068
  sec Cur ops   started  finished  avg MB/s  cur MB/s last lat(s)  avg lat(s)
  180      64     77249     77185   107.187     112.5    0.013854    0.149068
  181      64     77699     77635   107.216     112.5   0.0153236    0.149024
  182      64     78146     78082   107.241    111.75   0.0225538    0.148999
  183      64     78589     78525    107.26    110.75   0.0605886    0.149012
  184      64     79037     78973   107.286       112     0.42114    0.148928
  185      64     79482     79418   107.307    111.25   0.0593428    0.148914
  186      64     79823     79759   107.188     85.25    0.147069    0.149147
  187      64     80234     80170   107.164    102.75   0.0339549    0.149172
  188      64     80675     80611   107.181    110.25    0.272892    0.149138
  189      64     81123     81059   107.206       112   0.0779332    0.149072
  190      64     81569     81505   107.229     111.5    0.392632    0.149018
  191      64     82019     81955   107.256     112.5    0.023449    0.148968
  192      64     82468     82404   107.282    112.25   0.0265184    0.148963
  193      64     82917     82853   107.308    112.25    0.465269    0.148895
  194      64     83361     83297   107.327       111    0.427819    0.148875
  195      64     83806     83742   107.347    111.25    0.479525    0.148858
  196      64     84252     84188   107.368     111.5   0.0388367    0.148813
  197      64     84702     84638   107.394     112.5    0.451505    0.148791
  198      64     85151     85087   107.418    112.25    0.400217    0.148761
  199      64     85597     85533   107.439     111.5   0.0831167    0.148748
2026-07-08T15:15:21.974248+0800 min lat: 0.00569287 max lat: 1.11129 avg lat: 0.148714
  sec Cur ops   started  finished  avg MB/s  cur MB/s last lat(s)  avg lat(s)
  200      64     86042     85978   107.458    111.25    0.390818    0.148714
  201      64     86488     86424   107.478     111.5   0.0197356    0.148678
  202      64     86937     86873   107.501    112.25    0.510191    0.148639
  203      64     87384     87320   107.522    111.75    0.019549    0.148622
  204      64     87835     87771   107.548    112.75   0.0290876    0.148582
  205      64     88283     88219   107.569       112    0.494293    0.148526
  206      64     88725     88661   107.584     110.5   0.0257145    0.148524
  207      64     89173     89109   107.605       112    0.440817    0.148503
  208      64     89622     89558   107.627    112.25   0.0337099     0.14846
  209      64     90071     90007   107.649    112.25    0.530011    0.148444
  210      64     90518     90454   107.669    111.75    0.019641    0.148418
  211      64     90963     90899   107.685    111.25    0.019348    0.148392
  212      64     91409     91345   107.703     111.5    0.469068    0.148365
  213      64     91856     91792   107.722    111.75   0.0187942    0.148352
  214      64     92306     92242   107.745     112.5    0.428945    0.148319
  215      64     92755     92691   107.765    112.25    0.394283    0.148297
  216      64     93199     93135    107.78       111    0.110604    0.148331
  217      64     93644     93580   107.796    111.25   0.0137869    0.148248
  218      64     94090     94026   107.813     111.5   0.0337876    0.148208
  219      64     94537     94473   107.831    111.75   0.0184972    0.148193
2026-07-08T15:15:41.977048+0800 min lat: 0.00569287 max lat: 1.11129 avg lat: 0.148164
  sec Cur ops   started  finished  avg MB/s  cur MB/s last lat(s)  avg lat(s)
  220      64     94984     94920   107.849    111.75    0.491958    0.148164
  221      64     95431     95367   107.866    111.75   0.0360905    0.148145
  222      64     95877     95813   107.883     111.5   0.0293539    0.148135
  223      64     96323     96259   107.899     111.5   0.0236232    0.148115
  224      64     96769     96705   107.915     111.5    0.439749    0.148079
  225      64     97215     97151   107.931     111.5   0.0773513     0.14807
  226      64     97664     97600    107.95    112.25   0.0165786     0.14803
  227      64     98114     98050    107.97     112.5    0.044113    0.148023
  228      64     98559     98495   107.984    111.25   0.0164748    0.147982
  229      64     99007     98943   108.002       112   0.0193411    0.147989
  230      64     99451     99387   108.015       111   0.0223697    0.147957
  231      64     99900     99836   108.033    112.25   0.0737717    0.147958
  232      64    100348    100284    108.05       112   0.0143192    0.147888
  233      64    100793    100729   108.063    111.25   0.0389747    0.147885
  234      64    101236    101172   108.075    110.75    0.405314    0.147884
  235      64    101685    101621   108.093    112.25   0.0475192    0.147852
  236      64    102132    102068   108.108    111.75    0.026606    0.147826
  237      64    102580    102516   108.124       112   0.0267811      0.1478
  238      64    103031    102967   108.144    112.75   0.0154399    0.147781
  239      64    103477    103413   108.158     111.5    0.479192    0.147759
2026-07-08T15:16:01.979613+0800 min lat: 0.00569287 max lat: 1.11129 avg lat: 0.147751
  sec Cur ops   started  finished  avg MB/s  cur MB/s last lat(s)  avg lat(s)
  240      64    103923    103859   108.172     111.5   0.0181012    0.147751
  241      64    104370    104306   108.186    111.75   0.0221728     0.14771
  242      64    104815    104751   108.199    111.25    0.123598    0.147707
  243      64    105262    105198   108.214    111.75    0.407629    0.147696
  244      64    105711    105647    108.23    112.25     0.43487    0.147664
  245      64    106155    106091   108.241       111   0.0417387     0.14765
  246      64    106602    106538   108.256    111.75    0.465405    0.147627
  247      64    107047    106983   108.268    111.25   0.0597468    0.147618
  248      64    107497    107433   108.285     112.5   0.0147948    0.147589
  249      64    107945    107881   108.299       112    0.282273    0.147622
  250      64    108390    108326   108.311    111.25   0.0163926    0.147552
  251      64    108835    108771   108.323    111.25   0.0296015    0.147538
  252      64    109282    109218   108.336    111.75    0.493223    0.147527
  253      64    109730    109666   108.351       112   0.0182839    0.147499
  254      64    110179    110115   108.366    112.25    0.035508    0.147474
  255      64    110629    110565   108.382     112.5   0.0130345     0.14747
  256      64    111073    111009   108.392       111   0.0151502    0.147447
  257      64    111519    111455   108.404     111.5   0.0112952     0.14746
  258      64    111965    111901   108.416     111.5   0.0799355     0.14742
  259      64    112413    112349    108.43       112    0.397677    0.147408
2026-07-08T15:16:21.982239+0800 min lat: 0.00569287 max lat: 1.11129 avg lat: 0.147377
  sec Cur ops   started  finished  avg MB/s  cur MB/s last lat(s)  avg lat(s)
  260      64    112862    112798   108.445    112.25    0.424268    0.147377
  261      63    113308    113245   108.457    111.75    0.387625    0.147366
  262      64    113752    113688   108.466    110.75   0.0124851     0.14735
  263      64    114198    114134   108.478     111.5   0.0379875    0.147339
  264      64    114645    114581    108.49    111.75    0.422144    0.147332
  265      64    115092    115028   108.502    111.75   0.0612451    0.147304
  266      64    115541    115477   108.516    112.25   0.0195232    0.147276
  267      64    115988    115924   108.528    111.75   0.0303805    0.147271
  268      64    116432    116368   108.537       111   0.0326239    0.147259
  269      64    116875    116811   108.546    110.75   0.0307618    0.147257
  270      64    117325    117261    108.56     112.5    0.429003    0.147222
  271      64    117773    117709   108.573       112    0.443594    0.147211
  272      64    118220    118156   108.584    111.75   0.0176575    0.147203
  273      64    118666    118602   108.595     111.5    0.504487    0.147169
  274      64    119113    119049   108.607    111.75    0.383247    0.147176
  275      64    119557    119493   108.615       111    0.475656    0.147143
  276      64    120005    119941   108.627       112   0.0192834     0.14713
  277      64    120455    120391   108.641     112.5   0.0214729    0.147119
  278      64    120903    120839   108.653       112   0.0194387    0.147103
  279      64    121349    121285   108.664     111.5    0.044246    0.147087
2026-07-08T15:16:41.984731+0800 min lat: 0.00569287 max lat: 1.11129 avg lat: 0.147067
  sec Cur ops   started  finished  avg MB/s  cur MB/s last lat(s)  avg lat(s)
  280      64    121795    121731   108.674     111.5    0.086076    0.147067
  281      64    122242    122178   108.685    111.75    0.456582    0.147057
  282      64    122690    122626   108.696       112   0.0209204    0.147053
  283      64    123139    123075   108.709    112.25    0.400779    0.147039
  284      64    123581    123517   108.715     110.5    0.384884     0.14704
  285      64    124028    123964   108.726    111.75   0.0367792    0.146987
  286      64    124473    124409   108.734    111.25   0.0159113    0.147003
  287      64    124923    124859   108.747     112.5   0.0345027    0.146962
  288      64    125373    125309    108.76     112.5    0.403772    0.146971
  289      64    125817    125753   108.768       111   0.0851904    0.146985
  290      64    126265    126201   108.779       112   0.0242659    0.146941
  291      64    126709    126645   108.787       111   0.0283825    0.146913
  292      64    127157    127093   108.798       112   0.0468008    0.146917
  293      64    127605    127541   108.809       112   0.0161383    0.146902
  294      64    128054    127990    108.82    112.25   0.0209435    0.146892
  295      64    128451    128387   108.788     99.25    0.203905    0.146934
  296      64    128811    128747   108.724        90     0.19737    0.147062
  297      64    129255    129191   108.732       111   0.0296992    0.147019
  298      64    129702    129638   108.742    111.75   0.0232005    0.146997
  299      64    130149    130085   108.752    111.75   0.0171251    0.146983
2026-07-08T15:17:01.987360+0800 min lat: 0.00569287 max lat: 1.11129 avg lat: 0.14699
  sec Cur ops   started  finished  avg MB/s  cur MB/s last lat(s)  avg lat(s)
  300      45    130579    130534   108.764    112.25   0.0982731     0.14699
Total time run:       300.138
Total reads made:     130579
Read size:            262144
Object size:          262144
Bandwidth (MB/sec):   108.766
Average IOPS:         435
Stddev IOPS:          38.694
Max IOPS:             453
Min IOPS:             137
Average Latency(s):   0.14702
Max latency(s):       1.11129
Min latency(s):       0.00569287
