hints = 1
  sec Cur ops   started  finished  avg MB/s  cur MB/s last lat(s)  avg lat(s)
    0       0         0         0         0         0           -           0
    1      64       499       435    108.73    108.75   0.0376977    0.120885
    2      64       945       881   110.107     111.5    0.386019    0.132368
    3      64      1394      1330   110.815    112.25   0.0530387    0.133409
    4      64      1841      1777   111.046    111.75     0.02421    0.135767
    5      64      2289      2225   111.235       112   0.0143292    0.137891
    6      64      2736      2672   111.319    111.75    0.020169    0.138949
    7      64      3183      3119   111.378    111.75    0.435164    0.139712
    8      64      3630      3566   111.422    111.75   0.0260655    0.140123
    9      64      4081      4017   111.568    112.75    0.457313    0.140027
   10      64      4529      4465   111.609       112    0.459203    0.140592
   11      64      4973      4909   111.552       111     0.03023    0.140771
   12      64      5422      5358   111.609    112.25   0.0472569    0.140832
   13      64      5868      5804   111.599     111.5    0.431902    0.141217
   14      64      6316      6252   111.627       112   0.0220472    0.141313
   15      64      6763      6699   111.634    111.75   0.0256718     0.14134
   16      64      7210      7146   111.641    111.75   0.0144332     0.14138
   17      63      7657      7594   111.661       112    0.530523    0.141413
   18      64      8107      8043   111.692    112.25    0.413858    0.141708
   19      64      8554      8490   111.695    111.75    0.482517    0.141484
2026-07-08T15:17:34.785040+0800 min lat: 0.00690549 max lat: 0.553974 avg lat: 0.141798
  sec Cur ops   started  finished  avg MB/s  cur MB/s last lat(s)  avg lat(s)
   20      64      9003      8939   111.722    112.25    0.011753    0.141798
   21      64      9450      9386   111.722    111.75    0.359313    0.141988
   22      64      9898      9834   111.734       112    0.395899    0.141927
   23      64     10350     10286   111.788       113   0.0138296    0.141846
   24      64     10794     10730   111.755       111    0.379461    0.142076
   25      64     11242     11178   111.764       112    0.456857    0.142014
   26      64     11689     11625   111.763    111.75    0.419538     0.14213
   27      64     12134     12070   111.744    111.25   0.0177497    0.142165
   28      64     12580     12516   111.734     111.5    0.050661    0.142075
   29      64     13029     12965   111.751    112.25   0.0227887    0.142045
   30      64     13475     13411   111.743     111.5   0.0180807    0.142108
   31      64     13923     13859    111.75       112    0.422703    0.142314
   32      64     14369     14305   111.742     111.5    0.375737    0.142378
   33      64     14814     14750   111.727    111.25   0.0232434    0.142372
   34      64     15262     15198   111.734       112   0.0161511    0.142219
   35      64     15708     15644   111.727     111.5    0.455865    0.142282
   36      64     16153     16089   111.714    111.25   0.0144794    0.142416
   37      64     16602     16538   111.728    112.25   0.0157425    0.142415
   38      64     17050     16986   111.735       112   0.0380089    0.142491
   39      64     17495     17431   111.722    111.25   0.0238399    0.142326
2026-07-08T15:17:54.787527+0800 min lat: 0.00666719 max lat: 0.607991 avg lat: 0.142454
  sec Cur ops   started  finished  avg MB/s  cur MB/s last lat(s)  avg lat(s)
   40      64     17945     17881   111.741     112.5   0.0161289    0.142454
   41      64     18391     18327   111.735     111.5   0.0465996    0.142456
   42      64     18840     18776   111.747    112.25    0.447842    0.142469
   43      64     19290     19226   111.764     112.5    0.498789    0.142394
   44      64     19735     19671   111.752    111.25    0.414786    0.142522
   45      64     20180     20116    111.74    111.25   0.0235995    0.142482
   46      64     20630     20566   111.757     112.5    0.457909     0.14248
   47      64     21076     21012   111.751     111.5    0.432333    0.142546
   48      64     21525     21461   111.761    112.25   0.0240911    0.142585
   49      64     21972     21908    111.76    111.75    0.452898    0.142562
   50      64     22416     22352   111.745       111    0.014506    0.142595
   51      64     22864     22800   111.749       112   0.0148146    0.142526
   52      64     23310     23246   111.744     111.5   0.0175426    0.142562
   53      64     23757     23693   111.744    111.75   0.0161087    0.142531
   54      64     24205     24141   111.749       112    0.470903    0.142576
   55      64     24654     24590   111.757    112.25    0.019226    0.142679
   56      64     25099     25035   111.748    111.25    0.362212    0.142702
   57      64     25548     25484   111.757    112.25   0.0315088    0.142538
   58      64     25993     25929   111.748    111.25   0.0134854    0.142643
   59      64     26444     26380   111.764    112.75    0.509279    0.142591
2026-07-08T15:18:14.790341+0800 min lat: 0.00666719 max lat: 0.607991 avg lat: 0.142584
  sec Cur ops   started  finished  avg MB/s  cur MB/s last lat(s)  avg lat(s)
   60      64     26891     26827   111.764    111.75    0.486319    0.142584
   61      64     27338     27274   111.763    111.75    0.027834    0.142662
   62      64     27785     27721   111.763    111.75   0.0158322    0.142746
   63      64     28235     28171   111.774     112.5   0.0214938     0.14263
   64      64     28679     28615   111.762       111   0.0119472    0.142631
   65      64     29130     29066   111.777    112.75   0.0134443    0.142677
   66      64     29576     29512   111.773     111.5   0.0182661    0.142647
   67      64     30021     29957   111.765    111.25   0.0669291    0.142592
   68      64     30468     30404   111.764    111.75   0.0149768    0.142727
   69      64     30914     30850    111.76     111.5    0.030312     0.14264
   70      64     31363     31299   111.767    112.25    0.436068    0.142724
   71      64     31811     31747    111.77       112    0.376779    0.142772
   72      64     32260     32196   111.777    112.25   0.0315649    0.142684
   73      64     32703     32639   111.762    110.75    0.492694    0.142697
   74      64     33153     33089   111.772     112.5    0.397381     0.14275
   75      64     33597     33533   111.762       111   0.0170394    0.142739
   76      64     34047     33983   111.771     112.5   0.0184799    0.142709
   77      64     34495     34431   111.774       112   0.0232559    0.142758
   78      64     34942     34878   111.773    111.75   0.0421441    0.142703
   79      64     35387     35323   111.766    111.25   0.0146327    0.142785
2026-07-08T15:18:34.793088+0800 min lat: 0.00666719 max lat: 0.607991 avg lat: 0.142739
  sec Cur ops   started  finished  avg MB/s  cur MB/s last lat(s)  avg lat(s)
   80      64     35836     35772   111.772    112.25   0.0155574    0.142739
   81      64     36282     36218   111.769     111.5    0.423076    0.142762
   82      64     36731     36667   111.774    112.25    0.446487    0.142746
   83      64     37178     37114   111.774    111.75    0.460045    0.142752
   84      64     37623     37559   111.767    111.25   0.0257069    0.142748
   85      63     38073     38010   111.779    112.75    0.518794    0.142732
   86      64     38517     38453   111.767    110.75   0.0347068    0.142804
   87      64     38965     38901   111.769       112   0.0166094    0.142756
   88      64     39413     39349   111.772       112   0.0170943    0.142757
   89      64     39861     39797   111.774       112    0.020649     0.14277
   90      64     40303     40239    111.76     110.5    0.459777    0.142801
   91      64     40754     40690    111.77    112.75   0.0168152    0.142786
   92      64     41196     41132   111.756     110.5   0.0291933    0.142799
   93      64     41646     41582   111.764     112.5   0.0223544    0.142811
   94      64     42095     42031   111.769    112.25    0.016281    0.142768
   95      64     42540     42476   111.764    111.25   0.0108663    0.142828
   96      64     42990     42926   111.771     112.5    0.486589    0.142771
   97      64     43438     43374   111.773       112   0.0200528    0.142807
   98      64     43885     43821   111.773    111.75    0.456105    0.142799
   99      64     44331     44267    111.77     111.5    0.406607    0.142841
2026-07-08T15:18:54.795789+0800 min lat: 0.00666719 max lat: 0.607991 avg lat: 0.142785
  sec Cur ops   started  finished  avg MB/s  cur MB/s last lat(s)  avg lat(s)
  100      64     44781     44717   111.777     112.5   0.0482802    0.142785
  101      64     45224     45160   111.767    110.75   0.0132115    0.142787
  102      64     45673     45609   111.772    112.25    0.400114    0.142853
  103      64     46116     46052   111.761    110.75    0.466156    0.142817
  104      64     46565     46501   111.766    112.25   0.0267824    0.142823
  105      64     47015     46951   111.773     112.5   0.0201758    0.142844
  106      64     47464     47400   111.777    112.25   0.0183591    0.142823
  107      64     47910     47846   111.775     111.5    0.431792    0.142838
  108      64     48361     48297   111.783    112.75    0.015775    0.142813
  109      64     48804     48740   111.774    110.75   0.0146953    0.142814
  110      64     49253     49189   111.778    112.25   0.0180653    0.142843
  111      64     49702     49638   111.782    112.25    0.495738    0.142815
  112      64     50149     50085   111.782    111.75   0.0290794    0.142852
  113      64     50596     50532   111.781    111.75    0.380991     0.14287
  114      64     51044     50980   111.783       112   0.0166213    0.142817
  115      64     51489     51425   111.778    111.25    0.462924    0.142839
  116      64     51938     51874   111.782    112.25   0.0163703    0.142852
  117      63     52387     52324   111.788     112.5   0.0296345    0.142816
  118      64     52832     52768   111.781       111   0.0171984     0.14285
  119      64     53282     53218   111.787     112.5   0.0138506    0.142837
2026-07-08T15:19:14.798433+0800 min lat: 0.00666719 max lat: 0.607991 avg lat: 0.142856
  sec Cur ops   started  finished  avg MB/s  cur MB/s last lat(s)  avg lat(s)
  120      64     53723     53659   111.774    110.25    0.012965    0.142856
  121      64     54174     54110   111.782    112.75   0.0224312    0.142843
  122      64     54622     54558   111.784       112   0.0148097    0.142835
  123      64     55068     55004   111.782     111.5   0.0200392    0.142856
  124      64     55516     55452   111.783       112   0.0276899    0.142867
  125      64     55965     55901   111.787    112.25    0.381522    0.142865
  126      64     56410     56346   111.782    111.25   0.0214059     0.14288
  127      63     56855     56792    111.78     111.5     0.42449     0.14286
  128      64     57308     57244   111.789       113   0.0334035    0.142848
  129      64     57752     57688   111.783       111   0.0314635    0.142872
  130      64     58201     58137   111.787    112.25    0.481479     0.14284
  131      64     58646     58582   111.782    111.25    0.388033    0.142884
  132      64     59095     59031   111.786    112.25    0.414578    0.142877
  133      64     59543     59479   111.787       112   0.0163603    0.142872
  134      64     59993     59929   111.793     112.5    0.473869    0.142848
  135      64     60438     60374   111.788    111.25   0.0126425    0.142868
  136      64     60887     60823   111.792    112.25    0.413528    0.142871
  137      64     61329     61265   111.782     110.5    0.516618    0.142866
  138      64     61780     61716   111.789    112.75    0.443562    0.142863
  139      64     62230     62166   111.794     112.5   0.0119703     0.14286
2026-07-08T15:19:34.801259+0800 min lat: 0.00586426 max lat: 0.607991 avg lat: 0.142854
  sec Cur ops   started  finished  avg MB/s  cur MB/s last lat(s)  avg lat(s)
  140      64     62679     62615   111.797    112.25   0.0199751    0.142854
  141      64     63125     63061   111.795     111.5   0.0461826    0.142864
  142      64     63573     63509   111.796       112   0.0352934    0.142875
  143      64     64019     63955   111.794     111.5   0.0472777    0.142853
  144      64     64466     64402   111.794    111.75    0.426454    0.142876
  145      64     64918     64854   111.802       113   0.0149419    0.142869
  146      64     65360     65296   111.793     110.5   0.0219988    0.142866
  147      64     65812     65748   111.801       113    0.403925    0.142876
  148      64     66257     66193   111.797    111.25   0.0166413    0.142897
  149      64     66706     66642     111.8    112.25    0.438848    0.142874
  150      64     67153     67089     111.8    111.75   0.0286405    0.142859
  151      63     67604     67541   111.808       113   0.0272341    0.142865
  152      64     68048     67984   111.801    110.75   0.0329371    0.142862
  153      64     68498     68434   111.805     112.5   0.0289282    0.142879
  154      64     68940     68876   111.796     110.5    0.018591    0.142884
  155      64     69391     69327   111.803    112.75   0.0176911    0.142899
  156      63     69840     69777   111.807     112.5   0.0857343    0.142848
  157      64     70286     70222   111.803    111.25    0.017448    0.142875
  158      64     70733     70669   111.803    111.75    0.478179    0.142871
  159      64     71179     71115   111.801     111.5   0.0231656    0.142882
2026-07-08T15:19:54.804020+0800 min lat: 0.00586426 max lat: 0.607991 avg lat: 0.142885
  sec Cur ops   started  finished  avg MB/s  cur MB/s last lat(s)  avg lat(s)
  160      64     71626     71562     111.8    111.75     0.46679    0.142885
  161      64     72073     72009     111.8    111.75    0.489444    0.142874
  162      64     72523     72459   111.804     112.5   0.0154042    0.142914
  163      64     72969     72905   111.802     111.5    0.483288    0.142881
  164      64     73417     73353   111.803       112    0.429309    0.142888
  165      64     73858     73794   111.794    110.25    0.474131    0.142889
  166      64     74304     74240   111.792     111.5   0.0202036    0.142905
  167      63     74752     74689   111.795    112.25   0.0698378    0.142897
  168      64     75202     75138   111.797    112.25    0.363252    0.142917
  169      64     75646     75582   111.792       111   0.0616568    0.142896
  170      64     76097     76033   111.798    112.75   0.0210621    0.142893
  171      64     76543     76479   111.796     111.5    0.017114    0.142899
  172      64     76989     76925   111.794     111.5    0.445664    0.142914
  173      64     77438     77374   111.797    112.25   0.0224564    0.142896
  174      64     77885     77821   111.796    111.75    0.400108    0.142918
  175      64     78335     78271     111.8     112.5     0.44369    0.142898
  176      64     78781     78717   111.799     111.5   0.0205555    0.142922
  177      64     79227     79163   111.797     111.5   0.0326311    0.142896
  178      64     79676     79612   111.799    112.25    0.461907    0.142913
  179      64     80125     80061   111.802    112.25   0.0214636    0.142907
2026-07-08T15:20:14.806897+0800 min lat: 0.00586426 max lat: 0.607991 avg lat: 0.142902
  sec Cur ops   started  finished  avg MB/s  cur MB/s last lat(s)  avg lat(s)
  180      64     80570     80506   111.799    111.25   0.0874573    0.142902
  181      64     81020     80956   111.802     112.5   0.0135437    0.142882
  182      64     81467     81403   111.802    111.75   0.0197995    0.142908
  183      64     81914     81850   111.802    111.75   0.0273661    0.142891
  184      64     82364     82300   111.805     112.5    0.385904    0.142913
  185      64     82813     82749   111.808    112.25    0.471767    0.142894
  186      64     83256     83192   111.802    110.75   0.0251401    0.142909
  187      64     83705     83641   111.804    112.25   0.0112571    0.142913
  188      64     84153     84089   111.805       112   0.0502295    0.142906
  189      63     84599     84536   111.805    111.75   0.0127218    0.142899
  190      64     85050     84986   111.808     112.5    0.438942    0.142901
  191      64     85495     85431   111.805    111.25   0.0380447    0.142909
  192      64     85944     85880   111.808    112.25    0.375764     0.14293
  193      64     86389     86325   111.805    111.25    0.532698    0.142887
  194      64     86835     86771   111.803     111.5    0.483848    0.142906
  195      64     87286     87222   111.808    112.75    0.408287    0.142929
  196      64     87733     87669   111.807    111.75   0.0258372    0.142908
  197      64     88181     88117   111.808       112   0.0118017    0.142903
  198      64     88630     88566    111.81    112.25   0.0167152    0.142903
  199      64     89075     89011   111.808    111.25   0.0338568    0.142911
2026-07-08T15:20:34.809612+0800 min lat: 0.00586426 max lat: 0.607991 avg lat: 0.142911
  sec Cur ops   started  finished  avg MB/s  cur MB/s last lat(s)  avg lat(s)
  200      64     89522     89458   111.807    111.75    0.459713    0.142911
  201      64     89972     89908   111.811     112.5   0.0888508    0.142886
  202      64     90423     90359   111.815    112.75    0.034534    0.142907
  203      64     90866     90802    111.81    110.75   0.0241227    0.142917
  204      64     91315     91251   111.812    112.25     0.44407    0.142902
  205      64     91760     91696   111.809    111.25    0.379995    0.142919
  206      64     92206     92142   111.807     111.5   0.0156072    0.142908
  207      64     92659     92595   111.814    113.25    0.390086    0.142929
  208      64     93106     93042   111.814    111.75   0.0257361      0.1429
  209      64     93550     93486    111.81       111   0.0156451    0.142931
  210      64     93996     93932   111.808     111.5   0.0179546    0.142916
  211      64     94444     94380   111.809       112    0.419338    0.142921
  212      64     94892     94828    111.81       112   0.0189087    0.142891
  213      64     95342     95278   111.813     112.5    0.048457    0.142914
  214      64     95787     95723   111.811    111.25    0.454182    0.142912
  215      64     96236     96172   111.812    112.25   0.0251216    0.142908
  216      64     96682     96618   111.811     111.5    0.397411    0.142928
  217      64     97129     97065   111.811    111.75    0.402685    0.142927
  218      64     97576     97512    111.81    111.75   0.0166937    0.142918
  219      64     98027     97963   111.814    112.75    0.417776    0.142929
2026-07-08T15:20:54.812571+0800 min lat: 0.00586426 max lat: 0.607991 avg lat: 0.142914
  sec Cur ops   started  finished  avg MB/s  cur MB/s last lat(s)  avg lat(s)
  220      64     98469     98405   111.808     110.5   0.0179691    0.142914
  221      64     98918     98854    111.81    112.25   0.0257985    0.142932
  222      64     99363     99299   111.808    111.25   0.0190961    0.142922
  223      64     99810     99746   111.807    111.75   0.0212812    0.142938
  224      64    100261    100197   111.812    112.75    0.456297    0.142918
  225      64    100710    100646   111.813    112.25    0.412328    0.142927
  226      64    101155    101091   111.811    111.25   0.0629578    0.142929
  227      64    101599    101535   111.807       111   0.0195997     0.14292
  228      64    102048    101984   111.809    112.25    0.492882    0.142921
  229      64    102498    102434   111.812     112.5    0.505582    0.142925
  230      64    102949    102885   111.816    112.75    0.391385    0.142934
  231      64    103393    103329   111.812       111   0.0143364    0.142911
  232      64    103840    103776   111.812    111.75   0.0162719    0.142937
  233      64    104286    104222   111.811     111.5   0.0128361    0.142917
  234      64    104733    104669    111.81    111.75   0.0414634    0.142925
  235      64    105182    105118   111.812    112.25   0.0222574    0.142932
  236      64    105632    105568   111.815     112.5   0.0192001     0.14293
  237      64    106076    106012   111.811       111   0.0240045    0.142927
  238      64    106524    106460   111.812       112   0.0210886     0.14292
  239      64    106968    106904   111.809       111   0.0195758    0.142917
2026-07-08T15:21:14.815468+0800 min lat: 0.00586426 max lat: 0.607991 avg lat: 0.142935
  sec Cur ops   started  finished  avg MB/s  cur MB/s last lat(s)  avg lat(s)
  240      64    107417    107353   111.811    112.25    0.422283    0.142935
  241      64    107870    107806   111.816    113.25    0.437034    0.142919
  242      64    108311    108247    111.81    110.25   0.0350672    0.142927
  243      64    108762    108698   111.814    112.75     0.01383    0.142929
  244      64    109207    109143   111.811    111.25    0.496684    0.142921
  245      64    109653    109589    111.81     111.5   0.0181818    0.142931
  246      64    110104    110040   111.814    112.75   0.0391417    0.142915
  247      64    110553    110489   111.815    112.25  0.00969545    0.142945
  248      64    110998    110934   111.813    111.25    0.450004    0.142937
  249      64    111446    111382   111.814       112    0.492967    0.142921
  250      64    111891    111827   111.811    111.25    0.445318    0.142935
  251      64    112338    112274   111.811    111.75    0.419258    0.142948
  252      64    112787    112723   111.813    112.25   0.0321392    0.142945
  253      64    113236    113172   111.815    112.25   0.0293058    0.142949
  254      64    113682    113618   111.813     111.5   0.0192074    0.142936
  255      64    114127    114063   111.811    111.25    0.383205    0.142949
  256      64    114574    114510   111.811    111.75    0.020202    0.142929
  257      64    115023    114959   111.812    112.25    0.393278    0.142946
  258      64    115473    115409   111.815     112.5   0.0392983    0.142932
  259      64    115921    115857   111.816       112   0.0565615    0.142936
2026-07-08T15:21:34.818295+0800 min lat: 0.00586426 max lat: 0.607991 avg lat: 0.142933
  sec Cur ops   started  finished  avg MB/s  cur MB/s last lat(s)  avg lat(s)
  260      64    116368    116304   111.815    111.75    0.441024    0.142933
  261      64    116811    116747   111.811    110.75    0.432819    0.142938
  262      64    117259    117195   111.812       112   0.0167462    0.142946
  263      64    117707    117643   111.812       112   0.0285835    0.142926
  264      64    118158    118094   111.816    112.75   0.0231153    0.142936
  265      64    118603    118539   111.814    111.25   0.0213537    0.142926
  266      64    119050    118986   111.813    111.75   0.0208806    0.142945
  267      64    119494    119430    111.81       111   0.0474925    0.142933
  268      64    119945    119881   111.814    112.75   0.0151529    0.142923
  269      64    120396    120332   111.817    112.75   0.0136997    0.142936
  270      64    120844    120780   111.818       112   0.0117661    0.142933
  271      64    121290    121226   111.817     111.5   0.0351282    0.142938
  272      64    121738    121674   111.817       112   0.0824166    0.142921
  273      64    122183    122119   111.815    111.25   0.0296169    0.142935
  274      64    122632    122568   111.817    112.25    0.014777    0.142939
  275      64    123083    123019    111.82    112.75    0.363825    0.142942
  276      64    123529    123465   111.819     111.5   0.0180096    0.142941
  277      64    123973    123909   111.816       111   0.0238839    0.142922
  278      64    124419    124355   111.815     111.5     0.02017    0.142942
  279      64    124868    124804   111.816    112.25    0.531347    0.142931
2026-07-08T15:21:54.821019+0800 min lat: 0.00586426 max lat: 0.607991 avg lat: 0.142938
  sec Cur ops   started  finished  avg MB/s  cur MB/s last lat(s)  avg lat(s)
  280      64    125318    125254   111.818     112.5    0.416134    0.142938
  281      64    125766    125702   111.819       112   0.0130324    0.142935
  282      64    126210    126146   111.816       111   0.0285331    0.142935
  283      64    126655    126591   111.814    111.25   0.0457384    0.142939
  284      64    127101    127037   111.813     111.5   0.0174015    0.142952
  285      64    127551    127487   111.815     112.5   0.0206484    0.142949
  286      64    128001    127937   111.817     112.5   0.0211383     0.14294
  287      64    128451    128387    111.82     112.5    0.015811    0.142932
  288      64    128894    128830   111.816    110.75   0.0134492    0.142947
  289      64    129338    129274   111.813       111   0.0146625    0.142938
  290      64    129787    129723   111.815    112.25   0.0433202    0.142942
  291      64    130238    130174   111.818    112.75    0.521425    0.142931
  292      64    130688    130624    111.82     112.5    0.478076    0.142936
  293      64    131136    131072   111.821       112    0.400052    0.142948
  294      64    131580    131516   111.818       111   0.0131069    0.142943
  295      64    132024    131960   111.815       111    0.425663    0.142954
  296      64    132475    132411   111.818    112.75    0.353614    0.142956
  297      64    132924    132860   111.819    112.25    0.435032    0.142938
  298      64    133372    133308    111.82       112    0.484237    0.142937
  299      64    133817    133753   111.818    111.25   0.0123595    0.142942
2026-07-08T15:22:14.823840+0800 min lat: 0.00586426 max lat: 0.607991 avg lat: 0.14295
  sec Cur ops   started  finished  avg MB/s  cur MB/s last lat(s)  avg lat(s)
  300      44    134245    134201   111.819       112     0.46519     0.14295
Total time run:       300.142
Total reads made:     134245
Read size:            262144
Object size:          262144
Bandwidth (MB/sec):   111.818
Average IOPS:         447
Stddev IOPS:          2.55835
Max IOPS:             453
Min IOPS:             435
Average Latency(s):   0.143004
Max latency(s):       0.607991
Min latency(s):       0.00586426
