hints = 1
Maintaining 64 concurrent writes of 262144 bytes to objects of size 262144 for up to 300 seconds or 0 objects
Object prefix: benchmark_data_tikv-node_786099
  sec Cur ops   started  finished  avg MB/s  cur MB/s last lat(s)  avg lat(s)
    0       0         0         0         0         0           -           0
    1      64       503       439   109.739    109.75    0.358316    0.125551
    2      64       953       889   111.111     112.5   0.0518674    0.131626
    3      64      1401      1337   111.402       112    0.469715    0.135382
    4      64      1847      1783   111.422     111.5    0.349401    0.138147
    5      64      2293      2229   111.434     111.5    0.025768    0.138609
    6      64      2743      2679   111.609     112.5    0.360868    0.139531
    7      64      3190      3126   111.627    111.75    0.466918    0.139518
    8      64      3638      3574   111.672       112   0.0542267    0.140379
    9      64      4085      4021   111.679    111.75    0.114153     0.14056
   10      64      4535      4471   111.759     112.5    0.400457    0.140673
   11      64      4834      4770   108.394     74.75    0.283822    0.145786
   12      64      5123      5059   105.381     72.25    0.263897    0.149462
   13      64      5326      5262   101.178     50.75    0.412518    0.156061
   14      64      5549      5485   97.9326     55.75     0.24574    0.161814
   15      64      5815      5751   95.8366      66.5    0.145351    0.166409
   16      64      6017      5953   93.0027      50.5    0.289857    0.170168
   17      64      6232      6168   90.6932     53.75    0.261456    0.174904
   18      64      6455      6391   88.7515     55.75    0.265375    0.178804
   19      64      6671      6607   86.9221        54    0.331063    0.182653
2026-07-08T13:56:14.378457+0800 min lat: 0.011044 max lat: 0.60643 avg lat: 0.186603
  sec Cur ops   started  finished  avg MB/s  cur MB/s last lat(s)  avg lat(s)
   20      64      6870      6806   85.0632     49.75    0.267779    0.186603
   21      64      7082      7018   83.5359        53    0.247982    0.190173
   22      64      7310      7246   82.3293        57    0.272211    0.193144
   23      64      7620      7556   82.1189      77.5    0.298534    0.193352
   24      64      7830      7766   80.8844      52.5    0.268561    0.196547
   25      64      8056      7992   79.9088      56.5    0.291492    0.199138
   26      64      8270      8206   78.8929      53.5    0.338343    0.201415
   27      64      8474      8410   77.8597        51    0.295895     0.20439
   28      64      8689      8625   76.9985     53.75    0.254243    0.206745
   29      64      8914      8850   76.2827     56.25    0.256434    0.208605
   30      63      9123      9060   75.4897      52.5     0.26973    0.210872
   31      64      9327      9263   74.6914     50.75    0.280892    0.213123
   32      64      9552      9488   74.1148     56.25    0.284409    0.214905
   33      64      9779      9715   73.5883     56.75    0.316764    0.216401
   34      64      9985      9921   72.9385      51.5    0.260014    0.218396
   35      64     10205     10141   72.4257        55    0.252156    0.220039
   36      64     10434     10370   72.0039     57.25    0.258595     0.22134
   37      64     10642     10578   71.4631        52    0.312283    0.222859
   38      64     10855     10791   70.9836     53.25    0.285746    0.224578
   39      64     11073     11009   70.5608      54.5    0.266097    0.225781
2026-07-08T13:56:34.381161+0800 min lat: 0.011044 max lat: 0.60643 avg lat: 0.226962
  sec Cur ops   started  finished  avg MB/s  cur MB/s last lat(s)  avg lat(s)
   40      64     11301     11237   70.2216        57    0.361456    0.226962
   41      64     11494     11430   69.6855     48.25    0.340338    0.228644
   42      64     11709     11645   69.3059     53.75    0.288577    0.230003
   43      64     11934     11870   69.0021     56.25    0.312605    0.231075
   44      64     12130     12066   68.5474        49    0.332518    0.232431
   45      64     12341     12277   68.1962     52.75    0.281991    0.233763
   46      64     12566     12502   67.9363     56.25    0.248282    0.234782
   47      64     12785     12721   67.6555     54.75    0.328043    0.235664
   48      64     12984     12920   67.2823     49.75    0.306748    0.237062
   49      64     13195     13131   66.9856     52.75    0.306494    0.238162
   50      64     13422     13358   66.7808     56.75    0.251395    0.238963
   51      64     13619     13555   66.4369     49.25    0.319311    0.239963
   52      64     13830     13766   66.1735     52.75    0.280067    0.241035
   53      64     14056     13992   65.9908      56.5    0.273645    0.241777
   54      64     14277     14213   65.7918     55.25    0.311729    0.242432
   55      64     14478     14414    65.509     50.25    0.303851     0.24357
   56      64     14691     14627     65.29     53.25    0.276356    0.244409
   57      64     14912     14848   65.1137     55.25    0.299243    0.245055
   58      64     15121     15057   64.8918     52.25    0.337812    0.245906
   59      64     15330     15266   64.6775     52.25    0.347622    0.246725
2026-07-08T13:56:54.383995+0800 min lat: 0.011044 max lat: 0.60643 avg lat: 0.247464
  sec Cur ops   started  finished  avg MB/s  cur MB/s last lat(s)  avg lat(s)
   60      64     15546     15482   64.4994        54    0.267452    0.247464
   61      64     15774     15710   64.3763        57    0.300669    0.247963
   62      64     15969     15905   64.1241     48.75     0.29674    0.248883
   63      64     16184     16120   63.9593     53.75    0.326538    0.249596
   64      64     16408     16344   63.8349        56    0.318597    0.250134
   65      64     16629     16565   63.7027     55.25    0.284376    0.250605
   66      64     16825     16761   63.4798        49    0.265581    0.251484
   67      64     17041     16977   63.3383        54    0.268374    0.252087
   68      64     17266     17202   63.2339     56.25    0.270548    0.252404
   69      64     17477     17413   63.0818     52.75    0.362246    0.252925
   70      64     17693     17629    62.952        54    0.269474    0.253639
   71      64     17914     17850   62.8434     55.25    0.282286    0.254078
   72      64     18142     18078   62.7621        57    0.257408    0.254444
   73      64     18343     18279   62.5907     50.25    0.279211    0.255076
   74      64     18555     18491    62.461        53    0.334251    0.255669
   75      64     18782     18718   62.3847     56.75    0.330315    0.255978
   76      64     18986     18922   62.2348        51    0.297001    0.256483
   77      64     19199     19135    62.118     53.25    0.315113    0.257029
   78      64     19433     19369   62.0715      58.5    0.238476    0.257391
   79      64     19646     19582   61.9598     53.25    0.303315    0.257705
2026-07-08T13:57:14.386764+0800 min lat: 0.011044 max lat: 0.60643 avg lat: 0.258283
  sec Cur ops   started  finished  avg MB/s  cur MB/s last lat(s)  avg lat(s)
   80      64     19847     19783   61.8133     50.25    0.322557    0.258283
   81      64     20069     20005   61.7353      55.5    0.274969    0.258714
   82      64     20299     20235   61.6835      57.5    0.251522    0.258927
   83      64     20500     20436   61.5457     50.25    0.302527    0.259425
   84      64     20712     20648   61.4439        53    0.260602    0.259939
   85      64     20944     20880   61.4033        58     0.23375    0.260237
   86      64     21155     21091   61.3026     52.75    0.285679    0.260509
   87      64     21353     21289   61.1668      49.5    0.279734    0.261107
   88      64     21564     21500   61.0711     52.75     0.27386    0.261512
   89      64     21792     21728   61.0253        57    0.259617     0.26176
   90      64     21992     21928   60.9027        50    0.301837    0.262232
   91      64     22197     22133   60.7965     51.25    0.327158     0.26268
   92      64     22416     22352   60.7307     54.75    0.243278    0.263051
   93      64     22640     22576   60.6798        56    0.291764    0.263235
   94      64     22844     22780   60.5767        51    0.297504    0.263727
   95      64     23048     22984   60.4758        51     0.32642     0.26412
   96      64     23273     23209   60.4318     56.25    0.249633    0.264463
   97      64     23470     23406   60.3164     49.25    0.300777    0.264772
   98      64     23670     23606   60.2111        50    0.290231    0.265262
   99      64     23881     23817   60.1356     52.75    0.349392    0.265638
2026-07-08T13:57:34.389509+0800 min lat: 0.011044 max lat: 0.60643 avg lat: 0.265791
  sec Cur ops   started  finished  avg MB/s  cur MB/s last lat(s)  avg lat(s)
  100      64     24111     24047   60.1092      57.5    0.276817    0.265791
  101      64     24300     24236   59.9818     47.25    0.300499    0.266321
  102      64     24508     24444   59.9035        52    0.298251    0.266725
  103      64     24723     24659   59.8437     53.75    0.246789     0.26696
  104      64     24934     24870   59.7754     52.75     0.33747    0.267215
  105      64     25122     25058   59.6537        47    0.332628    0.267773
  106      64     25336     25272   59.5955      53.5    0.322718    0.268114
  107      64     25562     25498   59.5665      56.5    0.261195    0.268265
  108      64     25749     25685   59.4478     46.75    0.401582    0.268656
  109      64     25959     25895    59.384      52.5    0.325201    0.269013
  110      64     26178     26114   59.3418     54.75    0.263078    0.269262
  111      64     26391     26327   59.2868     53.25    0.302205    0.269413
  112      64     26589     26525   59.1994      49.5    0.300171    0.269835
  113      64     26802     26738   59.1467     53.25    0.269656    0.270119
  114      64     27029     26965   59.1256     56.75     0.27091    0.270247
  115      64     27236     27172   59.0614     51.75    0.274273    0.270513
  116      64     27435     27371   58.9811     49.75    0.348522    0.270905
  117      63     27651     27588   58.9406     54.25     0.29067    0.271129
  118      64     27870     27806   58.9029      54.5    0.283642    0.271255
  119      64     28065     28001   58.8175     48.75    0.250875    0.271648
2026-07-08T13:57:54.392274+0800 min lat: 0.011044 max lat: 0.60643 avg lat: 0.271908
  sec Cur ops   started  finished  avg MB/s  cur MB/s last lat(s)  avg lat(s)
  120      64     28275     28211   58.7648      52.5    0.290106    0.271908
  121      64     28497     28433   58.7377      55.5    0.272375    0.272063
  122      64     28702     28638   58.6763     51.25    0.274398    0.272252
  123      64     28906     28842   58.6138        51     0.28683    0.272611
  124      64     29115     29051   58.5625     52.25    0.271528    0.272832
  125      64     29341     29277   58.5459      56.5    0.257328    0.272969
  126      64     29531     29467   58.4582      47.5    0.307569    0.273335
  127      64     29724     29660   58.3778     48.25     0.30708    0.273737
  128      64     29943     29879   58.3494     54.75    0.274976    0.273892
  129      64     30160     30096   58.3175     54.25    0.325611    0.274008
  130      64     30365     30301   58.2631     51.25    0.280445    0.274292
  131      64     30580     30516   58.2286     53.75    0.309973     0.27446
  132      64     30798     30734   58.2003      54.5    0.274772    0.274601
  133      64     30997     30933   58.1367     49.75    0.343305     0.27486
  134      64     31189     31125    58.061        48    0.284395    0.275258
  135      64     31402     31338   58.0253     53.25    0.290622    0.275432
  136      64     31629     31565   58.0159     56.75      0.2634    0.275517
  137      64     31831     31767    57.961      50.5    0.295641    0.275737
  138      64     32040     31976   57.9195     52.25    0.310385    0.275909
  139      64     32258     32194   57.8949      54.5    0.259405    0.276019
2026-07-08T13:58:14.395003+0800 min lat: 0.011044 max lat: 0.60643 avg lat: 0.276187
  sec Cur ops   started  finished  avg MB/s  cur MB/s last lat(s)  avg lat(s)
  140      64     32477     32413   57.8724     54.75    0.280938    0.276187
  141      64     32682     32618   57.8253     51.25    0.279308    0.276383
  142      64     32900     32836   57.8019      54.5    0.281904    0.276516
  143      64     33121     33057    57.784     55.25    0.318729    0.276574
  144      64     33321     33257   57.7299        50    0.331946    0.276881
  145      64     33531     33467   57.6938      52.5    0.361493    0.277035
  146      64     33749     33685   57.6718      54.5    0.264393    0.277151
  147      64     33952     33888   57.6247     50.75    0.324342    0.277306
  148      64     34159     34095    57.585     51.75    0.313779    0.277549
  149      64     34379     34315   57.5676        55    0.270004    0.277665
  150      64     34604     34540   57.5587     56.25    0.303755     0.27774
  151      64     34798     34734   57.4987      48.5    0.272005    0.277987
  152      64     35006     34942   57.4625        52    0.305927    0.278161
  153      64     35218     35154   57.4332        53    0.244716     0.27831
  154      64     35427     35363   57.3995     52.25    0.362647    0.278432
  155      64     35629     35565    57.355      50.5    0.279848    0.278681
  156      64     35842     35778   57.3286     53.25    0.314899    0.278804
  157      64     36068     36004   57.3233      56.5    0.297481    0.278875
  158      64     36257     36193   57.2595     47.25    0.362857    0.279095
  159      64     36470     36406   57.2342     53.25    0.370966    0.279264
2026-07-08T13:58:34.397804+0800 min lat: 0.011044 max lat: 0.60643 avg lat: 0.279314
  sec Cur ops   started  finished  avg MB/s  cur MB/s last lat(s)  avg lat(s)
  160      64     36694     36630   57.2265        56    0.247595    0.279314
  161      64     36912     36848   57.2095      54.5    0.286735    0.279403
  162      64     37111     37047   57.1634     49.75    0.280157    0.279607
  163      64     37335     37271   57.1562        56    0.246165    0.279691
  164      64     37561     37497   57.1521      56.5    0.271284    0.279705
  165      64     37765     37701   57.1148        51     0.28129    0.279856
  166      64     37970     37906   57.0794     51.25    0.325596    0.280023
  167      64     38196     38132   57.0759      56.5     0.30502    0.280071
  168      64     38409     38345   57.0531     53.25    0.397494    0.280138
  169      64     38609     38545   57.0114        50     0.33301    0.280353
  170      64     38831     38767   57.0024      55.5    0.305072    0.280436
  171      64     39056     38992    56.998     56.25     0.30725    0.280459
  172      64     39249     39185   56.9471     48.25    0.267427    0.280668
  173      64     39465     39401     56.93        54    0.249789    0.280798
  174      64     39692     39628   56.9289     56.75    0.270662     0.28081
  175      64     39905     39841   56.9079     53.25    0.326682    0.280885
  176      64     40117     40053   56.8856        53    0.315702    0.281037
  177      64     40312     40248   56.8396     48.75    0.304107    0.281231
  178      64     40510     40446   56.7983      49.5    0.344275    0.281403
  179      64     40716     40652   56.7687      51.5    0.321348    0.281586
2026-07-08T13:58:54.400506+0800 min lat: 0.011044 max lat: 0.60643 avg lat: 0.281681
  sec Cur ops   started  finished  avg MB/s  cur MB/s last lat(s)  avg lat(s)
  180      64     40931     40867   56.7519     53.75    0.279136    0.281681
  181      64     41154     41090   56.7463     55.75    0.244252    0.281709
  182      64     41366     41302   56.7257        53    0.335567    0.281796
  183      64     41570     41506   56.6944        51    0.279961    0.281992
  184      64     41782     41718   56.6743        53    0.262518    0.282074
  185      64     42006     41942   56.6706        56    0.313951    0.282103
  186      64     42206     42142   56.6347        50    0.298408    0.282248
  187      64     42417     42353   56.6139     52.75    0.269248    0.282364
  188      64     42636     42572   56.6039     54.75    0.262005    0.282433
  189      64     42853     42789   56.5914     54.25     0.28189    0.282448
  190      64     43060     42996   56.5659     51.75    0.279404    0.282644
  191      64     43263     43199   56.5354     50.75    0.272025    0.282781
  192      64     43487     43423   56.5326        56    0.299336    0.282813
  193      64     43699     43635   56.5142        53    0.261372    0.282893
  194      64     43901     43837   56.4832      50.5    0.268099    0.283018
  195      64     44122     44058   56.4768     55.25    0.276158    0.283094
  196      64     44347     44283   56.4756     56.25    0.308525    0.283084
  197      64     44548     44484    56.444     50.25    0.339708    0.283207
  198      64     44756     44692   56.4215        52    0.272721    0.283351
  199      64     44978     44914   56.4169      55.5    0.251731    0.283396
2026-07-08T13:59:14.403232+0800 min lat: 0.011044 max lat: 0.60643 avg lat: 0.283446
  sec Cur ops   started  finished  avg MB/s  cur MB/s last lat(s)  avg lat(s)
  200      64     45197     45133   56.4085     54.75    0.251129    0.283446
  201      64     45399     45335    56.379      50.5    0.304938    0.283601
  202      64     45612     45548   56.3635     53.25    0.279189    0.283684
  203      64     45835     45771   56.3604     55.75    0.278646    0.283685
  204      64     46037     45973   56.3317      50.5    0.288969    0.283782
  205      64     46254     46190   56.3215     54.25    0.268071    0.283877
  206      64     46477     46413   56.3187     55.75    0.273714    0.283905
  207      64     46695     46631   56.3098      54.5    0.278749    0.283927
  208      64     46893     46829   56.2771      49.5    0.306538    0.284096
  209      64     47104     47040   56.2602     52.75     0.25925    0.284196
  210      64     47328     47264   56.2589        56    0.253044    0.284188
  211      64     47532     47468   56.2339        51    0.372306    0.284289
  212      64     47746     47682    56.221      53.5    0.292341    0.284377
  213      64     47965     47901   56.2141     54.75    0.290838    0.284412
  214      64     48185     48121   56.2083        55    0.253246    0.284443
  215      64     48383     48319   56.1771      49.5    0.296876     0.28458
  216      64     48604     48540   56.1728     55.25    0.240445    0.284647
  217      64     48831     48767   56.1754     56.75    0.285257    0.284634
  218      64     49029     48965   56.1448      49.5    0.337451    0.284736
  219      64     49239     49175   56.1281      52.5    0.371574    0.284857
2026-07-08T13:59:34.406086+0800 min lat: 0.011044 max lat: 0.60643 avg lat: 0.28489
  sec Cur ops   started  finished  avg MB/s  cur MB/s last lat(s)  avg lat(s)
  220      64     49463     49399   56.1275        56    0.314962     0.28489
  221      64     49683     49619   56.1223        55    0.315133    0.284906
  222      64     49878     49814   56.0891     48.75    0.295909    0.285071
  223      64     50088     50024    56.073      52.5    0.262337    0.285167
  224      64     50313     50249   56.0737     56.25    0.260352    0.285159
  225      64     50519     50455   56.0534      51.5    0.319079     0.28524
  226      64     50732     50668    56.041     53.25    0.286346    0.285313
  227      64     50956     50892   56.0407        56    0.248325    0.285323
  228      64     51178     51114   56.0383      55.5     0.26662    0.285319
  229      64     51386     51322   56.0207        52    0.313086    0.285409
  230      64     51605     51541   56.0151     54.75    0.262109    0.285463
  231      64     51832     51768   56.0183     56.75    0.269331    0.285429
  232      64     52025     51961   55.9848     48.25    0.373954    0.285566
  233      64     52238     52174    55.973     53.25    0.264618    0.285646
  234      64     52457     52393   55.9678     54.75    0.328469     0.28568
  235      64     52674     52610   55.9604     54.25    0.298377    0.285724
  236      64     52872     52808    55.933      49.5    0.303255    0.285866
  237      64     53085     53021   55.9217     53.25    0.287057    0.285917
  238      64     53308     53244   55.9209     55.75    0.273619    0.285939
  239      64     53508     53444   55.8961        50    0.318756    0.286033
2026-07-08T13:59:54.408446+0800 min lat: 0.011044 max lat: 0.60643 avg lat: 0.286135
  sec Cur ops   started  finished  avg MB/s  cur MB/s last lat(s)  avg lat(s)
  240      64     53718     53654    55.882      52.5    0.261109    0.286135
  241      64     53929     53865   55.8689     52.75    0.263795    0.286191
  242      64     54154     54090   55.8705     56.25    0.280936    0.286206
  243      64     54345     54281    55.837     47.75    0.261527    0.286359
  244      64     54559     54495   55.8274      53.5    0.262691    0.286415
  245      64     54787     54723   55.8322        57    0.313126    0.286396
  246      64     55000     54936   55.8217     53.25    0.288526    0.286443
  247      64     55213     55149   55.8112     53.25    0.272772     0.28651
  248      64     55435     55371   55.8099      55.5    0.279713    0.286519
  249      64     55656     55592   55.8076     55.25    0.340268     0.28651
  250      64     55850     55786   55.7784      48.5    0.280738    0.286651
  251      64     56064     56000   55.7693      53.5    0.316866    0.286731
  252      64     56291     56227   55.7732     56.75     0.26611    0.286701
  253      64     56488     56424   55.7473     49.25     0.31781    0.286801
  254      64     56698     56634   55.7345      52.5    0.345575    0.286879
  255      64     56903     56839   55.7169     51.25     0.40904    0.286918
  256      64     57148     57084   55.7385     61.25    0.233825    0.286889
  257      64     57352     57288   55.7201        51    0.286602    0.286978
  258      64     57561     57497   55.7066     52.25    0.294611    0.287053
  259      64     57787     57723   55.7096      56.5      0.3089    0.287037
2026-07-08T14:00:14.410937+0800 min lat: 0.011044 max lat: 0.60643 avg lat: 0.287097
  sec Cur ops   started  finished  avg MB/s  cur MB/s last lat(s)  avg lat(s)
  260      64     57992     57928   55.6924     51.25    0.352529    0.287097
  261      64     58205     58141   55.6831     53.25    0.271097    0.287208
  262      64     58418     58354   55.6738     53.25    0.282253    0.287213
  263      64     58646     58582   55.6788        57    0.271675    0.287204
  264      64     58850     58786    55.661        51    0.284223    0.287285
  265      64     59061     58997     55.65     52.75    0.290326    0.287353
  266      64     59289     59225   55.6551        57    0.286745    0.287318
  267      64     59505     59441   55.6488        54    0.253366    0.287363
  268      64     59702     59638    55.625     49.25    0.284951    0.287478
  269      64     59910     59846   55.6114        52      0.3388    0.287528
  270      64     60137     60073   55.6156     56.75    0.355619    0.287514
  271      64     60335     60271   55.5931      49.5    0.326312    0.287618
  272      64     60546     60482   55.5826     52.75    0.269937     0.28769
  273      64     60774     60710   55.5877        57    0.239247    0.287689
  274      64     60995     60931   55.5865     55.25    0.313279    0.287687
  275      64     61198     61134   55.5689     50.75    0.309685    0.287773
  276      64     61409     61345   55.5586     52.75    0.245283    0.287841
  277      64     61638     61574   55.5647     57.25    0.323598    0.287805
  278      64     61841     61777   55.5474     50.75    0.365596    0.287863
  279      64     62050     61986   55.5355     52.25    0.376368    0.287934
2026-07-08T14:00:34.413393+0800 min lat: 0.011044 max lat: 0.60643 avg lat: 0.287951
  sec Cur ops   started  finished  avg MB/s  cur MB/s last lat(s)  avg lat(s)
  280      64     62272     62208   55.5354      55.5    0.272147    0.287951
  281      64     62498     62434   55.5388      56.5    0.249628    0.287948
  282      64     62702     62638   55.5227        51    0.276329    0.288022
  283      64     62912     62848    55.512      52.5    0.276083     0.28808
  284      64     63137     63073   55.5145     56.25    0.256555    0.288049
  285      64     63352     63288   55.5083     53.75    0.385008    0.288069
  286      64     63559     63495   55.4951     51.75    0.304162    0.288138
  287      64     63790     63726    55.503     57.75    0.296957    0.288143
  288      64     64006     63942   55.4977        54    0.302815    0.288149
  289      64     64217     64153   55.4882     52.75    0.276265    0.288213
  290      64     64434     64370   55.4839     54.25    0.285829    0.288237
  291      64     64657     64593   55.4848     55.75    0.403804     0.28821
  292      64     64863     64799   55.4711      51.5    0.278154    0.288271
  293      64     65071     65007   55.4593        52    0.313463     0.28833
  294      64     65299     65235   55.4645        57    0.278026    0.288332
  295      64     65515     65451   55.4595        54     0.26493    0.288348
  296      64     65718     65654   55.4436     50.75    0.411692    0.288412
  297      64     65939     65875   55.4429     55.25    0.282351    0.288444
  298      64     66158     66094   55.4405     54.75    0.289578    0.288444
  299      64     66360     66296    55.424      50.5    0.349395    0.288496
2026-07-08T14:00:54.416014+0800 min lat: 0.011044 max lat: 0.60643 avg lat: 0.288544
  sec Cur ops   started  finished  avg MB/s  cur MB/s last lat(s)  avg lat(s)
  300      55     66573     66518   55.4242      55.5    0.276171    0.288544
Total time run:         300.278
Total writes made:      66573
Write size:             262144
Object size:            262144
Bandwidth (MB/sec):     55.4262
Stddev Bandwidth:       11.0369
Max bandwidth (MB/sec): 112.5
Min bandwidth (MB/sec): 46.75
Average IOPS:           221
Stddev IOPS:            44.1475
Max IOPS:               450
Min IOPS:               187
Average Latency(s):     0.288534
Stddev Latency(s):      0.0739138
Max latency(s):         0.60643
Min latency(s):         0.011044
