1784784697 | enp139s0f0np0: 235279800142452 63489706748    0 2473    0     0          0    502349 184218599486195 47741875778    0    0    0     0       0          0
1784784698 | enp139s0f0np0: 235281374850923 63490088651    0 2473    0     0          0    502350 184218606676457 47741893836    0    0    0     0       0          0
1784784699 | enp139s0f0np0: 235284366828207 63490814706    0 2473    0     0          0    502350 184218620489597 47741931575    0    0    0     0       0          0
1784784700 | enp139s0f0np0: 235287359863173 63491541580    0 2473    0     0          0    502350 184218634284089 47741969348    0    0    0     0       0          0
1784784701 | enp139s0f0np0: 235290330992495 63492263151    0 2473    0     0          0    502350 184218647962025 47742006334    0    0    0     0       0          0
1784784702 | enp139s0f0np0: 235293445972503 63493018935    0 2473    0     0          0    502350 184218662162948 47742043264    0    0    0     0       0          0
1784784703 | enp139s0f0np0: 235296513478881 63493763592    0 2473    0     0          0    502350 184218676249029 47742081064    0    0    0     0       0          0
1784784704 | enp139s0f0np0: 235299544859800 63494499300    0 2473    0     0          0    502350 184218690112877 47742117511    0    0    0     0       0          0
1784784705 | enp139s0f0np0: 235302447542804 63495204086    0 2473    0     0          0    502350 184218703471747 47742153683    0    0    0     0       0          0
1784784706 | enp139s0f0np0: 235305502982651 63495945942    0 2473    0     0          0    502350 184218717509546 47742191500    0    0    0     0       0          0
1784784707 | enp139s0f0np0: 235308571431498 63496690384    0 2473    0     0          0    502350 184218731509935 47742228125    0    0    0     0       0          0
1784784708 | enp139s0f0np0: 235311575509346 63497419760    0 2473    0     0          0    502350 184218745351142 47742265113    0    0    0     0       0          0
1784784709 | enp139s0f0np0: 235314587106199 63498150976    0 2473    0     0          0    502350 184218759148767 47742301919    0    0    0     0       0          0
1784784710 | enp139s0f0np0: 235317610179824 63498884949    0 2473    0     0          0    502350 184218773029711 47742339012    0    0    0     0       0          0
1784784711 | enp139s0f0np0: 235320587088809 63499607271    0 2473    0     0          0    502350 184218786672370 47742375454    0    0    0     0       0          0
1784784712 | enp139s0f0np0: 235323700148180 63500363035    0 2473    0     0          0    502350 184218800944320 47742413330    0    0    0     0       0          0
1784784713 | enp139s0f0np0: 235326716295801 63501095161    0 2473    0     0          0    502350 184218814687089 47742449078    0    0    0     0       0          0
1784784714 | enp139s0f0np0: 235329774677424 63501837684    0 2473    0     0          0    502350 184218828731510 47742486493    0    0    0     0       0          0
1784784715 | enp139s0f0np0: 235332855054134 63502585412    0 2473    0     0          0    502350 184218842831488 47742524258    0    0    0     0       0          0
1784784716 | enp139s0f0np0: 235335861817382 63503315390    0 2473    0     0          0    502350 184218856618872 47742560531    0    0    0     0       0          0
1784784717 | enp139s0f0np0: 235338914845326 63504056614    0 2473    0     0          0    502350 184218870683404 47742598744    0    0    0     0       0          0
1784784718 | enp139s0f0np0: 235341973240109 63504798719    0 2473    0     0          0    502350 184218884619151 47742634541    0    0    0     0       0          0
1784784719 | enp139s0f0np0: 235344968258854 63505525585    0 2473    0     0          0    502350 184218898293666 47742670506    0    0    0     0       0          0
1784784720 | enp139s0f0np0: 235347975130308 63506255438    0 2473    0     0          0    502350 184218912030072 47742706892    0    0    0     0       0          0
1784784721 | enp139s0f0np0: 235351061733065 63507004594    0 2473    0     0          0    502350 184218926162702 47742744185    0    0    0     0       0          0
1784784722 | enp139s0f0np0: 235354063607975 63507733380    0 2473    0     0          0    502350 184218939926684 47742780679    0    0    0     0       0          0
1784784723 | enp139s0f0np0: 235357072571507 63508463871    0 2473    0     0          0    502350 184218953635685 47742816675    0    0    0     0       0          0
1784784724 | enp139s0f0np0: 235360109847956 63509200847    0 2473    0     0          0    502350 184218967547515 47742852950    0    0    0     0       0          0
1784784725 | enp139s0f0np0: 235363282624368 63509970489    0 2473    0     0          0    502350 184218981961802 47742890104    0    0    0     0       0          0
1784784726 | enp139s0f0np0: 235366289169740 63510700387    0 2473    0     0          0    502350 184218995722642 47742926573    0    0    0     0       0          0
1784784727 | enp139s0f0np0: 235369340758029 63511441185    0 2473    0     0          0    502350 184219009621975 47742962333    0    0    0     0       0          0
1784784728 | enp139s0f0np0: 235372395768048 63512182484    0 2473    0     0          0    502351 184219023598123 47742999272    0    0    0     0       0          0
1784784729 | enp139s0f0np0: 235375399538620 63512911243    0 2473    0     0          0    502351 184219037378779 47743036095    0    0    0     0       0          0
1784784730 | enp139s0f0np0: 235378416605283 63513643931    0 2473    0     0          0    502351 184219051216289 47743072803    0    0    0     0       0          0
1784784731 | enp139s0f0np0: 235381449613313 63514380394    0 2473    0     0          0    502351 184219065075039 47743109303    0    0    0     0       0          0
1784784732 | enp139s0f0np0: 235384581015726 63515140630    0 2473    0     0          0    502351 184219079338573 47743146275    0    0    0     0       0          0
1784784733 | enp139s0f0np0: 235387650755134 63515886077    0 2473    0     0          0    502351 184219093453602 47743183976    0    0    0     0       0          0
1784784734 | enp139s0f0np0: 235390856028454 63516663768    0 2473    0     0          0    502351 184219108014789 47743221497    0    0    0     0       0          0
1784784735 | enp139s0f0np0: 235394174544218 63517468615    0 2473    0     0          0    502351 184219123060542 47743259340    0    0    0     0       0          0
1784784736 | enp139s0f0np0: 235397186526393 63518200253    0 2473    0     0          0    502351 184219136904593 47743296888    0    0    0     0       0          0
1784784737 | enp139s0f0np0: 235400205823185 63518933523    0 2473    0     0          0    502351 184219150836166 47743334591    0    0    0     0       0          0
1784784738 | enp139s0f0np0: 235403242837026 63519671069    0 2473    0     0          0    502351 184219164769598 47743372336    0    0    0     0       0          0
1784784739 | enp139s0f0np0: 235406222555677 63520394484    0 2473    0     0          0    502351 184219178455291 47743409049    0    0    0     0       0          0
1784784740 | enp139s0f0np0: 235409212254163 63521120294    0 2473    0     0          0    502351 184219192198644 47743446207    0    0    0     0       0          0
1784784741 | enp139s0f0np0: 235412225639893 63521851693    0 2473    0     0          0    502351 184219205992195 47743482411    0    0    0     0       0          0
1784784742 | enp139s0f0np0: 235415250033852 63522585976    0 2473    0     0          0    502351 184219219815979 47743519404    0    0    0     0       0          0
1784784743 | enp139s0f0np0: 235418303540646 63523327229    0 2473    0     0          0    502351 184219233801304 47743556559    0    0    0     0       0          0
1784784744 | enp139s0f0np0: 235421333433983 63524062753    0 2473    0     0          0    502351 184219247621341 47743592455    0    0    0     0       0          0
1784784745 | enp139s0f0np0: 235424240244483 63524768631    0 2473    0     0          0    502351 184219260975653 47743628442    0    0    0     0       0          0
1784784746 | enp139s0f0np0: 235427258928213 63525501491    0 2473    0     0          0    502351 184219274776166 47743664708    0    0    0     0       0          0
1784784747 | enp139s0f0np0: 235430213627427 63526219106    0 2473    0     0          0    502351 184219288343274 47743701138    0    0    0     0       0          0
1784784748 | enp139s0f0np0: 235433249324581 63526956265    0 2473    0     0          0    502351 184219302239421 47743738039    0    0    0     0       0          0
1784784749 | enp139s0f0np0: 235436175443878 63527666648    0 2473    0     0          0    502351 184219315674720 47743774120    0    0    0     0       0          0
1784784750 | enp139s0f0np0: 235439154285548 63528390095    0 2473    0     0          0    502351 184219329395940 47743811496    0    0    0     0       0          0
1784784751 | enp139s0f0np0: 235442185013272 63529125980    0 2473    0     0          0    502351 184219343317071 47743848923    0    0    0     0       0          0
1784784752 | enp139s0f0np0: 235445156249999 63529847476    0 2473    0     0          0    502351 184219356961109 47743885635    0    0    0     0       0          0
1784784753 | enp139s0f0np0: 235448192776952 63530584741    0 2473    0     0          0    502351 184219370894922 47743923358    0    0    0     0       0          0
1784784754 | enp139s0f0np0: 235451172853283 63531308327    0 2473    0     0          0    502351 184219384542947 47743959513    0    0    0     0       0          0
1784784755 | enp139s0f0np0: 235454271893056 63532060037    0 2473    0     0          0    502351 184219398710207 47743996925    0    0    0     0       0          0
1784784756 | enp139s0f0np0: 235457405963920 63532820577    0 2473    0     0          0    502351 184219413070016 47744034857    0    0    0     0       0          0
1784784757 | enp139s0f0np0: 235460468482619 63533563761    0 2473    0     0          0    502351 184219427067642 47744072161    0    0    0     0       0          0
1784784758 | enp139s0f0np0: 235463584654320 63534319893    0 2473    0     0          0    502352 184219441300696 47744109649    0    0    0     0       0          0
1784784759 | enp139s0f0np0: 235466589743795 63535049129    0 2473    0     0          0    502352 184219455088149 47744146458    0    0    0     0       0          0
1784784760 | enp139s0f0np0: 235469515960445 63535759616    0 2473    0     0          0    502352 184219468566680 47744182705    0    0    0     0       0          0
1784784761 | enp139s0f0np0: 235472458970136 63536474136    0 2473    0     0          0    502352 184219482032285 47744219154    0    0    0     0       0          0
1784784762 | enp139s0f0np0: 235475461512601 63537203210    0 2473    0     0          0    502352 184219495820660 47744256360    0    0    0     0       0          0
1784784763 | enp139s0f0np0: 235478469511353 63537933504    0 2473    0     0          0    502352 184219509592653 47744293211    0    0    0     0       0          0
1784784764 | enp139s0f0np0: 235481533657047 63538677338    0 2473    0     0          0    502352 184219523610354 47744330251    0    0    0     0       0          0
1784784765 | enp139s0f0np0: 235484529975343 63539404391    0 2473    0     0          0    502352 184219537223210 47744365429    0    0    0     0       0          0
1784784766 | enp139s0f0np0: 235487580975517 63540145076    0 2473    0     0          0    502352 184219551133890 47744402051    0    0    0     0       0          0
1784784767 | enp139s0f0np0: 235490638417337 63540887415    0 2473    0     0          0    502352 184219565145564 47744439849    0    0    0     0       0          0
1784784768 | enp139s0f0np0: 235493667790734 63541622577    0 2473    0     0          0    502352 184219578919020 47744475569    0    0    0     0       0          0
1784784769 | enp139s0f0np0: 235496636457813 63542343196    0 2473    0     0          0    502352 184219592469401 47744511766    0    0    0     0       0          0
1784784770 | enp139s0f0np0: 235499544516981 63543049262    0 2473    0     0          0    502352 184219605765785 47744547357    0    0    0     0       0          0
1784784771 | enp139s0f0np0: 235502576397324 63543785151    0 2473    0     0          0    502352 184219619608713 47744584092    0    0    0     0       0          0
1784784772 | enp139s0f0np0: 235505574377875 63544512884    0 2473    0     0          0    502352 184219633305637 47744620668    0    0    0     0       0          0
1784784773 | enp139s0f0np0: 235508663212261 63545262536    0 2473    0     0          0    502352 184219647367110 47744657858    0    0    0     0       0          0
1784784774 | enp139s0f0np0: 235511710408272 63546001896    0 2473    0     0          0    502352 184219661192537 47744693763    0    0    0     0       0          0
1784784775 | enp139s0f0np0: 235514815696136 63546755589    0 2473    0     0          0    502352 184219675282654 47744730330    0    0    0     0       0          0
1784784776 | enp139s0f0np0: 235517836806419 63547488962    0 2473    0     0          0    502352 184219689017389 47744766595    0    0    0     0       0          0
1784784777 | enp139s0f0np0: 235521012923497 63548259080    0 2473    0     0          0    502352 184219703299893 47744802710    0    0    0     0       0          0
1784784778 | enp139s0f0np0: 235524054257011 63548997212    0 2473    0     0          0    502352 184219717177082 47744840281    0    0    0     0       0          0
1784784779 | enp139s0f0np0: 235527115755139 63549739985    0 2473    0     0          0    502352 184219731047548 47744877271    0    0    0     0       0          0
1784784780 | enp139s0f0np0: 235530155619642 63550477802    0 2473    0     0          0    502352 184219744877349 47744914825    0    0    0     0       0          0
1784784781 | enp139s0f0np0: 235533202891204 63551217197    0 2473    0     0          0    502352 184219758713655 47744952385    0    0    0     0       0          0
1784784782 | enp139s0f0np0: 235536281445723 63551964029    0 2473    0     0          0    502352 184219772507464 47744988983    0    0    0     0       0          0
1784784783 | enp139s0f0np0: 235539371055985 63552713719    0 2473    0     0          0    502352 184219786371836 47745025878    0    0    0     0       0          0
1784784784 | enp139s0f0np0: 235542490393377 63553470450    0 2473    0     0          0    502352 184219800285529 47745063531    0    0    0     0       0          0
1784784785 | enp139s0f0np0: 235545581821750 63554220278    0 2473    0     0          0    502352 184219813974049 47745100616    0    0    0     0       0          0
1784784786 | enp139s0f0np0: 235548718163253 63554981135    0 2473    0     0          0    502352 184219827756421 47745138622    0    0    0     0       0          0
1784784787 | enp139s0f0np0: 235551780726014 63555723883    0 2473    0     0          0    502352 184219840941462 47745175524    0    0    0     0       0          0
1784784788 | enp139s0f0np0: 235554772851088 63556449928    0 2473    0     0          0    502353 184219853646613 47745212478    0    0    0     0       0          0
1784784789 | enp139s0f0np0: 235557935455076 63557216830    0 2473    0     0          0    502353 184219866822618 47745249003    0    0    0     0       0          0
1784784790 | enp139s0f0np0: 235560986531840 63557957001    0 2473    0     0          0    502353 184219879347211 47745285796    0    0    0     0       0          0
1784784791 | enp139s0f0np0: 235564057026982 63558701759    0 2473    0     0          0    502353 184219891971223 47745323587    0    0    0     0       0          0
1784784792 | enp139s0f0np0: 235567049447510 63559427868    0 2473    0     0          0    502353 184219904481520 47745359626    0    0    0     0       0          0
1784784793 | enp139s0f0np0: 235570181896334 63560188287    0 2473    0     0          0    502353 184219918162867 47745398276    0    0    0     0       0          0
1784784794 | enp139s0f0np0: 235573239747774 63560930783    0 2473    0     0          0    502353 184219932017710 47745436214    0    0    0     0       0          0
1784784795 | enp139s0f0np0: 235576284823996 63561669582    0 2473    0     0          0    502353 184219945929308 47745472908    0    0    0     0       0          0
1784784796 | enp139s0f0np0: 235579368782452 63562417995    0 2473    0     0          0    502353 184219960056961 47745510572    0    0    0     0       0          0
1784784797 | enp139s0f0np0: 235582405613206 63563154963    0 2473    0     0          0    502353 184219973985699 47745547471    0    0    0     0       0          0
1784784798 | enp139s0f0np0: 235585430741263 63563889098    0 2473    0     0          0    502353 184219987898848 47745584867    0    0    0     0       0          0
1784784799 | enp139s0f0np0: 235588480130811 63564629208    0 2473    0     0          0    502353 184220001867520 47745621826    0    0    0     0       0          0
1784784800 | enp139s0f0np0: 235591643026164 63565396176    0 2473    0     0          0    502353 184220016294774 47745659371    0    0    0     0       0          0
1784784801 | enp139s0f0np0: 235594682371110 63566133920    0 2473    0     0          0    502353 184220030252056 47745697184    0    0    0     0       0          0
1784784802 | enp139s0f0np0: 235597739960889 63566876027    0 2473    0     0          0    502353 184220044264158 47745734393    0    0    0     0       0          0
1784784803 | enp139s0f0np0: 235600853990894 63567631589    0 2473    0     0          0    502353 184220058519196 47745772005    0    0    0     0       0          0
1784784804 | enp139s0f0np0: 235603853883078 63568359713    0 2473    0     0          0    502353 184220072270225 47745808544    0    0    0     0       0          0
1784784805 | enp139s0f0np0: 235606996139174 63569122075    0 2473    0     0          0    502353 184220086610105 47745845878    0    0    0     0       0          0
1784784806 | enp139s0f0np0: 235610024615626 63569857706    0 2473    0     0          0    502353 184220100556958 47745883493    0    0    0     0       0          0
1784784807 | enp139s0f0np0: 235613093194161 63570602858    0 2473    0     0          0    502353 184220114617201 47745920639    0    0    0     0       0          0
1784784808 | enp139s0f0np0: 235616186268627 63571353235    0 2473    0     0          0    502353 184220128735369 47745957668    0    0    0     0       0          0
1784784809 | enp139s0f0np0: 235619324169857 63572114647    0 2473    0     0          0    502353 184220143018210 47745994498    0    0    0     0       0          0
1784784810 | enp139s0f0np0: 235622392564958 63572859171    0 2473    0     0          0    502353 184220157075980 47746031592    0    0    0     0       0          0
1784784811 | enp139s0f0np0: 235625472438669 63573606514    0 2473    0     0          0    502353 184220171173986 47746069255    0    0    0     0       0          0
1784784812 | enp139s0f0np0: 235628446591177 63574328196    0 2473    0     0          0    502353 184220184835481 47746105624    0    0    0     0       0          0
1784784813 | enp139s0f0np0: 235631559830261 63575083598    0 2473    0     0          0    502353 184220199036487 47746142919    0    0    0     0       0          0
1784784814 | enp139s0f0np0: 235634637398196 63575830820    0 2473    0     0          0    502353 184220213195198 47746181422    0    0    0     0       0          0
1784784815 | enp139s0f0np0: 235637707517533 63576576110    0 2473    0     0          0    502353 184220227280522 47746218879    0    0    0     0       0          0
1784784816 | enp139s0f0np0: 235640770194055 63577319572    0 2473    0     0          0    502353 184220241299254 47746255918    0    0    0     0       0          0
1784784817 | enp139s0f0np0: 235643788944055 63578052431    0 2473    0     0          0    502353 184220255112840 47746292517    0    0    0     0       0          0
1784784818 | enp139s0f0np0: 235646840882758 63578793548    0 2473    0     0          0    502354 184220269100823 47746329505    0    0    0     0       0          0
1784784819 | enp139s0f0np0: 235649978473088 63579555143    0 2473    0     0          0    502354 184220283399117 47746366692    0    0    0     0       0          0
1784784820 | enp139s0f0np0: 235652976923053 63580283087    0 2473    0     0          0    502354 184220297126727 47746403195    0    0    0     0       0          0
1784784821 | enp139s0f0np0: 235655998704919 63581016668    0 2473    0     0          0    502354 184220310939941 47746439790    0    0    0     0       0          0
1784784822 | enp139s0f0np0: 235659092622407 63581767640    0 2473    0     0          0    502354 184220325037249 47746475962    0    0    0     0       0          0
1784784823 | enp139s0f0np0: 235662203400572 63582523052    0 2473    0     0          0    502354 184220339297689 47746513568    0    0    0     0       0          0
1784784824 | enp139s0f0np0: 235665231029676 63583258242    0 2473    0     0          0    502354 184220353144648 47746550303    0    0    0     0       0          0
1784784825 | enp139s0f0np0: 235668313886196 63584006743    0 2473    0     0          0    502354 184220367264289 47746587534    0    0    0     0       0          0
1784784826 | enp139s0f0np0: 235671402528355 63584756696    0 2473    0     0          0    502354 184220381375346 47746624993    0    0    0     0       0          0
1784784827 | enp139s0f0np0: 235674362907227 63585475799    0 2473    0     0          0    502354 184220395000025 47746662037    0    0    0     0       0          0
1784784828 | enp139s0f0np0: 235677412196437 63586216011    0 2473    0     0          0    502354 184220408941336 47746698703    0    0    0     0       0          0
1784784829 | enp139s0f0np0: 235680432538624 63586948839    0 2473    0     0          0    502354 184220422678014 47746734258    0    0    0     0       0          0
1784784830 | enp139s0f0np0: 235683448819531 63587681281    0 2473    0     0          0    502354 184220436461999 47746770326    0    0    0     0       0          0
1784784831 | enp139s0f0np0: 235686592527207 63588444030    0 2473    0     0          0    502354 184220450814134 47746807224    0    0    0     0       0          0
1784784832 | enp139s0f0np0: 235689592118104 63589172393    0 2473    0     0          0    502354 184220464578091 47746844455    0    0    0     0       0          0
1784784833 | enp139s0f0np0: 235692737575452 63589935504    0 2473    0     0          0    502354 184220478926953 47746881571    0    0    0     0       0          0
1784784834 | enp139s0f0np0: 235695787027889 63590675383    0 2473    0     0          0    502354 184220492829316 47746917852    0    0    0     0       0          0
1784784835 | enp139s0f0np0: 235698885159088 63591427313    0 2473    0     0          0    502354 184220506960253 47746954653    0    0    0     0       0          0
1784784836 | enp139s0f0np0: 235701971317820 63592176395    0 2473    0     0          0    502354 184220521091334 47746991919    0    0    0     0       0          0
1784784837 | enp139s0f0np0: 235705078861595 63592930712    0 2473    0     0          0    502354 184220535276724 47747029239    0    0    0     0       0          0
1784784838 | enp139s0f0np0: 235708072374972 63593657412    0 2473    0     0          0    502354 184220548994987 47747065610    0    0    0     0       0          0
1784784839 | enp139s0f0np0: 235711090159670 63594389777    0 2473    0     0          0    502354 184220562815287 47747102395    0    0    0     0       0          0
1784784840 | enp139s0f0np0: 235714192064911 63595142425    0 2473    0     0          0    502354 184220576936587 47747138921    0    0    0     0       0          0
1784784841 | enp139s0f0np0: 235717289303128 63595893952    0 2473    0     0          0    502354 184220591037120 47747175234    0    0    0     0       0          0
1784784842 | enp139s0f0np0: 235720375787401 63596643029    0 2473    0     0          0    502354 184220605158568 47747212541    0    0    0     0       0          0
1784784843 | enp139s0f0np0: 235723448015896 63597388786    0 2473    0     0          0    502354 184220619154050 47747248537    0    0    0     0       0          0
1784784844 | enp139s0f0np0: 235726432480295 63598113166    0 2473    0     0          0    502354 184220632787679 47747284021    0    0    0     0       0          0
1784784845 | enp139s0f0np0: 235729466648409 63598849647    0 2473    0     0          0    502354 184220646624705 47747320224    0    0    0     0       0          0
1784784846 | enp139s0f0np0: 235732557139030 63599599713    0 2473    0     0          0    502354 184220660721722 47747356780    0    0    0     0       0          0
1784784847 | enp139s0f0np0: 235735615636770 63600341972    0 2473    0     0          0    502354 184220674677968 47747393427    0    0    0     0       0          0
1784784848 | enp139s0f0np0: 235738604551802 63601067242    0 2473    0     0          0    502355 184220688365121 47747429303    0    0    0     0       0          0
1784784849 | enp139s0f0np0: 235741691237438 63601816227    0 2473    0     0          0    502355 184220702377165 47747465951    0    0    0     0       0          0
1784784850 | enp139s0f0np0: 235744661227808 63602537522    0 2473    0     0          0    502355 184220716052212 47747502651    0    0    0     0       0          0
1784784851 | enp139s0f0np0: 235747629837713 63603258476    0 2473    0     0          0    502355 184220729658234 47747538946    0    0    0     0       0          0
1784784852 | enp139s0f0np0: 235750634903701 63603987826    0 2473    0     0          0    502355 184220743388483 47747575328    0    0    0     0       0          0
1784784853 | enp139s0f0np0: 235753536783399 63604692386    0 2473    0     0          0    502355 184220756665196 47747610549    0    0    0     0       0          0
1784784854 | enp139s0f0np0: 235756589449863 63605433370    0 2473    0     0          0    502355 184220770603702 47747647013    0    0    0     0       0          0
1784784855 | enp139s0f0np0: 235759745994371 63606199015    0 2473    0     0          0    502355 184220784957979 47747684298    0    0    0     0       0          0
1784784856 | enp139s0f0np0: 235762826945547 63606946688    0 2473    0     0          0    502355 184220799116603 47747722030    0    0    0     0       0          0
1784784857 | enp139s0f0np0: 235765907575182 63607694239    0 2473    0     0          0    502355 184220813193641 47747759845    0    0    0     0       0          0
1784784858 | enp139s0f0np0: 235768829459437 63608403558    0 2473    0     0          0    502355 184220826614311 47747796067    0    0    0     0       0          0
1784784859 | enp139s0f0np0: 235771888807864 63609145930    0 2473    0     0          0    502355 184220840621022 47747833629    0    0    0     0       0          0
1784784860 | enp139s0f0np0: 235774860327609 63609867429    0 2473    0     0          0    502355 184220854273873 47747870628    0    0    0     0       0          0
1784784861 | enp139s0f0np0: 235777876884641 63610599625    0 2473    0     0          0    502355 184220868097448 47747907914    0    0    0     0       0          0
1784784862 | enp139s0f0np0: 235780908937224 63611335178    0 2473    0     0          0    502355 184220881814716 47747942766    0    0    0     0       0          0
1784784863 | enp139s0f0np0: 235783959582018 63612075453    0 2473    0     0          0    502355 184220895705357 47747979108    0    0    0     0       0          0
1784784864 | enp139s0f0np0: 235786997072649 63612812502    0 2473    0     0          0    502355 184220909594090 47748016065    0    0    0     0       0          0
1784784865 | enp139s0f0np0: 235790048029894 63613552985    0 2473    0     0          0    502355 184220923523156 47748053369    0    0    0     0       0          0
1784784866 | enp139s0f0np0: 235793117996676 63614298139    0 2473    0     0          0    502355 184220937554888 47748090489    0    0    0     0       0          0
1784784867 | enp139s0f0np0: 235796181753277 63615041705    0 2473    0     0          0    502355 184220951557327 47748128227    0    0    0     0       0          0
1784784868 | enp139s0f0np0: 235799261704379 63615789159    0 2473    0     0          0    502355 184220965627957 47748165704    0    0    0     0       0          0
1784784869 | enp139s0f0np0: 235802332200200 63616533964    0 2473    0     0          0    502355 184220979586620 47748203036    0    0    0     0       0          0
1784784870 | enp139s0f0np0: 235805374221877 63617272186    0 2473    0     0          0    502355 184220993482828 47748240712    0    0    0     0       0          0
1784784871 | enp139s0f0np0: 235808307495629 63617984705    0 2473    0     0          0    502355 184221006989244 47748278096    0    0    0     0       0          0
1784784873 | enp139s0f0np0: 235811366885511 63618727100    0 2473    0     0          0    502355 184221020836782 47748315182    0    0    0     0       0          0
1784784874 | enp139s0f0np0: 235814413607765 63619466525    0 2473    0     0          0    502355 184221034694092 47748352280    0    0    0     0       0          0
1784784875 | enp139s0f0np0: 235817484498395 63620211691    0 2473    0     0          0    502355 184221048574299 47748389649    0    0    0     0       0          0
1784784876 | enp139s0f0np0: 235820593759043 63620965885    0 2473    0     0          0    502355 184221062570131 47748426803    0    0    0     0       0          0
1784784877 | enp139s0f0np0: 235823728606582 63621726508    0 2473    0     0          0    502355 184221076585235 47748464358    0    0    0     0       0          0
1784784878 | enp139s0f0np0: 235826528036302 63622405899    0 2473    0     0          0    502356 184221088936917 47748498027    0    0    0     0       0          0
