hints = 1
  sec Cur ops   started  finished  avg MB/s  cur MB/s last lat(s)  avg lat(s)
    0       0         0         0         0         0           -           0
    1    1023     12679     11656   2913.67      2914    0.139977   0.0823976
    2    1023     25315     24292   3036.17      3159   0.0701031   0.0816972
    3    1023     38005     36982   3081.53    3172.5   0.0658085    0.081288
    4    1023     50938     49915   3119.37   3233.25   0.0767948    0.080775
    5    1023     63612     62589   3129.13    3168.5   0.0699315   0.0807921
    6    1023     76419     75396   3141.18   3201.75    0.133948    0.080623
    7    1023     89220     88197   3149.59   3200.25    0.150211   0.0804895
    8    1023    101695    100672    3145.7   3118.75   0.0683728   0.0807205
    9    1023    114760    113737   3159.07   3266.25   0.0771695   0.0803839
   10    1023    127097    126074   3151.56   3084.25    0.100506   0.0805315
   11    1023    139866    138843   3155.24   3192.25    0.066523   0.0806643
   12    1023    152123    151100   3147.63   3064.25   0.0680439   0.0808804
   13    1023    165116    164093   3155.35   3248.25   0.0629307   0.0807181
   14    1023    177768    176745   3155.88      3163    0.131239   0.0807446
   15    1023    190216    189193   3152.92      3112     0.13731   0.0808414
   16    1023    203151    202128   3157.96   3233.75   0.0686889   0.0807361
   17    1023    215807    214784   3158.29      3164   0.0640363   0.0807422
   18    1023    228670    227647   3161.47   3215.75   0.0693435   0.0806848
   19    1023    241547    240524    3164.5   3219.25   0.0659275   0.0806239
2026-07-18T23:53:08.857107+0700 min lat: 0.0554426 max lat: 0.181127 avg lat: 0.0806282
  sec Cur ops   started  finished  avg MB/s  cur MB/s last lat(s)  avg lat(s)
   20    1023    254174    253151   3164.09   3156.75   0.0714157   0.0806282
   21    1023    266840    265817   3164.19    3166.5   0.0721237   0.0806427
   22    1023    279484    278461   3164.03      3161   0.0662531   0.0806687
   23    1023    292379    291356   3166.61   3223.75   0.0653322    0.080609
   24    1023    305124    304101   3167.42   3186.25     0.13382   0.0805935
   25    1023    317871    316848   3168.18   3186.75    0.141246   0.0805805
   26    1023    330942    329919      3172   3267.75    0.132988   0.0805002
   27    1024    343900    342876   3174.48   3239.25   0.0649327   0.0804355
   28    1023    356680    355657   3175.22   3195.25   0.0670527   0.0804235
   29    1023    369236    368213   3173.96      3139   0.0703354   0.0804606
   30    1023    382079    381056   3175.17   3210.75   0.0728346   0.0804214
   31    1023    394455    393432   3172.55      3094   0.0880208   0.0804712
   32    1023    407084    406061   3172.06   3157.25   0.0752534   0.0805165
   33    1023    419656    418633   3171.17      3143   0.0747114   0.0805485
   34    1023    431723    430700   3166.62   3016.75   0.0727399   0.0806645
   35    1023    444359    443336   3166.39      3159   0.0722229   0.0806852
   36    1023    456575    455552   3163.26      3054   0.0651681   0.0807715
   37    1023    469423    468400   3164.57      3212    0.130563   0.0807403
   38    1023    481893    480870   3163.32    3117.5   0.0709211    0.080774
   39    1023    494550    493527   3163.34   3164.25    0.130468   0.0807781
2026-07-18T23:53:28.858953+0700 min lat: 0.0554426 max lat: 0.181127 avg lat: 0.0807416
  sec Cur ops   started  finished  avg MB/s  cur MB/s last lat(s)  avg lat(s)
   40    1023    507471    506448      3165   3230.25   0.0663157   0.0807416
   41    1023    520044    519021   3164.47   3143.25     0.06555   0.0807535
   42    1023    532818    531795   3165.15    3193.5   0.0630287   0.0807398
   43    1023    545116    544093   3163.04    3074.5   0.0705345   0.0807844
   44    1023    557971    556948   3164.18   3213.75    0.144833   0.0807488
   45    1023    570340    569317   3162.58   3092.25   0.0689886   0.0808167
   46    1023    583284    582261   3164.17      3236   0.0727425   0.0807633
   47    1023    595914    594891   3164.02    3157.5    0.064005   0.0807809
   48    1023    608950    607927   3165.99      3259   0.0727109   0.0807325
   49    1023    621604    620581   3165.93    3163.5   0.0658819   0.0807439
   50    1023    634356    633333   3166.37      3188   0.0721646   0.0807276
   51    1023    647400    646377   3168.22      3261    0.132868   0.0806859
   52    1023    659809    658786   3166.94   3102.25     0.13213   0.0807181
   53    1023    672443    671420   3166.78    3158.5   0.0608806   0.0807246
   54    1023    685488    684465   3168.52   3261.25   0.0704891    0.080678
   55    1023    698277    697254   3169.04   3197.25    0.135838   0.0806724
   56    1023    710866    709843   3168.65   3147.25   0.0718706   0.0806782
   57    1023    723774    722751   3169.66      3227   0.0655806   0.0806571
   58    1023    736522    735499   3169.96      3187   0.0642874   0.0806503
   59    1023    749362    748339   3170.63      3210    0.127767   0.0806362
2026-07-18T23:53:48.862217+0700 min lat: 0.0523999 max lat: 0.181127 avg lat: 0.0806673
  sec Cur ops   started  finished  avg MB/s  cur MB/s last lat(s)  avg lat(s)
   60     662    761618    760956   3170.28   3154.25   0.0521371   0.0806673
Total time run:       60.0546
Total reads made:     761618
Read size:            262144
Object size:          262144
Bandwidth (MB/sec):   3170.52
Average IOPS:         12682
Stddev IOPS:          261.93
Max IOPS:             13071
Min IOPS:             11656
Average Latency(s):   0.0806442
Max latency(s):       0.181127
Min latency(s):       0.014003
