1784769905 | enp139s0f0np0: 224684927508856 60738647058    0 2473    0     0          0    501856 172659281232061 44779487849    0    0    0     0       0          0
1784769906 | enp139s0f0np0: 224684929091666 60738658296    0 2473    0     0          0    501856 172659995523933 44779659822    0    0    0     0       0          0
1784769907 | enp139s0f0np0: 224684931137167 60738673033    0 2473    0     0          0    501857 172660940800242 44779887403    0    0    0     0       0          0
1784769908 | enp139s0f0np0: 224684933309977 60738688558    0 2473    0     0          0    501857 172661968890796 44780134964    0    0    0     0       0          0
1784769909 | enp139s0f0np0: 224684935414449 60738704123    0 2473    0     0          0    501857 172662952449550 44780371767    0    0    0     0       0          0
1784769910 | enp139s0f0np0: 224684937001428 60738715302    0 2473    0     0          0    501857 172663651269926 44780539993    0    0    0     0       0          0
1784769911 | enp139s0f0np0: 224686070576658 60738992481    0 2473    0     0          0    501857 172663655661030 44780562289    0    0    0     0       0          0
1784769912 | enp139s0f0np0: 224687348107810 60739304698    0 2473    0     0          0    501857 172663660582078 44780587051    0    0    0     0       0          0
1784769913 | enp139s0f0np0: 224688596812606 60739609906    0 2473    0     0          0    501857 172663665364196 44780610823    0    0    0     0       0          0
1784769914 | enp139s0f0np0: 224689857528776 60739918073    0 2473    0     0          0    501857 172663670201312 44780634939    0    0    0     0       0          0
1784769915 | enp139s0f0np0: 224691127156237 60740228352    0 2473    0     0          0    501857 172663675093676 44780659567    0    0    0     0       0          0
1784769916 | enp139s0f0np0: 224692403742629 60740540288    0 2473    0     0          0    501857 172663680034725 44780684676    0    0    0     0       0          0
1784769917 | enp139s0f0np0: 224693664194234 60740848352    0 2473    0     0          0    501857 172663684945823 44780709914    0    0    0     0       0          0
1784769918 | enp139s0f0np0: 224694909532434 60741152804    0 2473    0     0          0    501857 172663689756985 44780734257    0    0    0     0       0          0
1784769919 | enp139s0f0np0: 224696158613568 60741458092    0 2473    0     0          0    501857 172663694585812 44780758744    0    0    0     0       0          0
1784769920 | enp139s0f0np0: 224697471749847 60741779116    0 2473    0     0          0    501857 172663699662231 44780784432    0    0    0     0       0          0
1784769921 | enp139s0f0np0: 224698748154849 60742091098    0 2473    0     0          0    501857 172663704562697 44780808930    0    0    0     0       0          0
1784769922 | enp139s0f0np0: 224700041147465 60742407108    0 2473    0     0          0    501857 172663709545291 44780834002    0    0    0     0       0          0
1784769923 | enp139s0f0np0: 224701317637044 60742719075    0 2473    0     0          0    501857 172663714473045 44780858925    0    0    0     0       0          0
1784769924 | enp139s0f0np0: 224702596707203 60743031708    0 2473    0     0          0    501857 172663719424353 44780884034    0    0    0     0       0          0
1784769925 | enp139s0f0np0: 224703881468015 60743345698    0 2473    0     0          0    501857 172663724369080 44780908870    0    0    0     0       0          0
1784769926 | enp139s0f0np0: 224705180027777 60743663064    0 2473    0     0          0    501857 172663729377991 44780934138    0    0    0     0       0          0
1784769927 | enp139s0f0np0: 224706488813940 60743982846    0 2473    0     0          0    501857 172663734407118 44780959312    0    0    0     0       0          0
1784769928 | enp139s0f0np0: 224707794751233 60744302023    0 2473    0     0          0    501857 172663739443009 44780984677    0    0    0     0       0          0
1784769929 | enp139s0f0np0: 224709166695041 60744637343    0 2473    0     0          0    501857 172663744722872 44781011208    0    0    0     0       0          0
1784769930 | enp139s0f0np0: 224710526504788 60744969686    0 2473    0     0          0    501857 172663749956979 44781037483    0    0    0     0       0          0
1784769931 | enp139s0f0np0: 224711848336227 60745292720    0 2473    0     0          0    501857 172663755030820 44781062818    0    0    0     0       0          0
1784769932 | enp139s0f0np0: 224713152679835 60745611445    0 2473    0     0          0    501857 172663760051064 44781088018    0    0    0     0       0          0
1784769933 | enp139s0f0np0: 224714449814401 60745928349    0 2473    0     0          0    501857 172663765055040 44781113288    0    0    0     0       0          0
1784769934 | enp139s0f0np0: 224715800835012 60746258510    0 2473    0     0          0    501857 172663770255128 44781139366    0    0    0     0       0          0
1784769935 | enp139s0f0np0: 224717147762866 60746587687    0 2473    0     0          0    501857 172663775441340 44781165477    0    0    0     0       0          0
1784769936 | enp139s0f0np0: 224718477070060 60746912530    0 2473    0     0          0    501857 172663780562540 44781191218    0    0    0     0       0          0
1784769937 | enp139s0f0np0: 224719811487092 60747238570    0 2473    0     0          0    501858 172663785714412 44781217241    0    0    0     0       0          0
1784769938 | enp139s0f0np0: 224721161179575 60747568406    0 2473    0     0          0    501858 172663790904819 44781243249    0    0    0     0       0          0
1784769939 | enp139s0f0np0: 224722486734624 60747892353    0 2473    0     0          0    501858 172663796020074 44781269078    0    0    0     0       0          0
1784769940 | enp139s0f0np0: 224723799287319 60748213197    0 2473    0     0          0    501858 172663801094735 44781294801    0    0    0     0       0          0
1784769941 | enp139s0f0np0: 224725159094446 60748545588    0 2473    0     0          0    501858 172663806310652 44781320780    0    0    0     0       0          0
1784769942 | enp139s0f0np0: 224726517779129 60748877733    0 2473    0     0          0    501858 172663811518969 44781346734    0    0    0     0       0          0
1784769943 | enp139s0f0np0: 224727811501616 60749193939    0 2473    0     0          0    501858 172663816522176 44781372122    0    0    0     0       0          0
1784769944 | enp139s0f0np0: 224729159231647 60749523369    0 2473    0     0          0    501858 172663821719773 44781398317    0    0    0     0       0          0
1784769945 | enp139s0f0np0: 224730450380917 60749839023    0 2473    0     0          0    501858 172663826719293 44781423719    0    0    0     0       0          0
1784769946 | enp139s0f0np0: 224731753661395 60750157590    0 2473    0     0          0    501858 172663831776658 44781449523    0    0    0     0       0          0
1784769947 | enp139s0f0np0: 224733069155079 60750479107    0 2473    0     0          0    501858 172663836844896 44781475029    0    0    0     0       0          0
1784769948 | enp139s0f0np0: 224734389959682 60750801960    0 2473    0     0          0    501858 172663841952410 44781500923    0    0    0     0       0          0
1784769949 | enp139s0f0np0: 224735711635029 60751125012    0 2473    0     0          0    501858 172663847051162 44781526661    0    0    0     0       0          0
1784769950 | enp139s0f0np0: 224737005177607 60751441183    0 2473    0     0          0    501858 172663852050732 44781551996    0    0    0     0       0          0
1784769951 | enp139s0f0np0: 224738317904105 60751762051    0 2473    0     0          0    501858 172663857104406 44781577369    0    0    0     0       0          0
1784769952 | enp139s0f0np0: 224739615646703 60752079250    0 2473    0     0          0    501858 172663862122456 44781602812    0    0    0     0       0          0
1784769953 | enp139s0f0np0: 224740926531023 60752399613    0 2473    0     0          0    501858 172663867195100 44781628570    0    0    0     0       0          0
1784769954 | enp139s0f0np0: 224742222677324 60752716424    0 2473    0     0          0    501858 172663872196288 44781653794    0    0    0     0       0          0
1784769955 | enp139s0f0np0: 224743550822567 60753041064    0 2473    0     0          0    501858 172663877289542 44781679181    0    0    0     0       0          0
1784769956 | enp139s0f0np0: 224744848867378 60753358349    0 2473    0     0          0    501858 172663882285075 44781704267    0    0    0     0       0          0
1784769957 | enp139s0f0np0: 224746151314053 60753676654    0 2473    0     0          0    501858 172663887316769 44781729750    0    0    0     0       0          0
1784769958 | enp139s0f0np0: 224747459241925 60753996402    0 2473    0     0          0    501858 172663892392487 44781755629    0    0    0     0       0          0
1784769959 | enp139s0f0np0: 224748792178145 60754322198    0 2473    0     0          0    501858 172663897543488 44781781706    0    0    0     0       0          0
1784769960 | enp139s0f0np0: 224750098382672 60754641438    0 2473    0     0          0    501858 172663902591459 44781807254    0    0    0     0       0          0
1784769961 | enp139s0f0np0: 224751421452306 60754964758    0 2473    0     0          0    501858 172663907688903 44781832927    0    0    0     0       0          0
1784769962 | enp139s0f0np0: 224752765705308 60755293343    0 2473    0     0          0    501858 172663912879130 44781859177    0    0    0     0       0          0
1784769963 | enp139s0f0np0: 224754111523723 60755622242    0 2473    0     0          0    501858 172663918075487 44781885409    0    0    0     0       0          0
1784769964 | enp139s0f0np0: 224755421549381 60755942422    0 2473    0     0          0    501858 172663923141743 44781911093    0    0    0     0       0          0
1784769965 | enp139s0f0np0: 224756746926872 60756266270    0 2473    0     0          0    501858 172663928261225 44781937002    0    0    0     0       0          0
1784769966 | enp139s0f0np0: 224758037329372 60756581627    0 2473    0     0          0    501858 172663933232327 44781962009    0    0    0     0       0          0
1784769967 | enp139s0f0np0: 224759348845497 60756902131    0 2473    0     0          0    501859 172663938308646 44781987778    0    0    0     0       0          0
1784769968 | enp139s0f0np0: 224760680377590 60757227586    0 2473    0     0          0    501859 172663943407260 44782013123    0    0    0     0       0          0
1784769969 | enp139s0f0np0: 224762031976696 60757557957    0 2473    0     0          0    501859 172663948617644 44782039383    0    0    0     0       0          0
1784769970 | enp139s0f0np0: 224763352603603 60757880738    0 2473    0     0          0    501859 172663953714518 44782065114    0    0    0     0       0          0
1784769971 | enp139s0f0np0: 224764672265922 60758203295    0 2473    0     0          0    501859 172663958819003 44782091009    0    0    0     0       0          0
1784769972 | enp139s0f0np0: 224765956358601 60758517144    0 2473    0     0          0    501859 172663963784721 44782116176    0    0    0     0       0          0
1784769973 | enp139s0f0np0: 224767233874163 60758829390    0 2473    0     0          0    501859 172663968743246 44782141491    0    0    0     0       0          0
1784769974 | enp139s0f0np0: 224768537691942 60759148019    0 2473    0     0          0    501859 172663973804190 44782167339    0    0    0     0       0          0
1784769975 | enp139s0f0np0: 224769888265078 60759478096    0 2473    0     0          0    501859 172663979016314 44782193641    0    0    0     0       0          0
1784769976 | enp139s0f0np0: 224771219409787 60759803361    0 2473    0     0          0    501859 172663984170892 44782219861    0    0    0     0       0          0
1784769977 | enp139s0f0np0: 224772512153557 60760119293    0 2473    0     0          0    501859 172663989183911 44782245399    0    0    0     0       0          0
1784769978 | enp139s0f0np0: 224773819434495 60760438789    0 2473    0     0          0    501859 172663994233323 44782270943    0    0    0     0       0          0
1784769979 | enp139s0f0np0: 224775085636500 60760748201    0 2473    0     0          0    501859 172663999157751 44782296217    0    0    0     0       0          0
1784769980 | enp139s0f0np0: 224776420360961 60761074421    0 2473    0     0          0    501859 172664004323845 44782322435    0    0    0     0       0          0
1784769981 | enp139s0f0np0: 224777835199514 60761420218    0 2473    0     0          0    501859 172664009767451 44782349765    0    0    0     0       0          0
1784769982 | enp139s0f0np0: 224779219315388 60761758510    0 2473    0     0          0    501859 172664015124708 44782376959    0    0    0     0       0          0
1784769983 | enp139s0f0np0: 224780526765428 60762077915    0 2473    0     0          0    501859 172664020166675 44782402373    0    0    0     0       0          0
1784769984 | enp139s0f0np0: 224781814189835 60762392430    0 2473    0     0          0    501859 172664025122629 44782427270    0    0    0     0       0          0
1784769985 | enp139s0f0np0: 224783120554628 60762711605    0 2473    0     0          0    501859 172664030186334 44782453046    0    0    0     0       0          0
1784769986 | enp139s0f0np0: 224784418940707 60763028769    0 2473    0     0          0    501859 172664035253374 44782479205    0    0    0     0       0          0
1784769987 | enp139s0f0np0: 224785717043945 60763345872    0 2473    0     0          0    501859 172664040279905 44782504740    0    0    0     0       0          0
1784769988 | enp139s0f0np0: 224787026108918 60763665721    0 2473    0     0          0    501859 172664045347897 44782530503    0    0    0     0       0          0
1784769989 | enp139s0f0np0: 224788347682171 60763988575    0 2473    0     0          0    501859 172664050463102 44782556470    0    0    0     0       0          0
1784769990 | enp139s0f0np0: 224789671661397 60764312028    0 2473    0     0          0    501859 172664055601922 44782582706    0    0    0     0       0          0
1784769991 | enp139s0f0np0: 224790942862176 60764622565    0 2473    0     0          0    501859 172664060529624 44782607817    0    0    0     0       0          0
1784769992 | enp139s0f0np0: 224792247533405 60764941244    0 2473    0     0          0    501859 172664065573590 44782633366    0    0    0     0       0          0
1784769993 | enp139s0f0np0: 224793583239858 60765267565    0 2473    0     0          0    501859 172664070771474 44782660023    0    0    0     0       0          0
1784769994 | enp139s0f0np0: 224794904330569 60765590244    0 2473    0     0          0    501859 172664075869696 44782685775    0    0    0     0       0          0
1784769995 | enp139s0f0np0: 224796224637372 60765912748    0 2473    0     0          0    501859 172664080970886 44782711576    0    0    0     0       0          0
1784769996 | enp139s0f0np0: 224797558923983 60766238743    0 2473    0     0          0    501859 172664086119149 44782737567    0    0    0     0       0          0
1784769997 | enp139s0f0np0: 224798867897541 60766558584    0 2473    0     0          0    501860 172664091187239 44782763320    0    0    0     0       0          0
1784769998 | enp139s0f0np0: 224800198877620 60766883759    0 2473    0     0          0    501860 172664096328119 44782789316    0    0    0     0       0          0
1784769999 | enp139s0f0np0: 224801537767409 60767210868    0 2473    0     0          0    501860 172664101478591 44782815158    0    0    0     0       0          0
1784770000 | enp139s0f0np0: 224802900811205 60767543893    0 2473    0     0          0    501860 172664106724263 44782841494    0    0    0     0       0          0
1784770001 | enp139s0f0np0: 224804202115731 60767861818    0 2473    0     0          0    501860 172664111753685 44782866953    0    0    0     0       0          0
1784770002 | enp139s0f0np0: 224805539652904 60768188575    0 2473    0     0          0    501860 172664116915504 44782893025    0    0    0     0       0          0
1784770003 | enp139s0f0np0: 224806862980917 60768511888    0 2473    0     0          0    501860 172664122020397 44782918768    0    0    0     0       0          0
1784770004 | enp139s0f0np0: 224808187154711 60768835425    0 2473    0     0          0    501860 172664127128061 44782944516    0    0    0     0       0          0
1784770005 | enp139s0f0np0: 224809506134390 60769157677    0 2473    0     0          0    501860 172664132213881 44782970143    0    0    0     0       0          0
1784770006 | enp139s0f0np0: 224810862617026 60769489170    0 2473    0     0          0    501860 172664137458090 44782996721    0    0    0     0       0          0
1784770007 | enp139s0f0np0: 224812293402336 60769838814    0 2473    0     0          0    501860 172664142972064 44783024483    0    0    0     0       0          0
1784770008 | enp139s0f0np0: 224813726024351 60770188840    0 2473    0     0          0    501860 172664148502632 44783052413    0    0    0     0       0          0
1784770009 | enp139s0f0np0: 224815090036253 60770522122    0 2473    0     0          0    501860 172664153745276 44783078651    0    0    0     0       0          0
1784770010 | enp139s0f0np0: 224816418005585 60770846564    0 2473    0     0          0    501860 172664158855840 44783104315    0    0    0     0       0          0
1784770011 | enp139s0f0np0: 224817715303448 60771163519    0 2473    0     0          0    501860 172664163867248 44783129678    0    0    0     0       0          0
1784770012 | enp139s0f0np0: 224819066536198 60771493762    0 2473    0     0          0    501860 172664169090224 44783156106    0    0    0     0       0          0
1784770013 | enp139s0f0np0: 224820401441225 60771819837    0 2473    0     0          0    501860 172664174220942 44783181814    0    0    0     0       0          0
1784770014 | enp139s0f0np0: 224821725738345 60772143367    0 2473    0     0          0    501860 172664179321426 44783207448    0    0    0     0       0          0
1784770015 | enp139s0f0np0: 224823001854124 60772455146    0 2473    0     0          0    501860 172664184256094 44783232472    0    0    0     0       0          0
1784770016 | enp139s0f0np0: 224824309288174 60772774591    0 2473    0     0          0    501860 172664189286461 44783257721    0    0    0     0       0          0
1784770017 | enp139s0f0np0: 224825624377954 60773095903    0 2473    0     0          0    501860 172664194359419 44783283308    0    0    0     0       0          0
1784770018 | enp139s0f0np0: 224826985814220 60773428520    0 2473    0     0          0    501860 172664199615459 44783309848    0    0    0     0       0          0
1784770019 | enp139s0f0np0: 224828361878607 60773764725    0 2473    0     0          0    501860 172664204902721 44783336319    0    0    0     0       0          0
1784770020 | enp139s0f0np0: 224829740610208 60774101554    0 2473    0     0          0    501860 172664210207526 44783362927    0    0    0     0       0          0
1784770021 | enp139s0f0np0: 224831109867842 60774436089    0 2473    0     0          0    501860 172664215453577 44783389050    0    0    0     0       0          0
1784770022 | enp139s0f0np0: 224832475918522 60774769876    0 2473    0     0          0    501860 172664220718969 44783415544    0    0    0     0       0          0
1784770023 | enp139s0f0np0: 224833847886829 60775105161    0 2473    0     0          0    501860 172664226000762 44783442072    0    0    0     0       0          0
1784770024 | enp139s0f0np0: 224835217211585 60775439810    0 2473    0     0          0    501860 172664231271047 44783468531    0    0    0     0       0          0
1784770025 | enp139s0f0np0: 224836565920565 60775769343    0 2473    0     0          0    501860 172664236446155 44783494348    0    0    0     0       0          0
1784770026 | enp139s0f0np0: 224837890993813 60776093098    0 2473    0     0          0    501861 172664241533057 44783519774    0    0    0     0       0          0
1784770027 | enp139s0f0np0: 224839259081186 60776427516    0 2473    0     0          0    501861 172664246796715 44783546169    0    0    0     0       0          0
1784770028 | enp139s0f0np0: 224840583348070 60776751197    0 2473    0     0          0    501861 172664251896246 44783571825    0    0    0     0       0          0
1784770029 | enp139s0f0np0: 224841922335618 60777078484    0 2473    0     0          0    501861 172664257055657 44783597797    0    0    0     0       0          0
1784770030 | enp139s0f0np0: 224843258641015 60777405130    0 2473    0     0          0    501861 172664262217444 44783623912    0    0    0     0       0          0
1784770031 | enp139s0f0np0: 224844596278053 60777732121    0 2473    0     0          0    501861 172664267360612 44783649680    0    0    0     0       0          0
1784770032 | enp139s0f0np0: 224845959954866 60778065464    0 2473    0     0          0    501861 172664272590240 44783675739    0    0    0     0       0          0
1784770033 | enp139s0f0np0: 224847264437321 60778384314    0 2473    0     0          0    501861 172664277594774 44783700710    0    0    0     0       0          0
1784770034 | enp139s0f0np0: 224848593490693 60778709161    0 2473    0     0          0    501861 172664282719130 44783726518    0    0    0     0       0          0
1784770035 | enp139s0f0np0: 224849909771706 60779030850    0 2473    0     0          0    501861 172664287799894 44783752178    0    0    0     0       0          0
1784770036 | enp139s0f0np0: 224851266138394 60779362350    0 2473    0     0          0    501861 172664293009505 44783778263    0    0    0     0       0          0
1784770037 | enp139s0f0np0: 224852626514363 60779694964    0 2473    0     0          0    501861 172664298248979 44783804578    0    0    0     0       0          0
1784770038 | enp139s0f0np0: 224853940162496 60780016073    0 2473    0     0          0    501861 172664303334675 44783830427    0    0    0     0       0          0
1784770039 | enp139s0f0np0: 224855252646413 60780336827    0 2473    0     0          0    501861 172664308409658 44783856166    0    0    0     0       0          0
1784770040 | enp139s0f0np0: 224856549674210 60780653859    0 2473    0     0          0    501861 172664313425234 44783881561    0    0    0     0       0          0
1784770041 | enp139s0f0np0: 224857883915141 60780979979    0 2473    0     0          0    501861 172664318588593 44783907773    0    0    0     0       0          0
1784770042 | enp139s0f0np0: 224859242448152 60781312017    0 2473    0     0          0    501861 172664323824243 44783934150    0    0    0     0       0          0
1784770043 | enp139s0f0np0: 224860613971487 60781647290    0 2473    0     0          0    501861 172664329108207 44783960726    0    0    0     0       0          0
1784770044 | enp139s0f0np0: 224861928492607 60781968591    0 2473    0     0          0    501861 172664334166947 44783986134    0    0    0     0       0          0
1784770045 | enp139s0f0np0: 224863293890051 60782302337    0 2473    0     0          0    501861 172664339430215 44784012648    0    0    0     0       0          0
1784770046 | enp139s0f0np0: 224864663424502 60782637112    0 2473    0     0          0    501861 172664344715654 44784039305    0    0    0     0       0          0
1784770047 | enp139s0f0np0: 224865999506226 60782963671    0 2473    0     0          0    501861 172664349848882 44784065011    0    0    0     0       0          0
1784770048 | enp139s0f0np0: 224867372725614 60783299336    0 2473    0     0          0    501861 172664355152218 44784091835    0    0    0     0       0          0
1784770049 | enp139s0f0np0: 224868712873407 60783626807    0 2473    0     0          0    501861 172664360320001 44784117886    0    0    0     0       0          0
1784770050 | enp139s0f0np0: 224870110547058 60783968434    0 2473    0     0          0    501861 172664365686130 44784144709    0    0    0     0       0          0
1784770051 | enp139s0f0np0: 224871516871023 60784312177    0 2473    0     0          0    501861 172664371110206 44784172051    0    0    0     0       0          0
1784770052 | enp139s0f0np0: 224872864400905 60784641459    0 2473    0     0          0    501861 172664376311292 44784198314    0    0    0     0       0          0
1784770053 | enp139s0f0np0: 224874183670651 60784963950    0 2473    0     0          0    501861 172664381426233 44784224371    0    0    0     0       0          0
1784770054 | enp139s0f0np0: 224875498589606 60785285310    0 2473    0     0          0    501861 172664386478430 44784249655    0    0    0     0       0          0
1784770055 | enp139s0f0np0: 224876813911027 60785606722    0 2473    0     0          0    501861 172664391522206 44784274805    0    0    0     0       0          0
1784770056 | enp139s0f0np0: 224878140208035 60785930881    0 2473    0     0          0    501862 172664396630120 44784300490    0    0    0     0       0          0
1784770057 | enp139s0f0np0: 224879496495049 60786262331    0 2473    0     0          0    501862 172664401860565 44784326860    0    0    0     0       0          0
1784770058 | enp139s0f0np0: 224880845928379 60786592144    0 2473    0     0          0    501862 172664407063111 44784353069    0    0    0     0       0          0
1784770059 | enp139s0f0np0: 224882145168419 60786909671    0 2473    0     0          0    501862 172664412101073 44784378746    0    0    0     0       0          0
1784770060 | enp139s0f0np0: 224883485415805 60787237232    0 2473    0     0          0    501862 172664417283154 44784405035    0    0    0     0       0          0
1784770061 | enp139s0f0np0: 224884830675252 60787566029    0 2473    0     0          0    501862 172664422484681 44784431372    0    0    0     0       0          0
1784770062 | enp139s0f0np0: 224886200179301 60787900697    0 2473    0     0          0    501862 172664427743301 44784457667    0    0    0     0       0          0
1784770063 | enp139s0f0np0: 224887630486224 60788250348    0 2473    0     0          0    501862 172664433241675 44784485186    0    0    0     0       0          0
1784770064 | enp139s0f0np0: 224888992129790 60788583091    0 2473    0     0          0    501862 172664438496433 44784511717    0    0    0     0       0          0
1784770065 | enp139s0f0np0: 224890361318688 60788917654    0 2473    0     0          0    501862 172664443786531 44784538502    0    0    0     0       0          0
1784770066 | enp139s0f0np0: 224891733905265 60789253129    0 2473    0     0          0    501862 172664449072500 44784565068    0    0    0     0       0          0
1784770067 | enp139s0f0np0: 224893134545167 60789595450    0 2473    0     0          0    501862 172664454471838 44784592271    0    0    0     0       0          0
1784770068 | enp139s0f0np0: 224894469522111 60789921660    0 2473    0     0          0    501862 172664459618930 44784618215    0    0    0     0       0          0
1784770069 | enp139s0f0np0: 224895764738732 60790238241    0 2473    0     0          0    501862 172664464617122 44784643451    0    0    0     0       0          0
1784770071 | enp139s0f0np0: 224897070158957 60790557308    0 2473    0     0          0    501862 172664469668114 44784669070    0    0    0     0       0          0
1784770072 | enp139s0f0np0: 224898418410398 60790886693    0 2473    0     0          0    501862 172664474885914 44784695557    0    0    0     0       0          0
1784770073 | enp139s0f0np0: 224899734419680 60791208231    0 2473    0     0          0    501862 172664479973504 44784721324    0    0    0     0       0          0
1784770074 | enp139s0f0np0: 224901083455451 60791537834    0 2473    0     0          0    501862 172664485175058 44784747553    0    0    0     0       0          0
1784770075 | enp139s0f0np0: 224902425574897 60791865722    0 2473    0     0          0    501862 172664490357905 44784773755    0    0    0     0       0          0
1784770076 | enp139s0f0np0: 224903758213351 60792191262    0 2473    0     0          0    501862 172664495512086 44784799859    0    0    0     0       0          0
1784770077 | enp139s0f0np0: 224905053878710 60792507814    0 2473    0     0          0    501862 172664500512035 44784825111    0    0    0     0       0          0
1784770078 | enp139s0f0np0: 224906346239466 60792823510    0 2473    0     0          0    501862 172664505510253 44784850462    0    0    0     0       0          0
1784770079 | enp139s0f0np0: 224907663302607 60793145267    0 2473    0     0          0    501862 172664510599105 44784876222    0    0    0     0       0          0
1784770080 | enp139s0f0np0: 224908957527772 60793461416    0 2473    0     0          0    501862 172664515602757 44784901572    0    0    0     0       0          0
1784770081 | enp139s0f0np0: 224910283769108 60793785409    0 2473    0     0          0    501862 172664520722901 44784927423    0    0    0     0       0          0
1784770082 | enp139s0f0np0: 224911620590666 60794112004    0 2473    0     0          0    501862 172664525892259 44784953653    0    0    0     0       0          0
1784770083 | enp139s0f0np0: 224913007046317 60794450739    0 2473    0     0          0    501862 172664531226111 44784980409    0    0    0     0       0          0
1784770084 | enp139s0f0np0: 224914347348823 60794778185    0 2473    0     0          0    501862 172664536389775 44785006365    0    0    0     0       0          0
1784770085 | enp139s0f0np0: 224915659059987 60795098653    0 2473    0     0          0    501862 172664541451813 44785031922    0    0    0     0       0          0
1784770086 | enp139s0f0np0: 224916990459830 60795423871    0 2473    0     0          0    501862 172664546589473 44785057862    0    0    0     0       0          0
1784770087 | enp139s0f0np0: 224918321129777 60795748993    0 2473    0     0          0    501863 172664551729238 44785083846    0    0    0     0       0          0
1784770088 | enp139s0f0np0: 224919690210548 60796083498    0 2473    0     0          0    501863 172664557021702 44785110646    0    0    0     0       0          0
1784770089 | enp139s0f0np0: 224921065353246 60796419451    0 2473    0     0          0    501863 172664562314024 44785137225    0    0    0     0       0          0
1784770090 | enp139s0f0np0: 224922439904415 60796755286    0 2473    0     0          0    501863 172664567630019 44785164169    0    0    0     0       0          0
