1784775271 | enp139s0f0np0: 229512854184362 61977900945    0 2473    0     0          0    502035 177238077859752 45951304088    0    0    0     0       0          0
1784775272 | enp139s0f0np0: 229512855850031 61977913042    0 2473    0     0          0    502035 177238813857268 45951481239    0    0    0     0       0          0
1784775273 | enp139s0f0np0: 229512857917406 61977927868    0 2473    0     0          0    502035 177239761641458 45951709364    0    0    0     0       0          0
1784775274 | enp139s0f0np0: 229512859998980 61977942910    0 2473    0     0          0    502035 177240731424927 45951942798    0    0    0     0       0          0
1784775275 | enp139s0f0np0: 229512862052203 61977957803    0 2473    0     0          0    502035 177241688143128 45952173107    0    0    0     0       0          0
1784775276 | enp139s0f0np0: 229512863744560 61977970325    0 2473    0     0          0    502035 177242447757961 45952355988    0    0    0     0       0          0
1784775277 | enp139s0f0np0: 229513848384047 61978210968    0 2473    0     0          0    502036 177242451479313 45952374836    0    0    0     0       0          0
1784775278 | enp139s0f0np0: 229515112437291 61978519867    0 2473    0     0          0    502036 177242456248257 45952398952    0    0    0     0       0          0
1784775279 | enp139s0f0np0: 229516381581582 61978829950    0 2473    0     0          0    502036 177242461050050 45952423258    0    0    0     0       0          0
1784775280 | enp139s0f0np0: 229517629590895 61979134947    0 2473    0     0          0    502036 177242465796143 45952447511    0    0    0     0       0          0
1784775281 | enp139s0f0np0: 229518880779580 61979440699    0 2473    0     0          0    502036 177242470539027 45952471762    0    0    0     0       0          0
1784775282 | enp139s0f0np0: 229520143000960 61979749130    0 2473    0     0          0    502036 177242475310910 45952495908    0    0    0     0       0          0
1784775283 | enp139s0f0np0: 229521397572495 61980055727    0 2473    0     0          0    502036 177242480057006 45952519930    0    0    0     0       0          0
1784775284 | enp139s0f0np0: 229522685134653 61980370431    0 2473    0     0          0    502036 177242484920667 45952544532    0    0    0     0       0          0
1784775285 | enp139s0f0np0: 229523953904605 61980680531    0 2473    0     0          0    502036 177242489717598 45952568891    0    0    0     0       0          0
1784775286 | enp139s0f0np0: 229525235516310 61980993777    0 2473    0     0          0    502036 177242494583268 45952593667    0    0    0     0       0          0
1784775287 | enp139s0f0np0: 229526491586989 61981300767    0 2473    0     0          0    502036 177242499331920 45952617709    0    0    0     0       0          0
1784775288 | enp139s0f0np0: 229527743469240 61981606722    0 2473    0     0          0    502036 177242504063170 45952641697    0    0    0     0       0          0
1784775289 | enp139s0f0np0: 229529016865261 61981917921    0 2473    0     0          0    502036 177242508873818 45952666019    0    0    0     0       0          0
1784775290 | enp139s0f0np0: 229530303958793 61982232576    0 2473    0     0          0    502036 177242513730366 45952690463    0    0    0     0       0          0
1784775291 | enp139s0f0np0: 229531596651113 61982548531    0 2473    0     0          0    502036 177242518600988 45952715021    0    0    0     0       0          0
1784775292 | enp139s0f0np0: 229532886646915 61982863779    0 2473    0     0          0    502036 177242523456465 45952739433    0    0    0     0       0          0
1784775293 | enp139s0f0np0: 229534177450718 61983179275    0 2473    0     0          0    502036 177242528329058 45952763953    0    0    0     0       0          0
1784775294 | enp139s0f0np0: 229535453220136 61983491057    0 2473    0     0          0    502036 177242533148528 45952788330    0    0    0     0       0          0
1784775295 | enp139s0f0np0: 229536729474692 61983802934    0 2473    0     0          0    502036 177242537969080 45952812766    0    0    0     0       0          0
1784775296 | enp139s0f0np0: 229538002595875 61984114136    0 2473    0     0          0    502036 177242542785952 45952837170    0    0    0     0       0          0
1784775297 | enp139s0f0np0: 229539310022799 61984433766    0 2473    0     0          0    502036 177242547727263 45952862095    0    0    0     0       0          0
1784775298 | enp139s0f0np0: 229540581342954 61984744448    0 2473    0     0          0    502036 177242552526479 45952886393    0    0    0     0       0          0
1784775299 | enp139s0f0np0: 229541875918628 61985060783    0 2473    0     0          0    502036 177242557386757 45952910724    0    0    0     0       0          0
1784775300 | enp139s0f0np0: 229543157567991 61985374043    0 2473    0     0          0    502036 177242562238805 45952935268    0    0    0     0       0          0
1784775301 | enp139s0f0np0: 229544455695429 61985691298    0 2473    0     0          0    502036 177242567136299 45952959969    0    0    0     0       0          0
1784775302 | enp139s0f0np0: 229545760768240 61986010263    0 2473    0     0          0    502036 177242572065670 45952984967    0    0    0     0       0          0
1784775303 | enp139s0f0np0: 229547069755997 61986330196    0 2473    0     0          0    502036 177242577019763 45953010042    0    0    0     0       0          0
1784775304 | enp139s0f0np0: 229548341057619 61986640894    0 2473    0     0          0    502036 177242581832727 45953034474    0    0    0     0       0          0
1784775305 | enp139s0f0np0: 229549612902335 61986951704    0 2473    0     0          0    502036 177242586631571 45953058746    0    0    0     0       0          0
1784775306 | enp139s0f0np0: 229550886930011 61987263064    0 2473    0     0          0    502036 177242591421990 45953082741    0    0    0     0       0          0
1784775307 | enp139s0f0np0: 229552185708647 61987580546    0 2473    0     0          0    502037 177242596352710 45953107815    0    0    0     0       0          0
1784775308 | enp139s0f0np0: 229553445074903 61987888385    0 2473    0     0          0    502037 177242601112890 45953131987    0    0    0     0       0          0
1784775309 | enp139s0f0np0: 229554725165703 61988201326    0 2473    0     0          0    502037 177242605941990 45953156391    0    0    0     0       0          0
1784775310 | enp139s0f0np0: 229556009416266 61988515321    0 2473    0     0          0    502037 177242610793804 45953180860    0    0    0     0       0          0
1784775311 | enp139s0f0np0: 229557317513313 61988835194    0 2473    0     0          0    502037 177242615745820 45953206021    0    0    0     0       0          0
1784775312 | enp139s0f0np0: 229558633438424 61989156904    0 2473    0     0          0    502037 177242620694786 45953230873    0    0    0     0       0          0
1784775313 | enp139s0f0np0: 229559986138153 61989487679    0 2473    0     0          0    502037 177242625803514 45953256634    0    0    0     0       0          0
1784775314 | enp139s0f0np0: 229561281070980 61989804317    0 2473    0     0          0    502037 177242630684186 45953281175    0    0    0     0       0          0
1784775315 | enp139s0f0np0: 229562578616973 61990121520    0 2473    0     0          0    502037 177242635590862 45953306088    0    0    0     0       0          0
1784775316 | enp139s0f0np0: 229563883084527 61990440499    0 2473    0     0          0    502037 177242640512629 45953330939    0    0    0     0       0          0
1784775317 | enp139s0f0np0: 229565184447267 61990758735    0 2473    0     0          0    502037 177242645441862 45953355909    0    0    0     0       0          0
1784775318 | enp139s0f0np0: 229566508589817 61991082540    0 2473    0     0          0    502037 177242650450225 45953381355    0    0    0     0       0          0
1784775319 | enp139s0f0np0: 229567869673933 61991415355    0 2473    0     0          0    502037 177242655572036 45953407105    0    0    0     0       0          0
1784775320 | enp139s0f0np0: 229569214421396 61991744145    0 2473    0     0          0    502037 177242660673959 45953433050    0    0    0     0       0          0
1784775321 | enp139s0f0np0: 229570505448174 61992059780    0 2473    0     0          0    502037 177242665539430 45953457528    0    0    0     0       0          0
1784775322 | enp139s0f0np0: 229571803397428 61992377117    0 2473    0     0          0    502037 177242670427053 45953482198    0    0    0     0       0          0
1784775323 | enp139s0f0np0: 229573105067618 61992695388    0 2473    0     0          0    502037 177242675389719 45953507666    0    0    0     0       0          0
1784775324 | enp139s0f0np0: 229574352968363 61993000477    0 2473    0     0          0    502037 177242680151439 45953532184    0    0    0     0       0          0
1784775325 | enp139s0f0np0: 229575637783020 61993314553    0 2473    0     0          0    502037 177242684997039 45953556675    0    0    0     0       0          0
1784775326 | enp139s0f0np0: 229576945433955 61993634272    0 2473    0     0          0    502037 177242689946263 45953581822    0    0    0     0       0          0
1784775327 | enp139s0f0np0: 229578244106738 61993951767    0 2473    0     0          0    502037 177242694875296 45953606901    0    0    0     0       0          0
1784775328 | enp139s0f0np0: 229579521616736 61994263998    0 2473    0     0          0    502037 177242699715895 45953631562    0    0    0     0       0          0
1784775329 | enp139s0f0np0: 229580821086598 61994581637    0 2473    0     0          0    502037 177242704634653 45953656587    0    0    0     0       0          0
1784775330 | enp139s0f0np0: 229582146853887 61994905699    0 2473    0     0          0    502037 177242709653274 45953682011    0    0    0     0       0          0
1784775331 | enp139s0f0np0: 229583450018067 61995224260    0 2473    0     0          0    502037 177242714560856 45953706658    0    0    0     0       0          0
1784775332 | enp139s0f0np0: 229584781771111 61995549769    0 2473    0     0          0    502037 177242719569060 45953731812    0    0    0     0       0          0
1784775333 | enp139s0f0np0: 229586117962335 61995876349    0 2473    0     0          0    502037 177242724602013 45953757082    0    0    0     0       0          0
1784775334 | enp139s0f0np0: 229587479981263 61996209306    0 2473    0     0          0    502037 177242729747004 45953783032    0    0    0     0       0          0
1784775335 | enp139s0f0np0: 229588844414011 61996542814    0 2473    0     0          0    502037 177242734885510 45953808941    0    0    0     0       0          0
1784775336 | enp139s0f0np0: 229590219913624 61996879033    0 2473    0     0          0    502037 177242740077923 45953835162    0    0    0     0       0          0
1784775337 | enp139s0f0np0: 229591538353695 61997201240    0 2473    0     0          0    502038 177242745059100 45953860306    0    0    0     0       0          0
1784775338 | enp139s0f0np0: 229592837660605 61997518749    0 2473    0     0          0    502038 177242749983195 45953885393    0    0    0     0       0          0
1784775339 | enp139s0f0np0: 229594125894324 61997833613    0 2473    0     0          0    502038 177242754856326 45953910161    0    0    0     0       0          0
1784775340 | enp139s0f0np0: 229595437027471 61998154104    0 2473    0     0          0    502038 177242759843878 45953935662    0    0    0     0       0          0
1784775341 | enp139s0f0np0: 229596790088686 61998484826    0 2473    0     0          0    502038 177242764964843 45953961655    0    0    0     0       0          0
1784775342 | enp139s0f0np0: 229598137853859 61998814208    0 2473    0     0          0    502038 177242770045797 45953987308    0    0    0     0       0          0
1784775343 | enp139s0f0np0: 229599473373297 61999140613    0 2473    0     0          0    502038 177242775096384 45954012870    0    0    0     0       0          0
1784775344 | enp139s0f0np0: 229600768486067 61999457144    0 2473    0     0          0    502038 177242780010829 45954037895    0    0    0     0       0          0
1784775345 | enp139s0f0np0: 229602100655005 61999782660    0 2473    0     0          0    502038 177242785018493 45954063023    0    0    0     0       0          0
1784775346 | enp139s0f0np0: 229603428274116 62000107104    0 2473    0     0          0    502038 177242790010780 45954088042    0    0    0     0       0          0
1784775347 | enp139s0f0np0: 229604792835154 62000440665    0 2473    0     0          0    502038 177242795189300 45954114378    0    0    0     0       0          0
1784775348 | enp139s0f0np0: 229606154886665 62000773531    0 2473    0     0          0    502038 177242800307190 45954140051    0    0    0     0       0          0
1784775349 | enp139s0f0np0: 229607511069025 62001104952    0 2473    0     0          0    502038 177242805425531 45954165922    0    0    0     0       0          0
1784775350 | enp139s0f0np0: 229608891336652 62001442330    0 2473    0     0          0    502038 177242810637617 45954192163    0    0    0     0       0          0
1784775351 | enp139s0f0np0: 229610251327618 62001774710    0 2473    0     0          0    502038 177242815778082 45954218219    0    0    0     0       0          0
1784775352 | enp139s0f0np0: 229611576677656 62002098529    0 2473    0     0          0    502038 177242820788583 45954243654    0    0    0     0       0          0
1784775353 | enp139s0f0np0: 229612917626685 62002426182    0 2473    0     0          0    502038 177242825856410 45954269256    0    0    0     0       0          0
1784775354 | enp139s0f0np0: 229614245774474 62002750699    0 2473    0     0          0    502038 177242830896633 45954294951    0    0    0     0       0          0
1784775355 | enp139s0f0np0: 229615554631360 62003070451    0 2473    0     0          0    502038 177242835853123 45954320233    0    0    0     0       0          0
1784775356 | enp139s0f0np0: 229616871575070 62003392157    0 2473    0     0          0    502038 177242840843892 45954345566    0    0    0     0       0          0
1784775357 | enp139s0f0np0: 229618181565026 62003712213    0 2473    0     0          0    502038 177242845822555 45954370999    0    0    0     0       0          0
1784775358 | enp139s0f0np0: 229619509958555 62004036736    0 2473    0     0          0    502038 177242850831112 45954396306    0    0    0     0       0          0
1784775359 | enp139s0f0np0: 229620926675372 62004382811    0 2473    0     0          0    502038 177242856143484 45954422753    0    0    0     0       0          0
1784775360 | enp139s0f0np0: 229622247678759 62004705517    0 2473    0     0          0    502038 177242861158489 45954448279    0    0    0     0       0          0
1784775361 | enp139s0f0np0: 229623548780346 62005023316    0 2473    0     0          0    502038 177242866069966 45954473148    0    0    0     0       0          0
1784775362 | enp139s0f0np0: 229624849139496 62005340966    0 2473    0     0          0    502038 177242870998109 45954498255    0    0    0     0       0          0
1784775363 | enp139s0f0np0: 229626195699540 62005669935    0 2473    0     0          0    502038 177242876089166 45954523983    0    0    0     0       0          0
1784775364 | enp139s0f0np0: 229627508654373 62005990664    0 2473    0     0          0    502038 177242881046953 45954549037    0    0    0     0       0          0
1784775365 | enp139s0f0np0: 229628826911748 62006312692    0 2473    0     0          0    502038 177242886020455 45954574191    0    0    0     0       0          0
1784775366 | enp139s0f0np0: 229630137688134 62006632895    0 2473    0     0          0    502038 177242890942889 45954598731    0    0    0     0       0          0
1784775367 | enp139s0f0np0: 229631446877966 62006952693    0 2473    0     0          0    502039 177242895892542 45954623771    0    0    0     0       0          0
1784775368 | enp139s0f0np0: 229632749672542 62007270909    0 2473    0     0          0    502039 177242900800562 45954648511    0    0    0     0       0          0
1784775369 | enp139s0f0np0: 229634048538262 62007588223    0 2473    0     0          0    502039 177242905707719 45954673315    0    0    0     0       0          0
1784775370 | enp139s0f0np0: 229635347757900 62007905636    0 2473    0     0          0    502039 177242910674459 45954698950    0    0    0     0       0          0
1784775371 | enp139s0f0np0: 229636651164226 62008224000    0 2473    0     0          0    502039 177242915628434 45954724359    0    0    0     0       0          0
1784775373 | enp139s0f0np0: 229637993280697 62008551854    0 2473    0     0          0    502039 177242920710696 45954750229    0    0    0     0       0          0
1784775374 | enp139s0f0np0: 229639330441870 62008878463    0 2473    0     0          0    502039 177242925768474 45954775801    0    0    0     0       0          0
1784775375 | enp139s0f0np0: 229640650521589 62009200973    0 2473    0     0          0    502039 177242930738881 45954800764    0    0    0     0       0          0
1784775376 | enp139s0f0np0: 229641995641546 62009529542    0 2473    0     0          0    502039 177242935836250 45954826780    0    0    0     0       0          0
1784775377 | enp139s0f0np0: 229643338347012 62009857657    0 2473    0     0          0    502039 177242940930909 45954852697    0    0    0     0       0          0
1784775378 | enp139s0f0np0: 229644664295990 62010181629    0 2473    0     0          0    502039 177242945965904 45954878408    0    0    0     0       0          0
1784775379 | enp139s0f0np0: 229645971475825 62010500957    0 2473    0     0          0    502039 177242950933263 45954903875    0    0    0     0       0          0
1784775380 | enp139s0f0np0: 229647318000256 62010829905    0 2473    0     0          0    502039 177242956033247 45954929794    0    0    0     0       0          0
1784775381 | enp139s0f0np0: 229648652037404 62011155879    0 2473    0     0          0    502039 177242961093024 45954955487    0    0    0     0       0          0
1784775382 | enp139s0f0np0: 229649963482371 62011476244    0 2473    0     0          0    502039 177242966038049 45954980467    0    0    0     0       0          0
1784775383 | enp139s0f0np0: 229651291898818 62011800788    0 2473    0     0          0    502039 177242971023779 45955005391    0    0    0     0       0          0
1784775384 | enp139s0f0np0: 229652645667202 62012131605    0 2473    0     0          0    502039 177242976150749 45955031384    0    0    0     0       0          0
1784775385 | enp139s0f0np0: 229653997081183 62012461832    0 2473    0     0          0    502039 177242981269587 45955057432    0    0    0     0       0          0
1784775386 | enp139s0f0np0: 229655328728100 62012787260    0 2473    0     0          0    502039 177242986286075 45955082688    0    0    0     0       0          0
1784775387 | enp139s0f0np0: 229656657416205 62013111885    0 2473    0     0          0    502039 177242991305250 45955108017    0    0    0     0       0          0
1784775388 | enp139s0f0np0: 229658006414701 62013441462    0 2473    0     0          0    502039 177242996383311 45955133513    0    0    0     0       0          0
1784775389 | enp139s0f0np0: 229659359411815 62013772011    0 2473    0     0          0    502039 177243001470430 45955159054    0    0    0     0       0          0
1784775390 | enp139s0f0np0: 229660706603622 62014101180    0 2473    0     0          0    502039 177243006566845 45955184819    0    0    0     0       0          0
1784775391 | enp139s0f0np0: 229662060192090 62014431883    0 2473    0     0          0    502039 177243011689886 45955210793    0    0    0     0       0          0
1784775392 | enp139s0f0np0: 229663404838554 62014760336    0 2473    0     0          0    502039 177243016766026 45955236509    0    0    0     0       0          0
1784775393 | enp139s0f0np0: 229664733758057 62015084951    0 2473    0     0          0    502039 177243021797098 45955262055    0    0    0     0       0          0
1784775394 | enp139s0f0np0: 229666057134574 62015408316    0 2473    0     0          0    502039 177243026803708 45955287342    0    0    0     0       0          0
1784775395 | enp139s0f0np0: 229667382516349 62015732089    0 2473    0     0          0    502039 177243031819116 45955312876    0    0    0     0       0          0
1784775396 | enp139s0f0np0: 229668709816205 62016056358    0 2473    0     0          0    502039 177243036836567 45955338295    0    0    0     0       0          0
1784775397 | enp139s0f0np0: 229670023173025 62016377297    0 2473    0     0          0    502039 177243041798107 45955363305    0    0    0     0       0          0
1784775398 | enp139s0f0np0: 229671356051959 62016703036    0 2473    0     0          0    502040 177243046808006 45955388428    0    0    0     0       0          0
1784775399 | enp139s0f0np0: 229672694917802 62017030175    0 2473    0     0          0    502040 177243051832614 45955413561    0    0    0     0       0          0
1784775400 | enp139s0f0np0: 229674031263398 62017356827    0 2473    0     0          0    502040 177243056888760 45955439120    0    0    0     0       0          0
1784775401 | enp139s0f0np0: 229675341458687 62017677001    0 2473    0     0          0    502040 177243061822114 45955463904    0    0    0     0       0          0
1784775402 | enp139s0f0np0: 229676667014932 62018000967    0 2473    0     0          0    502040 177243066819322 45955489147    0    0    0     0       0          0
1784775403 | enp139s0f0np0: 229677986418080 62018323418    0 2473    0     0          0    502040 177243071825824 45955514683    0    0    0     0       0          0
1784775404 | enp139s0f0np0: 229679316855974 62018648593    0 2473    0     0          0    502040 177243076872930 45955540295    0    0    0     0       0          0
1784775405 | enp139s0f0np0: 229680654753903 62018975609    0 2473    0     0          0    502040 177243081925636 45955565936    0    0    0     0       0          0
1784775406 | enp139s0f0np0: 229681997545598 62019303778    0 2473    0     0          0    502040 177243086992488 45955591486    0    0    0     0       0          0
1784775407 | enp139s0f0np0: 229683363158326 62019637634    0 2473    0     0          0    502040 177243092168333 45955617780    0    0    0     0       0          0
1784775408 | enp139s0f0np0: 229684687392845 62019961284    0 2473    0     0          0    502040 177243097162295 45955642985    0    0    0     0       0          0
1784775409 | enp139s0f0np0: 229686020970730 62020287207    0 2473    0     0          0    502040 177243102201714 45955668545    0    0    0     0       0          0
1784775410 | enp139s0f0np0: 229687329445707 62020606975    0 2473    0     0          0    502040 177243107151055 45955693555    0    0    0     0       0          0
1784775411 | enp139s0f0np0: 229688630427807 62020925015    0 2473    0     0          0    502040 177243112080198 45955718631    0    0    0     0       0          0
1784775412 | enp139s0f0np0: 229689943695499 62021245965    0 2473    0     0          0    502040 177243117033543 45955743657    0    0    0     0       0          0
1784775413 | enp139s0f0np0: 229691227386674 62021559676    0 2473    0     0          0    502040 177243121889183 45955768235    0    0    0     0       0          0
1784775414 | enp139s0f0np0: 229692546850405 62021882224    0 2473    0     0          0    502040 177243126885997 45955793586    0    0    0     0       0          0
1784775415 | enp139s0f0np0: 229693925817306 62022219225    0 2473    0     0          0    502040 177243132100793 45955820064    0    0    0     0       0          0
1784775416 | enp139s0f0np0: 229695276922414 62022549491    0 2473    0     0          0    502040 177243137224199 45955846175    0    0    0     0       0          0
1784775417 | enp139s0f0np0: 229696639971732 62022882646    0 2473    0     0          0    502040 177243142361391 45955871963    0    0    0     0       0          0
1784775418 | enp139s0f0np0: 229697967127193 62023206942    0 2473    0     0          0    502040 177243147370140 45955897313    0    0    0     0       0          0
1784775419 | enp139s0f0np0: 229699277062153 62023527067    0 2473    0     0          0    502040 177243152337569 45955922668    0    0    0     0       0          0
1784775420 | enp139s0f0np0: 229700606379469 62023851969    0 2473    0     0          0    502040 177243157376041 45955948229    0    0    0     0       0          0
1784775421 | enp139s0f0np0: 229701930411756 62024175520    0 2473    0     0          0    502040 177243162391358 45955973752    0    0    0     0       0          0
1784775422 | enp139s0f0np0: 229703254369016 62024499101    0 2473    0     0          0    502040 177243167376597 45955998864    0    0    0     0       0          0
1784775423 | enp139s0f0np0: 229704545566468 62024814650    0 2473    0     0          0    502040 177243172234525 45956023160    0    0    0     0       0          0
1784775424 | enp139s0f0np0: 229705869670256 62025138278    0 2473    0     0          0    502040 177243177240896 45956048501    0    0    0     0       0          0
1784775425 | enp139s0f0np0: 229707222436716 62025468866    0 2473    0     0          0    502040 177243182349858 45956074392    0    0    0     0       0          0
1784775426 | enp139s0f0np0: 229708575316940 62025799517    0 2473    0     0          0    502040 177243187474696 45956100422    0    0    0     0       0          0
1784775427 | enp139s0f0np0: 229709951215832 62026135803    0 2473    0     0          0    502040 177243192678355 45956126744    0    0    0     0       0          0
1784775428 | enp139s0f0np0: 229711256754271 62026454787    0 2473    0     0          0    502041 177243197615331 45956151842    0    0    0     0       0          0
1784775429 | enp139s0f0np0: 229712584197993 62026779138    0 2473    0     0          0    502041 177243202621381 45956177081    0    0    0     0       0          0
1784775430 | enp139s0f0np0: 229713922421177 62027106187    0 2473    0     0          0    502041 177243207706299 45956203002    0    0    0     0       0          0
1784775431 | enp139s0f0np0: 229715262620125 62027433676    0 2473    0     0          0    502041 177243212782055 45956228848    0    0    0     0       0          0
1784775432 | enp139s0f0np0: 229716590101786 62027758055    0 2473    0     0          0    502041 177243217786261 45956254091    0    0    0     0       0          0
1784775433 | enp139s0f0np0: 229717889795793 62028075612    0 2473    0     0          0    502041 177243222719741 45956279217    0    0    0     0       0          0
1784775434 | enp139s0f0np0: 229719207447648 62028397637    0 2473    0     0          0    502041 177243227734117 45956304934    0    0    0     0       0          0
1784775435 | enp139s0f0np0: 229720539275914 62028723053    0 2473    0     0          0    502041 177243232789179 45956330811    0    0    0     0       0          0
1784775436 | enp139s0f0np0: 229721837931931 62029040400    0 2473    0     0          0    502041 177243237726798 45956356054    0    0    0     0       0          0
1784775437 | enp139s0f0np0: 229723139733384 62029358526    0 2473    0     0          0    502041 177243242688990 45956381534    0    0    0     0       0          0
1784775438 | enp139s0f0np0: 229724467625492 62029682986    0 2473    0     0          0    502041 177243247703912 45956406955    0    0    0     0       0          0
1784775439 | enp139s0f0np0: 229725883221184 62030028881    0 2473    0     0          0    502041 177243253033594 45956433726    0    0    0     0       0          0
1784775440 | enp139s0f0np0: 229727235018367 62030359197    0 2473    0     0          0    502041 177243258135263 45956459421    0    0    0     0       0          0
1784775441 | enp139s0f0np0: 229728570164549 62030685361    0 2473    0     0          0    502041 177243263183768 45956485045    0    0    0     0       0          0
1784775442 | enp139s0f0np0: 229729954162427 62031023479    0 2473    0     0          0    502041 177243268412779 45956511515    0    0    0     0       0          0
1784775443 | enp139s0f0np0: 229731260286453 62031342548    0 2473    0     0          0    502041 177243273373415 45956536792    0    0    0     0       0          0
1784775444 | enp139s0f0np0: 229732562377542 62031660647    0 2473    0     0          0    502041 177243278309308 45956561909    0    0    0     0       0          0
1784775445 | enp139s0f0np0: 229733893914946 62031985951    0 2473    0     0          0    502041 177243283328279 45956587298    0    0    0     0       0          0
1784775446 | enp139s0f0np0: 229735220769003 62032310101    0 2473    0     0          0    502041 177243288359956 45956612853    0    0    0     0       0          0
1784775447 | enp139s0f0np0: 229736580803977 62032642372    0 2473    0     0          0    502041 177243293496977 45956638815    0    0    0     0       0          0
1784775448 | enp139s0f0np0: 229737931646370 62032972354    0 2473    0     0          0    502041 177243298585941 45956664457    0    0    0     0       0          0
1784775449 | enp139s0f0np0: 229739288220937 62033303711    0 2473    0     0          0    502041 177243303689897 45956690039    0    0    0     0       0          0
1784775450 | enp139s0f0np0: 229740637101213 62033633224    0 2473    0     0          0    502041 177243308796945 45956715907    0    0    0     0       0          0
1784775451 | enp139s0f0np0: 229741946995710 62033953119    0 2473    0     0          0    502041 177243313672490 45956739917    0    0    0     0       0          0
1784775452 | enp139s0f0np0: 229743248081795 62034270950    0 2473    0     0          0    502041 177243318567103 45956764480    0    0    0     0       0          0
1784775453 | enp139s0f0np0: 229744566396143 62034592957    0 2473    0     0          0    502041 177243323561523 45956789806    0    0    0     0       0          0
1784775454 | enp139s0f0np0: 229745910608999 62034921337    0 2473    0     0          0    502041 177243328635625 45956815425    0    0    0     0       0          0
1784775455 | enp139s0f0np0: 229747245961312 62035247535    0 2473    0     0          0    502041 177243333654897 45956840637    0    0    0     0       0          0
1784775456 | enp139s0f0np0: 229748548241882 62035565676    0 2473    0     0          0    502041 177243338567963 45956865326    0    0    0     0       0          0
