1784777865 | enp139s0f0np0: 231467000420958 62493562586    0 2473    0     0          0    502122 179785667057891 46603923056    0    0    0     0       0          0
1784777866 | enp139s0f0np0: 231468587920056 62493948013    0 2473    0     0          0    502122 179785674347129 46603941615    0    0    0     0       0          0
1784777867 | enp139s0f0np0: 231471409856274 62494634055    0 2473    0     0          0    502122 179785687533433 46603979195    0    0    0     0       0          0
1784777868 | enp139s0f0np0: 231474164598889 62495303619    0 2473    0     0          0    502122 179785700333661 46604016099    0    0    0     0       0          0
1784777869 | enp139s0f0np0: 231476903517587 62495969672    0 2473    0     0          0    502122 179785713157751 46604053192    0    0    0     0       0          0
1784777870 | enp139s0f0np0: 231479770432378 62496666433    0 2473    0     0          0    502122 179785726519295 46604091850    0    0    0     0       0          0
1784777871 | enp139s0f0np0: 231482633839772 62497362571    0 2473    0     0          0    502122 179785739804918 46604129307    0    0    0     0       0          0
1784777872 | enp139s0f0np0: 231485494792591 62498057849    0 2473    0     0          0    502122 179785753085465 46604166553    0    0    0     0       0          0
1784777873 | enp139s0f0np0: 231488294078785 62498738151    0 2473    0     0          0    502122 179785766098699 46604203549    0    0    0     0       0          0
1784777874 | enp139s0f0np0: 231491137491220 62499429421    0 2473    0     0          0    502122 179785779417991 46604242523    0    0    0     0       0          0
1784777875 | enp139s0f0np0: 231493937873869 62500110153    0 2473    0     0          0    502122 179785792437179 46604279877    0    0    0     0       0          0
1784777876 | enp139s0f0np0: 231496747178332 62500793377    0 2473    0     0          0    502122 179785805632586 46604318010    0    0    0     0       0          0
1784777877 | enp139s0f0np0: 231499639325586 62501496268    0 2473    0     0          0    502122 179785819109935 46604356974    0    0    0     0       0          0
1784777878 | enp139s0f0np0: 231502492453841 62502189646    0 2473    0     0          0    502122 179785832386676 46604394895    0    0    0     0       0          0
1784777879 | enp139s0f0np0: 231505370009004 62502888854    0 2473    0     0          0    502122 179785845826353 46604433390    0    0    0     0       0          0
1784777880 | enp139s0f0np0: 231508289962154 62503598472    0 2473    0     0          0    502122 179785859385479 46604472228    0    0    0     0       0          0
1784777881 | enp139s0f0np0: 231511178796992 62504300555    0 2473    0     0          0    502122 179785872835782 46604510641    0    0    0     0       0          0
1784777882 | enp139s0f0np0: 231514102973697 62505011251    0 2473    0     0          0    502122 179785886502533 46604550420    0    0    0     0       0          0
1784777883 | enp139s0f0np0: 231516976605750 62505710106    0 2473    0     0          0    502122 179785899987608 46604589491    0    0    0     0       0          0
1784777884 | enp139s0f0np0: 231519904075536 62506421521    0 2473    0     0          0    502122 179785913484110 46604626981    0    0    0     0       0          0
1784777885 | enp139s0f0np0: 231522763389415 62507116278    0 2473    0     0          0    502122 179785926832048 46604664946    0    0    0     0       0          0
1784777886 | enp139s0f0np0: 231525701533554 62507830239    0 2473    0     0          0    502122 179785940475058 46604704218    0    0    0     0       0          0
1784777887 | enp139s0f0np0: 231528526134996 62508517133    0 2473    0     0          0    502123 179785953714583 46604742615    0    0    0     0       0          0
1784777888 | enp139s0f0np0: 231531339322297 62509200996    0 2473    0     0          0    502123 179785966828184 46604780189    0    0    0     0       0          0
1784777889 | enp139s0f0np0: 231534043186206 62509858724    0 2473    0     0          0    502123 179785979422302 46604816607    0    0    0     0       0          0
1784777890 | enp139s0f0np0: 231536847443816 62510540756    0 2473    0     0          0    502123 179785992525275 46604854577    0    0    0     0       0          0
1784777891 | enp139s0f0np0: 231539691834325 62511232442    0 2473    0     0          0    502123 179786005780642 46604892322    0    0    0     0       0          0
1784777892 | enp139s0f0np0: 231542559025830 62511929431    0 2473    0     0          0    502123 179786019101824 46604930413    0    0    0     0       0          0
1784777893 | enp139s0f0np0: 231545421147312 62512625038    0 2473    0     0          0    502123 179786032432678 46604968211    0    0    0     0       0          0
1784777894 | enp139s0f0np0: 231548238696393 62513310239    0 2473    0     0          0    502123 179786045542686 46605006101    0    0    0     0       0          0
1784777895 | enp139s0f0np0: 231551069530321 62513998199    0 2473    0     0          0    502123 179786058799734 46605044104    0    0    0     0       0          0
1784777896 | enp139s0f0np0: 231553888346178 62514683136    0 2473    0     0          0    502123 179786071887474 46605081653    0    0    0     0       0          0
1784777897 | enp139s0f0np0: 231556767189031 62515382772    0 2473    0     0          0    502123 179786085332994 46605120306    0    0    0     0       0          0
1784777898 | enp139s0f0np0: 231559615296778 62516074687    0 2473    0     0          0    502123 179786098564373 46605157815    0    0    0     0       0          0
1784777899 | enp139s0f0np0: 231562529680462 62516782429    0 2473    0     0          0    502123 179786112020357 46605194497    0    0    0     0       0          0
1784777900 | enp139s0f0np0: 231565391560298 62517477769    0 2473    0     0          0    502123 179786125299020 46605232391    0    0    0     0       0          0
1784777901 | enp139s0f0np0: 231568332934863 62518192852    0 2473    0     0          0    502123 179786139064260 46605272039    0    0    0     0       0          0
1784777902 | enp139s0f0np0: 231571223893103 62518895453    0 2473    0     0          0    502123 179786152427715 46605309625    0    0    0     0       0          0
1784777903 | enp139s0f0np0: 231574004200094 62519571356    0 2473    0     0          0    502123 179786165497879 46605347993    0    0    0     0       0          0
1784777904 | enp139s0f0np0: 231576868624877 62520267461    0 2473    0     0          0    502123 179786178807039 46605385342    0    0    0     0       0          0
1784777905 | enp139s0f0np0: 231579769623933 62520971991    0 2473    0     0          0    502123 179786192165753 46605422349    0    0    0     0       0          0
1784777906 | enp139s0f0np0: 231582683060085 62521679876    0 2473    0     0          0    502123 179786205810609 46605461778    0    0    0     0       0          0
1784777907 | enp139s0f0np0: 231585565426764 62522380481    0 2473    0     0          0    502123 179786219310270 46605501205    0    0    0     0       0          0
1784777908 | enp139s0f0np0: 231588432355630 62523077169    0 2473    0     0          0    502123 179786232662653 46605540020    0    0    0     0       0          0
1784777909 | enp139s0f0np0: 231591262355672 62523764889    0 2473    0     0          0    502123 179786245817838 46605577126    0    0    0     0       0          0
1784777910 | enp139s0f0np0: 231594219611533 62524483103    0 2473    0     0          0    502123 179786259580700 46605616138    0    0    0     0       0          0
1784777911 | enp139s0f0np0: 231597150840632 62525194788    0 2473    0     0          0    502123 179786273144722 46605653890    0    0    0     0       0          0
1784777913 | enp139s0f0np0: 231600014110273 62525890667    0 2473    0     0          0    502123 179786286385776 46605690853    0    0    0     0       0          0
1784777914 | enp139s0f0np0: 231602865383359 62526583522    0 2473    0     0          0    502123 179786299687099 46605729114    0    0    0     0       0          0
1784777915 | enp139s0f0np0: 231605774350038 62527290296    0 2473    0     0          0    502123 179786313203497 46605767316    0    0    0     0       0          0
1784777916 | enp139s0f0np0: 231608686534129 62527997902    0 2473    0     0          0    502123 179786326772411 46605806303    0    0    0     0       0          0
1784777917 | enp139s0f0np0: 231611571462613 62528698805    0 2473    0     0          0    502123 179786340157621 46605844161    0    0    0     0       0          0
1784777918 | enp139s0f0np0: 231614518643412 62529414937    0 2473    0     0          0    502124 179786353871495 46605883304    0    0    0     0       0          0
1784777919 | enp139s0f0np0: 231617474619927 62530132982    0 2473    0     0          0    502124 179786367588119 46605922089    0    0    0     0       0          0
1784777920 | enp139s0f0np0: 231620333183005 62530827684    0 2473    0     0          0    502124 179786380980426 46605961080    0    0    0     0       0          0
1784777921 | enp139s0f0np0: 231623255737433 62531537731    0 2473    0     0          0    502124 179786394524801 46605999623    0    0    0     0       0          0
1784777922 | enp139s0f0np0: 231626133105533 62532236573    0 2473    0     0          0    502124 179786407866035 46606036993    0    0    0     0       0          0
1784777923 | enp139s0f0np0: 231629016084018 62532937037    0 2473    0     0          0    502124 179786421253020 46606075185    0    0    0     0       0          0
1784777924 | enp139s0f0np0: 231631912760079 62533640879    0 2473    0     0          0    502124 179786434772154 46606114029    0    0    0     0       0          0
1784777925 | enp139s0f0np0: 231634733734583 62534326213    0 2473    0     0          0    502124 179786447899750 46606151411    0    0    0     0       0          0
1784777926 | enp139s0f0np0: 231637618809735 62535027429    0 2473    0     0          0    502124 179786461339398 46606189637    0    0    0     0       0          0
1784777927 | enp139s0f0np0: 231640535195535 62535735981    0 2473    0     0          0    502124 179786474844211 46606227810    0    0    0     0       0          0
1784777928 | enp139s0f0np0: 231643436923773 62536440977    0 2473    0     0          0    502124 179786488364483 46606266309    0    0    0     0       0          0
1784777929 | enp139s0f0np0: 231646375140426 62537154634    0 2473    0     0          0    502124 179786502003910 46606304727    0    0    0     0       0          0
1784777930 | enp139s0f0np0: 231649241752302 62537851011    0 2473    0     0          0    502124 179786515329270 46606342662    0    0    0     0       0          0
1784777931 | enp139s0f0np0: 231652074516476 62538539289    0 2473    0     0          0    502124 179786528470865 46606380201    0    0    0     0       0          0
1784777932 | enp139s0f0np0: 231654928021828 62539232558    0 2473    0     0          0    502124 179786541674536 46606417111    0    0    0     0       0          0
1784777933 | enp139s0f0np0: 231657837979075 62539939594    0 2473    0     0          0    502124 179786555258774 46606456343    0    0    0     0       0          0
1784777934 | enp139s0f0np0: 231660694589490 62540633822    0 2473    0     0          0    502124 179786568540423 46606494260    0    0    0     0       0          0
1784777935 | enp139s0f0np0: 231663492285841 62541313874    0 2473    0     0          0    502124 179786581611875 46606532626    0    0    0     0       0          0
1784777936 | enp139s0f0np0: 231666410160999 62542022698    0 2473    0     0          0    502124 179786595176375 46606571393    0    0    0     0       0          0
1784777937 | enp139s0f0np0: 231669261374394 62542715739    0 2473    0     0          0    502124 179786608443158 46606609862    0    0    0     0       0          0
1784777938 | enp139s0f0np0: 231672143169915 62543415897    0 2473    0     0          0    502124 179786621869634 46606648294    0    0    0     0       0          0
1784777939 | enp139s0f0np0: 231675029503220 62544117289    0 2473    0     0          0    502124 179786635251097 46606686435    0    0    0     0       0          0
1784777940 | enp139s0f0np0: 231677830984798 62544798182    0 2473    0     0          0    502124 179786648343149 46606724498    0    0    0     0       0          0
1784777941 | enp139s0f0np0: 231680686121871 62545492054    0 2473    0     0          0    502124 179786661605078 46606762823    0    0    0     0       0          0
1784777942 | enp139s0f0np0: 231683558704849 62546190483    0 2473    0     0          0    502124 179786674987306 46606801363    0    0    0     0       0          0
1784777943 | enp139s0f0np0: 231686442997018 62546891211    0 2473    0     0          0    502124 179786688317631 46606839150    0    0    0     0       0          0
1784777944 | enp139s0f0np0: 231689359663078 62547600109    0 2473    0     0          0    502124 179786701950503 46606878614    0    0    0     0       0          0
1784777945 | enp139s0f0np0: 231692145397799 62548277031    0 2473    0     0          0    502124 179786714843911 46606915861    0    0    0     0       0          0
1784777946 | enp139s0f0np0: 231694999113541 62548970534    0 2473    0     0          0    502124 179786728053562 46606953163    0    0    0     0       0          0
1784777947 | enp139s0f0np0: 231697760602479 62549641726    0 2473    0     0          0    502124 179786740915900 46606990755    0    0    0     0       0          0
1784777948 | enp139s0f0np0: 231700567396091 62550323400    0 2473    0     0          0    502125 179786753909714 46607028079    0    0    0     0       0          0
1784777949 | enp139s0f0np0: 231703386462380 62551008434    0 2473    0     0          0    502125 179786766968029 46607065492    0    0    0     0       0          0
1784777950 | enp139s0f0np0: 231706130032417 62551675344    0 2473    0     0          0    502125 179786779723929 46607102850    0    0    0     0       0          0
1784777951 | enp139s0f0np0: 231708933956317 62552356827    0 2473    0     0          0    502125 179786792754259 46607141315    0    0    0     0       0          0
1784777952 | enp139s0f0np0: 231711758897516 62553043172    0 2473    0     0          0    502125 179786805746384 46607177295    0    0    0     0       0          0
1784777953 | enp139s0f0np0: 231714575314870 62553727484    0 2473    0     0          0    502125 179786818647211 46607213905    0    0    0     0       0          0
1784777954 | enp139s0f0np0: 231717405997649 62554415642    0 2473    0     0          0    502125 179786831731122 46607252131    0    0    0     0       0          0
1784777955 | enp139s0f0np0: 231720216023355 62555098401    0 2473    0     0          0    502125 179786844706336 46607289818    0    0    0     0       0          0
1784777956 | enp139s0f0np0: 231723056085151 62555788720    0 2473    0     0          0    502125 179786857668851 46607327181    0    0    0     0       0          0
1784777957 | enp139s0f0np0: 231725896915334 62556479343    0 2473    0     0          0    502125 179786870664520 46607364713    0    0    0     0       0          0
1784777958 | enp139s0f0np0: 231728685944468 62557157556    0 2473    0     0          0    502125 179786883376595 46607402900    0    0    0     0       0          0
1784777959 | enp139s0f0np0: 231731473162956 62557834963    0 2473    0     0          0    502125 179786896000987 46607440438    0    0    0     0       0          0
1784777960 | enp139s0f0np0: 231734227339600 62558504063    0 2473    0     0          0    502125 179786908331885 46607476559    0    0    0     0       0          0
1784777961 | enp139s0f0np0: 231737075752356 62559196079    0 2473    0     0          0    502125 179786920992573 46607514875    0    0    0     0       0          0
1784777962 | enp139s0f0np0: 231739928329557 62559888506    0 2473    0     0          0    502125 179786933208929 46607550233    0    0    0     0       0          0
1784777963 | enp139s0f0np0: 231742839230540 62560595189    0 2473    0     0          0    502125 179786945663032 46607587577    0    0    0     0       0          0
1784777964 | enp139s0f0np0: 231745721435157 62561294760    0 2473    0     0          0    502125 179786957721074 46607623604    0    0    0     0       0          0
1784777965 | enp139s0f0np0: 231748575603403 62561987196    0 2473    0     0          0    502125 179786969510270 46607658041    0    0    0     0       0          0
1784777966 | enp139s0f0np0: 231751381968500 62562668865    0 2473    0     0          0    502125 179786981311617 46607693292    0    0    0     0       0          0
1784777967 | enp139s0f0np0: 231754280224091 62563372431    0 2473    0     0          0    502125 179786993573481 46607728942    0    0    0     0       0          0
1784777968 | enp139s0f0np0: 231757215478499 62564085203    0 2473    0     0          0    502125 179787006426123 46607767426    0    0    0     0       0          0
1784777969 | enp139s0f0np0: 231760045109216 62564772769    0 2473    0     0          0    502125 179787019212352 46607803933    0    0    0     0       0          0
1784777970 | enp139s0f0np0: 231762839931017 62565452591    0 2473    0     0          0    502125 179787032272995 46607841877    0    0    0     0       0          0
1784777971 | enp139s0f0np0: 231765733547499 62566155248    0 2473    0     0          0    502125 179787045616826 46607878867    0    0    0     0       0          0
1784777972 | enp139s0f0np0: 231768639372934 62566860896    0 2473    0     0          0    502125 179787059129019 46607916672    0    0    0     0       0          0
1784777973 | enp139s0f0np0: 231771456143828 62567545370    0 2473    0     0          0    502125 179787072212830 46607953931    0    0    0     0       0          0
1784777974 | enp139s0f0np0: 231774314207899 62568240044    0 2473    0     0          0    502125 179787085583710 46607992634    0    0    0     0       0          0
1784777975 | enp139s0f0np0: 231777064096865 62568908101    0 2473    0     0          0    502125 179787098377672 46608029310    0    0    0     0       0          0
1784777976 | enp139s0f0np0: 231779900169220 62569597479    0 2473    0     0          0    502125 179787111609449 46608067665    0    0    0     0       0          0
1784777977 | enp139s0f0np0: 231782828720127 62570309067    0 2473    0     0          0    502125 179787125260363 46608106789    0    0    0     0       0          0
1784777978 | enp139s0f0np0: 231785725160102 62571012694    0 2473    0     0          0    502126 179787138715160 46608144947    0    0    0     0       0          0
1784777979 | enp139s0f0np0: 231788544779230 62571697877    0 2473    0     0          0    502126 179787151825320 46608181880    0    0    0     0       0          0
1784777980 | enp139s0f0np0: 231791349753883 62572379703    0 2473    0     0          0    502126 179787164925644 46608219815    0    0    0     0       0          0
1784777981 | enp139s0f0np0: 231794195221002 62573071463    0 2473    0     0          0    502126 179787178193854 46608257591    0    0    0     0       0          0
1784777982 | enp139s0f0np0: 231797042059861 62573763589    0 2473    0     0          0    502126 179787191460470 46608295549    0    0    0     0       0          0
1784777983 | enp139s0f0np0: 231799912924372 62574461221    0 2473    0     0          0    502126 179787204772932 46608332807    0    0    0     0       0          0
1784777984 | enp139s0f0np0: 231802607351550 62575116537    0 2473    0     0          0    502126 179787217439194 46608370751    0    0    0     0       0          0
1784777985 | enp139s0f0np0: 231805364142961 62575786642    0 2473    0     0          0    502126 179787230367628 46608408391    0    0    0     0       0          0
1784777986 | enp139s0f0np0: 231808091796156 62576449557    0 2473    0     0          0    502126 179787243040244 46608444378    0    0    0     0       0          0
1784777987 | enp139s0f0np0: 231810913267055 62577135357    0 2473    0     0          0    502126 179787256140202 46608481503    0    0    0     0       0          0
1784777988 | enp139s0f0np0: 231813690044359 62577810363    0 2473    0     0          0    502126 179787269094648 46608518357    0    0    0     0       0          0
1784777989 | enp139s0f0np0: 231816545624682 62578504725    0 2473    0     0          0    502126 179787282409545 46608556915    0    0    0     0       0          0
1784777990 | enp139s0f0np0: 231819287839165 62579171456    0 2473    0     0          0    502126 179787295262631 46608594878    0    0    0     0       0          0
1784777991 | enp139s0f0np0: 231822062222721 62579845981    0 2473    0     0          0    502126 179787308262995 46608632903    0    0    0     0       0          0
1784777992 | enp139s0f0np0: 231824924397490 62580541550    0 2473    0     0          0    502126 179787321554067 46608670371    0    0    0     0       0          0
1784777993 | enp139s0f0np0: 231827807542571 62581242273    0 2473    0     0          0    502126 179787334958509 46608708495    0    0    0     0       0          0
1784777994 | enp139s0f0np0: 231830620392286 62581925987    0 2473    0     0          0    502126 179787348059042 46608746068    0    0    0     0       0          0
1784777995 | enp139s0f0np0: 231833388518759 62582598501    0 2473    0     0          0    502126 179787360986945 46608783309    0    0    0     0       0          0
1784777996 | enp139s0f0np0: 231836249071606 62583293523    0 2473    0     0          0    502126 179787374412210 46608823075    0    0    0     0       0          0
1784777997 | enp139s0f0np0: 231839084825073 62583982632    0 2473    0     0          0    502126 179787387698016 46608862078    0    0    0     0       0          0
1784777998 | enp139s0f0np0: 231841915502482 62584670396    0 2473    0     0          0    502126 179787400883752 46608899567    0    0    0     0       0          0
1784777999 | enp139s0f0np0: 231844694043106 62585345730    0 2473    0     0          0    502126 179787413859840 46608937513    0    0    0     0       0          0
1784778000 | enp139s0f0np0: 231847520096561 62586032425    0 2473    0     0          0    502126 179787427057363 46608975645    0    0    0     0       0          0
1784778001 | enp139s0f0np0: 231850388520003 62586729203    0 2473    0     0          0    502126 179787440353902 46609012993    0    0    0     0       0          0
1784778002 | enp139s0f0np0: 231853256690463 62587426256    0 2473    0     0          0    502126 179787453717385 46609051190    0    0    0     0       0          0
1784778003 | enp139s0f0np0: 231856151174292 62588129334    0 2473    0     0          0    502126 179787467142797 46609088471    0    0    0     0       0          0
1784778004 | enp139s0f0np0: 231858977185776 62588816261    0 2473    0     0          0    502126 179787480312036 46609126355    0    0    0     0       0          0
1784778005 | enp139s0f0np0: 231861829327219 62589509093    0 2473    0     0          0    502126 179787493529055 46609163441    0    0    0     0       0          0
1784778006 | enp139s0f0np0: 231864682351105 62590202416    0 2473    0     0          0    502126 179787506765100 46609200927    0    0    0     0       0          0
1784778007 | enp139s0f0np0: 231867567419787 62590903400    0 2473    0     0          0    502126 179787520197074 46609239515    0    0    0     0       0          0
1784778008 | enp139s0f0np0: 231870446063632 62591603140    0 2473    0     0          0    502127 179787533603907 46609277767    0    0    0     0       0          0
1784778009 | enp139s0f0np0: 231873358722683 62592310575    0 2473    0     0          0    502127 179787547132882 46609315429    0    0    0     0       0          0
1784778010 | enp139s0f0np0: 231876122267403 62592982275    0 2473    0     0          0    502127 179787559944543 46609351889    0    0    0     0       0          0
1784778011 | enp139s0f0np0: 231878992949661 62593679824    0 2473    0     0          0    502127 179787573275623 46609389669    0    0    0     0       0          0
1784778012 | enp139s0f0np0: 231881807674405 62594363919    0 2473    0     0          0    502127 179787586452885 46609427745    0    0    0     0       0          0
1784778013 | enp139s0f0np0: 231884682306292 62595062314    0 2473    0     0          0    502127 179787599881030 46609466894    0    0    0     0       0          0
1784778014 | enp139s0f0np0: 231887430775142 62595730898    0 2473    0     0          0    502127 179787612810889 46609505388    0    0    0     0       0          0
1784778015 | enp139s0f0np0: 231890277621560 62596422744    0 2473    0     0          0    502127 179787626142826 46609544480    0    0    0     0       0          0
1784778016 | enp139s0f0np0: 231893089857972 62597106060    0 2473    0     0          0    502127 179787639275214 46609582096    0    0    0     0       0          0
1784778017 | enp139s0f0np0: 231895923237009 62597794710    0 2473    0     0          0    502127 179787652479954 46609620527    0    0    0     0       0          0
1784778018 | enp139s0f0np0: 231898732526636 62598477140    0 2473    0     0          0    502127 179787665564195 46609657339    0    0    0     0       0          0
1784778019 | enp139s0f0np0: 231901575164383 62599167985    0 2473    0     0          0    502127 179787678804832 46609695778    0    0    0     0       0          0
1784778020 | enp139s0f0np0: 231904405694218 62599855776    0 2473    0     0          0    502127 179787691963826 46609733102    0    0    0     0       0          0
1784778021 | enp139s0f0np0: 231907286044830 62600555807    0 2473    0     0          0    502127 179787705322754 46609770727    0    0    0     0       0          0
1784778022 | enp139s0f0np0: 231910128025487 62601245989    0 2473    0     0          0    502127 179787718476536 46609807167    0    0    0     0       0          0
1784778023 | enp139s0f0np0: 231912997844774 62601943724    0 2473    0     0          0    502127 179787731884066 46609845941    0    0    0     0       0          0
1784778024 | enp139s0f0np0: 231915724317211 62602606327    0 2473    0     0          0    502127 179787744591387 46609882723    0    0    0     0       0          0
1784778025 | enp139s0f0np0: 231918574885762 62603299244    0 2473    0     0          0    502127 179787757855237 46609920133    0    0    0     0       0          0
1784778026 | enp139s0f0np0: 231921371323459 62603978888    0 2473    0     0          0    502127 179787770863178 46609957283    0    0    0     0       0          0
1784778027 | enp139s0f0np0: 231924219471892 62604671062    0 2473    0     0          0    502127 179787784062800 46609994586    0    0    0     0       0          0
1784778028 | enp139s0f0np0: 231927116210934 62605375284    0 2473    0     0          0    502127 179787797570422 46610033646    0    0    0     0       0          0
1784778029 | enp139s0f0np0: 231930001930653 62606076582    0 2473    0     0          0    502127 179787810927999 46610070923    0    0    0     0       0          0
1784778030 | enp139s0f0np0: 231932825593467 62606762783    0 2473    0     0          0    502127 179787824155980 46610109317    0    0    0     0       0          0
1784778031 | enp139s0f0np0: 231935669543995 62607453758    0 2473    0     0          0    502127 179787837367171 46610147041    0    0    0     0       0          0
1784778032 | enp139s0f0np0: 231938411042269 62608120510    0 2473    0     0          0    502127 179787850120913 46610183377    0    0    0     0       0          0
1784778033 | enp139s0f0np0: 231941192930114 62608796797    0 2473    0     0          0    502127 179787863055807 46610220574    0    0    0     0       0          0
1784778034 | enp139s0f0np0: 231943974701427 62609473027    0 2473    0     0          0    502127 179787875967738 46610257093    0    0    0     0       0          0
1784778035 | enp139s0f0np0: 231946761640180 62610150324    0 2473    0     0          0    502127 179787888965769 46610294933    0    0    0     0       0          0
1784778036 | enp139s0f0np0: 231949522058434 62610821023    0 2473    0     0          0    502127 179787901825506 46610331810    0    0    0     0       0          0
1784778037 | enp139s0f0np0: 231952401780846 62611520705    0 2473    0     0          0    502127 179787915191407 46610369654    0    0    0     0       0          0
1784778038 | enp139s0f0np0: 231955237453413 62612209992    0 2473    0     0          0    502128 179787928410645 46610407824    0    0    0     0       0          0
1784778039 | enp139s0f0np0: 231958075367721 62612899701    0 2473    0     0          0    502128 179787941649758 46610445752    0    0    0     0       0          0
1784778040 | enp139s0f0np0: 231960868799813 62613578649    0 2473    0     0          0    502128 179787954681804 46610483419    0    0    0     0       0          0
1784778041 | enp139s0f0np0: 231963719741609 62614271565    0 2473    0     0          0    502128 179787967944659 46610521759    0    0    0     0       0          0
1784778042 | enp139s0f0np0: 231966607194656 62614973302    0 2473    0     0          0    502128 179787981332941 46610560268    0    0    0     0       0          0
1784778043 | enp139s0f0np0: 231969449262156 62615664225    0 2473    0     0          0    502128 179787994491424 46610597305    0    0    0     0       0          0
1784778044 | enp139s0f0np0: 231972344866941 62616367510    0 2473    0     0          0    502128 179788007835254 46610634655    0    0    0     0       0          0
1784778045 | enp139s0f0np0: 231975131551743 62617044715    0 2473    0     0          0    502128 179788020748829 46610671477    0    0    0     0       0          0
1784778046 | enp139s0f0np0: 231977739870917 62617678980    0 2473    0     0          0    502128 179788032889132 46610707350    0    0    0     0       0          0
