1784754242 | enp139s0f0np0: 218368226254049 59100040863    0 2473    0     0          0    501334 166038633144296 43071943340    0    0    0     0       0          0
1784754243 | enp139s0f0np0: 218368226342167 59100040904    0 2473    0     0          0    501334 166038633144296 43071943340    0    0    0     0       0          0
1784754244 | enp139s0f0np0: 218368226445213 59100040956    0 2473    0     0          0    501334 166038633144296 43071943340    0    0    0     0       0          0
1784754245 | enp139s0f0np0: 218368226524920 59100040994    0 2473    0     0          0    501335 166038633144524 43071943342    0    0    0     0       0          0
1784754246 | enp139s0f0np0: 218368226631332 59100041045    0 2473    0     0          0    501335 166038633144524 43071943342    0    0    0     0       0          0
1784754247 | enp139s0f0np0: 218368226752663 59100041097    0 2473    0     0          0    501335 166038633144665 43071943344    0    0    0     0       0          0
1784754248 | enp139s0f0np0: 218368226896614 59100041160    0 2473    0     0          0    501335 166038633144665 43071943344    0    0    0     0       0          0
1784754249 | enp139s0f0np0: 218368227003194 59100041233    0 2473    0     0          0    501335 166038633144905 43071943345    0    0    0     0       0          0
1784754250 | enp139s0f0np0: 218368227131257 59100041336    0 2473    0     0          0    501335 166038633144905 43071943345    0    0    0     0       0          0
1784754251 | enp139s0f0np0: 218368227203832 59100041418    0 2473    0     0          0    501335 166038633144905 43071943345    0    0    0     0       0          0
1784754252 | enp139s0f0np0: 218368227320249 59100041498    0 2473    0     0          0    501335 166038633144905 43071943345    0    0    0     0       0          0
1784754253 | enp139s0f0np0: 218368227453235 59100041583    0 2473    0     0          0    501335 166038633144905 43071943345    0    0    0     0       0          0
1784754254 | enp139s0f0np0: 218368227591510 59100041682    0 2473    0     0          0    501335 166038633720693 43071943485    0    0    0     0       0          0
1784754255 | enp139s0f0np0: 218368229143241 59100052429    0 2473    0     0          0    501335 166039317822439 43072108131    0    0    0     0       0          0
1784754256 | enp139s0f0np0: 218368230925091 59100064506    0 2473    0     0          0    501335 166040116046405 43072300240    0    0    0     0       0          0
1784754257 | enp139s0f0np0: 218368232608745 59100076293    0 2473    0     0          0    501335 166040870011380 43072481744    0    0    0     0       0          0
1784754258 | enp139s0f0np0: 218368234351563 59100088364    0 2473    0     0          0    501335 166041636167530 43072666167    0    0    0     0       0          0
1784754259 | enp139s0f0np0: 218368239472119 59100117895    0 2473    0     0          0    501335 166044571654030 43073371500    0    0    0     0       0          0
1784754260 | enp139s0f0np0: 218368245111457 59100148840    0 2473    0     0          0    501335 166047897579474 43074170364    0    0    0     0       0          0
1784754261 | enp139s0f0np0: 218368251143055 59100181451    0 2473    0     0          0    501335 166051482391500 43075031175    0    0    0     0       0          0
1784754262 | enp139s0f0np0: 218368257107133 59100214437    0 2473    0     0          0    501335 166055030285656 43075883138    0    0    0     0       0          0
1784754263 | enp139s0f0np0: 218368262932522 59100246172    0 2473    0     0          0    501335 166058459150204 43076706540    0    0    0     0       0          0
1784754264 | enp139s0f0np0: 218368268678039 59100278493    0 2473    0     0          0    501335 166061815646874 43077512596    0    0    0     0       0          0
1784754265 | enp139s0f0np0: 218368274262125 59100309865    0 2473    0     0          0    501335 166065082902266 43078297267    0    0    0     0       0          0
1784754266 | enp139s0f0np0: 218368280054043 59100341876    0 2473    0     0          0    501335 166068520359002 43079122645    0    0    0     0       0          0
1784754267 | enp139s0f0np0: 218368285946471 59100373960    0 2473    0     0          0    501335 166072025485647 43079964300    0    0    0     0       0          0
1784754268 | enp139s0f0np0: 218368291593083 59100405050    0 2473    0     0          0    501335 166075386288287 43080771348    0    0    0     0       0          0
1784754269 | enp139s0f0np0: 218368297321390 59100436378    0 2473    0     0          0    501335 166078787490359 43081588087    0    0    0     0       0          0
1784754270 | enp139s0f0np0: 218368303362151 59100469501    0 2473    0     0          0    501335 166082339354851 43082440963    0    0    0     0       0          0
1784754271 | enp139s0f0np0: 218368309844387 59100504537    0 2473    0     0          0    501335 166086199829695 43083367882    0    0    0     0       0          0
1784754272 | enp139s0f0np0: 218368313367925 59100525077    0 2473    0     0          0    501335 166088095817661 43083823934    0    0    0     0       0          0
1784754273 | enp139s0f0np0: 218368318652125 59100555286    0 2473    0     0          0    501335 166091167027927 43084561570    0    0    0     0       0          0
1784754274 | enp139s0f0np0: 218368324516466 59100588517    0 2473    0     0          0    501335 166094531619421 43085369608    0    0    0     0       0          0
1784754275 | enp139s0f0np0: 218368328391766 59100610937    0 2473    0     0          0    501336 166096682302491 43085886790    0    0    0     0       0          0
1784754276 | enp139s0f0np0: 218368333498688 59100639122    0 2473    0     0          0    501336 166099680849476 43086607113    0    0    0     0       0          0
1784754277 | enp139s0f0np0: 218368339153204 59100670293    0 2473    0     0          0    501336 166102989424712 43087401604    0    0    0     0       0          0
1784754278 | enp139s0f0np0: 218368344690979 59100701239    0 2473    0     0          0    501336 166106207907380 43088174566    0    0    0     0       0          0
1784754279 | enp139s0f0np0: 218368350537979 59100733883    0 2473    0     0          0    501336 166109620765674 43088994070    0    0    0     0       0          0
1784754280 | enp139s0f0np0: 218368356560561 59100767730    0 2473    0     0          0    501336 166113117056664 43089833625    0    0    0     0       0          0
1784754281 | enp139s0f0np0: 218368362195297 59100798914    0 2473    0     0          0    501336 166116414163700 43090625369    0    0    0     0       0          0
1784754282 | enp139s0f0np0: 218368367877454 59100830532    0 2473    0     0          0    501336 166119759280648 43091428665    0    0    0     0       0          0
1784754283 | enp139s0f0np0: 218368373505688 59100861082    0 2473    0     0          0    501336 166123149733808 43092242773    0    0    0     0       0          0
1784754284 | enp139s0f0np0: 218368379360759 59100893235    0 2473    0     0          0    501336 166126636991312 43093080145    0    0    0     0       0          0
1784754285 | enp139s0f0np0: 218368385199665 59100924905    0 2473    0     0          0    501336 166130108199012 43093913700    0    0    0     0       0          0
1784754286 | enp139s0f0np0: 218368391010815 59100957267    0 2473    0     0          0    501336 166133518434179 43094732496    0    0    0     0       0          0
1784754287 | enp139s0f0np0: 218368396021138 59100985681    0 2473    0     0          0    501336 166136370173947 43095417530    0    0    0     0       0          0
1784754288 | enp139s0f0np0: 218368399848460 59101007809    0 2473    0     0          0    501336 166138590874073 43095951495    0    0    0     0       0          0
1784754289 | enp139s0f0np0: 218368405740110 59101040134    0 2473    0     0          0    501336 166142064545505 43096785643    0    0    0     0       0          0
1784754290 | enp139s0f0np0: 218368410974578 59101070124    0 2473    0     0          0    501336 166145090667725 43097512456    0    0    0     0       0          0
1784754291 | enp139s0f0np0: 218368414830372 59101093130    0 2473    0     0          0    501336 166147254041447 43098032701    0    0    0     0       0          0
1784754292 | enp139s0f0np0: 218368421203783 59101129057    0 2473    0     0          0    501336 166151001361311 43098932573    0    0    0     0       0          0
1784754293 | enp139s0f0np0: 218368427094068 59101162040    0 2473    0     0          0    501336 166154462232115 43099763671    0    0    0     0       0          0
1784754294 | enp139s0f0np0: 218368432876142 59101194202    0 2473    0     0          0    501336 166157851609941 43100577599    0    0    0     0       0          0
1784754295 | enp139s0f0np0: 218368438669558 59101226655    0 2473    0     0          0    501336 166161253021123 43101394472    0    0    0     0       0          0
1784754296 | enp139s0f0np0: 218368445284620 59101263398    0 2473    0     0          0    501336 166165192372382 43102340427    0    0    0     0       0          0
1784754297 | enp139s0f0np0: 218368451597070 59101299196    0 2473    0     0          0    501336 166168895794400 43103229716    0    0    0     0       0          0
1784754298 | enp139s0f0np0: 218368457558932 59101332034    0 2473    0     0          0    501336 166172451488204 43104083578    0    0    0     0       0          0
1784754299 | enp139s0f0np0: 218368463401823 59101364539    0 2473    0     0          0    501336 166175927302698 43104918174    0    0    0     0       0          0
1784754300 | enp139s0f0np0: 218368469300481 59101397554    0 2473    0     0          0    501336 166179419912730 43105756899    0    0    0     0       0          0
1784754301 | enp139s0f0np0: 218368475045337 59101429268    0 2473    0     0          0    501336 166182841703716 43106578621    0    0    0     0       0          0
1784754302 | enp139s0f0np0: 218368479738011 59101455562    0 2473    0     0          0    501336 166185534627762 43107226005    0    0    0     0       0          0
1784754303 | enp139s0f0np0: 218368484803594 59101484256    0 2473    0     0          0    501336 166188507164502 43107940100    0    0    0     0       0          0
1784754304 | enp139s0f0np0: 218368490503478 59101515799    0 2473    0     0          0    501336 166191882736684 43108750716    0    0    0     0       0          0
1784754305 | enp139s0f0np0: 218368493961557 59101535484    0 2473    0     0          0    501337 166193821657040 43109216952    0    0    0     0       0          0
1784754306 | enp139s0f0np0: 218368498959566 59101562993    0 2473    0     0          0    501337 166196809581467 43109934673    0    0    0     0       0          0
1784754307 | enp139s0f0np0: 218368505350907 59101597229    0 2473    0     0          0    501337 166200697835109 43110868132    0    0    0     0       0          0
1784754308 | enp139s0f0np0: 218368511606879 59101631698    0 2473    0     0          0    501337 166204471240033 43111774217    0    0    0     0       0          0
1784754309 | enp139s0f0np0: 218368517714542 59101665104    0 2473    0     0          0    501337 166208126071863 43112651850    0    0    0     0       0          0
1784754310 | enp139s0f0np0: 218368522459686 59101691759    0 2473    0     0          0    501337 166210907960161 43113320194    0    0    0     0       0          0
1784754311 | enp139s0f0np0: 218368527273846 59101719946    0 2473    0     0          0    501337 166213679108251 43113986157    0    0    0     0       0          0
1784754312 | enp139s0f0np0: 218368533231878 59101752626    0 2473    0     0          0    501337 166217231521617 43114839189    0    0    0     0       0          0
1784754313 | enp139s0f0np0: 218368539089838 59101784834    0 2473    0     0          0    501337 166220725128931 43115678059    0    0    0     0       0          0
1784754314 | enp139s0f0np0: 218368544690476 59101816037    0 2473    0     0          0    501337 166224072898743 43116481984    0    0    0     0       0          0
1784754315 | enp139s0f0np0: 218368550695702 59101849681    0 2473    0     0          0    501337 166227661788235 43117343770    0    0    0     0       0          0
1784754316 | enp139s0f0np0: 218368557085644 59101884581    0 2473    0     0          0    501337 166231540267988 43118275142    0    0    0     0       0          0
1784754317 | enp139s0f0np0: 218368563427191 59101919602    0 2473    0     0          0    501337 166235353266010 43119190632    0    0    0     0       0          0
1784754318 | enp139s0f0np0: 218368570070901 59101954325    0 2473    0     0          0    501337 166239437430242 43120171179    0    0    0     0       0          0
1784754319 | enp139s0f0np0: 218368575986475 59101985886    0 2473    0     0          0    501337 166243051117296 43121038819    0    0    0     0       0          0
1784754320 | enp139s0f0np0: 218368582195071 59102019489    0 2473    0     0          0    501337 166246786697222 43121935804    0    0    0     0       0          0
1784754321 | enp139s0f0np0: 218368587929060 59102052117    0 2473    0     0          0    501337 166250159824858 43122745913    0    0    0     0       0          0
1784754322 | enp139s0f0np0: 218368593634045 59102083718    0 2473    0     0          0    501337 166253547142556 43123559296    0    0    0     0       0          0
1784754323 | enp139s0f0np0: 218368598769748 59102112638    0 2473    0     0          0    501337 166256540417618 43124278340    0    0    0     0       0          0
1784754324 | enp139s0f0np0: 218368603299467 59102138385    0 2473    0     0          0    501337 166259222919402 43124923121    0    0    0     0       0          0
1784754325 | enp139s0f0np0: 218368609742475 59102173589    0 2473    0     0          0    501337 166263075648426 43125848220    0    0    0     0       0          0
1784754326 | enp139s0f0np0: 218368616598790 59102211115    0 2473    0     0          0    501337 166267233769131 43126846525    0    0    0     0       0          0
1784754327 | enp139s0f0np0: 218368622583406 59102243653    0 2473    0     0          0    501337 166270817498215 43127707042    0    0    0     0       0          0
1784754328 | enp139s0f0np0: 218368628080747 59102274171    0 2473    0     0          0    501337 166274104829131 43128496459    0    0    0     0       0          0
1784754329 | enp139s0f0np0: 218368633752380 59102306598    0 2473    0     0          0    501337 166277427276653 43129294329    0    0    0     0       0          0
1784754330 | enp139s0f0np0: 218368639647997 59102339759    0 2473    0     0          0    501337 166280875579727 43130122341    0    0    0     0       0          0
1784754331 | enp139s0f0np0: 218368645883666 59102373573    0 2473    0     0          0    501337 166284613808989 43131019903    0    0    0     0       0          0
1784754332 | enp139s0f0np0: 218368652164803 59102408491    0 2473    0     0          0    501337 166288343300089 43131915487    0    0    0     0       0          0
1784754333 | enp139s0f0np0: 218368657793152 59102439948    0 2473    0     0          0    501337 166291675407431 43132715601    0    0    0     0       0          0
1784754334 | enp139s0f0np0: 218368663720340 59102472156    0 2473    0     0          0    501337 166295153939517 43133550864    0    0    0     0       0          0
1784754335 | enp139s0f0np0: 218368669826431 59102506267    0 2473    0     0          0    501338 166298783420909 43134422429    0    0    0     0       0          0
1784754336 | enp139s0f0np0: 218368674911121 59102534377    0 2473    0     0          0    501338 166301808591666 43135149173    0    0    0     0       0          0
1784754337 | enp139s0f0np0: 218368680545374 59102564888    0 2473    0     0          0    501338 166305159194644 43135954164    0    0    0     0       0          0
1784754338 | enp139s0f0np0: 218368686838290 59102599447    0 2473    0     0          0    501338 166308922280246 43136857734    0    0    0     0       0          0
1784754339 | enp139s0f0np0: 218368692731812 59102632336    0 2473    0     0          0    501338 166312387788728 43137689926    0    0    0     0       0          0
1784754340 | enp139s0f0np0: 218368698706392 59102666052    0 2473    0     0          0    501338 166315867923684 43138525614    0    0    0     0       0          0
1784754341 | enp139s0f0np0: 218368704334492 59102697881    0 2473    0     0          0    501338 166319165234286 43139317408    0    0    0     0       0          0
1784754342 | enp139s0f0np0: 218368709908768 59102728154    0 2473    0     0          0    501338 166322460208698 43140108656    0    0    0     0       0          0
1784754343 | enp139s0f0np0: 218368716374608 59102763609    0 2473    0     0          0    501338 166326320406196 43141035556    0    0    0     0       0          0
1784754344 | enp139s0f0np0: 218368722169917 59102796208    0 2473    0     0          0    501338 166329720954604 43141852111    0    0    0     0       0          0
1784754345 | enp139s0f0np0: 218368727905178 59102828337    0 2473    0     0          0    501338 166333059112588 43142653696    0    0    0     0       0          0
1784754346 | enp139s0f0np0: 218368734176649 59102862648    0 2473    0     0          0    501338 166336796545095 43143551117    0    0    0     0       0          0
1784754347 | enp139s0f0np0: 218368740706271 59102898340    0 2473    0     0          0    501338 166340664682993 43144479957    0    0    0     0       0          0
1784754348 | enp139s0f0np0: 218368746551355 59102930678    0 2473    0     0          0    501338 166344087967761 43145302129    0    0    0     0       0          0
1784754349 | enp139s0f0np0: 218368752591504 59102964243    0 2473    0     0          0    501338 166347618715529 43146149979    0    0    0     0       0          0
1784754350 | enp139s0f0np0: 218368758473124 59102996374    0 2473    0     0          0    501338 166351117981947 43146990132    0    0    0     0       0          0
1784754351 | enp139s0f0np0: 218368764529775 59103029738    0 2473    0     0          0    501338 166354712929679 43147853386    0    0    0     0       0          0
1784754352 | enp139s0f0np0: 218368770550408 59103062888    0 2473    0     0          0    501338 166358284823313 43148711042    0    0    0     0       0          0
1784754353 | enp139s0f0np0: 218368776695357 59103097118    0 2473    0     0          0    501338 166361892386385 43149577365    0    0    0     0       0          0
1784754354 | enp139s0f0np0: 218368782832977 59103131392    0 2473    0     0          0    501338 166365507949019 43150445582    0    0    0     0       0          0
1784754355 | enp139s0f0np0: 218368788585158 59103162911    0 2473    0     0          0    501338 166368927738497 43151266703    0    0    0     0       0          0
1784754356 | enp139s0f0np0: 218368794264818 59103194773    0 2473    0     0          0    501338 166372255503256 43152065802    0    0    0     0       0          0
1784754357 | enp139s0f0np0: 218368800243533 59103227960    0 2473    0     0          0    501338 166375803787968 43152917820    0    0    0     0       0          0
1784754358 | enp139s0f0np0: 218368806072829 59103260717    0 2473    0     0          0    501338 166379227399158 43153740018    0    0    0     0       0          0
1784754359 | enp139s0f0np0: 218368811871575 59103292920    0 2473    0     0          0    501338 166382621589360 43154555069    0    0    0     0       0          0
1784754360 | enp139s0f0np0: 218368818246198 59103328029    0 2473    0     0          0    501338 166386368434514 43155454760    0    0    0     0       0          0
1784754361 | enp139s0f0np0: 218368822942150 59103353888    0 2473    0     0          0    501338 166389081256660 43156106912    0    0    0     0       0          0
1784754362 | enp139s0f0np0: 218368828990916 59103387729    0 2473    0     0          0    501338 166392652036160 43156964332    0    0    0     0       0          0
1784754363 | enp139s0f0np0: 218368834575516 59103419842    0 2473    0     0          0    501338 166395844468700 43157730992    0    0    0     0       0          0
1784754364 | enp139s0f0np0: 218368840543188 59103453895    0 2473    0     0          0    501338 166399298135988 43158560325    0    0    0     0       0          0
1784754365 | enp139s0f0np0: 218368847089584 59103490082    0 2473    0     0          0    501339 166403146188156 43159484264    0    0    0     0       0          0
1784754366 | enp139s0f0np0: 218368853382851 59103525032    0 2473    0     0          0    501339 166406828538443 43160368472    0    0    0     0       0          0
1784754367 | enp139s0f0np0: 218368860085231 59103561878    0 2473    0     0          0    501339 166410818435665 43161326519    0    0    0     0       0          0
1784754368 | enp139s0f0np0: 218368866697637 59103598316    0 2473    0     0          0    501339 166414725711509 43162264673    0    0    0     0       0          0
1784754369 | enp139s0f0np0: 218368873013517 59103633298    0 2473    0     0          0    501339 166418436222585 43163155668    0    0    0     0       0          0
1784754370 | enp139s0f0np0: 218368879328136 59103667913    0 2473    0     0          0    501339 166422206359027 43164060898    0    0    0     0       0          0
1784754371 | enp139s0f0np0: 218368885364071 59103702358    0 2473    0     0          0    501339 166425726303199 43164906231    0    0    0     0       0          0
1784754372 | enp139s0f0np0: 218368888785432 59103722308    0 2473    0     0          0    501339 166427625210719 43165362771    0    0    0     0       0          0
1784754373 | enp139s0f0np0: 218368893935099 59103752019    0 2473    0     0          0    501339 166430562015909 43166068405    0    0    0     0       0          0
1784754374 | enp139s0f0np0: 218368899814182 59103784440    0 2473    0     0          0    501339 166434032221923 43166901747    0    0    0     0       0          0
1784754375 | enp139s0f0np0: 218368905821168 59103818227    0 2473    0     0          0    501339 166437524030295 43167740257    0    0    0     0       0          0
1784754376 | enp139s0f0np0: 218368911473888 59103850428    0 2473    0     0          0    501339 166440814205388 43168530375    0    0    0     0       0          0
1784754377 | enp139s0f0np0: 218368917075189 59103881736    0 2473    0     0          0    501339 166444115975488 43169323276    0    0    0     0       0          0
1784754378 | enp139s0f0np0: 218368923098669 59103915612    0 2473    0     0          0    501339 166447659935240 43170174340    0    0    0     0       0          0
1784754379 | enp139s0f0np0: 218368929436750 59103951264    0 2473    0     0          0    501339 166451400051558 43171072448    0    0    0     0       0          0
1784754380 | enp139s0f0np0: 218368935235815 59103984147    0 2473    0     0          0    501339 166454804116300 43171889962    0    0    0     0       0          0
1784754381 | enp139s0f0np0: 218368940888880 59104016640    0 2473    0     0          0    501339 166458086831370 43172678407    0    0    0     0       0          0
1784754382 | enp139s0f0np0: 218368946832889 59104050259    0 2473    0     0          0    501339 166461561568256 43173512790    0    0    0     0       0          0
1784754383 | enp139s0f0np0: 218368952610062 59104082823    0 2473    0     0          0    501339 166464984538434 43174334791    0    0    0     0       0          0
1784754384 | enp139s0f0np0: 218368956971800 59104107526    0 2473    0     0          0    501339 166467473411550 43174932738    0    0    0     0       0          0
1784754385 | enp139s0f0np0: 218368960977640 59104130520    0 2473    0     0          0    501339 166469778257366 43175486772    0    0    0     0       0          0
1784754386 | enp139s0f0np0: 218368966785629 59104163311    0 2473    0     0          0    501339 166473175914609 43176302652    0    0    0     0       0          0
1784754388 | enp139s0f0np0: 218368973297408 59104199094    0 2473    0     0          0    501339 166477074173171 43177238664    0    0    0     0       0          0
1784754389 | enp139s0f0np0: 218368979695209 59104234180    0 2473    0     0          0    501339 166480886827073 43178154066    0    0    0     0       0          0
1784754390 | enp139s0f0np0: 218368985600172 59104267992    0 2473    0     0          0    501339 166484329840659 43178980857    0    0    0     0       0          0
1784754391 | enp139s0f0np0: 218368991320848 59104300367    0 2473    0     0          0    501339 166487686820917 43179787024    0    0    0     0       0          0
1784754392 | enp139s0f0np0: 218368996895655 59104330543    0 2473    0     0          0    501339 166491049131811 43180594417    0    0    0     0       0          0
1784754393 | enp139s0f0np0: 218369002734693 59104363182    0 2473    0     0          0    501339 166494523337401 43181428704    0    0    0     0       0          0
1784754394 | enp139s0f0np0: 218369008863337 59104397860    0 2473    0     0          0    501339 166498114107205 43182290934    0    0    0     0       0          0
1784754395 | enp139s0f0np0: 218369014679968 59104431368    0 2473    0     0          0    501339 166501509364937 43183106250    0    0    0     0       0          0
1784754396 | enp139s0f0np0: 218369020374925 59104463475    0 2473    0     0          0    501340 166504866997775 43183912465    0    0    0     0       0          0
1784754397 | enp139s0f0np0: 218369025712906 59104493954    0 2473    0     0          0    501340 166507958762484 43184655092    0    0    0     0       0          0
1784754398 | enp139s0f0np0: 218369029914695 59104518105    0 2473    0     0          0    501340 166510412290662 43185244987    0    0    0     0       0          0
1784754399 | enp139s0f0np0: 218369035782966 59104551297    0 2473    0     0          0    501340 166513874425470 43186076294    0    0    0     0       0          0
1784754400 | enp139s0f0np0: 218369042085546 59104586818    0 2473    0     0          0    501340 166517572340474 43186964304    0    0    0     0       0          0
1784754401 | enp139s0f0np0: 218369048675105 59104623177    0 2473    0     0          0    501340 166521494222224 43187905964    0    0    0     0       0          0
1784754402 | enp139s0f0np0: 218369054955979 59104657984    0 2473    0     0          0    501340 166525212999696 43188798921    0    0    0     0       0          0
1784754403 | enp139s0f0np0: 218369060542453 59104689241    0 2473    0     0          0    501340 166528522911386 43189593776    0    0    0     0       0          0
1784754404 | enp139s0f0np0: 218369066304822 59104721829    0 2473    0     0          0    501340 166531937638588 43190413760    0    0    0     0       0          0
1784754405 | enp139s0f0np0: 218369072133280 59104754642    0 2473    0     0          0    501340 166535388094126 43191242361    0    0    0     0       0          0
1784754406 | enp139s0f0np0: 218369077834102 59104787111    0 2473    0     0          0    501340 166538767280464 43192053945    0    0    0     0       0          0
1784754407 | enp139s0f0np0: 218369084264154 59104822106    0 2473    0     0          0    501340 166542639506749 43192983719    0    0    0     0       0          0
1784754408 | enp139s0f0np0: 218369090140326 59104854621    0 2473    0     0          0    501340 166546128110839 43193821404    0    0    0     0       0          0
1784754409 | enp139s0f0np0: 218369093391995 59104873309    0 2473    0     0          0    501340 166547957001897 43194261170    0    0    0     0       0          0
1784754410 | enp139s0f0np0: 218369098758192 59104903715    0 2473    0     0          0    501340 166551111433273 43195018889    0    0    0     0       0          0
1784754411 | enp139s0f0np0: 218369104616442 59104936410    0 2473    0     0          0    501340 166554567422917 43195848766    0    0    0     0       0          0
1784754412 | enp139s0f0np0: 218369110466131 59104968857    0 2473    0     0          0    501340 166558061445151 43196687854    0    0    0     0       0          0
1784754413 | enp139s0f0np0: 218369116329399 59105001205    0 2473    0     0          0    501340 166561550358493 43197525511    0    0    0     0       0          0
1784754414 | enp139s0f0np0: 218369122094875 59105032192    0 2473    0     0          0    501340 166565014113767 43198357302    0    0    0     0       0          0
1784754415 | enp139s0f0np0: 218369128088840 59105065022    0 2473    0     0          0    501340 166568556459551 43199207979    0    0    0     0       0          0
1784754416 | enp139s0f0np0: 218369134306561 59105099882    0 2473    0     0          0    501340 166572244702219 43200093558    0    0    0     0       0          0
1784754417 | enp139s0f0np0: 218369140449833 59105134148    0 2473    0     0          0    501340 166575880536706 43200966669    0    0    0     0       0          0
1784754418 | enp139s0f0np0: 218369146784753 59105168814    0 2473    0     0          0    501340 166579664122782 43201875149    0    0    0     0       0          0
1784754419 | enp139s0f0np0: 218369152661830 59105201224    0 2473    0     0          0    501340 166583142848902 43202710525    0    0    0     0       0          0
1784754420 | enp139s0f0np0: 218369158556648 59105233899    0 2473    0     0          0    501340 166586611743588 43203543679    0    0    0     0       0          0
1784754421 | enp139s0f0np0: 218369162723732 59105257738    0 2473    0     0          0    501340 166589022341696 43204123219    0    0    0     0       0          0
1784754422 | enp139s0f0np0: 218369168358476 59105289044    0 2473    0     0          0    501340 166592355581860 43204923646    0    0    0     0       0          0
1784754423 | enp139s0f0np0: 218369174580781 59105323005    0 2473    0     0          0    501340 166596089880942 43205820373    0    0    0     0       0          0
1784754424 | enp139s0f0np0: 218369180580269 59105356206    0 2473    0     0          0    501340 166599635911098 43206671933    0    0    0     0       0          0
1784754425 | enp139s0f0np0: 218369186639065 59105389342    0 2473    0     0          0    501340 166603249619576 43207539690    0    0    0     0       0          0
1784754426 | enp139s0f0np0: 218369192529456 59105421858    0 2473    0     0          0    501341 166606767546536 43208384408    0    0    0     0       0          0
1784754427 | enp139s0f0np0: 218369198411025 59105454116    0 2473    0     0          0    501341 166610273367731 43209226317    0    0    0     0       0          0
1784754428 | enp139s0f0np0: 218369204599969 59105487866    0 2473    0     0          0    501341 166613920178013 43210101932    0    0    0     0       0          0
1784754429 | enp139s0f0np0: 218369210410004 59105520159    0 2473    0     0          0    501341 166617339258377 43210922885    0    0    0     0       0          0
1784754430 | enp139s0f0np0: 218369216287128 59105552309    0 2473    0     0          0    501341 166620822262589 43211759239    0    0    0     0       0          0
1784754431 | enp139s0f0np0: 218369220117711 59105573968    0 2473    0     0          0    501341 166622955193897 43212271826    0    0    0     0       0          0
1784754432 | enp139s0f0np0: 218369224813351 59105600554    0 2473    0     0          0    501341 166625647285727 43212918738    0    0    0     0       0          0
1784754433 | enp139s0f0np0: 218369230801389 59105633881    0 2473    0     0          0    501341 166629152094993 43213760298    0    0    0     0       0          0
1784754434 | enp139s0f0np0: 218369236585077 59105665823    0 2473    0     0          0    501341 166632571293055 43214581355    0    0    0     0       0          0
