hints = 1
  sec Cur ops   started  finished  avg MB/s  cur MB/s last lat(s)  avg lat(s)
    0       0         0         0         0         0           -           0
    1     127     15726     15599    3899.3   3899.75   0.0209436  0.00809669
    2     128     31007     30879   3859.45      3820 0.000556792  0.00823913
    3     128     45977     45849    3820.3    3742.5 0.000809884    0.008335
    4     128     61327     61199   3824.53    3837.5   0.0196824    0.008331
    5     128     77691     77563   3877.75      4091   0.0139235  0.00822042
    6     128     93126     92998   3874.54   3858.75   0.0234359  0.00822725
    7     128    108235    108107    3860.6   3777.25   0.0153597  0.00825972
    8     127    123594    123467   3857.99      3840   0.0195883  0.00826644
    9     128    138184    138056   3834.53   3647.25  0.00133599  0.00831845
   10     128    153461    153333   3832.98   3819.25   0.0119313  0.00832233
   11     128    168658    168530   3829.89   3799.25   0.0236094  0.00832964
   12     128    183631    183503   3822.64   3743.25   0.0159787  0.00834639
   13     127    198855    198728   3821.36   3806.25   0.0179322  0.00834967
   14     127    213987    213860   3818.59      3783  0.00131027  0.00835569
   15     128    227978    227850   3797.17    3497.5   0.0230919  0.00840194
   16     128    241941    241813      3778   3490.75   0.0215583  0.00844571
   17     128    256867    256739   3775.25    3731.5  0.00212265  0.00845243
   18     128    272008    271880   3775.79   3785.25  0.00178094  0.00845123
   19     128    287208    287080   3777.04      3800  0.00152562  0.00844903
2026-07-19T00:55:13.483715+0700 min lat: 0.000317683 max lat: 0.0530709 avg lat: 0.00844651
  sec Cur ops   started  finished  avg MB/s  cur MB/s last lat(s)  avg lat(s)
   20     128    302422    302294   3778.35    3803.5  0.00337491  0.00844651
   21     128    317577    317449   3778.83   3788.75  0.00179213   0.0084449
   22     128    332474    332346   3776.34   3724.25   0.0013765  0.00845089
   23     128    347614    347486    3776.7      3785   0.0154648  0.00845025
   24     128    362669    362541   3776.15   3763.75  0.00124257  0.00845167
   25     127    377490    377363   3773.32    3705.5  0.00820924  0.00845781
   26     127    392507    392380   3772.57   3754.25  0.00165334  0.00845958
   27     128    408118    407990   3777.37    3902.5   0.0232746  0.00844911
   28     128    423182    423054   3776.96      3766   0.0170571  0.00845017
   29     128    438605    438477   3779.67   3855.75  0.00174291  0.00844322
   30     128    453210    453082   3775.38   3651.25 0.000695858  0.00845245
   31     128    468597    468469   3777.67   3846.75  0.00109886  0.00844887
   32     128    483766    483638   3778.12   3792.25   0.0213216  0.00844779
   33     128    499304    499176   3781.33    3884.5 0.000553562  0.00844091
   34     128    513918    513790   3777.56    3653.5 0.000989673  0.00844953
   35     128    529958    529830   3784.19      4010   0.0234027  0.00843445
   36     127    544734    544607   3781.68   3694.25   0.0217562   0.0084394
   37     128    558535    558407   3772.71      3450 0.000765905  0.00846002
   38     128    573894    573766   3774.46   3839.75  0.00128538  0.00845651
   39     128    588570    588442   3771.75      3669   0.0157324  0.00846272
2026-07-19T00:55:33.485320+0700 min lat: 0.000317416 max lat: 0.0530709 avg lat: 0.00845595
  sec Cur ops   started  finished  avg MB/s  cur MB/s last lat(s)  avg lat(s)
   40     128    604132    604004   3774.71    3890.5   0.0191759  0.00845595
   41     128    619375    619247   3775.58   3810.75   0.0107737  0.00845437
   42     128    634539    634411   3775.94      3791  0.00817825  0.00845339
   43     127    650324    650197    3779.9    3946.5   0.0155422  0.00844448
   44     128    666055    665927   3783.36    3932.5 0.000890023  0.00843668
   45     127    681022    680895   3782.43      3742   0.0104266  0.00843902
   46     128    696065    695937   3781.95    3760.5  0.00143057  0.00844002
   47     127    711062    710935   3781.25    3749.5   0.0122557  0.00844168
   48     128    726260    726132   3781.62   3799.25   0.0309004  0.00844017
   49     128    741929    741801   3784.38   3917.25   0.0147477  0.00843487
   50     128    757115    756987   3784.61    3796.5   0.0209377  0.00843441
   51     127    772769    772642   3787.14   3913.75  0.00112498  0.00842876
   52     127    787730    787603   3786.23   3740.25   0.0205806  0.00843086
   53     128    802679    802551    3785.3      3737  0.00207579  0.00843285
   54     128    817671    817543    3784.6      3748   0.0202029   0.0084344
   55     128    832852    832724   3784.78   3795.25   0.0183914  0.00843419
   56     128    848033    847905   3784.96   3795.25   0.0165019  0.00843377
   57     128    863053    862925   3784.43      3755  0.00127406  0.00843484
   58     128    878025    877897   3783.71      3743   0.0190841  0.00843654
   59     128    892899    892771    3782.6    3718.5   0.0123447   0.0084392
2026-07-19T00:55:53.487199+0700 min lat: 0.000317416 max lat: 0.0530709 avg lat: 0.00843957
  sec Cur ops   started  finished  avg MB/s  cur MB/s last lat(s)  avg lat(s)
   60      76    907939    907863   3782.43      3773   0.0166345  0.00843957
Total time run:       60.0153
Total reads made:     907939
Read size:            262144
Object size:          262144
Bandwidth (MB/sec):   3782.12
Average IOPS:         15128
Stddev IOPS:          433.827
Max IOPS:             16364
Min IOPS:             13800
Average Latency(s):   0.00844027
Max latency(s):       0.0530709
Min latency(s):       0.000317416
