1784735202 | enp139s0f0np0: 206353591633385 55957962004    0 2473    0     0          0    500700 150016879879955 38990457971    0    0    0     0       0          0
1784735203 | enp139s0f0np0: 206355005988176 55958305753    0 2473    0     0          0    500700 150016886571008 38990476926    0    0    0     0       0          0
1784735204 | enp139s0f0np0: 206357819300008 55958989911    0 2473    0     0          0    500700 150016899735642 38990515863    0    0    0     0       0          0
1784735205 | enp139s0f0np0: 206360642768924 55959676197    0 2473    0     0          0    500700 150016913007094 38990555218    0    0    0     0       0          0
1784735206 | enp139s0f0np0: 206363433971279 55960354799    0 2473    0     0          0    500700 150016926126906 38990593932    0    0    0     0       0          0
1784735207 | enp139s0f0np0: 206366277345650 55961045987    0 2473    0     0          0    500700 150016939424481 38990633043    0    0    0     0       0          0
1784735208 | enp139s0f0np0: 206369127420629 55961738716    0 2473    0     0          0    500700 150016952815317 38990672429    0    0    0     0       0          0
1784735209 | enp139s0f0np0: 206371967247578 55962429159    0 2473    0     0          0    500700 150016966132408 38990711796    0    0    0     0       0          0
1784735210 | enp139s0f0np0: 206374726193804 55963100115    0 2473    0     0          0    500700 150016979138843 38990750424    0    0    0     0       0          0
1784735211 | enp139s0f0np0: 206377592309877 55963796930    0 2473    0     0          0    500700 150016992551097 38990789752    0    0    0     0       0          0
1784735212 | enp139s0f0np0: 206380455672624 55964493202    0 2473    0     0          0    500700 150017005994916 38990829570    0    0    0     0       0          0
1784735213 | enp139s0f0np0: 206383236945304 55965169579    0 2473    0     0          0    500700 150017019044432 38990868281    0    0    0     0       0          0
1784735214 | enp139s0f0np0: 206386162000466 55965880537    0 2473    0     0          0    500700 150017032706151 38990907770    0    0    0     0       0          0
1784735215 | enp139s0f0np0: 206389109121294 55966596617    0 2473    0     0          0    500700 150017046490151 38990947995    0    0    0     0       0          0
1784735216 | enp139s0f0np0: 206392058547585 55967313274    0 2473    0     0          0    500700 150017060280779 38990987930    0    0    0     0       0          0
1784735217 | enp139s0f0np0: 206394973440731 55968021353    0 2473    0     0          0    500700 150017073896818 38991027234    0    0    0     0       0          0
1784735218 | enp139s0f0np0: 206397834598037 55968716731    0 2473    0     0          0    500700 150017087335203 38991066800    0    0    0     0       0          0
1784735219 | enp139s0f0np0: 206400709136864 55969415385    0 2473    0     0          0    500700 150017100790321 38991106236    0    0    0     0       0          0
1784735220 | enp139s0f0np0: 206403501951719 55970094406    0 2473    0     0          0    500700 150017113842948 38991144330    0    0    0     0       0          0
1784735221 | enp139s0f0np0: 206406383934188 55970795053    0 2473    0     0          0    500700 150017127419481 38991184494    0    0    0     0       0          0
1784735222 | enp139s0f0np0: 206409233220614 55971487604    0 2473    0     0          0    500700 150017140763368 38991223935    0    0    0     0       0          0
1784735223 | enp139s0f0np0: 206412136945549 55972193442    0 2473    0     0          0    500700 150017154440003 38991264543    0    0    0     0       0          0
1784735224 | enp139s0f0np0: 206414963366871 55972880323    0 2473    0     0          0    500701 150017167738025 38991304112    0    0    0     0       0          0
1784735225 | enp139s0f0np0: 206417805101158 55973571041    0 2473    0     0          0    500701 150017181092640 38991343796    0    0    0     0       0          0
1784735226 | enp139s0f0np0: 206420735112889 55974283147    0 2473    0     0          0    500701 150017194800402 38991384296    0    0    0     0       0          0
1784735227 | enp139s0f0np0: 206423644645172 55974990268    0 2473    0     0          0    500701 150017208441768 38991424170    0    0    0     0       0          0
1784735228 | enp139s0f0np0: 206426484424488 55975680265    0 2473    0     0          0    500701 150017221665613 38991462257    0    0    0     0       0          0
1784735229 | enp139s0f0np0: 206429279653999 55976359580    0 2473    0     0          0    500701 150017234802585 38991501292    0    0    0     0       0          0
1784735230 | enp139s0f0np0: 206432131038819 55977052578    0 2473    0     0          0    500701 150017248127227 38991540325    0    0    0     0       0          0
1784735231 | enp139s0f0np0: 206435034735361 55977758158    0 2473    0     0          0    500701 150017261798479 38991580482    0    0    0     0       0          0
1784735232 | enp139s0f0np0: 206437891766797 55978452638    0 2473    0     0          0    500701 150017275184135 38991620144    0    0    0     0       0          0
1784735233 | enp139s0f0np0: 206440732179083 55979143197    0 2473    0     0          0    500701 150017288566692 38991659857    0    0    0     0       0          0
1784735234 | enp139s0f0np0: 206443624693610 55979846340    0 2473    0     0          0    500701 150017302143444 38991700207    0    0    0     0       0          0
1784735235 | enp139s0f0np0: 206446460064184 55980535323    0 2473    0     0          0    500701 150017315395870 38991738848    0    0    0     0       0          0
1784735236 | enp139s0f0np0: 206449321432793 55981230700    0 2473    0     0          0    500701 150017328821125 38991778459    0    0    0     0       0          0
1784735237 | enp139s0f0np0: 206452239856967 55981939621    0 2473    0     0          0    500701 150017342409804 38991817311    0    0    0     0       0          0
1784735238 | enp139s0f0np0: 206455118849194 55982639398    0 2473    0     0          0    500701 150017355900431 38991856813    0    0    0     0       0          0
1784735239 | enp139s0f0np0: 206457916660724 55983319397    0 2473    0     0          0    500701 150017369024996 38991895615    0    0    0     0       0          0
1784735240 | enp139s0f0np0: 206460790298663 55984017723    0 2473    0     0          0    500701 150017382523314 38991935267    0    0    0     0       0          0
1784735241 | enp139s0f0np0: 206463687773805 55984722018    0 2473    0     0          0    500701 150017396113684 38991975603    0    0    0     0       0          0
1784735242 | enp139s0f0np0: 206466634169450 55985437815    0 2473    0     0          0    500701 150017409957189 38992015824    0    0    0     0       0          0
1784735243 | enp139s0f0np0: 206469513337906 55986137647    0 2473    0     0          0    500701 150017423423788 38992055676    0    0    0     0       0          0
1784735244 | enp139s0f0np0: 206472326382156 55986821349    0 2473    0     0          0    500701 150017436568516 38992093956    0    0    0     0       0          0
1784735245 | enp139s0f0np0: 206475123307585 55987501261    0 2473    0     0          0    500701 150017449715060 38992132982    0    0    0     0       0          0
1784735246 | enp139s0f0np0: 206477989967756 55988197917    0 2473    0     0          0    500701 150017463131207 38992172353    0    0    0     0       0          0
1784735247 | enp139s0f0np0: 206480876310137 55988899468    0 2473    0     0          0    500701 150017476727898 38992212511    0    0    0     0       0          0
1784735248 | enp139s0f0np0: 206483847092782 55989621079    0 2473    0     0          0    500701 150017490602407 38992253111    0    0    0     0       0          0
1784735249 | enp139s0f0np0: 206487079960554 55990405986    0 2473    0     0          0    500701 150017505563228 38992295086    0    0    0     0       0          0
1784735250 | enp139s0f0np0: 206490334238200 55991196107    0 2473    0     0          0    500701 150017520585117 38992336389    0    0    0     0       0          0
1784735251 | enp139s0f0np0: 206493307821981 55991918641    0 2473    0     0          0    500701 150017534512757 38992377089    0    0    0     0       0          0
1784735252 | enp139s0f0np0: 206496059092087 55992587322    0 2473    0     0          0    500701 150017547461293 38992415993    0    0    0     0       0          0
1784735253 | enp139s0f0np0: 206498853621036 55993266537    0 2473    0     0          0    500701 150017560618209 38992455231    0    0    0     0       0          0
1784735254 | enp139s0f0np0: 206501685627911 55993955081    0 2473    0     0          0    500702 150017573880165 38992494354    0    0    0     0       0          0
1784735255 | enp139s0f0np0: 206504534596362 55994648000    0 2473    0     0          0    500702 150017587214569 38992533306    0    0    0     0       0          0
1784735256 | enp139s0f0np0: 206507335502024 55995328902    0 2473    0     0          0    500702 150017600288992 38992571366    0    0    0     0       0          0
1784735257 | enp139s0f0np0: 206510183044640 55996021218    0 2473    0     0          0    500702 150017613645963 38992610688    0    0    0     0       0          0
1784735258 | enp139s0f0np0: 206512990648252 55996703807    0 2473    0     0          0    500702 150017626789178 38992648677    0    0    0     0       0          0
1784735259 | enp139s0f0np0: 206515829635985 55997394060    0 2473    0     0          0    500702 150017640075718 38992687738    0    0    0     0       0          0
1784735260 | enp139s0f0np0: 206518575844250 55998061857    0 2473    0     0          0    500702 150017652927649 38992725777    0    0    0     0       0          0
1784735261 | enp139s0f0np0: 206521384952073 55998744794    0 2473    0     0          0    500702 150017666175560 38992765380    0    0    0     0       0          0
1784735262 | enp139s0f0np0: 206524198032362 55999428937    0 2473    0     0          0    500702 150017679374262 38992804379    0    0    0     0       0          0
1784735263 | enp139s0f0np0: 206526996235906 56000109187    0 2473    0     0          0    500702 150017692430663 38992842335    0    0    0     0       0          0
1784735264 | enp139s0f0np0: 206529849783500 56000802754    0 2473    0     0          0    500702 150017705763241 38992880764    0    0    0     0       0          0
1784735265 | enp139s0f0np0: 206532657136907 56001485343    0 2473    0     0          0    500702 150017718921920 38992919568    0    0    0     0       0          0
1784735266 | enp139s0f0np0: 206535417942652 56002156636    0 2473    0     0          0    500702 150017731800140 38992956941    0    0    0     0       0          0
1784735267 | enp139s0f0np0: 206538232852664 56002840871    0 2473    0     0          0    500702 150017744973762 38992995412    0    0    0     0       0          0
1784735268 | enp139s0f0np0: 206541132786065 56003546040    0 2473    0     0          0    500702 150017758563058 38993035389    0    0    0     0       0          0
1784735269 | enp139s0f0np0: 206543866656556 56004210776    0 2473    0     0          0    500702 150017771349744 38993072895    0    0    0     0       0          0
1784735270 | enp139s0f0np0: 206546686025428 56004895999    0 2473    0     0          0    500702 150017784524475 38993111588    0    0    0     0       0          0
1784735271 | enp139s0f0np0: 206549561545668 56005594895    0 2473    0     0          0    500702 150017797957328 38993150608    0    0    0     0       0          0
1784735272 | enp139s0f0np0: 206552376496087 56006279373    0 2473    0     0          0    500702 150017811188244 38993189999    0    0    0     0       0          0
1784735273 | enp139s0f0np0: 206555227890622 56006972723    0 2473    0     0          0    500702 150017824574117 38993229728    0    0    0     0       0          0
1784735274 | enp139s0f0np0: 206558055361135 56007659969    0 2473    0     0          0    500702 150017837787382 38993268765    0    0    0     0       0          0
1784735275 | enp139s0f0np0: 206560849145244 56008339329    0 2473    0     0          0    500702 150017850903702 38993307723    0    0    0     0       0          0
1784735276 | enp139s0f0np0: 206563751164216 56009044696    0 2473    0     0          0    500702 150017864463931 38993347554    0    0    0     0       0          0
1784735277 | enp139s0f0np0: 206566649372408 56009749625    0 2473    0     0          0    500702 150017878007435 38993387782    0    0    0     0       0          0
1784735278 | enp139s0f0np0: 206569388094782 56010415373    0 2473    0     0          0    500702 150017890849197 38993426078    0    0    0     0       0          0
1784735279 | enp139s0f0np0: 206572102606246 56011075529    0 2473    0     0          0    500702 150017903625816 38993464281    0    0    0     0       0          0
1784735280 | enp139s0f0np0: 206574963833188 56011771222    0 2473    0     0          0    500702 150017917043685 38993504127    0    0    0     0       0          0
1784735281 | enp139s0f0np0: 206577750907784 56012448936    0 2473    0     0          0    500702 150017930062193 38993542823    0    0    0     0       0          0
1784735282 | enp139s0f0np0: 206580430708468 56013100690    0 2473    0     0          0    500702 150017942650986 38993580364    0    0    0     0       0          0
1784735283 | enp139s0f0np0: 206583313547407 56013801555    0 2473    0     0          0    500702 150017956051039 38993619842    0    0    0     0       0          0
1784735284 | enp139s0f0np0: 206586166623934 56014495286    0 2473    0     0          0    500703 150017969388484 38993659327    0    0    0     0       0          0
1784735285 | enp139s0f0np0: 206588953313960 56015172799    0 2473    0     0          0    500703 150017982413295 38993698065    0    0    0     0       0          0
1784735286 | enp139s0f0np0: 206591838420536 56015873922    0 2473    0     0          0    500703 150017995756726 38993736640    0    0    0     0       0          0
1784735287 | enp139s0f0np0: 206594732682638 56016577366    0 2473    0     0          0    500703 150018009240522 38993776383    0    0    0     0       0          0
1784735288 | enp139s0f0np0: 206597515519364 56017253738    0 2473    0     0          0    500703 150018022164190 38993814022    0    0    0     0       0          0
1784735289 | enp139s0f0np0: 206600466626762 56017970770    0 2473    0     0          0    500703 150018035850531 38993854592    0    0    0     0       0          0
1784735290 | enp139s0f0np0: 206603284217937 56018655383    0 2473    0     0          0    500703 150018048898309 38993893259    0    0    0     0       0          0
1784735291 | enp139s0f0np0: 206606160780106 56019354423    0 2473    0     0          0    500703 150018062196210 38993931923    0    0    0     0       0          0
1784735292 | enp139s0f0np0: 206608982217498 56020040387    0 2473    0     0          0    500703 150018075256531 38993970913    0    0    0     0       0          0
1784735293 | enp139s0f0np0: 206611884852948 56020745451    0 2473    0     0          0    500703 150018088654340 38994010541    0    0    0     0       0          0
1784735294 | enp139s0f0np0: 206614788987283 56021451124    0 2473    0     0          0    500703 150018101878071 38994049415    0    0    0     0       0          0
1784735295 | enp139s0f0np0: 206617731313100 56022165843    0 2473    0     0          0    500703 150018115172096 38994088146    0    0    0     0       0          0
1784735296 | enp139s0f0np0: 206620650847529 56022875138    0 2473    0     0          0    500703 150018128341600 38994127340    0    0    0     0       0          0
1784735297 | enp139s0f0np0: 206623485839365 56023563778    0 2473    0     0          0    500703 150018140802146 38994164447    0    0    0     0       0          0
1784735298 | enp139s0f0np0: 206626373810691 56024265189    0 2473    0     0          0    500703 150018153351616 38994201711    0    0    0     0       0          0
1784735299 | enp139s0f0np0: 206629309532532 56024978125    0 2473    0     0          0    500703 150018165852050 38994239692    0    0    0     0       0          0
1784735300 | enp139s0f0np0: 206632183469210 56025675685    0 2473    0     0          0    500703 150018177915369 38994276783    0    0    0     0       0          0
1784735301 | enp139s0f0np0: 206635084957946 56026380245    0 2473    0     0          0    500703 150018190174792 38994315238    0    0    0     0       0          0
1784735302 | enp139s0f0np0: 206637947218548 56027075535    0 2473    0     0          0    500703 150018202321377 38994352905    0    0    0     0       0          0
1784735303 | enp139s0f0np0: 206640776076299 56027762500    0 2473    0     0          0    500703 150018214408380 38994390783    0    0    0     0       0          0
1784735304 | enp139s0f0np0: 206643609597447 56028450864    0 2473    0     0          0    500703 150018226893181 38994428753    0    0    0     0       0          0
1784735305 | enp139s0f0np0: 206646472537105 56029146587    0 2473    0     0          0    500703 150018240026952 38994468150    0    0    0     0       0          0
1784735306 | enp139s0f0np0: 206649291330388 56029831985    0 2473    0     0          0    500703 150018253157346 38994507098    0    0    0     0       0          0
1784735307 | enp139s0f0np0: 206652162449449 56030529659    0 2473    0     0          0    500703 150018266621667 38994546858    0    0    0     0       0          0
1784735308 | enp139s0f0np0: 206655006055849 56031221023    0 2473    0     0          0    500703 150018279973353 38994586211    0    0    0     0       0          0
1784735309 | enp139s0f0np0: 206657903566047 56031925254    0 2473    0     0          0    500703 150018293557836 38994626364    0    0    0     0       0          0
1784735310 | enp139s0f0np0: 206660785078838 56032625795    0 2473    0     0          0    500703 150018307096227 38994666218    0    0    0     0       0          0
1784735311 | enp139s0f0np0: 206663641940662 56033320359    0 2473    0     0          0    500703 150018320496978 38994705911    0    0    0     0       0          0
1784735312 | enp139s0f0np0: 206666530017488 56034022422    0 2473    0     0          0    500703 150018334076909 38994746056    0    0    0     0       0          0
1784735313 | enp139s0f0np0: 206669410893322 56034722888    0 2473    0     0          0    500703 150018347600359 38994786033    0    0    0     0       0          0
1784735314 | enp139s0f0np0: 206672272427840 56035418386    0 2473    0     0          0    500704 150018361035953 38994826065    0    0    0     0       0          0
1784735315 | enp139s0f0np0: 206675099180610 56036105264    0 2473    0     0          0    500704 150018374278089 38994864749    0    0    0     0       0          0
1784735316 | enp139s0f0np0: 206677978708813 56036804980    0 2473    0     0          0    500704 150018387820155 38994904689    0    0    0     0       0          0
1784735317 | enp139s0f0np0: 206680796549298 56037489815    0 2473    0     0          0    500704 150018401026408 38994943311    0    0    0     0       0          0
1784735318 | enp139s0f0np0: 206683623766173 56038177044    0 2473    0     0          0    500704 150018414206543 38994981396    0    0    0     0       0          0
1784735319 | enp139s0f0np0: 206686422038983 56038857416    0 2473    0     0          0    500704 150018427344852 38995020382    0    0    0     0       0          0
1784735320 | enp139s0f0np0: 206689176918706 56039527038    0 2473    0     0          0    500704 150018440264626 38995058540    0    0    0     0       0          0
1784735321 | enp139s0f0np0: 206691998308772 56040212837    0 2473    0     0          0    500704 150018453548126 38995097913    0    0    0     0       0          0
1784735322 | enp139s0f0np0: 206694867786870 56040910407    0 2473    0     0          0    500704 150018466955482 38995136725    0    0    0     0       0          0
1784735323 | enp139s0f0np0: 206697698536364 56041598659    0 2473    0     0          0    500704 150018480232482 38995175962    0    0    0     0       0          0
1784735324 | enp139s0f0np0: 206700544871514 56042290544    0 2473    0     0          0    500704 150018493549184 38995214398    0    0    0     0       0          0
1784735325 | enp139s0f0np0: 206703417093942 56042988613    0 2473    0     0          0    500704 150018506962458 38995253703    0    0    0     0       0          0
1784735326 | enp139s0f0np0: 206706327400742 56043695875    0 2473    0     0          0    500704 150018520571108 38995293242    0    0    0     0       0          0
1784735327 | enp139s0f0np0: 206709158457826 56044383984    0 2473    0     0          0    500704 150018533857932 38995332193    0    0    0     0       0          0
1784735328 | enp139s0f0np0: 206711972387373 56045068224    0 2473    0     0          0    500704 150018547023575 38995370812    0    0    0     0       0          0
1784735329 | enp139s0f0np0: 206714896413175 56045778726    0 2473    0     0          0    500704 150018560670405 38995410100    0    0    0     0       0          0
1784735330 | enp139s0f0np0: 206717729643555 56046467269    0 2473    0     0          0    500704 150018573941231 38995448796    0    0    0     0       0          0
1784735331 | enp139s0f0np0: 206720538129561 56047149866    0 2473    0     0          0    500704 150018587005577 38995486635    0    0    0     0       0          0
1784735332 | enp139s0f0np0: 206723440451287 56047855592    0 2473    0     0          0    500704 150018600581176 38995525684    0    0    0     0       0          0
1784735333 | enp139s0f0np0: 206726239965606 56048535988    0 2473    0     0          0    500704 150018613660163 38995563886    0    0    0     0       0          0
1784735334 | enp139s0f0np0: 206729071095757 56049224166    0 2473    0     0          0    500704 150018626927932 38995603040    0    0    0     0       0          0
1784735335 | enp139s0f0np0: 206731891478444 56049909824    0 2473    0     0          0    500704 150018640118800 38995641301    0    0    0     0       0          0
1784735336 | enp139s0f0np0: 206734734304569 56050600820    0 2473    0     0          0    500704 150018653444036 38995680018    0    0    0     0       0          0
1784735337 | enp139s0f0np0: 206737566464878 56051289486    0 2473    0     0          0    500704 150018666706388 38995719162    0    0    0     0       0          0
1784735338 | enp139s0f0np0: 206740383093294 56051974260    0 2473    0     0          0    500704 150018679886588 38995757876    0    0    0     0       0          0
1784735339 | enp139s0f0np0: 206743095825978 56052633973    0 2473    0     0          0    500704 150018692649297 38995795728    0    0    0     0       0          0
1784735340 | enp139s0f0np0: 206746017144395 56053344106    0 2473    0     0          0    500704 150018706314441 38995835606    0    0    0     0       0          0
1784735341 | enp139s0f0np0: 206748771070234 56054013540    0 2473    0     0          0    500704 150018719273571 38995874426    0    0    0     0       0          0
1784735342 | enp139s0f0np0: 206751623023050 56054706679    0 2473    0     0          0    500704 150018732591375 38995913151    0    0    0     0       0          0
1784735343 | enp139s0f0np0: 206754430203329 56055389069    0 2473    0     0          0    500705 150018745705558 38995950884    0    0    0     0       0          0
1784735344 | enp139s0f0np0: 206757197031633 56056061746    0 2473    0     0          0    500705 150018758662364 38995988611    0    0    0     0       0          0
1784735345 | enp139s0f0np0: 206760053617763 56056756204    0 2473    0     0          0    500705 150018772055425 38996028342    0    0    0     0       0          0
1784735346 | enp139s0f0np0: 206762847577125 56057435613    0 2473    0     0          0    500705 150018785144047 38996066447    0    0    0     0       0          0
1784735347 | enp139s0f0np0: 206765725344097 56058135214    0 2473    0     0          0    500705 150018798653233 38996106014    0    0    0     0       0          0
1784735348 | enp139s0f0np0: 206768520066941 56058814575    0 2473    0     0          0    500705 150018811715845 38996144345    0    0    0     0       0          0
1784735349 | enp139s0f0np0: 206771327100888 56059497190    0 2473    0     0          0    500705 150018824917954 38996183452    0    0    0     0       0          0
1784735350 | enp139s0f0np0: 206774220683829 56060200294    0 2473    0     0          0    500705 150018838393980 38996222279    0    0    0     0       0          0
1784735352 | enp139s0f0np0: 206777524904192 56061002819    0 2473    0     0          0    500705 150018853707219 38996265390    0    0    0     0       0          0
1784735353 | enp139s0f0np0: 206780521815706 56061731054    0 2473    0     0          0    500705 150018867728566 38996306464    0    0    0     0       0          0
1784735354 | enp139s0f0np0: 206783337944069 56062415588    0 2473    0     0          0    500705 150018880960163 38996345348    0    0    0     0       0          0
1784735355 | enp139s0f0np0: 206786191281238 56063109358    0 2473    0     0          0    500705 150018894370165 38996385057    0    0    0     0       0          0
1784735356 | enp139s0f0np0: 206788980065657 56063787366    0 2473    0     0          0    500705 150018907415527 38996423513    0    0    0     0       0          0
1784735357 | enp139s0f0np0: 206791826556849 56064479098    0 2473    0     0          0    500705 150018920776730 38996462967    0    0    0     0       0          0
1784735358 | enp139s0f0np0: 206794685762039 56065174068    0 2473    0     0          0    500705 150018934204546 38996502554    0    0    0     0       0          0
1784735359 | enp139s0f0np0: 206797534877878 56065866530    0 2473    0     0          0    500705 150018947511554 38996541237    0    0    0     0       0          0
1784735360 | enp139s0f0np0: 206800331810862 56066546429    0 2473    0     0          0    500705 150018960608640 38996579956    0    0    0     0       0          0
1784735361 | enp139s0f0np0: 206803119455791 56067224416    0 2473    0     0          0    500705 150018973739546 38996619367    0    0    0     0       0          0
1784735362 | enp139s0f0np0: 206805899708618 56067900143    0 2473    0     0          0    500705 150018986795771 38996658015    0    0    0     0       0          0
1784735363 | enp139s0f0np0: 206808746727275 56068592099    0 2473    0     0          0    500705 150019000183519 38996697680    0    0    0     0       0          0
1784735364 | enp139s0f0np0: 206811461062191 56069252007    0 2473    0     0          0    500705 150019012897182 38996734815    0    0    0     0       0          0
1784735365 | enp139s0f0np0: 206814221645263 56069923132    0 2473    0     0          0    500705 150019025810522 38996772684    0    0    0     0       0          0
1784735366 | enp139s0f0np0: 206816898771714 56070573986    0 2473    0     0          0    500705 150019038389157 38996809781    0    0    0     0       0          0
1784735367 | enp139s0f0np0: 206819677386068 56071249590    0 2473    0     0          0    500705 150019051375257 38996848109    0    0    0     0       0          0
1784735368 | enp139s0f0np0: 206822478988885 56071930688    0 2473    0     0          0    500705 150019064518432 38996886974    0    0    0     0       0          0
1784735369 | enp139s0f0np0: 206825279630051 56072611729    0 2473    0     0          0    500705 150019077733405 38996926406    0    0    0     0       0          0
1784735370 | enp139s0f0np0: 206828059924593 56073287599    0 2473    0     0          0    500705 150019090778560 38996964918    0    0    0     0       0          0
1784735371 | enp139s0f0np0: 206830901251422 56073978559    0 2473    0     0          0    500705 150019104017015 38997004065    0    0    0     0       0          0
1784735372 | enp139s0f0np0: 206833731645666 56074666572    0 2473    0     0          0    500705 150019117297120 38997043011    0    0    0     0       0          0
1784735373 | enp139s0f0np0: 206836523728180 56075345398    0 2473    0     0          0    500705 150019130386292 38997081810    0    0    0     0       0          0
1784735374 | enp139s0f0np0: 206839331683027 56076028238    0 2473    0     0          0    500706 150019143570075 38997120917    0    0    0     0       0          0
1784735375 | enp139s0f0np0: 206842123151640 56076706838    0 2473    0     0          0    500706 150019156677361 38997159669    0    0    0     0       0          0
1784735376 | enp139s0f0np0: 206844929590000 56077388970    0 2473    0     0          0    500706 150019169779561 38997198259    0    0    0     0       0          0
1784735377 | enp139s0f0np0: 206847756093996 56078076004    0 2473    0     0          0    500706 150019183038233 38997237407    0    0    0     0       0          0
1784735378 | enp139s0f0np0: 206850523709166 56078748837    0 2473    0     0          0    500706 150019195910806 38997274935    0    0    0     0       0          0
1784735379 | enp139s0f0np0: 206853360496587 56079438537    0 2473    0     0          0    500706 150019209206340 38997314326    0    0    0     0       0          0
1784735380 | enp139s0f0np0: 206856176612334 56080123213    0 2473    0     0          0    500706 150019222438677 38997353460    0    0    0     0       0          0
1784735381 | enp139s0f0np0: 206858928194999 56080792527    0 2473    0     0          0    500706 150019235336989 38997392244    0    0    0     0       0          0
1784735382 | enp139s0f0np0: 206861827344620 56081497401    0 2473    0     0          0    500706 150019248849451 38997432011    0    0    0     0       0          0
1784735383 | enp139s0f0np0: 206864366186689 56082114935    0 2473    0     0          0    500706 150019260710334 38997467823    0    0    0     0       0          0
