hints = 1
Maintaining 1024 concurrent writes of 262144 bytes to objects of size 262144 for up to 60 seconds or 0 objects
Object prefix: benchmark_data_oneasia-c1-cpu-node10_2427327
  sec Cur ops   started  finished  avg MB/s  cur MB/s last lat(s)  avg lat(s)
    0       0         0         0         0         0           -           0
    1    1023     16406     15383   3845.54   3845.75   0.0547623   0.0624679
    2    1023     32821     31798   3974.48   4103.75   0.0582952   0.0625585
    3    1023     49630     48607   4050.27   4202.25   0.0623975   0.0619406
    4    1023     66370     65347   4083.86      4185   0.0513578   0.0617644
    5    1023     83455     82432   4121.26   4271.25    0.108026   0.0613487
    6    1023    100081     99058   4127.08    4156.5   0.0528132   0.0614401
    7    1023    116515    115492   4124.37    4108.5   0.0532784   0.0615184
    8    1023    133302    132279   4133.37   4196.75    0.101078   0.0614945
    9    1023    150302    149279   4146.28      4250   0.0475378   0.0613429
   10    1023    166949    165926   4147.79   4161.75   0.0537337   0.0613529
   11    1023    183710    182687   4151.62   4190.25   0.0467623   0.0613422
   12    1023    200633    199610   4158.18   4230.75    0.113741   0.0612532
   13    1023    217879    216856   4169.95    4311.5   0.0428255   0.0611428
   14    1023    234815    233792    4174.5      4234   0.0678081   0.0610676
   15    1023    252791    251768   4195.78      4494   0.0483362   0.0608105
   16    1023    270378    269355   4208.32   4396.75   0.0523582   0.0606279
   17    1023    287824    286801   4217.31    4361.5   0.0528748   0.0605179
   18    1023    305182    304159   4224.08    4339.5   0.0607749   0.0604023
   19    1023    321964    320941   4222.56    4195.5   0.0482824   0.0604448
2026-07-19T00:32:43.242920+0700 min lat: 0.0360541 max lat: 0.183114 avg lat: 0.0605537
  sec Cur ops   started  finished  avg MB/s  cur MB/s last lat(s)  avg lat(s)
   20    1023    338260    337237   4215.11      4074   0.0525678   0.0605537
   21    1023    354803    353780   4211.31   4135.75   0.0618464      0.0606
   22    1023    371375    370352   4208.19      4143   0.0544158   0.0606661
   23    1023    387750    386727   4203.21   4093.75   0.0574468    0.060741
   24    1023    404585    403562   4203.42   4208.75    0.114122   0.0607426
   25    1023    421265    420242   4202.08      4170   0.0529646   0.0607873
   26    1023    437683    436660   4198.31    4104.5    0.114644   0.0608294
   27    1023    454197    453174   4195.71    4128.5   0.0579061   0.0608654
   28    1023    470815    469792   4194.23    4154.5   0.0581187   0.0608946
   29    1023    487652    486629   4194.73   4209.25   0.0626075   0.0608974
   30    1023    504179    503156   4192.62   4131.75   0.0616639   0.0609276
   31    1023    521329    520306   4195.67    4287.5    0.049666   0.0609006
   32    1023    538329    537306   4197.35      4250   0.0482413    0.060885
   33    1023    554991    553968   4196.38    4165.5   0.0486589   0.0609124
   34    1023    571861    570838   4196.99    4217.5     0.04752   0.0608988
   35    1023    588723    587700   4197.51    4215.5   0.0503416   0.0608952
   36    1023    605457    604434   4197.11    4183.5   0.0475071   0.0609016
   37    1023    622132    621109   4196.33   4168.75   0.0525367   0.0609079
   38    1023    639051    638028    4197.2   4229.75    0.051247   0.0608995
   39    1023    656224    655201   4199.66   4293.25   0.0493805   0.0608655
2026-07-19T00:33:03.244566+0700 min lat: 0.0354806 max lat: 0.183114 avg lat: 0.0608848
  sec Cur ops   started  finished  avg MB/s  cur MB/s last lat(s)  avg lat(s)
   40    1023    672815    671792   4198.35   4147.75   0.0565374   0.0608848
   41    1023    689533    688510   4197.89    4179.5   0.0483042   0.0609007
   42    1023    706188    705165   4197.07   4163.75   0.0557806   0.0609086
   43    1023    723229    722206   4198.53   4260.25    0.100938   0.0608887
   44    1023    740139    739116   4199.18    4227.5    0.152041   0.0608887
   45    1023    756899    755876   4198.97      4190   0.0527623   0.0608869
   46    1023    773819    772796   4199.64      4230   0.0498034    0.060877
   47    1023    790665    789642   4199.88    4211.5   0.0526579   0.0608727
   48    1023    807883    806860   4202.05    4304.5   0.0516806     0.06085
   49    1023    824198    823175   4199.53   4078.75   0.0604855   0.0608838
   50    1023    840336    839313   4196.23    4034.5   0.0965829   0.0609425
   51    1023    855799    854776   4189.74   3865.75   0.0572052   0.0610325
   52    1023    871144    870121   4182.94   3836.25   0.0585379   0.0611307
   53    1023    887889    886866      4183   4186.25   0.0476422   0.0611345
   54    1023    904832    903809   4183.97   4235.75     0.04875   0.0611209
   55    1023    921606    920583   4184.13    4193.5    0.105513   0.0611195
   56    1023    938440    937417   4184.56    4208.5    0.103168    0.061111
   57    1023    955281    954258   4185.01   4210.25   0.0614226   0.0611061
   58    1023    971518    970495   4182.83   4059.25    0.113318   0.0611395
   59    1023    988184    987161   4182.55    4166.5   0.0447304   0.0611529
2026-07-19T00:33:23.246031+0700 min lat: 0.000978179 max lat: 0.189259 avg lat: 0.0611449
  sec Cur ops   started  finished  avg MB/s  cur MB/s last lat(s)  avg lat(s)
   60     363   1004563   1004200   4183.83   4259.75   0.0392683   0.0611449
Total time run:         60.013
Total writes made:      1004563
Write size:             262144
Object size:            262144
Bandwidth (MB/sec):     4184.77
Stddev Bandwidth:       111.774
Max bandwidth (MB/sec): 4494
Min bandwidth (MB/sec): 3836.25
Average IOPS:           16739
Stddev IOPS:            447.095
Max IOPS:               17976
Min IOPS:               15345
Average Latency(s):     0.0611405
Stddev Latency(s):      0.0204919
Max latency(s):         0.189259
Min latency(s):         0.000978179
