hints = 1
  sec Cur ops   started  finished  avg MB/s  cur MB/s last lat(s)  avg lat(s)
    0       0         0         0         0         0           -           0
    1      16     14334     14318   3579.09    3579.5 0.000642476  0.00109637
    2      16     28425     28409   3550.76   3522.75  0.00114258  0.00110619
    3      15     42638     42623   3551.55    3553.5  0.00148969  0.00110615
    4      16     56809     56793   3549.23    3542.5 0.000623569  0.00110705
    5      16     71377     71361   3567.73      3642 0.000900694  0.00110123
    6      16     85778     85762   3573.09   3600.25 0.000753588   0.0010995
    7      16    100633    100617   3593.14   3713.75 0.000975686  0.00109321
    8      16    115280    115264   3601.68   3661.75  0.00109098  0.00109063
    9      15    130551    130536   3625.66      3818 0.000634943   0.0010833
   10      16    145864    145848   3645.86      3828   0.0011889  0.00107718
   11      16    161109    161093   3660.81   3811.25 0.000769179  0.00107274
   12      16    176488    176472   3676.11   3844.75 0.000617739  0.00106823
   13      16    191702    191686   3685.89    3803.5  0.00153915  0.00106544
   14      16    207192    207176   3699.19    3872.5 0.000652142  0.00106157
   15      16    222574    222558   3708.93    3845.5  0.00069149  0.00105874
   16      16    237822    237806   3715.35      3812  0.00102957  0.00105687
   17      16    253088    253072   3721.29    3816.5  0.00128177  0.00105518
   18      16    268514    268498   3728.78    3856.5 0.000693605  0.00105304
   19      16    283706    283690   3732.41      3798 0.000881754  0.00105201
2026-07-19T00:48:18.436489+0700 min lat: 0.000350925 max lat: 0.00539586 avg lat: 0.00105085
  sec Cur ops   started  finished  avg MB/s  cur MB/s last lat(s)  avg lat(s)
   20      15    298953    298938   3736.38      3812 0.000784849  0.00105085
   21      15    314228    314213   3740.28   3818.75  0.00223034  0.00104976
   22      16    329268    329252   3741.15   3759.75 0.000735212  0.00104953
   23      15    344497    344482   3744.02    3807.5 0.000678516  0.00104876
   24      16    359824    359808   3747.65    3831.5  0.00116959  0.00104774
   25      16    375259    375243   3752.08   3858.75 0.000932358  0.00104648
   26      16    390524    390508   3754.53   3816.25  0.00109097  0.00104577
   27      16    405664    405648   3755.65      3785 0.000909757  0.00104549
   28      16    421176    421160   3760.01      3878 0.000865695  0.00104432
   29      15    436295    436280   3760.69      3780 0.000752077  0.00104413
   30      16    451791    451775   3764.45   3873.75  0.00110099   0.0010431
   31      16    467088    467072   3766.36   3824.25 0.000967253  0.00104259
   32      16    482632    482616   3770.09      3886 0.000874554  0.00104153
   33      16    497908    497892   3771.56      3819 0.000547895  0.00104111
   34      16    513251    513235   3773.44   3835.75 0.000493956   0.0010406
   35      15    528309    528294   3773.18   3764.75  0.00194828  0.00104067
   36      16    543348    543332    3772.8    3759.5  0.00210809  0.00104076
   37      16    558162    558146   3770.92    3703.5 0.000701928  0.00104128
   38      16    573075    573059   3769.79   3728.25  0.00115875  0.00104159
   39      16    587822    587806   3767.65   3686.75  0.00123143  0.00104217
2026-07-19T00:48:38.438185+0700 min lat: 0.000350925 max lat: 0.00539586 avg lat: 0.00104328
  sec Cur ops   started  finished  avg MB/s  cur MB/s last lat(s)  avg lat(s)
   40      16    602249    602233   3763.62   3606.75  0.00116702  0.00104328
   41      16    617052    617036   3762.08   3700.75  0.00116201  0.00104372
   42      15    631731    631716   3759.88      3670 0.000866139  0.00104434
   43      16    646581    646565   3758.76   3712.25  0.00153161  0.00104466
   44      16    661306    661290      3757   3681.25 0.000836169  0.00104517
   45      16    675590    675574   3752.86      3571 0.000903861  0.00104635
   46      16    690197    690181   3750.65   3651.75  0.00103358  0.00104696
   47      16    704757    704741    3748.3      3640  0.00119681  0.00104763
   48      16    719311    719295      3746    3638.5  0.00117238   0.0010483
   49      16    734255    734239   3745.79      3736 0.000440244  0.00104838
   50      16    748607    748591   3742.63      3588  0.00127431   0.0010493
   51      15    762904    762889   3739.33    3574.5  0.00101735  0.00105025
   52      16    777411    777395   3737.15    3626.5  0.00104011  0.00105088
   53      16    792095    792079    3735.9      3671   0.0010866  0.00105124
   54      15    807006    806991   3735.75      3728  0.00111665  0.00105128
   55      16    821317    821301   3732.86    3577.5  0.00163203   0.0010521
   56      16    836105    836089   3732.22      3697   0.0026681  0.00105227
   57      16    850635    850619   3730.46    3632.5 0.000912995  0.00105278
   58      16    864864    864848   3727.47   3557.25  0.00150431  0.00105363
   59      16    879436    879420   3726.03      3643 0.000817951  0.00105403
Total time run:       60.0016
Total reads made:     893684
Read size:            262144
Object size:          262144
Bandwidth (MB/sec):   3723.58
Average IOPS:         14894
Stddev IOPS:          417.732
Max IOPS:             15544
Min IOPS:             14091
Average Latency(s):   0.00105472
Max latency(s):       0.00539586
Min latency(s):       0.000350925
