1784697230 | enp139s0f0np0: 187327896918230 51023987820    0 2473    0     0          0    499434 127922895214211 33323916844    0    0    0     0       0          0
1784697231 | enp139s0f0np0: 187327898670034 51024000206    0 2473    0     0          0    499434 127923680704895 33324105973    0    0    0     0       0          0
1784697232 | enp139s0f0np0: 187327900981203 51024016874    0 2473    0     0          0    499434 127924736775941 33324360246    0    0    0     0       0          0
1784697233 | enp139s0f0np0: 187327903332406 51024033471    0 2473    0     0          0    499434 127925789127719 33324613640    0    0    0     0       0          0
1784697234 | enp139s0f0np0: 187327905712365 51024050522    0 2473    0     0          0    499434 127926873613239 33324874783    0    0    0     0       0          0
1784697235 | enp139s0f0np0: 187327907505736 51024063267    0 2473    0     0          0    499434 127927644434511 33325060382    0    0    0     0       0          0
1784697236 | enp139s0f0np0: 187327909956784 51024080875    0 2473    0     0          0    499434 127928755062667 33325327880    0    0    0     0       0          0
1784697237 | enp139s0f0np0: 187327912354675 51024098084    0 2473    0     0          0    499434 127929829412414 33325586577    0    0    0     0       0          0
1784697238 | enp139s0f0np0: 187327914694987 51024114960    0 2473    0     0          0    499434 127930887492975 33325841367    0    0    0     0       0          0
1784697239 | enp139s0f0np0: 187327916499611 51024127605    0 2473    0     0          0    499434 127931672452844 33326030407    0    0    0     0       0          0
1784697240 | enp139s0f0np0: 187327918775356 51024143840    0 2473    0     0          0    499434 127932689989460 33326275397    0    0    0     0       0          0
1784697241 | enp139s0f0np0: 187327921163672 51024160956    0 2473    0     0          0    499435 127933765404355 33326534324    0    0    0     0       0          0
1784697242 | enp139s0f0np0: 187327923656950 51024178722    0 2473    0     0          0    499435 127934892565858 33326805754    0    0    0     0       0          0
1784697243 | enp139s0f0np0: 187327926011257 51024195844    0 2473    0     0          0    499435 127935965442878 33327064111    0    0    0     0       0          0
1784697244 | enp139s0f0np0: 187327927911684 51024209143    0 2473    0     0          0    499435 127936803352250 33327265879    0    0    0     0       0          0
1784697245 | enp139s0f0np0: 187327930316478 51024226512    0 2473    0     0          0    499435 127937883571632 33327526016    0    0    0     0       0          0
1784697246 | enp139s0f0np0: 187327932658439 51024243301    0 2473    0     0          0    499435 127938935247642 33327779215    0    0    0     0       0          0
1784697247 | enp139s0f0np0: 187327935023741 51024260311    0 2473    0     0          0    499435 127940007460639 33328037353    0    0    0     0       0          0
1784697248 | enp139s0f0np0: 187327936754764 51024272697    0 2473    0     0          0    499435 127940787618810 33328225225    0    0    0     0       0          0
1784697249 | enp139s0f0np0: 187327939168392 51024289845    0 2473    0     0          0    499435 127941879823921 33328488205    0    0    0     0       0          0
1784697250 | enp139s0f0np0: 187327941509649 51024306846    0 2473    0     0          0    499435 127942942186463 33328744035    0    0    0     0       0          0
1784697251 | enp139s0f0np0: 187327943794280 51024323735    0 2473    0     0          0    499435 127943983996925 33328994905    0    0    0     0       0          0
1784697252 | enp139s0f0np0: 187327945626538 51024336791    0 2473    0     0          0    499435 127944797495237 33329190807    0    0    0     0       0          0
1784697253 | enp139s0f0np0: 187327947841359 51024352871    0 2473    0     0          0    499435 127945811563391 33329434947    0    0    0     0       0          0
1784697254 | enp139s0f0np0: 187327950092825 51024368878    0 2473    0     0          0    499435 127946822166149 33329678282    0    0    0     0       0          0
1784697255 | enp139s0f0np0: 187327952361690 51024385521    0 2473    0     0          0    499435 127947844506149 33329924466    0    0    0     0       0          0
1784697256 | enp139s0f0np0: 187327954569805 51024401779    0 2473    0     0          0    499435 127948862841356 33330169626    0    0    0     0       0          0
1784697257 | enp139s0f0np0: 187327956334483 51024414473    0 2473    0     0          0    499435 127949664603887 33330362700    0    0    0     0       0          0
1784697258 | enp139s0f0np0: 187327958500491 51024430284    0 2473    0     0          0    499435 127950658403728 33330601996    0    0    0     0       0          0
1784697259 | enp139s0f0np0: 187327960721335 51024446527    0 2473    0     0          0    499435 127951667404404 33330844919    0    0    0     0       0          0
1784697260 | enp139s0f0np0: 187327962928639 51024462624    0 2473    0     0          0    499435 127952703613342 33331094433    0    0    0     0       0          0
1784697261 | enp139s0f0np0: 187327964728170 51024475543    0 2473    0     0          0    499435 127953521645854 33331291426    0    0    0     0       0          0
1784697262 | enp139s0f0np0: 187327966927096 51024491430    0 2473    0     0          0    499435 127954536247090 33331535689    0    0    0     0       0          0
1784697263 | enp139s0f0np0: 187327969082496 51024507020    0 2473    0     0          0    499435 127955524973928 33331773683    0    0    0     0       0          0
1784697264 | enp139s0f0np0: 187327971284444 51024522979    0 2473    0     0          0    499435 127956545445270 33332019393    0    0    0     0       0          0
1784697265 | enp139s0f0np0: 187327973492590 51024538948    0 2473    0     0          0    499435 127957582184882 33332268995    0    0    0     0       0          0
1784697266 | enp139s0f0np0: 187327975233804 51024551480    0 2473    0     0          0    499435 127958373278508 33332459500    0    0    0     0       0          0
1784697267 | enp139s0f0np0: 187327977408659 51024567634    0 2473    0     0          0    499435 127959396947823 33332705940    0    0    0     0       0          0
1784697268 | enp139s0f0np0: 187327979607568 51024583504    0 2473    0     0          0    499435 127960424351739 33332953287    0    0    0     0       0          0
1784697269 | enp139s0f0np0: 187327981831482 51024600065    0 2473    0     0          0    499435 127961446684941 33333199368    0    0    0     0       0          0
1784697270 | enp139s0f0np0: 187327983638088 51024613415    0 2473    0     0          0    499435 127962248979990 33333392556    0    0    0     0       0          0
1784697271 | enp139s0f0np0: 187327985982341 51024630902    0 2473    0     0          0    499436 127963332929856 33333653537    0    0    0     0       0          0
1784697272 | enp139s0f0np0: 187327988259410 51024647655    0 2473    0     0          0    499436 127964374738033 33333904373    0    0    0     0       0          0
1784697273 | enp139s0f0np0: 187327990429465 51024663689    0 2473    0     0          0    499436 127965379474075 33334146309    0    0    0     0       0          0
1784697274 | enp139s0f0np0: 187327996137312 51024680427    0 2473    0     0          0    499436 127966370121139 33334384930    0    0    0     0       0          0
1784697275 | enp139s0f0np0: 187328018641720 51024697399    0 2473    0     0          0    499436 127967097667474 33334560792    0    0    0     0       0          0
1784697276 | enp139s0f0np0: 187328020990940 51024713372    0 2473    0     0          0    499436 127968084530755 33334798367    0    0    0     0       0          0
1784697277 | enp139s0f0np0: 187328023113682 51024729186    0 2473    0     0          0    499436 127969074324864 33335036625    0    0    0     0       0          0
1784697278 | enp139s0f0np0: 187328025180995 51024744431    0 2473    0     0          0    499436 127970049451392 33335271381    0    0    0     0       0          0
1784697279 | enp139s0f0np0: 187328027128148 51024758849    0 2473    0     0          0    499436 127970964836830 33335491815    0    0    0     0       0          0
1784697280 | enp139s0f0np0: 187328029005701 51024772696    0 2473    0     0          0    499436 127971845013212 33335703741    0    0    0     0       0          0
1784697281 | enp139s0f0np0: 187328031151312 51024788415    0 2473    0     0          0    499436 127972863477260 33335948968    0    0    0     0       0          0
1784697282 | enp139s0f0np0: 187328033282985 51024803829    0 2473    0     0          0    499436 127973883551054 33336194517    0    0    0     0       0          0
1784697283 | enp139s0f0np0: 187328035438865 51024819754    0 2473    0     0          0    499436 127974892286342 33336437396    0    0    0     0       0          0
1784697284 | enp139s0f0np0: 187328037060483 51024831538    0 2473    0     0          0    499436 127975643901844 33336618342    0    0    0     0       0          0
1784697285 | enp139s0f0np0: 187328039261165 51024847639    0 2473    0     0          0    499436 127976663104318 33336863769    0    0    0     0       0          0
1784697286 | enp139s0f0np0: 187328041507273 51024864306    0 2473    0     0          0    499436 127977706182196 33337114900    0    0    0     0       0          0
1784697287 | enp139s0f0np0: 187328043680586 51024880267    0 2473    0     0          0    499436 127978709850211 33337356565    0    0    0     0       0          0
1784697288 | enp139s0f0np0: 187328045801440 51024895754    0 2473    0     0          0    499436 127979704713861 33337596070    0    0    0     0       0          0
1784697289 | enp139s0f0np0: 187328047402286 51024907322    0 2473    0     0          0    499436 127980448594823 33337775159    0    0    0     0       0          0
1784697290 | enp139s0f0np0: 187328049587134 51024923299    0 2473    0     0          0    499436 127981475197397 33338022294    0    0    0     0       0          0
1784697291 | enp139s0f0np0: 187328051804472 51024939528    0 2473    0     0          0    499436 127982502069419 33338269536    0    0    0     0       0          0
1784697292 | enp139s0f0np0: 187328053998305 51024955194    0 2473    0     0          0    499436 127983510002477 33338512191    0    0    0     0       0          0
1784697293 | enp139s0f0np0: 187328055687498 51024967123    0 2473    0     0          0    499436 127984271487949 33338695533    0    0    0     0       0          0
1784697294 | enp139s0f0np0: 187328057935062 51024983387    0 2473    0     0          0    499436 127985325833302 33338949408    0    0    0     0       0          0
1784697295 | enp139s0f0np0: 187328060102977 51024998698    0 2473    0     0          0    499436 127986350838841 33339196209    0    0    0     0       0          0
1784697296 | enp139s0f0np0: 187328062232370 51025014172    0 2473    0     0          0    499436 127987325965111 33339430961    0    0    0     0       0          0
1784697297 | enp139s0f0np0: 187328064401902 51025029899    0 2473    0     0          0    499436 127988308560224 33339667521    0    0    0     0       0          0
1784697298 | enp139s0f0np0: 187328066047574 51025041824    0 2473    0     0          0    499436 127989071912848 33339851315    0    0    0     0       0          0
1784697299 | enp139s0f0np0: 187328068276282 51025058054    0 2473    0     0          0    499436 127990071041564 33340091811    0    0    0     0       0          0
1784697300 | enp139s0f0np0: 187328070538614 51025074649    0 2473    0     0          0    499436 127991101098902 33340339796    0    0    0     0       0          0
1784697301 | enp139s0f0np0: 187328072742185 51025090683    0 2473    0     0          0    499437 127992108780176 33340582407    0    0    0     0       0          0
1784697302 | enp139s0f0np0: 187328074315865 51025101791    0 2473    0     0          0    499437 127992814523652 33340752362    0    0    0     0       0          0
1784697303 | enp139s0f0np0: 187330917150325 51025789802    0 2473    0     0          0    499437 127992823338608 33340776555    0    0    0     0       0          0
1784697304 | enp139s0f0np0: 187333886364147 51026508868    0 2473    0     0          0    499437 127992832580376 33340802536    0    0    0     0       0          0
1784697305 | enp139s0f0np0: 187336870838879 51027231787    0 2473    0     0          0    499437 127992841862248 33340829225    0    0    0     0       0          0
1784697306 | enp139s0f0np0: 187339930476753 51027972504    0 2473    0     0          0    499437 127992851356058 33340855776    0    0    0     0       0          0
1784697307 | enp139s0f0np0: 187342994874783 51028714370    0 2473    0     0          0    499437 127992860879089 33340882497    0    0    0     0       0          0
1784697308 | enp139s0f0np0: 187346094936582 51029464853    0 2473    0     0          0    499437 127992870470902 33340909154    0    0    0     0       0          0
1784697309 | enp139s0f0np0: 187349251936097 51030229043    0 2473    0     0          0    499437 127992880283228 33340936808    0    0    0     0       0          0
1784697310 | enp139s0f0np0: 187352217022852 51030946854    0 2473    0     0          0    499437 127992889444920 33340962113    0    0    0     0       0          0
1784697311 | enp139s0f0np0: 187355132073344 51031652809    0 2473    0     0          0    499437 127992898543083 33340988143    0    0    0     0       0          0
1784697312 | enp139s0f0np0: 187358220488707 51032400507    0 2473    0     0          0    499437 127992908108338 33341014685    0    0    0     0       0          0
1784697313 | enp139s0f0np0: 187361240994987 51033132091    0 2473    0     0          0    499437 127992917522032 33341041334    0    0    0     0       0          0
1784697314 | enp139s0f0np0: 187364266864536 51033864607    0 2473    0     0          0    499437 127992926888391 33341067568    0    0    0     0       0          0
1784697315 | enp139s0f0np0: 187367102542500 51034551574    0 2473    0     0          0    499437 127992935687873 33341092427    0    0    0     0       0          0
1784697316 | enp139s0f0np0: 187370227019384 51035307811    0 2473    0     0          0    499437 127992945375803 33341119345    0    0    0     0       0          0
1784697317 | enp139s0f0np0: 187373427796321 51036082247    0 2473    0     0          0    499437 127992955296572 33341147297    0    0    0     0       0          0
1784697318 | enp139s0f0np0: 187376415637931 51036805622    0 2473    0     0          0    499437 127992964607507 33341173206    0    0    0     0       0          0
1784697319 | enp139s0f0np0: 187379517923870 51037556437    0 2473    0     0          0    499437 127992974210947 33341199980    0    0    0     0       0          0
1784697320 | enp139s0f0np0: 187382624737939 51038308592    0 2473    0     0          0    499437 127992983820626 33341226752    0    0    0     0       0          0
1784697321 | enp139s0f0np0: 187385561478227 51039019890    0 2473    0     0          0    499437 127992992938387 33341252465    0    0    0     0       0          0
1784697322 | enp139s0f0np0: 187388527006294 51039738063    0 2473    0     0          0    499437 127993002128154 33341278090    0    0    0     0       0          0
1784697323 | enp139s0f0np0: 187391626815514 51040488761    0 2473    0     0          0    499437 127993011729785 33341304798    0    0    0     0       0          0
1784697324 | enp139s0f0np0: 187394588212961 51041206025    0 2473    0     0          0    499437 127993020930602 33341330737    0    0    0     0       0          0
1784697325 | enp139s0f0np0: 187397706579132 51041961054    0 2473    0     0          0    499437 127993030572820 33341357581    0    0    0     0       0          0
1784697326 | enp139s0f0np0: 187400705684033 51042686927    0 2473    0     0          0    499437 127993039915197 33341383825    0    0    0     0       0          0
1784697327 | enp139s0f0np0: 187403741147854 51043421694    0 2473    0     0          0    499437 127993049302644 33341409731    0    0    0     0       0          0
1784697328 | enp139s0f0np0: 187406843295558 51044172411    0 2473    0     0          0    499437 127993058947050 33341436528    0    0    0     0       0          0
1784697329 | enp139s0f0np0: 187409947972406 51044923545    0 2473    0     0          0    499437 127993068457588 33341462319    0    0    0     0       0          0
1784697330 | enp139s0f0np0: 187413111368509 51045689182    0 2473    0     0          0    499437 127993078266664 33341489519    0    0    0     0       0          0
1784697331 | enp139s0f0np0: 187416177480244 51046431358    0 2473    0     0          0    499438 127993087753533 33341515856    0    0    0     0       0          0
1784697332 | enp139s0f0np0: 187419236057381 51047171366    0 2473    0     0          0    499438 127993097240104 33341542325    0    0    0     0       0          0
1784697333 | enp139s0f0np0: 187422389946825 51047934547    0 2473    0     0          0    499438 127993106934578 33341568179    0    0    0     0       0          0
1784697334 | enp139s0f0np0: 187425388165697 51048660158    0 2473    0     0          0    499438 127993116237203 33341594478    0    0    0     0       0          0
1784697335 | enp139s0f0np0: 187428465625376 51049405143    0 2473    0     0          0    499438 127993125776585 33341621295    0    0    0     0       0          0
1784697336 | enp139s0f0np0: 187431619989821 51050168348    0 2473    0     0          0    499438 127993135582779 33341648343    0    0    0     0       0          0
1784697337 | enp139s0f0np0: 187434598987692 51050889321    0 2473    0     0          0    499438 127993144809724 33341674577    0    0    0     0       0          0
1784697338 | enp139s0f0np0: 187437733780926 51051647798    0 2473    0     0          0    499438 127993154514167 33341701551    0    0    0     0       0          0
1784697339 | enp139s0f0np0: 187440709825508 51052368039    0 2473    0     0          0    499438 127993163737905 33341727075    0    0    0     0       0          0
1784697340 | enp139s0f0np0: 187443720818823 51053096801    0 2473    0     0          0    499438 127993173099905 33341753532    0    0    0     0       0          0
1784697341 | enp139s0f0np0: 187446659244119 51053807997    0 2473    0     0          0    499438 127993182189319 33341778952    0    0    0     0       0          0
1784697342 | enp139s0f0np0: 187449598578840 51054519185    0 2473    0     0          0    499438 127993191252466 33341803629    0    0    0     0       0          0
1784697343 | enp139s0f0np0: 187452673973859 51055263214    0 2473    0     0          0    499438 127993200783286 33341830207    0    0    0     0       0          0
1784697344 | enp139s0f0np0: 187455627415174 51055977934    0 2473    0     0          0    499438 127993209964717 33341856130    0    0    0     0       0          0
1784697345 | enp139s0f0np0: 187458569688078 51056689953    0 2473    0     0          0    499438 127993219066582 33341881348    0    0    0     0       0          0
1784697346 | enp139s0f0np0: 187461611363954 51057425917    0 2473    0     0          0    499438 127993228568324 33341908447    0    0    0     0       0          0
1784697347 | enp139s0f0np0: 187464563437202 51058140221    0 2473    0     0          0    499438 127993237726179 33341934349    0    0    0     0       0          0
1784697348 | enp139s0f0np0: 187467543304953 51058861376    0 2473    0     0          0    499438 127993246982484 33341960292    0    0    0     0       0          0
1784697349 | enp139s0f0np0: 187470560227352 51059591450    0 2473    0     0          0    499438 127993256309998 33341985912    0    0    0     0       0          0
1784697350 | enp139s0f0np0: 187473606143718 51060328475    0 2473    0     0          0    499438 127993265804205 33342013135    0    0    0     0       0          0
1784697351 | enp139s0f0np0: 187476599312959 51061052943    0 2473    0     0          0    499438 127993275113190 33342039332    0    0    0     0       0          0
1784697352 | enp139s0f0np0: 187479601904051 51061779297    0 2473    0     0          0    499438 127993284405682 33342065285    0    0    0     0       0          0
1784697353 | enp139s0f0np0: 187482598057735 51062504358    0 2473    0     0          0    499438 127993293739624 33342091535    0    0    0     0       0          0
1784697354 | enp139s0f0np0: 187485553584563 51063219754    0 2473    0     0          0    499438 127993302862284 33342116793    0    0    0     0       0          0
1784697355 | enp139s0f0np0: 187488553407370 51063945621    0 2473    0     0          0    499438 127993312135231 33342142073    0    0    0     0       0          0
1784697356 | enp139s0f0np0: 187491601946218 51064683148    0 2473    0     0          0    499438 127993321532212 33342167647    0    0    0     0       0          0
1784697357 | enp139s0f0np0: 187494567074531 51065400958    0 2473    0     0          0    499438 127993330707479 33342193394    0    0    0     0       0          0
1784697358 | enp139s0f0np0: 187497556151937 51066124519    0 2473    0     0          0    499438 127993339998887 33342219529    0    0    0     0       0          0
1784697359 | enp139s0f0np0: 187500498026838 51066836535    0 2473    0     0          0    499438 127993349124576 33342245145    0    0    0     0       0          0
1784697360 | enp139s0f0np0: 187503548502101 51067574651    0 2473    0     0          0    499438 127993358560851 33342271021    0    0    0     0       0          0
1784697361 | enp139s0f0np0: 187506552789746 51068301840    0 2473    0     0          0    499439 127993367848643 33342296987    0    0    0     0       0          0
1784697362 | enp139s0f0np0: 187509483972249 51069011162    0 2473    0     0          0    499439 127993376973073 33342322397    0    0    0     0       0          0
1784697363 | enp139s0f0np0: 187512501249527 51069741178    0 2473    0     0          0    499439 127993386332853 33342348677    0    0    0     0       0          0
1784697364 | enp139s0f0np0: 187515712535063 51070518054    0 2473    0     0          0    499439 127993396224442 33342375944    0    0    0     0       0          0
1784697365 | enp139s0f0np0: 187518599857344 51071216766    0 2473    0     0          0    499439 127993405211322 33342401249    0    0    0     0       0          0
1784697366 | enp139s0f0np0: 187521604616370 51071943858    0 2473    0     0          0    499439 127993414541265 33342427652    0    0    0     0       0          0
1784697367 | enp139s0f0np0: 187524601211440 51072669028    0 2473    0     0          0    499439 127993423872317 33342454054    0    0    0     0       0          0
1784697368 | enp139s0f0np0: 187527694725785 51073417699    0 2473    0     0          0    499439 127993433467108 33342480990    0    0    0     0       0          0
1784697369 | enp139s0f0np0: 187530699291505 51074144949    0 2473    0     0          0    499439 127993442807178 33342507158    0    0    0     0       0          0
1784697370 | enp139s0f0np0: 187533801503638 51074895792    0 2473    0     0          0    499439 127993452476267 33342534950    0    0    0     0       0          0
1784697371 | enp139s0f0np0: 187536799300179 51075621068    0 2473    0     0          0    499439 127993461767256 33342560845    0    0    0     0       0          0
1784697372 | enp139s0f0np0: 187539862515338 51076362237    0 2473    0     0          0    499439 127993471301289 33342587688    0    0    0     0       0          0
1784697373 | enp139s0f0np0: 187542876121312 51077091480    0 2473    0     0          0    499439 127993480659318 33342614025    0    0    0     0       0          0
1784697374 | enp139s0f0np0: 187545856619513 51077812753    0 2473    0     0          0    499439 127993489893827 33342639953    0    0    0     0       0          0
1784697375 | enp139s0f0np0: 187548823196474 51078530644    0 2473    0     0          0    499439 127993499087654 33342665464    0    0    0     0       0          0
1784697376 | enp139s0f0np0: 187551750039725 51079239064    0 2473    0     0          0    499439 127993508156982 33342690847    0    0    0     0       0          0
1784697377 | enp139s0f0np0: 187554732144705 51079960686    0 2473    0     0          0    499439 127993517426514 33342716693    0    0    0     0       0          0
1784697378 | enp139s0f0np0: 187557713231336 51080682084    0 2473    0     0          0    499439 127993526660549 33342742459    0    0    0     0       0          0
1784697379 | enp139s0f0np0: 187560753856409 51081418015    0 2473    0     0          0    499439 127993536016269 33342768050    0    0    0     0       0          0
1784697380 | enp139s0f0np0: 187563698486565 51082130504    0 2473    0     0          0    499439 127993545160068 33342793616    0    0    0     0       0          0
1784697381 | enp139s0f0np0: 187566809121889 51082883253    0 2473    0     0          0    499439 127993554804820 33342820677    0    0    0     0       0          0
1784697382 | enp139s0f0np0: 187569766961380 51083599243    0 2473    0     0          0    499439 127993564029245 33342846889    0    0    0     0       0          0
1784697383 | enp139s0f0np0: 187572821864415 51084338438    0 2473    0     0          0    499439 127993573524307 33342873609    0    0    0     0       0          0
1784697384 | enp139s0f0np0: 187575761078790 51085049645    0 2473    0     0          0    499439 127993582606628 33342898700    0    0    0     0       0          0
1784697385 | enp139s0f0np0: 187578760704475 51085775470    0 2473    0     0          0    499439 127993591904220 33342924915    0    0    0     0       0          0
1784697386 | enp139s0f0np0: 187581820913160 51086516171    0 2473    0     0          0    499439 127993601434841 33342951698    0    0    0     0       0          0
1784697387 | enp139s0f0np0: 187584772529677 51087230549    0 2473    0     0          0    499439 127993610596069 33342977687    0    0    0     0       0          0
1784697388 | enp139s0f0np0: 187587817232314 51087967573    0 2473    0     0          0    499439 127993620083083 33343004616    0    0    0     0       0          0
1784697389 | enp139s0f0np0: 187590777014462 51088683980    0 2473    0     0          0    499439 127993629253252 33343030213    0    0    0     0       0          0
1784697390 | enp139s0f0np0: 187593691654352 51089389404    0 2473    0     0          0    499439 127993638228129 33343054609    0    0    0     0       0          0
1784697391 | enp139s0f0np0: 187596656274232 51090106678    0 2473    0     0          0    499440 127993647403892 33343080060    0    0    0     0       0          0
1784697392 | enp139s0f0np0: 187599545371066 51090806112    0 2473    0     0          0    499440 127993656404199 33343105652    0    0    0     0       0          0
1784697393 | enp139s0f0np0: 187602462203998 51091512067    0 2473    0     0          0    499440 127993665455388 33343131058    0    0    0     0       0          0
1784697394 | enp139s0f0np0: 187605371617591 51092216395    0 2473    0     0          0    499440 127993674474331 33343156158    0    0    0     0       0          0
1784697395 | enp139s0f0np0: 187608299077246 51092925019    0 2473    0     0          0    499440 127993683607789 33343182036    0    0    0     0       0          0
1784697396 | enp139s0f0np0: 187611294618561 51093650204    0 2473    0     0          0    499440 127993692873356 33343207878    0    0    0     0       0          0
1784697397 | enp139s0f0np0: 187614279443816 51094372699    0 2473    0     0          0    499440 127993702184308 33343234627    0    0    0     0       0          0
1784697398 | enp139s0f0np0: 187617297653792 51095103027    0 2473    0     0          0    499440 127993711547627 33343260630    0    0    0     0       0          0
1784697399 | enp139s0f0np0: 187620389436393 51095851433    0 2473    0     0          0    499440 127993721109777 33343287120    0    0    0     0       0          0
1784697400 | enp139s0f0np0: 187623398482699 51096579388    0 2473    0     0          0    499440 127993730466205 33343313583    0    0    0     0       0          0
1784697401 | enp139s0f0np0: 187626334930590 51097290143    0 2473    0     0          0    499440 127993739566618 33343339198    0    0    0     0       0          0
1784697402 | enp139s0f0np0: 187629394280665 51098030553    0 2473    0     0          0    499440 127993749074834 33343365744    0    0    0     0       0          0
1784697403 | enp139s0f0np0: 187632513914411 51098785034    0 2473    0     0          0    499440 127993758650781 33343391324    0    0    0     0       0          0
1784697404 | enp139s0f0np0: 187635523589595 51099513413    0 2473    0     0          0    499440 127993768008142 33343417767    0    0    0     0       0          0
1784697405 | enp139s0f0np0: 187638609095234 51100260253    0 2473    0     0          0    499440 127993777514855 33343443820    0    0    0     0       0          0
1784697406 | enp139s0f0np0: 187641498481816 51100959466    0 2473    0     0          0    499440 127993786482683 33343468861    0    0    0     0       0          0
1784697407 | enp139s0f0np0: 187644544619120 51101696610    0 2473    0     0          0    499440 127993795891471 33343494604    0    0    0     0       0          0
1784697408 | enp139s0f0np0: 187647507507752 51102413716    0 2473    0     0          0    499440 127993805058407 33343519986    0    0    0     0       0          0
1784697409 | enp139s0f0np0: 187650537238060 51103147061    0 2473    0     0          0    499440 127993814448780 33343546258    0    0    0     0       0          0
1784697410 | enp139s0f0np0: 187653579986841 51103883947    0 2473    0     0          0    499440 127993823901338 33343573007    0    0    0     0       0          0
1784697411 | enp139s0f0np0: 187656426641074 51104572946    0 2473    0     0          0    499440 127993832747298 33343597859    0    0    0     0       0          0
1784697412 | enp139s0f0np0: 187659449465247 51105304631    0 2473    0     0          0    499440 127993842136391 33343624375    0    0    0     0       0          0
1784697413 | enp139s0f0np0: 187662721863317 51106096277    0 2473    0     0          0    499440 127993852242591 33343651974    0    0    0     0       0          0
1784697414 | enp139s0f0np0: 187665757020564 51106830892    0 2473    0     0          0    499440 127993861595748 33343677103    0    0    0     0       0          0
1784697415 | enp139s0f0np0: 187668820451873 51107571995    0 2473    0     0          0    499440 127993871046389 33343703113    0    0    0     0       0          0
1784697416 | enp139s0f0np0: 187671919292683 51108321905    0 2473    0     0          0    499440 127993880613428 33343729662    0    0    0     0       0          0
1784697417 | enp139s0f0np0: 187674801941747 51109019795    0 2473    0     0          0    499440 127993889585990 33343755079    0    0    0     0       0          0
1784697418 | enp139s0f0np0: 187677801903759 51109745856    0 2473    0     0          0    499440 127993898951783 33343781684    0    0    0     0       0          0
1784697419 | enp139s0f0np0: 187680839464125 51110481071    0 2473    0     0          0    499440 127993908405015 33343808466    0    0    0     0       0          0
1784697420 | enp139s0f0np0: 187683813794813 51111201176    0 2473    0     0          0    499440 127993917656538 33343834506    0    0    0     0       0          0
1784697421 | enp139s0f0np0: 187686825465890 51111930013    0 2473    0     0          0    499441 127993926979961 33343860844    0    0    0     0       0          0
1784697422 | enp139s0f0np0: 187689846719275 51112661272    0 2473    0     0          0    499441 127993936317218 33343886348    0    0    0     0       0          0
1784697423 | enp139s0f0np0: 187692802958285 51113376686    0 2473    0     0          0    499441 127993945511983 33343912619    0    0    0     0       0          0
1784697424 | enp139s0f0np0: 187695888806242 51114123562    0 2473    0     0          0    499441 127993955102756 33343939337    0    0    0     0       0          0
1784697425 | enp139s0f0np0: 187698769070628 51114820828    0 2473    0     0          0    499441 127993964009420 33343964180    0    0    0     0       0          0
1784697426 | enp139s0f0np0: 187701805185707 51115555642    0 2473    0     0          0    499441 127993973467359 33343991151    0    0    0     0       0          0
1784697427 | enp139s0f0np0: 187704857621413 51116294252    0 2473    0     0          0    499441 127993982987900 33344018455    0    0    0     0       0          0
1784697428 | enp139s0f0np0: 187707907258433 51117032510    0 2473    0     0          0    499441 127993992420512 33344044561    0    0    0     0       0          0
1784697429 | enp139s0f0np0: 187710812931833 51117735926    0 2473    0     0          0    499441 127994001426201 33344069828    0    0    0     0       0          0
1784697430 | enp139s0f0np0: 187713844544977 51118469591    0 2473    0     0          0    499441 127994010814577 33344095627    0    0    0     0       0          0
1784697431 | enp139s0f0np0: 187716905092476 51119210132    0 2473    0     0          0    499441 127994020304546 33344122474    0    0    0     0       0          0
1784697432 | enp139s0f0np0: 187719897663321 51119934530    0 2473    0     0          0    499441 127994029641364 33344148996    0    0    0     0       0          0
1784697433 | enp139s0f0np0: 187722850025053 51120649278    0 2473    0     0          0    499441 127994038874162 33344175803    0    0    0     0       0          0
1784697434 | enp139s0f0np0: 187725828385532 51121370346    0 2473    0     0          0    499441 127994048165355 33344202251    0    0    0     0       0          0
1784697435 | enp139s0f0np0: 187728853989307 51122102453    0 2473    0     0          0    499441 127994057535575 33344228466    0    0    0     0       0          0
1784697436 | enp139s0f0np0: 187731945362567 51122850642    0 2473    0     0          0    499441 127994067148948 33344255911    0    0    0     0       0          0
1784697437 | enp139s0f0np0: 187734937752339 51123574683    0 2473    0     0          0    499441 127994076469058 33344282074    0    0    0     0       0          0
1784697438 | enp139s0f0np0: 187737927883660 51124298300    0 2473    0     0          0    499441 127994085743000 33344308307    0    0    0     0       0          0
1784697439 | enp139s0f0np0: 187741052795811 51125054407    0 2473    0     0          0    499441 127994095447397 33344335431    0    0    0     0       0          0
1784697440 | enp139s0f0np0: 187743951897797 51125756022    0 2473    0     0          0    499441 127994104457086 33344361034    0    0    0     0       0          0
1784697441 | enp139s0f0np0: 187746871040867 51126462579    0 2473    0     0          0    499441 127994113487951 33344385764    0    0    0     0       0          0
1784697442 | enp139s0f0np0: 187749909044345 51127197632    0 2473    0     0          0    499441 127994122900512 33344411996    0    0    0     0       0          0
1784697443 | enp139s0f0np0: 187752874559885 51127915343    0 2473    0     0          0    499441 127994132097179 33344437743    0    0    0     0       0          0
1784697444 | enp139s0f0np0: 187755977625823 51128666267    0 2473    0     0          0    499441 127994141709680 33344464514    0    0    0     0       0          0
1784697445 | enp139s0f0np0: 187758996946324 51129396996    0 2473    0     0          0    499441 127994151054197 33344490501    0    0    0     0       0          0
1784697446 | enp139s0f0np0: 187761935164141 51130108216    0 2473    0     0          0    499441 127994160217870 33344516575    0    0    0     0       0          0
1784697447 | enp139s0f0np0: 187764957470130 51130839665    0 2473    0     0          0    499441 127994169596699 33344542847    0    0    0     0       0          0
1784697448 | enp139s0f0np0: 187767870309237 51131544765    0 2473    0     0          0    499441 127994178656734 33344568447    0    0    0     0       0          0
1784697449 | enp139s0f0np0: 187770820746126 51132258818    0 2473    0     0          0    499441 127994187885163 33344595028    0    0    0     0       0          0
1784697450 | enp139s0f0np0: 187773823695074 51132985574    0 2473    0     0          0    499441 127994197180312 33344621015    0    0    0     0       0          0
1784697451 | enp139s0f0np0: 187776980548483 51133749319    0 2473    0     0          0    499442 127994206922962 33344647705    0    0    0     0       0          0
1784697452 | enp139s0f0np0: 187779958870435 51134470072    0 2473    0     0          0    499442 127994216161890 33344673829    0    0    0     0       0          0
1784697453 | enp139s0f0np0: 187782889916338 51135179249    0 2473    0     0          0    499442 127994225245030 33344698986    0    0    0     0       0          0
1784697454 | enp139s0f0np0: 187785891118524 51135905481    0 2473    0     0          0    499442 127994234506605 33344724521    0    0    0     0       0          0
1784697455 | enp139s0f0np0: 187788898801708 51136633243    0 2473    0     0          0    499442 127994243882928 33344751094    0    0    0     0       0          0
1784697456 | enp139s0f0np0: 187791860202858 51137349816    0 2473    0     0          0    499442 127994253074236 33344776885    0    0    0     0       0          0
1784697457 | enp139s0f0np0: 187794875786380 51138079262    0 2473    0     0          0    499442 127994262398733 33344802762    0    0    0     0       0          0
1784697458 | enp139s0f0np0: 187797887517631 51138807887    0 2473    0     0          0    499442 127994271691244 33344828203    0    0    0     0       0          0
1784697459 | enp139s0f0np0: 187800831277492 51139520145    0 2473    0     0          0    499442 127994280843604 33344853855    0    0    0     0       0          0
1784697460 | enp139s0f0np0: 187803858061916 51140252565    0 2473    0     0          0    499442 127994290274646 33344880938    0    0    0     0       0          0
1784697461 | enp139s0f0np0: 187806721783148 51140945572    0 2473    0     0          0    499442 127994299158020 33344905927    0    0    0     0       0          0
1784697462 | enp139s0f0np0: 187809760405924 51141680831    0 2473    0     0          0    499442 127994308615163 33344932434    0    0    0     0       0          0
1784697463 | enp139s0f0np0: 187812602988660 51142368680    0 2473    0     0          0    499442 127994317464383 33344957502    0    0    0     0       0          0
1784697464 | enp139s0f0np0: 187815601537911 51143094370    0 2473    0     0          0    499442 127994326752625 33344983744    0    0    0     0       0          0
1784697465 | enp139s0f0np0: 187818580187232 51143814931    0 2473    0     0          0    499442 127994335960057 33345009005    0    0    0     0       0          0
1784697466 | enp139s0f0np0: 187821549253909 51144533384    0 2473    0     0          0    499442 127994345197437 33345035167    0    0    0     0       0          0
1784697467 | enp139s0f0np0: 187824589346129 51145269063    0 2473    0     0          0    499442 127994354654884 33345062006    0    0    0     0       0          0
1784697468 | enp139s0f0np0: 187827604405228 51145998674    0 2473    0     0          0    499442 127994364007905 33345088059    0    0    0     0       0          0
1784697469 | enp139s0f0np0: 187830618520424 51146727996    0 2473    0     0          0    499442 127994373364771 33345114371    0    0    0     0       0          0
1784697470 | enp139s0f0np0: 187833605065950 51147450501    0 2473    0     0          0    499442 127994382599519 33345139724    0    0    0     0       0          0
1784697471 | enp139s0f0np0: 187836569250021 51148167922    0 2473    0     0          0    499442 127994391817284 33345165565    0    0    0     0       0          0
1784697472 | enp139s0f0np0: 187839605541610 51148902587    0 2473    0     0          0    499442 127994401213885 33345191955    0    0    0     0       0          0
1784697473 | enp139s0f0np0: 187842604452723 51149628414    0 2473    0     0          0    499442 127994410559728 33345218423    0    0    0     0       0          0
1784697474 | enp139s0f0np0: 187845772028987 51150394350    0 2473    0     0          0    499442 127994420331058 33345245373    0    0    0     0       0          0
1784697475 | enp139s0f0np0: 187848695920132 51151102030    0 2473    0     0          0    499442 127994429403927 33345270711    0    0    0     0       0          0
1784697476 | enp139s0f0np0: 187851709824131 51151831230    0 2473    0     0          0    499442 127994438705901 33345296295    0    0    0     0       0          0
1784697477 | enp139s0f0np0: 187854889751217 51152600299    0 2473    0     0          0    499442 127994448546746 33345323644    0    0    0     0       0          0
1784697478 | enp139s0f0np0: 187858016094242 51153356588    0 2473    0     0          0    499442 127994458251181 33345350659    0    0    0     0       0          0
1784697479 | enp139s0f0np0: 187860927374429 51154061032    0 2473    0     0          0    499442 127994467292609 33345376155    0    0    0     0       0          0
1784697480 | enp139s0f0np0: 187863938654350 51154789679    0 2473    0     0          0    499443 127994476619747 33345401981    0    0    0     0       0          0
1784697481 | enp139s0f0np0: 187866926848772 51155512687    0 2473    0     0          0    499443 127994485840561 33345427425    0    0    0     0       0          0
