1784785430 | enp139s0f0np0: 236674474960983 63836340166    0 2473    0     0          0    502374 185084963911688 47965804001    0    0    0     0       0          0
1784785431 | enp139s0f0np0: 236675508388847 63836600888    0 2473    0     0          0    502374 185085536906120 47965957405    0    0    0     0       0          0
1784785432 | enp139s0f0np0: 236677897610327 63837190152    0 2473    0     0          0    502374 185086831946603 47966291345    0    0    0     0       0          0
1784785433 | enp139s0f0np0: 236680354919831 63837795724    0 2473    0     0          0    502374 185088165045431 47966634241    0    0    0     0       0          0
1784785434 | enp139s0f0np0: 236682849619395 63838410714    0 2473    0     0          0    502374 185089553982368 47966991461    0    0    0     0       0          0
1784785435 | enp139s0f0np0: 236685399169441 63839038132    0 2473    0     0          0    502374 185090918478462 47967342765    0    0    0     0       0          0
1784785436 | enp139s0f0np0: 236687859764474 63839644961    0 2473    0     0          0    502374 185092237386439 47967683457    0    0    0     0       0          0
1784785437 | enp139s0f0np0: 236690330502077 63840254903    0 2473    0     0          0    502374 185093658558239 47968048193    0    0    0     0       0          0
1784785438 | enp139s0f0np0: 236692862934039 63840878493    0 2473    0     0          0    502374 185095086098634 47968414485    0    0    0     0       0          0
1784785439 | enp139s0f0np0: 236695438153890 63841512173    0 2473    0     0          0    502374 185096497802582 47968777543    0    0    0     0       0          0
1784785440 | enp139s0f0np0: 236698065377483 63842158009    0 2473    0     0          0    502374 185097948591380 47969149112    0    0    0     0       0          0
1784785441 | enp139s0f0np0: 236700466247209 63842750603    0 2473    0     0          0    502374 185099266861706 47969489970    0    0    0     0       0          0
1784785442 | enp139s0f0np0: 236702932935705 63843358576    0 2473    0     0          0    502374 185100674878544 47969851256    0    0    0     0       0          0
1784785443 | enp139s0f0np0: 236705480379844 63843986145    0 2473    0     0          0    502374 185102094177016 47970215089    0    0    0     0       0          0
1784785444 | enp139s0f0np0: 236707995212360 63844605678    0 2473    0     0          0    502374 185103487549456 47970572939    0    0    0     0       0          0
1784785445 | enp139s0f0np0: 236710483682342 63845218644    0 2473    0     0          0    502374 185104879824487 47970930484    0    0    0     0       0          0
1784785446 | enp139s0f0np0: 236713028131258 63845845429    0 2473    0     0          0    502374 185106311560604 47971297515    0    0    0     0       0          0
1784785447 | enp139s0f0np0: 236715561178974 63846469643    0 2473    0     0          0    502374 185107689354302 47971652663    0    0    0     0       0          0
1784785448 | enp139s0f0np0: 236718040340716 63847081219    0 2473    0     0          0    502375 185109082506928 47972010243    0    0    0     0       0          0
1784785449 | enp139s0f0np0: 236720572476315 63847704392    0 2473    0     0          0    502375 185110481180998 47972370007    0    0    0     0       0          0
1784785450 | enp139s0f0np0: 236723088332236 63848323999    0 2473    0     0          0    502375 185111864414229 47972725053    0    0    0     0       0          0
1784785451 | enp139s0f0np0: 236725633199510 63848950379    0 2473    0     0          0    502375 185113247305558 47973081055    0    0    0     0       0          0
1784785452 | enp139s0f0np0: 236728302709466 63849606938    0 2473    0     0          0    502375 185114675907222 47973448839    0    0    0     0       0          0
1784785453 | enp139s0f0np0: 236730805153824 63850223030    0 2473    0     0          0    502375 185116043823098 47973800941    0    0    0     0       0          0
1784785454 | enp139s0f0np0: 236733279378730 63850832735    0 2473    0     0          0    502375 185117408989231 47974152492    0    0    0     0       0          0
1784785455 | enp139s0f0np0: 236735826123811 63851459950    0 2473    0     0          0    502375 185118781687458 47974506927    0    0    0     0       0          0
1784785456 | enp139s0f0np0: 236738077211489 63852016776    0 2473    0     0          0    502375 185120019165369 47974829042    0    0    0     0       0          0
1784785457 | enp139s0f0np0: 236740577590611 63852633076    0 2473    0     0          0    502375 185121387524406 47975182100    0    0    0     0       0          0
1784785458 | enp139s0f0np0: 236742865970296 63853198334    0 2473    0     0          0    502375 185122643819390 47975507241    0    0    0     0       0          0
1784785459 | enp139s0f0np0: 236745113906052 63853754161    0 2473    0     0          0    502375 185123891509724 47975830098    0    0    0     0       0          0
1784785460 | enp139s0f0np0: 236747407032038 63854320862    0 2473    0     0          0    502375 185125161406130 47976158928    0    0    0     0       0          0
1784785461 | enp139s0f0np0: 236749669731321 63854880264    0 2473    0     0          0    502375 185126365389236 47976472365    0    0    0     0       0          0
1784785462 | enp139s0f0np0: 236752082756198 63855475252    0 2473    0     0          0    502375 185127689500815 47976814257    0    0    0     0       0          0
1784785463 | enp139s0f0np0: 236754357843310 63856037613    0 2473    0     0          0    502375 185128969472459 47977145075    0    0    0     0       0          0
1784785464 | enp139s0f0np0: 236756852643123 63856652243    0 2473    0     0          0    502375 185130326448666 47977494592    0    0    0     0       0          0
1784785465 | enp139s0f0np0: 236759123158340 63857212851    0 2473    0     0          0    502375 185131527954684 47977807395    0    0    0     0       0          0
1784785466 | enp139s0f0np0: 236761400772717 63857775754    0 2473    0     0          0    502375 185132709009957 47978115433    0    0    0     0       0          0
1784785467 | enp139s0f0np0: 236763612719371 63858323742    0 2473    0     0          0    502375 185133947809780 47978436654    0    0    0     0       0          0
1784785468 | enp139s0f0np0: 236765856742233 63858878158    0 2473    0     0          0    502375 185135174724730 47978755007    0    0    0     0       0          0
1784785469 | enp139s0f0np0: 236768095862270 63859431749    0 2473    0     0          0    502375 185136432558821 47979080324    0    0    0     0       0          0
1784785470 | enp139s0f0np0: 236770286922167 63859973498    0 2473    0     0          0    502375 185137654891503 47979396783    0    0    0     0       0          0
1784785471 | enp139s0f0np0: 236772778083095 63860587779    0 2473    0     0          0    502375 185138988763532 47979740464    0    0    0     0       0          0
1784785472 | enp139s0f0np0: 236775298723613 63861208367    0 2473    0     0          0    502375 185140370268446 47980095656    0    0    0     0       0          0
1784785473 | enp139s0f0np0: 236777571363397 63861771255    0 2473    0     0          0    502375 185141668519650 47980431046    0    0    0     0       0          0
1784785474 | enp139s0f0np0: 236779849730031 63862334613    0 2473    0     0          0    502375 185142860116670 47980741317    0    0    0     0       0          0
1784785475 | enp139s0f0np0: 236782335948157 63862948224    0 2473    0     0          0    502375 185144200251919 47981086996    0    0    0     0       0          0
1784785476 | enp139s0f0np0: 236784694847016 63863529899    0 2473    0     0          0    502375 185145451809779 47981411701    0    0    0     0       0          0
1784785477 | enp139s0f0np0: 236786990805328 63864097536    0 2473    0     0          0    502375 185146735627539 47981743738    0    0    0     0       0          0
1784785478 | enp139s0f0np0: 236789536750591 63864724645    0 2473    0     0          0    502376 185148186883246 47982115722    0    0    0     0       0          0
1784785479 | enp139s0f0np0: 236792146382971 63865366190    0 2473    0     0          0    502376 185149589064743 47982475779    0    0    0     0       0          0
1784785480 | enp139s0f0np0: 236794722065105 63866000188    0 2473    0     0          0    502376 185151001172786 47982837777    0    0    0     0       0          0
1784785481 | enp139s0f0np0: 236797272284197 63866628029    0 2473    0     0          0    502376 185152441285616 47983206708    0    0    0     0       0          0
1784785482 | enp139s0f0np0: 236799794360350 63867248923    0 2473    0     0          0    502376 185153797341528 47983555774    0    0    0     0       0          0
1784785483 | enp139s0f0np0: 236802067766092 63867810608    0 2473    0     0          0    502376 185155049214956 47983879757    0    0    0     0       0          0
1784785484 | enp139s0f0np0: 236804398340486 63868385994    0 2473    0     0          0    502376 185156341105784 47984212688    0    0    0     0       0          0
1784785485 | enp139s0f0np0: 236806741717601 63868963791    0 2473    0     0          0    502376 185157590468469 47984535980    0    0    0     0       0          0
1784785486 | enp139s0f0np0: 236809078714863 63869540856    0 2473    0     0          0    502376 185158883301145 47984869966    0    0    0     0       0          0
1784785487 | enp139s0f0np0: 236811381125045 63870109716    0 2473    0     0          0    502376 185160118067094 47985190513    0    0    0     0       0          0
1784785488 | enp139s0f0np0: 236813671635973 63870675126    0 2473    0     0          0    502376 185161310811503 47985501532    0    0    0     0       0          0
1784785489 | enp139s0f0np0: 236815977365748 63871244631    0 2473    0     0          0    502376 185162522687750 47985816499    0    0    0     0       0          0
1784785490 | enp139s0f0np0: 236818235515808 63871802477    0 2473    0     0          0    502376 185163742837804 47986133112    0    0    0     0       0          0
1784785491 | enp139s0f0np0: 236820541372409 63872371544    0 2473    0     0          0    502376 185164970821958 47986452165    0    0    0     0       0          0
1784785492 | enp139s0f0np0: 236822889038280 63872950996    0 2473    0     0          0    502376 185166167798067 47986763828    0    0    0     0       0          0
1784785493 | enp139s0f0np0: 236825199816028 63873521191    0 2473    0     0          0    502376 185167316160347 47987063393    0    0    0     0       0          0
1784785494 | enp139s0f0np0: 236827635430452 63874120602    0 2473    0     0          0    502376 185168448177785 47987358981    0    0    0     0       0          0
1784785495 | enp139s0f0np0: 236830074891023 63874720569    0 2473    0     0          0    502376 185169536748667 47987644980    0    0    0     0       0          0
1784785496 | enp139s0f0np0: 236832806815556 63875390637    0 2473    0     0          0    502376 185170752617870 47987962225    0    0    0     0       0          0
1784785497 | enp139s0f0np0: 236835513086187 63876055612    0 2473    0     0          0    502376 185172087499199 47988307231    0    0    0     0       0          0
1784785498 | enp139s0f0np0: 236838118039399 63876695651    0 2473    0     0          0    502376 185173468060357 47988661787    0    0    0     0       0          0
1784785499 | enp139s0f0np0: 236840688442729 63877328570    0 2473    0     0          0    502376 185174857872721 47989019680    0    0    0     0       0          0
1784785500 | enp139s0f0np0: 236843333697714 63877978836    0 2473    0     0          0    502376 185176301831334 47989389943    0    0    0     0       0          0
1784785501 | enp139s0f0np0: 236845931275444 63878617989    0 2473    0     0          0    502376 185177755441117 47989762085    0    0    0     0       0          0
1784785502 | enp139s0f0np0: 236848425884287 63879232531    0 2473    0     0          0    502376 185179118307433 47990113319    0    0    0     0       0          0
1784785503 | enp139s0f0np0: 236850997243290 63879865244    0 2473    0     0          0    502376 185180575858632 47990486652    0    0    0     0       0          0
1784785504 | enp139s0f0np0: 236853434106098 63880466573    0 2473    0     0          0    502376 185181919626656 47990833935    0    0    0     0       0          0
1784785505 | enp139s0f0np0: 236855770824971 63881043945    0 2473    0     0          0    502376 185183209575857 47991167126    0    0    0     0       0          0
1784785506 | enp139s0f0np0: 236858062139130 63881609654    0 2473    0     0          0    502376 185184444802479 47991487388    0    0    0     0       0          0
1784785507 | enp139s0f0np0: 236860347136194 63882174616    0 2473    0     0          0    502376 185185757404028 47991825805    0    0    0     0       0          0
1784785508 | enp139s0f0np0: 236862898153178 63882801904    0 2473    0     0          0    502377 185187134602746 47992180421    0    0    0     0       0          0
1784785509 | enp139s0f0np0: 236865497347544 63883441537    0 2473    0     0          0    502377 185188529896650 47992539337    0    0    0     0       0          0
1784785510 | enp139s0f0np0: 236868022298030 63884063430    0 2473    0     0          0    502377 185189899818788 47992892714    0    0    0     0       0          0
1784785511 | enp139s0f0np0: 236870617254471 63884702802    0 2473    0     0          0    502377 185191327460047 47993259692    0    0    0     0       0          0
1784785512 | enp139s0f0np0: 236873056385928 63885304925    0 2473    0     0          0    502377 185192669349095 47993606118    0    0    0     0       0          0
1784785513 | enp139s0f0np0: 236875476865381 63885902019    0 2473    0     0          0    502377 185194026121196 47993956476    0    0    0     0       0          0
1784785514 | enp139s0f0np0: 236878073807641 63886540516    0 2473    0     0          0    502377 185195483487934 47994329858    0    0    0     0       0          0
1784785515 | enp139s0f0np0: 236880664367295 63887177464    0 2473    0     0          0    502377 185196884885407 47994690039    0    0    0     0       0          0
1784785516 | enp139s0f0np0: 236883244354101 63887812917    0 2473    0     0          0    502377 185198336054277 47995062047    0    0    0     0       0          0
1784785517 | enp139s0f0np0: 236885845512112 63888453024    0 2473    0     0          0    502377 185199772664372 47995430408    0    0    0     0       0          0
1784785518 | enp139s0f0np0: 236888262799550 63889048781    0 2473    0     0          0    502377 185201104080802 47995773366    0    0    0     0       0          0
1784785519 | enp139s0f0np0: 236890478879394 63889596973    0 2473    0     0          0    502377 185202360104448 47996097977    0    0    0     0       0          0
1784785520 | enp139s0f0np0: 236892818154503 63890175171    0 2473    0     0          0    502377 185203650862349 47996431284    0    0    0     0       0          0
1784785521 | enp139s0f0np0: 236895250943007 63890775566    0 2473    0     0          0    502377 185204977246881 47996773635    0    0    0     0       0          0
1784785522 | enp139s0f0np0: 236897728407854 63891386791    0 2473    0     0          0    502377 185206330949111 47997121871    0    0    0     0       0          0
1784785523 | enp139s0f0np0: 236900346644372 63892031595    0 2473    0     0          0    502377 185207748388758 47997485416    0    0    0     0       0          0
1784785524 | enp139s0f0np0: 236902556148723 63892578573    0 2473    0     0          0    502377 185209014601097 47997812400    0    0    0     0       0          0
1784785525 | enp139s0f0np0: 236904874599665 63893152136    0 2473    0     0          0    502377 185210296561512 47998144493    0    0    0     0       0          0
1784785526 | enp139s0f0np0: 236907435298461 63893782933    0 2473    0     0          0    502377 185211707400682 47998506866    0    0    0     0       0          0
1784785527 | enp139s0f0np0: 236909968225919 63894406710    0 2473    0     0          0    502377 185213157000657 47998877833    0    0    0     0       0          0
1784785528 | enp139s0f0np0: 236912481479622 63895026067    0 2473    0     0          0    502377 185214528007829 47999231424    0    0    0     0       0          0
1784785529 | enp139s0f0np0: 236915060980357 63895661398    0 2473    0     0          0    502377 185215939776307 47999594305    0    0    0     0       0          0
1784785530 | enp139s0f0np0: 236917596778151 63896286889    0 2473    0     0          0    502377 185217374526249 47999962316    0    0    0     0       0          0
1784785531 | enp139s0f0np0: 236920190523899 63896926441    0 2473    0     0          0    502377 185218841513112 48000337990    0    0    0     0       0          0
1784785532 | enp139s0f0np0: 236922793381079 63897568062    0 2473    0     0          0    502377 185220228590081 48000696007    0    0    0     0       0          0
1784785533 | enp139s0f0np0: 236925376830477 63898205544    0 2473    0     0          0    502377 185221682418524 48001068595    0    0    0     0       0          0
1784785534 | enp139s0f0np0: 236927945159398 63898837873    0 2473    0     0          0    502377 185223125406643 48001439124    0    0    0     0       0          0
1784785535 | enp139s0f0np0: 236930393920859 63899441559    0 2473    0     0          0    502377 185224477404458 48001787719    0    0    0     0       0          0
1784785536 | enp139s0f0np0: 236932706084975 63900012844    0 2473    0     0          0    502377 185225719068692 48002110462    0    0    0     0       0          0
1784785537 | enp139s0f0np0: 236934964810077 63900571632    0 2473    0     0          0    502377 185226956511367 48002431291    0    0    0     0       0          0
1784785538 | enp139s0f0np0: 236937255804461 63901137873    0 2473    0     0          0    502378 185228254780742 48002766369    0    0    0     0       0          0
1784785539 | enp139s0f0np0: 236939580503936 63901711359    0 2473    0     0          0    502378 185229508241232 48003090931    0    0    0     0       0          0
1784785540 | enp139s0f0np0: 236941881208985 63902279697    0 2473    0     0          0    502378 185230775031013 48003419231    0    0    0     0       0          0
1784785541 | enp139s0f0np0: 236944174252479 63902846380    0 2473    0     0          0    502378 185232057947467 48003751361    0    0    0     0       0          0
1784785542 | enp139s0f0np0: 236946451328223 63903409109    0 2473    0     0          0    502378 185233284512687 48004069817    0    0    0     0       0          0
1784785543 | enp139s0f0np0: 236948997991687 63904036479    0 2473    0     0          0    502378 185234640587743 48004420554    0    0    0     0       0          0
1784785544 | enp139s0f0np0: 236951601188497 63904677756    0 2473    0     0          0    502378 185236087234019 48004791940    0    0    0     0       0          0
1784785545 | enp139s0f0np0: 236954157026410 63905307129    0 2473    0     0          0    502378 185237531599761 48005162385    0    0    0     0       0          0
1784785546 | enp139s0f0np0: 236956752294813 63905946015    0 2473    0     0          0    502378 185238938302892 48005523827    0    0    0     0       0          0
1784785547 | enp139s0f0np0: 236959429052107 63906604455    0 2473    0     0          0    502378 185240376463767 48005893112    0    0    0     0       0          0
1784785548 | enp139s0f0np0: 236962063912517 63907252717    0 2473    0     0          0    502378 185241787611429 48006256852    0    0    0     0       0          0
1784785549 | enp139s0f0np0: 236964336228896 63907814230    0 2473    0     0          0    502378 185242972639277 48006565669    0    0    0     0       0          0
1784785550 | enp139s0f0np0: 236966565781093 63908365456    0 2473    0     0          0    502378 185244192039133 48006882013    0    0    0     0       0          0
1784785551 | enp139s0f0np0: 236969158879029 63909003724    0 2473    0     0          0    502378 185245537647482 48007229957    0    0    0     0       0          0
1784785552 | enp139s0f0np0: 236971804956802 63909654280    0 2473    0     0          0    502378 185246939444033 48007590803    0    0    0     0       0          0
1784785553 | enp139s0f0np0: 236974425862584 63910299740    0 2473    0     0          0    502378 185248367228913 48007957954    0    0    0     0       0          0
1784785554 | enp139s0f0np0: 236976933919671 63910917645    0 2473    0     0          0    502378 185249695056463 48008301485    0    0    0     0       0          0
1784785555 | enp139s0f0np0: 236979609878507 63911575479    0 2473    0     0          0    502378 185251033640290 48008647484    0    0    0     0       0          0
1784785556 | enp139s0f0np0: 236982229601510 63912220541    0 2473    0     0          0    502378 185252387819439 48008997579    0    0    0     0       0          0
1784785557 | enp139s0f0np0: 236984763348022 63912844011    0 2473    0     0          0    502378 185253624891912 48009318249    0    0    0     0       0          0
1784785558 | enp139s0f0np0: 236987442002691 63913501053    0 2473    0     0          0    502378 185254844836481 48009635501    0    0    0     0       0          0
1784785559 | enp139s0f0np0: 236990196674309 63914176671    0 2473    0     0          0    502378 185256154904763 48009974573    0    0    0     0       0          0
1784785560 | enp139s0f0np0: 236992893027194 63914838638    0 2473    0     0          0    502378 185257470427309 48010315116    0    0    0     0       0          0
1784785561 | enp139s0f0np0: 236995566972638 63915495128    0 2473    0     0          0    502378 185258804784307 48010660028    0    0    0     0       0          0
1784785562 | enp139s0f0np0: 236998212678723 63916145804    0 2473    0     0          0    502378 185260212856133 48011022566    0    0    0     0       0          0
1784785563 | enp139s0f0np0: 237000656163764 63916748583    0 2473    0     0          0    502378 185261630769361 48011386808    0    0    0     0       0          0
1784785564 | enp139s0f0np0: 237003078256145 63917346296    0 2473    0     0          0    502378 185262930405334 48011723212    0    0    0     0       0          0
1784785565 | enp139s0f0np0: 237005564875336 63917959204    0 2473    0     0          0    502378 185264299945682 48012075126    0    0    0     0       0          0
1784785566 | enp139s0f0np0: 237008116071953 63918587198    0 2473    0     0          0    502378 185265733845233 48012442745    0    0    0     0       0          0
1784785567 | enp139s0f0np0: 237010666700319 63919214668    0 2473    0     0          0    502378 185267135759894 48012802507    0    0    0     0       0          0
1784785568 | enp139s0f0np0: 237013110951603 63919816958    0 2473    0     0          0    502379 185268511956953 48013156148    0    0    0     0       0          0
1784785569 | enp139s0f0np0: 237015623807162 63920436189    0 2473    0     0          0    502379 185269899454862 48013513110    0    0    0     0       0          0
1784785570 | enp139s0f0np0: 237018260325670 63921083938    0 2473    0     0          0    502379 185271373008485 48013890350    0    0    0     0       0          0
1784785571 | enp139s0f0np0: 237020938168525 63921741525    0 2473    0     0          0    502379 185272822981194 48014262776    0    0    0     0       0          0
1784785572 | enp139s0f0np0: 237023590170195 63922393943    0 2473    0     0          0    502379 185274292031991 48014639910    0    0    0     0       0          0
1784785573 | enp139s0f0np0: 237026224320360 63923041669    0 2473    0     0          0    502379 185275777804924 48015020450    0    0    0     0       0          0
1784785574 | enp139s0f0np0: 237028819856027 63923681134    0 2473    0     0          0    502379 185277226681717 48015392039    0    0    0     0       0          0
1784785575 | enp139s0f0np0: 237031364671520 63924308926    0 2473    0     0          0    502379 185278653738798 48015758907    0    0    0     0       0          0
1784785576 | enp139s0f0np0: 237033847698909 63924921178    0 2473    0     0          0    502379 185280023229870 48016111596    0    0    0     0       0          0
1784785577 | enp139s0f0np0: 237036399109088 63925550366    0 2473    0     0          0    502379 185281452509615 48016478709    0    0    0     0       0          0
1784785578 | enp139s0f0np0: 237038700977616 63926120447    0 2473    0     0          0    502379 185282770783108 48016818805    0    0    0     0       0          0
1784785579 | enp139s0f0np0: 237041111600541 63926715323    0 2473    0     0          0    502379 185284132543548 48017169376    0    0    0     0       0          0
1784785580 | enp139s0f0np0: 237043732855695 63927360338    0 2473    0     0          0    502379 185285535394733 48017530283    0    0    0     0       0          0
1784785581 | enp139s0f0np0: 237046327875341 63927998893    0 2473    0     0          0    502379 185286957365972 48017896270    0    0    0     0       0          0
1784785582 | enp139s0f0np0: 237048871075705 63928625664    0 2473    0     0          0    502379 185288343100058 48018252744    0    0    0     0       0          0
1784785583 | enp139s0f0np0: 237051089295350 63929174843    0 2473    0     0          0    502379 185289669262137 48018593924    0    0    0     0       0          0
1784785584 | enp139s0f0np0: 237053702623991 63929818111    0 2473    0     0          0    502379 185291134225939 48018969713    0    0    0     0       0          0
1784785585 | enp139s0f0np0: 237056366144802 63930473085    0 2473    0     0          0    502379 185292633049051 48019352859    0    0    0     0       0          0
1784785586 | enp139s0f0np0: 237059001229522 63931121672    0 2473    0     0          0    502379 185294074471124 48019723338    0    0    0     0       0          0
1784785587 | enp139s0f0np0: 237061549638164 63931749412    0 2473    0     0          0    502379 185295463193491 48020080377    0    0    0     0       0          0
1784785588 | enp139s0f0np0: 237064079860888 63932373591    0 2473    0     0          0    502379 185296958526909 48020462312    0    0    0     0       0          0
1784785589 | enp139s0f0np0: 237066637384929 63933003784    0 2473    0     0          0    502379 185298332983575 48020817384    0    0    0     0       0          0
1784785590 | enp139s0f0np0: 237069296591338 63933657701    0 2473    0     0          0    502379 185299813426620 48021196351    0    0    0     0       0          0
1784785591 | enp139s0f0np0: 237071896866097 63934297093    0 2473    0     0          0    502379 185301241759248 48021562795    0    0    0     0       0          0
1784785592 | enp139s0f0np0: 237074530793351 63934945135    0 2473    0     0          0    502379 185302692552844 48021934661    0    0    0     0       0          0
1784785593 | enp139s0f0np0: 237077157562503 63935591536    0 2473    0     0          0    502379 185304150104602 48022308464    0    0    0     0       0          0
1784785594 | enp139s0f0np0: 237079736424254 63936226163    0 2473    0     0          0    502379 185305541434842 48022666760    0    0    0     0       0          0
1784785595 | enp139s0f0np0: 237082323903118 63936863160    0 2473    0     0          0    502379 185306967532497 48023033278    0    0    0     0       0          0
1784785596 | enp139s0f0np0: 237084890422855 63937495546    0 2473    0     0          0    502379 185308435444392 48023409769    0    0    0     0       0          0
1784785597 | enp139s0f0np0: 237087449854345 63938125596    0 2473    0     0          0    502379 185309866287083 48023776643    0    0    0     0       0          0
1784785598 | enp139s0f0np0: 237090051922191 63938765485    0 2473    0     0          0    502380 185311294326770 48024142637    0    0    0     0       0          0
1784785599 | enp139s0f0np0: 237092643717233 63939403040    0 2473    0     0          0    502380 185312736618937 48024512225    0    0    0     0       0          0
1784785600 | enp139s0f0np0: 237095221897182 63940038019    0 2473    0     0          0    502380 185314171345724 48024880525    0    0    0     0       0          0
1784785601 | enp139s0f0np0: 237097859625981 63940686654    0 2473    0     0          0    502380 185315571180022 48025240144    0    0    0     0       0          0
1784785602 | enp139s0f0np0: 237100447375634 63941322684    0 2473    0     0          0    502380 185316996993268 48025605904    0    0    0     0       0          0
1784785603 | enp139s0f0np0: 237102931528576 63941934619    0 2473    0     0          0    502380 185318323254447 48025947941    0    0    0     0       0          0
1784785604 | enp139s0f0np0: 237105457371928 63942557092    0 2473    0     0          0    502380 185319696942449 48026302537    0    0    0     0       0          0
1784785605 | enp139s0f0np0: 237108025814539 63943189943    0 2473    0     0          0    502380 185321159179367 48026677392    0    0    0     0       0          0
1784785606 | enp139s0f0np0: 237110497717332 63943799188    0 2473    0     0          0    502380 185322502178396 48027023590    0    0    0     0       0          0
1784785607 | enp139s0f0np0: 237113045382716 63944426316    0 2473    0     0          0    502380 185323854917297 48027373053    0    0    0     0       0          0
1784785608 | enp139s0f0np0: 237115528494559 63945038420    0 2473    0     0          0    502380 185325214485050 48027724189    0    0    0     0       0          0
1784785609 | enp139s0f0np0: 237117977447931 63945643158    0 2473    0     0          0    502380 185326649025792 48028091346    0    0    0     0       0          0
1784785610 | enp139s0f0np0: 237120543910363 63946274766    0 2473    0     0          0    502380 185328049065202 48028450589    0    0    0     0       0          0
