hints = 1
  sec Cur ops   started  finished  avg MB/s  cur MB/s last lat(s)  avg lat(s)
    0       0         0         0         0         0           -           0
    1    1023     18149     17126   4281.04    4281.5   0.0539943   0.0570585
    2    1023     36376     35353   4418.71   4556.75   0.0430577   0.0565417
    3    1023     55119     54096   4507.57   4685.75   0.0538306     0.05593
    4    1023     73513     72490    4530.2    4598.5   0.0572224   0.0558272
    5    1023     91882     90859   4542.47   4592.25   0.0537167   0.0558256
    6    1023    110294    109271    4552.5      4603    0.101706   0.0557641
    7    1023    128950    127927   4568.34      4664   0.0589833   0.0556214
    8    1023    147257    146234   4569.34   4576.75   0.0636038   0.0556718
    9    1023    166008    164985   4582.31   4687.75   0.0554129   0.0555197
   10    1023    184035    183012   4574.71   4506.75   0.0867252   0.0556708
   11    1023    202242    201219   4572.58   4551.75   0.0895402   0.0557189
   12    1023    220342    219319   4568.58      4525   0.0406523   0.0557931
   13    1023    238150    237127   4559.59      4452    0.044592   0.0559123
   14    1023    256510    255487   4561.73      4590   0.0494828   0.0558803
   15    1023    275057    274034    4566.7   4636.75   0.0552324   0.0558673
   16    1023    292951    291928   4560.83    4473.5   0.0508659   0.0559469
   17    1023    311168    310145    4560.4   4554.25   0.0451492   0.0559585
   18    1023    329655    328632   4563.79   4621.75   0.0467105   0.0559231
   19    1023    347945    346922   4564.23    4572.5   0.0894246   0.0559263
2026-07-18T23:55:56.150354+0700 min lat: 0.039192 max lat: 0.132119 avg lat: 0.0559623
  sec Cur ops   started  finished  avg MB/s  cur MB/s last lat(s)  avg lat(s)
   20    1023    365987    364964   4561.53    4510.5    0.101925   0.0559623
   21    1024    384203    383179   4561.14   4553.75   0.0892356   0.0559775
   22    1023    402621    401598    4563.1   4604.75   0.0526669   0.0559426
   23    1023    420742    419719   4561.65   4530.25   0.0429026   0.0559796
   24    1023    438206    437183   4553.48      4366   0.0449489   0.0560832
   25    1023    456114    455091   4550.41      4477    0.047874   0.0561253
   26    1023    474038    473015   4547.72      4481   0.0474949   0.0561617
   27    1023    491768    490745   4543.43    4432.5   0.0509174   0.0562304
   28    1023    509769    508746   4541.88   4500.25   0.0547901   0.0562526
   29    1023    527737    526714   4540.14      4492   0.0642376   0.0562648
   30    1023    546166    545143   4542.36   4607.25    0.048762   0.0562498
   31    1023    564122    563099   4540.63      4489   0.0579577   0.0562612
   32    1023    581561    580538   4534.96   4359.75   0.0607507   0.0563473
   33    1023    599971    598948   4536.99    4602.5   0.0602752   0.0563169
   34    1023    617643    616620   4533.48      4418   0.0471133   0.0563713
   35    1023    635720    634697   4533.06   4519.25   0.0925516    0.056372
   36    1023    653759    652736   4532.41   4509.75     0.04591   0.0563843
   37    1023    671611    670588   4530.52      4463   0.0676396   0.0564006
   38    1023    689869    688846    4531.4    4564.5   0.0539615   0.0564074
   39    1023    708739    707716   4536.16    4717.5   0.0520154   0.0563507
2026-07-18T23:56:16.152320+0700 min lat: 0.039192 max lat: 0.14277 avg lat: 0.0563615
  sec Cur ops   started  finished  avg MB/s  cur MB/s last lat(s)  avg lat(s)
   40    1023    726668    725645    4534.8   4482.25   0.0475039   0.0563615
   41    1023    745420    744397   4538.52      4688   0.0531739   0.0563234
   42    1023    763100    762077   4535.69      4420   0.0547898   0.0563592
   43    1023    781277    780254   4535.88   4544.25   0.0538745   0.0563588
   44    1023    799703    798680   4537.48    4606.5   0.0538185   0.0563404
   45    1023    818157    817134   4539.16    4613.5   0.0504733   0.0563188
   46    1023    836816    835793   4541.88   4664.75   0.0476483    0.056286
   47    1023    854619    853596   4539.93   4450.75   0.0417672   0.0563075
   48    1023    873156    872133   4541.89   4634.25   0.0492262   0.0562873
   49    1023    891323    890300   4541.88   4541.75   0.0541083   0.0562819
   50    1023    909748    908725   4543.16   4606.25    0.044424   0.0562714
   51    1023    928133    927110   4544.19   4596.25    0.041942   0.0562601
   52    1023    946319    945296   4544.22    4546.5   0.0439384   0.0562612
   53    1023    964134    963111   4542.51   4453.75   0.0444599   0.0562834
   54    1023    982652    981629   4544.11    4629.5   0.0464718   0.0562621
   55    1024   1000809    999785   4544.01      4539   0.0466063   0.0562678
   56    1023   1019183   1018160   4544.89   4593.75   0.0414728   0.0562568
   57    1023   1037808   1036785   4546.84   4656.25   0.0411469   0.0562336
   58    1023   1055770   1054747   4545.86    4490.5   0.0861094   0.0562467
   59    1023   1074286   1073263   4547.26      4629   0.0442328   0.0562313
2026-07-18T23:56:36.154674+0700 min lat: 0.0361382 max lat: 0.14277 avg lat: 0.0562689
  sec Cur ops   started  finished  avg MB/s  cur MB/s last lat(s)  avg lat(s)
   60     687   1091566   1090879   4544.83      4404   0.0794937   0.0562689
Total time run:       60.0537
Total reads made:     1091566
Read size:            262144
Object size:          262144
Bandwidth (MB/sec):   4544.12
Average IOPS:         18176
Stddev IOPS:          359.007
Max IOPS:             18870
Min IOPS:             17126
Average Latency(s):   0.0562619
Max latency(s):       0.14277
Min latency(s):       0.0143533
