1784713995 | enp139s0f0np0: 195210126204566 53078866982    0 2473    0     0          0    499993 137106183563799 35689646125    0    0    0     0       0          0
1784713996 | enp139s0f0np0: 195211741328057 53079259478    0 2473    0     0          0    499993 137106193103713 35689666565    0    0    0     0       0          0
1784713997 | enp139s0f0np0: 195215127359120 53080082403    0 2473    0     0          0    499993 137106213070232 35689710733    0    0    0     0       0          0
1784713998 | enp139s0f0np0: 195218500936015 53080902140    0 2473    0     0          0    499993 137106232997787 35689755189    0    0    0     0       0          0
1784713999 | enp139s0f0np0: 195221997494157 53081751246    0 2473    0     0          0    499993 137106253564333 35689799525    0    0    0     0       0          0
1784714000 | enp139s0f0np0: 195225341484475 53082564379    0 2473    0     0          0    499993 137106273331235 35689843853    0    0    0     0       0          0
1784714001 | enp139s0f0np0: 195228833808494 53083412602    0 2473    0     0          0    499993 137106293899542 35689888893    0    0    0     0       0          0
1784714003 | enp139s0f0np0: 195232310315799 53084256631    0 2473    0     0          0    499993 137106314350889 35689933917    0    0    0     0       0          0
1784714004 | enp139s0f0np0: 195235725506804 53085086485    0 2473    0     0          0    499993 137106334528956 35689978257    0    0    0     0       0          0
1784714005 | enp139s0f0np0: 195239175092691 53085924708    0 2473    0     0          0    499993 137106354892793 35690023584    0    0    0     0       0          0
1784714006 | enp139s0f0np0: 195242606479745 53086758363    0 2473    0     0          0    499993 137106375171172 35690069228    0    0    0     0       0          0
1784714007 | enp139s0f0np0: 195245973055787 53087576602    0 2473    0     0          0    499993 137106395123189 35690114168    0    0    0     0       0          0
1784714008 | enp139s0f0np0: 195249454182432 53088422183    0 2473    0     0          0    499993 137106415616196 35690158997    0    0    0     0       0          0
1784714009 | enp139s0f0np0: 195252885404579 53089255963    0 2473    0     0          0    499993 137106435866444 35690204112    0    0    0     0       0          0
1784714010 | enp139s0f0np0: 195256292041501 53090083803    0 2473    0     0          0    499993 137106456027101 35690249313    0    0    0     0       0          0
1784714011 | enp139s0f0np0: 195259775061682 53090929956    0 2473    0     0          0    499993 137106476642649 35690295810    0    0    0     0       0          0
1784714012 | enp139s0f0np0: 195263247056491 53091773564    0 2473    0     0          0    499993 137106497099227 35690340478    0    0    0     0       0          0
1784714013 | enp139s0f0np0: 195266731152043 53092619583    0 2473    0     0          0    499994 137106517571984 35690385032    0    0    0     0       0          0
1784714014 | enp139s0f0np0: 195270113268147 53093442149    0 2473    0     0          0    499994 137106537539635 35690429218    0    0    0     0       0          0
1784714015 | enp139s0f0np0: 195273539700512 53094274831    0 2473    0     0          0    499994 137106557782602 35690474263    0    0    0     0       0          0
1784714016 | enp139s0f0np0: 195276944568001 53095102343    0 2473    0     0          0    499994 137106577880567 35690518821    0    0    0     0       0          0
1784714017 | enp139s0f0np0: 195280325831256 53095924604    0 2473    0     0          0    499994 137106597901372 35690563903    0    0    0     0       0          0
1784714018 | enp139s0f0np0: 195283733274126 53096752898    0 2473    0     0          0    499994 137106618020183 35690608894    0    0    0     0       0          0
1784714019 | enp139s0f0np0: 195287238492125 53097604432    0 2473    0     0          0    499994 137106638688545 35690654481    0    0    0     0       0          0
1784714020 | enp139s0f0np0: 195290749048393 53098457238    0 2473    0     0          0    499994 137106659361407 35690699591    0    0    0     0       0          0
1784714021 | enp139s0f0np0: 195294225060603 53099301282    0 2473    0     0          0    499994 137106679835439 35690744198    0    0    0     0       0          0
1784714022 | enp139s0f0np0: 195297684289999 53100141358    0 2473    0     0          0    499994 137106700233332 35690789406    0    0    0     0       0          0
1784714023 | enp139s0f0np0: 195301149018936 53100983184    0 2473    0     0          0    499994 137106720824801 35690836685    0    0    0     0       0          0
1784714024 | enp139s0f0np0: 195304491047703 53101795410    0 2473    0     0          0    499994 137106740628101 35690881822    0    0    0     0       0          0
1784714025 | enp139s0f0np0: 195307962792988 53102638356    0 2473    0     0          0    499994 137106761099849 35690927066    0    0    0     0       0          0
1784714026 | enp139s0f0np0: 195311395001164 53103472183    0 2473    0     0          0    499994 137106781446495 35690972909    0    0    0     0       0          0
1784714027 | enp139s0f0np0: 195314839721265 53104309109    0 2473    0     0          0    499994 137106801731239 35691017634    0    0    0     0       0          0
1784714028 | enp139s0f0np0: 195318324002617 53105155351    0 2473    0     0          0    499994 137106822262711 35691062456    0    0    0     0       0          0
1784714029 | enp139s0f0np0: 195321720656772 53105980641    0 2473    0     0          0    499994 137106842289975 35691106660    0    0    0     0       0          0
1784714030 | enp139s0f0np0: 195325125658851 53106807876    0 2473    0     0          0    499994 137106862393130 35691151519    0    0    0     0       0          0
1784714031 | enp139s0f0np0: 195328641795119 53107661437    0 2473    0     0          0    499994 137106883161937 35691197620    0    0    0     0       0          0
1784714032 | enp139s0f0np0: 195332118954237 53108505985    0 2473    0     0          0    499994 137106903744326 35691243992    0    0    0     0       0          0
1784714033 | enp139s0f0np0: 195335445881833 53109314888    0 2473    0     0          0    499994 137106923458598 35691288918    0    0    0     0       0          0
1784714034 | enp139s0f0np0: 195338940248267 53110163565    0 2473    0     0          0    499994 137106944096270 35691334520    0    0    0     0       0          0
1784714035 | enp139s0f0np0: 195342398349095 53111003549    0 2473    0     0          0    499994 137106964455505 35691379228    0    0    0     0       0          0
1784714036 | enp139s0f0np0: 195345869008025 53111846678    0 2473    0     0          0    499994 137106984913566 35691424191    0    0    0     0       0          0
1784714037 | enp139s0f0np0: 195349324148976 53112685982    0 2473    0     0          0    499994 137107005222143 35691468309    0    0    0     0       0          0
1784714038 | enp139s0f0np0: 195352747523514 53113517947    0 2473    0     0          0    499994 137107025538684 35691514477    0    0    0     0       0          0
1784714039 | enp139s0f0np0: 195356120194562 53114337603    0 2473    0     0          0    499994 137107045380526 35691557782    0    0    0     0       0          0
1784714040 | enp139s0f0np0: 195359501640526 53115159269    0 2473    0     0          0    499994 137107065320138 35691601771    0    0    0     0       0          0
1784714041 | enp139s0f0np0: 195362950198286 53115997060    0 2473    0     0          0    499994 137107085595015 35691645667    0    0    0     0       0          0
1784714042 | enp139s0f0np0: 195366324417674 53116817358    0 2473    0     0          0    499994 137107105529414 35691690052    0    0    0     0       0          0
1784714043 | enp139s0f0np0: 195369698492794 53117638133    0 2473    0     0          0    499995 137107125382135 35691733662    0    0    0     0       0          0
1784714044 | enp139s0f0np0: 195373032790635 53118448902    0 2473    0     0          0    499995 137107145113260 35691777725    0    0    0     0       0          0
1784714045 | enp139s0f0np0: 195376373812986 53119260911    0 2473    0     0          0    499995 137107164783330 35691820842    0    0    0     0       0          0
1784714046 | enp139s0f0np0: 195379873068754 53120111148    0 2473    0     0          0    499995 137107185492188 35691867325    0    0    0     0       0          0
1784714047 | enp139s0f0np0: 195383295575279 53120942722    0 2473    0     0          0    499995 137107205775615 35691913246    0    0    0     0       0          0
1784714048 | enp139s0f0np0: 195386779500178 53121789150    0 2473    0     0          0    499995 137107226399527 35691960110    0    0    0     0       0          0
1784714049 | enp139s0f0np0: 195390218343250 53122624796    0 2473    0     0          0    499995 137107246721790 35692005651    0    0    0     0       0          0
1784714050 | enp139s0f0np0: 195393592896177 53123445225    0 2473    0     0          0    499995 137107266672448 35692050057    0    0    0     0       0          0
1784714051 | enp139s0f0np0: 195396995933221 53124272784    0 2473    0     0          0    499995 137107286665570 35692093521    0    0    0     0       0          0
1784714052 | enp139s0f0np0: 195400424558145 53125106223    0 2473    0     0          0    499995 137107306909500 35692138264    0    0    0     0       0          0
1784714053 | enp139s0f0np0: 195403788036998 53125923867    0 2473    0     0          0    499995 137107326646892 35692180689    0    0    0     0       0          0
1784714054 | enp139s0f0np0: 195407183806353 53126749162    0 2473    0     0          0    499995 137107346715006 35692225582    0    0    0     0       0          0
1784714055 | enp139s0f0np0: 195410525855580 53127561603    0 2473    0     0          0    499995 137107366547804 35692270762    0    0    0     0       0          0
1784714056 | enp139s0f0np0: 195413863408589 53128373040    0 2473    0     0          0    499995 137107386317248 35692315439    0    0    0     0       0          0
1784714057 | enp139s0f0np0: 195417285367316 53129204536    0 2473    0     0          0    499995 137107406420790 35692358995    0    0    0     0       0          0
1784714058 | enp139s0f0np0: 195420686257210 53130030727    0 2473    0     0          0    499995 137107426383205 35692401991    0    0    0     0       0          0
1784714059 | enp139s0f0np0: 195424094084314 53130859384    0 2473    0     0          0    499995 137107446546131 35692447090    0    0    0     0       0          0
1784714060 | enp139s0f0np0: 195427574431592 53131704986    0 2473    0     0          0    499995 137107467056521 35692492243    0    0    0     0       0          0
1784714061 | enp139s0f0np0: 195430980086122 53132533069    0 2473    0     0          0    499995 137107487127012 35692536093    0    0    0     0       0          0
1784714062 | enp139s0f0np0: 195434337702914 53133349443    0 2473    0     0          0    499995 137107506892361 35692579644    0    0    0     0       0          0
1784714063 | enp139s0f0np0: 195437727595473 53134174117    0 2473    0     0          0    499995 137107526901861 35692623719    0    0    0     0       0          0
1784714064 | enp139s0f0np0: 195441087611694 53134990976    0 2473    0     0          0    499995 137107546698538 35692667058    0    0    0     0       0          0
1784714065 | enp139s0f0np0: 195444568921699 53135836614    0 2473    0     0          0    499995 137107567134806 35692711283    0    0    0     0       0          0
1784714066 | enp139s0f0np0: 195447931994958 53136654081    0 2473    0     0          0    499995 137107586975312 35692755086    0    0    0     0       0          0
1784714067 | enp139s0f0np0: 195451231164922 53137456079    0 2473    0     0          0    499995 137107606628003 35692801114    0    0    0     0       0          0
1784714068 | enp139s0f0np0: 195454269703318 53138195661    0 2473    0     0          0    499995 137107625021935 35692847541    0    0    0     0       0          0
1784714069 | enp139s0f0np0: 195457323733809 53138938982    0 2473    0     0          0    499995 137107643706913 35692897399    0    0    0     0       0          0
1784714070 | enp139s0f0np0: 195460366553792 53139679384    0 2473    0     0          0    499995 137107662157687 35692944638    0    0    0     0       0          0
1784714071 | enp139s0f0np0: 195463379922906 53140413005    0 2473    0     0          0    499995 137107680475018 35692992131    0    0    0     0       0          0
1784714072 | enp139s0f0np0: 195466441348509 53141157859    0 2473    0     0          0    499996 137107698978038 35693038602    0    0    0     0       0          0
1784714073 | enp139s0f0np0: 195469507953225 53141904396    0 2473    0     0          0    499996 137107717634965 35693087194    0    0    0     0       0          0
1784714074 | enp139s0f0np0: 195472523428350 53142638377    0 2473    0     0          0    499996 137107735912910 35693134260    0    0    0     0       0          0
1784714075 | enp139s0f0np0: 195475578606228 53143381593    0 2473    0     0          0    499996 137107754316289 35693179621    0    0    0     0       0          0
1784714076 | enp139s0f0np0: 195478811495736 53144168359    0 2473    0     0          0    499996 137107773630452 35693225664    0    0    0     0       0          0
1784714077 | enp139s0f0np0: 195482218522460 53144996693    0 2473    0     0          0    499996 137107793716388 35693270114    0    0    0     0       0          0
1784714078 | enp139s0f0np0: 195485661427716 53145832867    0 2473    0     0          0    499996 137107813943103 35693313695    0    0    0     0       0          0
1784714079 | enp139s0f0np0: 195489050804002 53146656844    0 2473    0     0          0    499996 137107833961105 35693358112    0    0    0     0       0          0
1784714080 | enp139s0f0np0: 195492551299880 53147506858    0 2473    0     0          0    499996 137107854506966 35693402488    0    0    0     0       0          0
1784714081 | enp139s0f0np0: 195496009422517 53148346958    0 2473    0     0          0    499996 137107874882706 35693447200    0    0    0     0       0          0
1784714082 | enp139s0f0np0: 195499368816760 53149163887    0 2473    0     0          0    499996 137107894772043 35693492003    0    0    0     0       0          0
1784714083 | enp139s0f0np0: 195502839869535 53150007429    0 2473    0     0          0    499996 137107915242130 35693537010    0    0    0     0       0          0
1784714084 | enp139s0f0np0: 195506163239817 53150815542    0 2473    0     0          0    499996 137107934866702 35693580570    0    0    0     0       0          0
1784714085 | enp139s0f0np0: 195509559905350 53151640759    0 2473    0     0          0    499996 137107954904215 35693625236    0    0    0     0       0          0
1784714086 | enp139s0f0np0: 195512889370579 53152450862    0 2473    0     0          0    499996 137107974643378 35693669752    0    0    0     0       0          0
1784714087 | enp139s0f0np0: 195516347404175 53153291339    0 2473    0     0          0    499996 137107994966857 35693713664    0    0    0     0       0          0
1784714088 | enp139s0f0np0: 195519680588328 53154101928    0 2473    0     0          0    499996 137108014646440 35693757629    0    0    0     0       0          0
1784714089 | enp139s0f0np0: 195523193551455 53154955276    0 2473    0     0          0    499996 137108035313235 35693802360    0    0    0     0       0          0
1784714090 | enp139s0f0np0: 195526621138040 53155787635    0 2473    0     0          0    499996 137108055417477 35693845221    0    0    0     0       0          0
1784714091 | enp139s0f0np0: 195530012606876 53156611911    0 2473    0     0          0    499996 137108075380760 35693889110    0    0    0     0       0          0
1784714092 | enp139s0f0np0: 195533354665957 53157424508    0 2473    0     0          0    499996 137108095086860 35693932590    0    0    0     0       0          0
1784714093 | enp139s0f0np0: 195536800196007 53158261519    0 2473    0     0          0    499996 137108115320179 35693976150    0    0    0     0       0          0
1784714094 | enp139s0f0np0: 195540250677629 53159099767    0 2473    0     0          0    499996 137108135735632 35694022071    0    0    0     0       0          0
1784714095 | enp139s0f0np0: 195543764821883 53159952974    0 2473    0     0          0    499996 137108156450224 35694067594    0    0    0     0       0          0
1784714096 | enp139s0f0np0: 195547179026168 53160782816    0 2473    0     0          0    499996 137108176506653 35694110513    0    0    0     0       0          0
1784714097 | enp139s0f0np0: 195550580223694 53161609371    0 2473    0     0          0    499996 137108196448396 35694152957    0    0    0     0       0          0
1784714098 | enp139s0f0np0: 195554048329348 53162451678    0 2473    0     0          0    499996 137108216910324 35694198513    0    0    0     0       0          0
1784714099 | enp139s0f0np0: 195557409986035 53163268599    0 2473    0     0          0    499996 137108236811044 35694243244    0    0    0     0       0          0
1784714100 | enp139s0f0np0: 195560784420388 53164088808    0 2473    0     0          0    499996 137108256734395 35694287621    0    0    0     0       0          0
1784714101 | enp139s0f0np0: 195564172103808 53164911795    0 2473    0     0          0    499996 137108276690706 35694331528    0    0    0     0       0          0
1784714102 | enp139s0f0np0: 195567495670891 53165719800    0 2473    0     0          0    499997 137108296306145 35694374983    0    0    0     0       0          0
1784714103 | enp139s0f0np0: 195570933681825 53166555058    0 2473    0     0          0    499997 137108316556491 35694419029    0    0    0     0       0          0
1784714104 | enp139s0f0np0: 195574366337191 53167389050    0 2473    0     0          0    499997 137108336787769 35694463414    0    0    0     0       0          0
1784714105 | enp139s0f0np0: 195577845934964 53168233868    0 2473    0     0          0    499997 137108357212550 35694507480    0    0    0     0       0          0
1784714106 | enp139s0f0np0: 195581246436465 53169060080    0 2473    0     0          0    499997 137108377251433 35694551434    0    0    0     0       0          0
1784714107 | enp139s0f0np0: 195584617325660 53169879615    0 2473    0     0          0    499997 137108397150225 35694595601    0    0    0     0       0          0
1784714108 | enp139s0f0np0: 195587991030769 53170700155    0 2473    0     0          0    499997 137108417104858 35694640549    0    0    0     0       0          0
1784714109 | enp139s0f0np0: 195591404952822 53171529837    0 2473    0     0          0    499997 137108437263632 35694685237    0    0    0     0       0          0
1784714110 | enp139s0f0np0: 195594866669513 53172370640    0 2473    0     0          0    499997 137108457656179 35694729837    0    0    0     0       0          0
1784714111 | enp139s0f0np0: 195598266410183 53173197013    0 2473    0     0          0    499997 137108477832063 35694775875    0    0    0     0       0          0
1784714112 | enp139s0f0np0: 195601584312153 53174003790    0 2473    0     0          0    499997 137108497377872 35694819096    0    0    0     0       0          0
1784714113 | enp139s0f0np0: 195605042479747 53174843724    0 2473    0     0          0    499997 137108517742977 35694863842    0    0    0     0       0          0
1784714114 | enp139s0f0np0: 195608489516509 53175681144    0 2473    0     0          0    499997 137108538007239 35694907614    0    0    0     0       0          0
1784714115 | enp139s0f0np0: 195611787297826 53176482739    0 2473    0     0          0    499997 137108557458288 35694950171    0    0    0     0       0          0
1784714116 | enp139s0f0np0: 195615224484020 53177317976    0 2473    0     0          0    499997 137108577628563 35694993486    0    0    0     0       0          0
1784714117 | enp139s0f0np0: 195618660980931 53178152883    0 2473    0     0          0    499997 137108597856479 35695037736    0    0    0     0       0          0
1784714118 | enp139s0f0np0: 195622170230241 53179005040    0 2473    0     0          0    499997 137108618477716 35695082620    0    0    0     0       0          0
1784714119 | enp139s0f0np0: 195625472643174 53179808297    0 2473    0     0          0    499997 137108638008418 35695126156    0    0    0     0       0          0
1784714120 | enp139s0f0np0: 195628755097508 53180606523    0 2473    0     0          0    499997 137108657478093 35695170434    0    0    0     0       0          0
1784714121 | enp139s0f0np0: 195632126979674 53181425969    0 2473    0     0          0    499997 137108677352292 35695214579    0    0    0     0       0          0
1784714122 | enp139s0f0np0: 195635509424714 53182247981    0 2473    0     0          0    499997 137108697317105 35695258940    0    0    0     0       0          0
1784714123 | enp139s0f0np0: 195638963769111 53183087083    0 2473    0     0          0    499997 137108717658544 35695303022    0    0    0     0       0          0
1784714124 | enp139s0f0np0: 195642391498783 53183919402    0 2473    0     0          0    499997 137108737895748 35695347999    0    0    0     0       0          0
1784714125 | enp139s0f0np0: 195645896905532 53184770404    0 2473    0     0          0    499997 137108758490164 35695392487    0    0    0     0       0          0
1784714126 | enp139s0f0np0: 195649201006277 53185573716    0 2473    0     0          0    499997 137108778030666 35695435985    0    0    0     0       0          0
1784714127 | enp139s0f0np0: 195652638224173 53186408364    0 2473    0     0          0    499997 137108798271324 35695480709    0    0    0     0       0          0
1784714128 | enp139s0f0np0: 195655959189469 53187215207    0 2473    0     0          0    499997 137108818026600 35695526039    0    0    0     0       0          0
1784714129 | enp139s0f0np0: 195659300981230 53188027585    0 2473    0     0          0    499997 137108837791367 35695570592    0    0    0     0       0          0
1784714130 | enp139s0f0np0: 195662697454585 53188853383    0 2473    0     0          0    499997 137108857828352 35695614980    0    0    0     0       0          0
1784714131 | enp139s0f0np0: 195666172909258 53189697388    0 2473    0     0          0    499997 137108878284217 35695659621    0    0    0     0       0          0
1784714132 | enp139s0f0np0: 195669634540389 53190538373    0 2473    0     0          0    499998 137108898676757 35695704535    0    0    0     0       0          0
1784714133 | enp139s0f0np0: 195673060961939 53191370608    0 2473    0     0          0    499998 137108918895443 35695749058    0    0    0     0       0          0
1784714134 | enp139s0f0np0: 195676444681075 53192193580    0 2473    0     0          0    499998 137108938851612 35695792932    0    0    0     0       0          0
1784714135 | enp139s0f0np0: 195679847892739 53193020742    0 2473    0     0          0    499998 137108958935445 35695837491    0    0    0     0       0          0
1784714136 | enp139s0f0np0: 195683370628745 53193876285    0 2473    0     0          0    499998 137108979681534 35695883172    0    0    0     0       0          0
1784714137 | enp139s0f0np0: 195686743528542 53194696482    0 2473    0     0          0    499998 137108999596041 35695927258    0    0    0     0       0          0
1784714138 | enp139s0f0np0: 195690224737120 53195542308    0 2473    0     0          0    499998 137109020121996 35695972682    0    0    0     0       0          0
1784714139 | enp139s0f0np0: 195693565125553 53196355044    0 2473    0     0          0    499998 137109039891159 35696017216    0    0    0     0       0          0
1784714140 | enp139s0f0np0: 195696972460274 53197183494    0 2473    0     0          0    499998 137109060046063 35696062270    0    0    0     0       0          0
1784714141 | enp139s0f0np0: 195700290734399 53197990561    0 2473    0     0          0    499998 137109079602816 35696105365    0    0    0     0       0          0
1784714142 | enp139s0f0np0: 195703709382691 53198821314    0 2473    0     0          0    499998 137109099724730 35696149409    0    0    0     0       0          0
1784714143 | enp139s0f0np0: 195707070827104 53199638529    0 2473    0     0          0    499998 137109119651347 35696194498    0    0    0     0       0          0
1784714144 | enp139s0f0np0: 195710512071363 53200474923    0 2473    0     0          0    499998 137109139809161 35696237510    0    0    0     0       0          0
1784714145 | enp139s0f0np0: 195713760892736 53201265502    0 2473    0     0          0    499998 137109159019595 35696280323    0    0    0     0       0          0
1784714146 | enp139s0f0np0: 195717167589551 53202093646    0 2473    0     0          0    499998 137109179154019 35696325402    0    0    0     0       0          0
1784714147 | enp139s0f0np0: 195720470336118 53202896851    0 2473    0     0          0    499998 137109198624346 35696368402    0    0    0     0       0          0
1784714148 | enp139s0f0np0: 195723770314964 53203699347    0 2473    0     0          0    499998 137109218144736 35696412030    0    0    0     0       0          0
1784714149 | enp139s0f0np0: 195726980024636 53204481242    0 2473    0     0          0    499998 137109237275476 35696456736    0    0    0     0       0          0
1784714150 | enp139s0f0np0: 195730360455059 53205303086    0 2473    0     0          0    499998 137109257250921 35696501749    0    0    0     0       0          0
1784714151 | enp139s0f0np0: 195733733955679 53206123517    0 2473    0     0          0    499998 137109277168828 35696545980    0    0    0     0       0          0
1784714152 | enp139s0f0np0: 195737019454886 53206922880    0 2473    0     0          0    499998 137109296662322 35696590336    0    0    0     0       0          0
1784714153 | enp139s0f0np0: 195740463185700 53207759828    0 2473    0     0          0    499998 137109317011656 35696635955    0    0    0     0       0          0
1784714154 | enp139s0f0np0: 195743796148531 53208570500    0 2473    0     0          0    499998 137109336812271 35696681003    0    0    0     0       0          0
1784714155 | enp139s0f0np0: 195747240807649 53209407319    0 2473    0     0          0    499998 137109357061986 35696725242    0    0    0     0       0          0
1784714156 | enp139s0f0np0: 195750700884461 53210247613    0 2473    0     0          0    499998 137109377434967 35696769586    0    0    0     0       0          0
1784714157 | enp139s0f0np0: 195754118777153 53211078375    0 2473    0     0          0    499998 137109397581514 35696814172    0    0    0     0       0          0
1784714158 | enp139s0f0np0: 195757545305536 53211910897    0 2473    0     0          0    499998 137109417782401 35696858715    0    0    0     0       0          0
1784714159 | enp139s0f0np0: 195760979976036 53212745352    0 2473    0     0          0    499998 137109438054957 35696903381    0    0    0     0       0          0
1784714160 | enp139s0f0np0: 195764328327293 53213558933    0 2473    0     0          0    499998 137109457798225 35696947025    0    0    0     0       0          0
1784714161 | enp139s0f0np0: 195767731926637 53214385675    0 2473    0     0          0    499998 137109477877268 35696991455    0    0    0     0       0          0
1784714162 | enp139s0f0np0: 195771042264706 53215190671    0 2473    0     0          0    499999 137109497415561 35697034586    0    0    0     0       0          0
1784714163 | enp139s0f0np0: 195774381590408 53216002425    0 2473    0     0          0    499999 137109517141284 35697078928    0    0    0     0       0          0
1784714164 | enp139s0f0np0: 195777818072733 53216837547    0 2473    0     0          0    499999 137109537411832 35697123468    0    0    0     0       0          0
1784714165 | enp139s0f0np0: 195781254766975 53217672275    0 2473    0     0          0    499999 137109557530412 35697165804    0    0    0     0       0          0
1784714166 | enp139s0f0np0: 195784587282922 53218482485    0 2473    0     0          0    499999 137109577206566 35697209715    0    0    0     0       0          0
1784714167 | enp139s0f0np0: 195788007035979 53219313250    0 2473    0     0          0    499999 137109597374367 35697254054    0    0    0     0       0          0
1784714168 | enp139s0f0np0: 195791526365823 53220167552    0 2473    0     0          0    499999 137109618002865 35697297938    0    0    0     0       0          0
1784714169 | enp139s0f0np0: 195794851135221 53220976177    0 2473    0     0          0    499999 137109637691675 35697342425    0    0    0     0       0          0
1784714170 | enp139s0f0np0: 195798219101595 53221795058    0 2473    0     0          0    499999 137109657669353 35697387808    0    0    0     0       0          0
1784714171 | enp139s0f0np0: 195801625237605 53222622334    0 2473    0     0          0    499999 137109677739365 35697432335    0    0    0     0       0          0
1784714172 | enp139s0f0np0: 195804953789768 53223431578    0 2473    0     0          0    499999 137109697479042 35697476798    0    0    0     0       0          0
1784714173 | enp139s0f0np0: 195808349950367 53224256635    0 2473    0     0          0    499999 137109717584154 35697522572    0    0    0     0       0          0
1784714174 | enp139s0f0np0: 195811746181420 53225081741    0 2473    0     0          0    499999 137109737534371 35697565510    0    0    0     0       0          0
1784714175 | enp139s0f0np0: 195815205272743 53225922176    0 2473    0     0          0    499999 137109757839992 35697609184    0    0    0     0       0          0
1784714176 | enp139s0f0np0: 195818355328149 53226688167    0 2473    0     0          0    499999 137109776424047 35697650856    0    0    0     0       0          0
