1784707814 | enp139s0f0np0: 191421513000968 52076610186    0 2473    0     0          0    499787 132687993428433 34535903565    0    0    0     0       0          0
1784707815 | enp139s0f0np0: 191421513196408 52076610409    0 2473    0     0          0    499787 132687993428433 34535903565    0    0    0     0       0          0
1784707816 | enp139s0f0np0: 191421513392355 52076610634    0 2473    0     0          0    499787 132687993428661 34535903567    0    0    0     0       0          0
1784707817 | enp139s0f0np0: 191421513573902 52076610849    0 2473    0     0          0    499787 132687993428661 34535903567    0    0    0     0       0          0
1784707818 | enp139s0f0np0: 191421513704800 52076611014    0 2473    0     0          0    499787 132687993428661 34535903567    0    0    0     0       0          0
1784707819 | enp139s0f0np0: 191421513898599 52076611190    0 2473    0     0          0    499787 132687993428802 34535903569    0    0    0     0       0          0
1784707820 | enp139s0f0np0: 191421514059875 52076611357    0 2473    0     0          0    499787 132687993428802 34535903569    0    0    0     0       0          0
1784707821 | enp139s0f0np0: 191421514221235 52076611535    0 2473    0     0          0    499787 132687993428802 34535903569    0    0    0     0       0          0
1784707822 | enp139s0f0np0: 191421514359802 52076611700    0 2473    0     0          0    499787 132687993428802 34535903569    0    0    0     0       0          0
1784707823 | enp139s0f0np0: 191421514514859 52076611892    0 2473    0     0          0    499787 132687993428802 34535903569    0    0    0     0       0          0
1784707824 | enp139s0f0np0: 191421514693823 52076612078    0 2473    0     0          0    499787 132687993428802 34535903569    0    0    0     0       0          0
1784707825 | enp139s0f0np0: 191421514810912 52076612246    0 2473    0     0          0    499787 132687993428802 34535903569    0    0    0     0       0          0
1784707826 | enp139s0f0np0: 191421514960182 52076612411    0 2473    0     0          0    499787 132687993429030 34535903571    0    0    0     0       0          0
1784707827 | enp139s0f0np0: 191421515469610 52076615375    0 2473    0     0          0    499787 132688164933328 34535944871    0    0    0     0       0          0
1784707828 | enp139s0f0np0: 191421517225416 52076628044    0 2473    0     0          0    499787 132688927495300 34536128424    0    0    0     0       0          0
1784707829 | enp139s0f0np0: 191421519068695 52076641110    0 2473    0     0          0    499787 132689758070443 34536328329    0    0    0     0       0          0
1784707830 | enp139s0f0np0: 191421520775850 52076653251    0 2473    0     0          0    499787 132690516098609 34536510798    0    0    0     0       0          0
1784707831 | enp139s0f0np0: 191421523792914 52076672879    0 2473    0     0          0    499787 132692109310777 34536893714    0    0    0     0       0          0
1784707832 | enp139s0f0np0: 191421529460018 52076703801    0 2473    0     0          0    499788 132695479092333 34537702735    0    0    0     0       0          0
1784707833 | enp139s0f0np0: 191421535350708 52076736673    0 2473    0     0          0    499788 132698945606137 34538534872    0    0    0     0       0          0
1784707834 | enp139s0f0np0: 191421541474082 52076771731    0 2473    0     0          0    499788 132702509097727 34539390396    0    0    0     0       0          0
1784707835 | enp139s0f0np0: 191421547687654 52076808309    0 2473    0     0          0    499788 132706096568141 34540251715    0    0    0     0       0          0
1784707836 | enp139s0f0np0: 191421553807540 52076844209    0 2473    0     0          0    499788 132709592980169 34541091217    0    0    0     0       0          0
1784707837 | enp139s0f0np0: 191421559820585 52076878842    0 2473    0     0          0    499788 132713068156643 34541925455    0    0    0     0       0          0
1784707838 | enp139s0f0np0: 191421565709020 52076911542    0 2473    0     0          0    499788 132716582432205 34542769155    0    0    0     0       0          0
1784707839 | enp139s0f0np0: 191421571420375 52076942580    0 2473    0     0          0    499788 132720009416538 34543591908    0    0    0     0       0          0
1784707840 | enp139s0f0np0: 191421576984261 52076973565    0 2473    0     0          0    499788 132723344388342 34544392618    0    0    0     0       0          0
1784707841 | enp139s0f0np0: 191421582138865 52077002309    0 2473    0     0          0    499788 132726403043768 34545126951    0    0    0     0       0          0
1784707842 | enp139s0f0np0: 191421587633065 52077033425    0 2473    0     0          0    499788 132729648132322 34545906063    0    0    0     0       0          0
1784707843 | enp139s0f0np0: 191421593462949 52077066538    0 2473    0     0          0    499788 132733070851452 34546727825    0    0    0     0       0          0
1784707844 | enp139s0f0np0: 191421599366635 52077100939    0 2473    0     0          0    499788 132736476614522 34547545547    0    0    0     0       0          0
1784707845 | enp139s0f0np0: 191421605277708 52077134504    0 2473    0     0          0    499788 132739987567474 34548388497    0    0    0     0       0          0
1784707846 | enp139s0f0np0: 191421611032184 52077167677    0 2473    0     0          0    499788 132743363206398 34549198975    0    0    0     0       0          0
1784707847 | enp139s0f0np0: 191421614418946 52077188000    0 2473    0     0          0    499788 132745214838442 34549644102    0    0    0     0       0          0
1784707848 | enp139s0f0np0: 191421619494396 52077217185    0 2473    0     0          0    499788 132748214551950 34550364512    0    0    0     0       0          0
1784707849 | enp139s0f0np0: 191421625283455 52077250519    0 2473    0     0          0    499788 132751607409413 34551179049    0    0    0     0       0          0
1784707850 | enp139s0f0np0: 191421631040073 52077283296    0 2473    0     0          0    499788 132755000789597 34551993758    0    0    0     0       0          0
1784707851 | enp139s0f0np0: 191421636665305 52077315560    0 2473    0     0          0    499788 132758327220225 34552792322    0    0    0     0       0          0
1784707852 | enp139s0f0np0: 191421642333760 52077348275    0 2473    0     0          0    499788 132761668586679 34553594471    0    0    0     0       0          0
1784707853 | enp139s0f0np0: 191421648055306 52077380346    0 2473    0     0          0    499788 132765062233749 34554409184    0    0    0     0       0          0
1784707854 | enp139s0f0np0: 191421653914724 52077412948    0 2473    0     0          0    499788 132768552884803 34555247216    0    0    0     0       0          0
1784707855 | enp139s0f0np0: 191421659674118 52077446004    0 2473    0     0          0    499788 132771948397071 34556062413    0    0    0     0       0          0
1784707856 | enp139s0f0np0: 191421665271918 52077477384    0 2473    0     0          0    499788 132775265418427 34556858757    0    0    0     0       0          0
1784707857 | enp139s0f0np0: 191421670756023 52077506439    0 2473    0     0          0    499788 132778640548251 34557669065    0    0    0     0       0          0
1784707858 | enp139s0f0np0: 191421676345630 52077538392    0 2473    0     0          0    499788 132781925369203 34558457601    0    0    0     0       0          0
1784707859 | enp139s0f0np0: 191421682100823 52077572430    0 2473    0     0          0    499788 132785219523958 34559248361    0    0    0     0       0          0
1784707860 | enp139s0f0np0: 191421687836861 52077606005    0 2473    0     0          0    499788 132788519466396 34560040673    0    0    0     0       0          0
1784707861 | enp139s0f0np0: 191421693482286 52077637194    0 2473    0     0          0    499788 132791913180316 34560855519    0    0    0     0       0          0
1784707862 | enp139s0f0np0: 191421697326241 52077659510    0 2473    0     0          0    499789 132794072809534 34561374500    0    0    0     0       0          0
1784707863 | enp139s0f0np0: 191421701822573 52077684996    0 2473    0     0          0    499789 132796771425006 34562022714    0    0    0     0       0          0
1784707864 | enp139s0f0np0: 191421707590428 52077718960    0 2473    0     0          0    499789 132800091721796 34562819811    0    0    0     0       0          0
1784707865 | enp139s0f0np0: 191421713457675 52077753735    0 2473    0     0          0    499789 132803433356466 34563622047    0    0    0     0       0          0
1784707866 | enp139s0f0np0: 191421719305302 52077788272    0 2473    0     0          0    499789 132806785127136 34564426729    0    0    0     0       0          0
1784707867 | enp139s0f0np0: 191421725165059 52077822665    0 2473    0     0          0    499789 132810167044664 34565238775    0    0    0     0       0          0
1784707868 | enp139s0f0np0: 191421730932410 52077854790    0 2473    0     0          0    499789 132813573811986 34566056730    0    0    0     0       0          0
1784707869 | enp139s0f0np0: 191421736794498 52077889141    0 2473    0     0          0    499789 132816953861299 34566868309    0    0    0     0       0          0
1784707870 | enp139s0f0np0: 191421742854056 52077925854    0 2473    0     0          0    499789 132820378139557 34567690568    0    0    0     0       0          0
1784707871 | enp139s0f0np0: 191421748677458 52077959939    0 2473    0     0          0    499789 132823733374589 34568496040    0    0    0     0       0          0
1784707872 | enp139s0f0np0: 191421754519862 52077994505    0 2473    0     0          0    499789 132827092884583 34569302651    0    0    0     0       0          0
1784707873 | enp139s0f0np0: 191421760246666 52078027845    0 2473    0     0          0    499789 132830420920277 34570101672    0    0    0     0       0          0
1784707874 | enp139s0f0np0: 191421766066017 52078062378    0 2473    0     0          0    499789 132833724745073 34570894831    0    0    0     0       0          0
1784707875 | enp139s0f0np0: 191421771936607 52078095216    0 2473    0     0          0    499789 132837179668811 34571724260    0    0    0     0       0          0
1784707876 | enp139s0f0np0: 191421777798158 52078127885    0 2473    0     0          0    499789 132840621857379 34572550669    0    0    0     0       0          0
1784707877 | enp139s0f0np0: 191421780937672 52078146554    0 2473    0     0          0    499789 132842341233673 34572964013    0    0    0     0       0          0
1784707878 | enp139s0f0np0: 191421786364097 52078175830    0 2473    0     0          0    499789 132845622285469 34573751856    0    0    0     0       0          0
1784707879 | enp139s0f0np0: 191421792430193 52078207767    0 2473    0     0          0    499789 132849317502706 34574638970    0    0    0     0       0          0
1784707880 | enp139s0f0np0: 191421798399494 52078239589    0 2473    0     0          0    499789 132852952264546 34575511531    0    0    0     0       0          0
1784707881 | enp139s0f0np0: 191421804612055 52078273042    0 2473    0     0          0    499789 132856694563354 34576409948    0    0    0     0       0          0
1784707882 | enp139s0f0np0: 191421810765954 52078305487    0 2473    0     0          0    499789 132860411641222 34577302371    0    0    0     0       0          0
1784707883 | enp139s0f0np0: 191421816875514 52078337775    0 2473    0     0          0    499789 132864124883566 34578193832    0    0    0     0       0          0
1784707884 | enp139s0f0np0: 191421822997708 52078370146    0 2473    0     0          0    499789 132867806041188 34579077557    0    0    0     0       0          0
1784707885 | enp139s0f0np0: 191421829157316 52078403133    0 2473    0     0          0    499789 132871493821114 34579962930    0    0    0     0       0          0
1784707886 | enp139s0f0np0: 191421835313247 52078436539    0 2473    0     0          0    499789 132875159637788 34580842999    0    0    0     0       0          0
1784707887 | enp139s0f0np0: 191421841445872 52078470179    0 2473    0     0          0    499789 132878793642822 34581715494    0    0    0     0       0          0
1784707888 | enp139s0f0np0: 191421847596732 52078503312    0 2473    0     0          0    499789 132882474889282 34582599210    0    0    0     0       0          0
1784707889 | enp139s0f0np0: 191421853706588 52078536081    0 2473    0     0          0    499789 132886098970775 34583469236    0    0    0     0       0          0
1784707890 | enp139s0f0np0: 191421859893526 52078569178    0 2473    0     0          0    499789 132889787066817 34584354685    0    0    0     0       0          0
1784707891 | enp139s0f0np0: 191421866116856 52078602929    0 2473    0     0          0    499789 132893495703555 34585245123    0    0    0     0       0          0
1784707892 | enp139s0f0np0: 191421872007491 52078634797    0 2473    0     0          0    499790 132896990708835 34586084213    0    0    0     0       0          0
1784707893 | enp139s0f0np0: 191421877881396 52078667114    0 2473    0     0          0    499790 132900439815085 34586912257    0    0    0     0       0          0
1784707894 | enp139s0f0np0: 191421883834163 52078699929    0 2473    0     0          0    499790 132903899883303 34587742917    0    0    0     0       0          0
1784707895 | enp139s0f0np0: 191421889791253 52078733529    0 2473    0     0          0    499790 132907365577619 34588574981    0    0    0     0       0          0
1784707896 | enp139s0f0np0: 191421895732971 52078766391    0 2473    0     0          0    499790 132910847452979 34589410877    0    0    0     0       0          0
1784707897 | enp139s0f0np0: 191421901866814 52078800561    0 2473    0     0          0    499790 132914390199815 34590261357    0    0    0     0       0          0
1784707898 | enp139s0f0np0: 191421907933706 52078834889    0 2473    0     0          0    499790 132917864666325 34591095540    0    0    0     0       0          0
1784707899 | enp139s0f0np0: 191421913765173 52078866869    0 2473    0     0          0    499790 132921289252050 34591917744    0    0    0     0       0          0
1784707900 | enp139s0f0np0: 191421919884737 52078901831    0 2473    0     0          0    499790 132924789762004 34592758208    0    0    0     0       0          0
1784707901 | enp139s0f0np0: 191421925952751 52078936823    0 2473    0     0          0    499790 132928276048746 34593595220    0    0    0     0       0          0
1784707902 | enp139s0f0np0: 191421932064026 52078971867    0 2473    0     0          0    499790 132931766762482 34594433259    0    0    0     0       0          0
1784707903 | enp139s0f0np0: 191421938079199 52079006509    0 2473    0     0          0    499790 132935182419676 34595253311    0    0    0     0       0          0
1784707904 | enp139s0f0np0: 191421941791430 52079028178    0 2473    0     0          0    499790 132937237337234 34595747059    0    0    0     0       0          0
1784707905 | enp139s0f0np0: 191421946599916 52079054972    0 2473    0     0          0    499790 132940067445554 34596426898    0    0    0     0       0          0
1784707906 | enp139s0f0np0: 191421952424174 52079086361    0 2473    0     0          0    499790 132943544572828 34597261704    0    0    0     0       0          0
1784707907 | enp139s0f0np0: 191421958288044 52079117265    0 2473    0     0          0    499790 132947096427816 34598114436    0    0    0     0       0          0
1784707908 | enp139s0f0np0: 191421964279694 52079150267    0 2473    0     0          0    499790 132950640306022 34598965207    0    0    0     0       0          0
1784707909 | enp139s0f0np0: 191421970234642 52079182319    0 2473    0     0          0    499790 132954215630641 34599823558    0    0    0     0       0          0
1784707910 | enp139s0f0np0: 191421976196943 52079214289    0 2473    0     0          0    499790 132957799048953 34600683874    0    0    0     0       0          0
1784707911 | enp139s0f0np0: 191421982269111 52079246585    0 2473    0     0          0    499790 132961443416523 34601558802    0    0    0     0       0          0
1784707912 | enp139s0f0np0: 191421988359140 52079279245    0 2473    0     0          0    499790 132965089046227 34602434117    0    0    0     0       0          0
1784707913 | enp139s0f0np0: 191421994553761 52079312390    0 2473    0     0          0    499790 132968796200161 34603324065    0    0    0     0       0          0
1784707914 | enp139s0f0np0: 191422000748278 52079345720    0 2473    0     0          0    499790 132972528772057 34604220164    0    0    0     0       0          0
1784707915 | enp139s0f0np0: 191422006902672 52079378475    0 2473    0     0          0    499790 132976261612697 34605116358    0    0    0     0       0          0
1784707916 | enp139s0f0np0: 191422013018666 52079410415    0 2473    0     0          0    499790 132979991766193 34606011813    0    0    0     0       0          0
1784707917 | enp139s0f0np0: 191422018045830 52079437904    0 2473    0     0          0    499790 132982932099457 34606718052    0    0    0     0       0          0
1784707918 | enp139s0f0np0: 191422023109725 52079465091    0 2473    0     0          0    499790 132985985176809 34607451387    0    0    0     0       0          0
1784707919 | enp139s0f0np0: 191422029319476 52079497722    0 2473    0     0          0    499790 132989763673306 34608358316    0    0    0     0       0          0
1784707920 | enp139s0f0np0: 191422035336095 52079529760    0 2473    0     0          0    499790 132993410214004 34609233743    0    0    0     0       0          0
1784707921 | enp139s0f0np0: 191422041403361 52079562412    0 2473    0     0          0    499790 132997086695814 34610116324    0    0    0     0       0          0
1784707922 | enp139s0f0np0: 191422047460806 52079595024    0 2473    0     0          0    499791 133000777281954 34611002353    0    0    0     0       0          0
1784707923 | enp139s0f0np0: 191422053790769 52079629490    0 2473    0     0          0    499791 133004573390728 34611913649    0    0    0     0       0          0
1784707924 | enp139s0f0np0: 191422059958569 52079662873    0 2473    0     0          0    499791 133008267886400 34612800610    0    0    0     0       0          0
1784707925 | enp139s0f0np0: 191422065969414 52079695861    0 2473    0     0          0    499791 133011846625678 34613659733    0    0    0     0       0          0
1784707926 | enp139s0f0np0: 191422071790786 52079726923    0 2473    0     0          0    499791 133015348287566 34614500386    0    0    0     0       0          0
1784707927 | enp139s0f0np0: 191422077672326 52079758330    0 2473    0     0          0    499791 133018944636754 34615363840    0    0    0     0       0          0
1784707928 | enp139s0f0np0: 191422083587281 52079790091    0 2473    0     0          0    499791 133022547379260 34616228713    0    0    0     0       0          0
1784707929 | enp139s0f0np0: 191422089560150 52079822843    0 2473    0     0          0    499791 133026127729817 34617088387    0    0    0     0       0          0
1784707930 | enp139s0f0np0: 191422093667634 52079844682    0 2473    0     0          0    499791 133028599304787 34617682427    0    0    0     0       0          0
1784707931 | enp139s0f0np0: 191422099439898 52079875255    0 2473    0     0          0    499791 133032149064735 34618534614    0    0    0     0       0          0
1784707932 | enp139s0f0np0: 191422105341014 52079906520    0 2473    0     0          0    499791 133035775127929 34619405147    0    0    0     0       0          0
1784707933 | enp139s0f0np0: 191422111337887 52079938199    0 2473    0     0          0    499791 133039456020293 34620288830    0    0    0     0       0          0
1784707934 | enp139s0f0np0: 191422117298051 52079969853    0 2473    0     0          0    499791 133043095112835 34621162432    0    0    0     0       0          0
1784707935 | enp139s0f0np0: 191422123056148 52080002558    0 2473    0     0          0    499791 133046510766069 34621982424    0    0    0     0       0          0
1784707936 | enp139s0f0np0: 191422128924321 52080036523    0 2473    0     0          0    499791 133049961955963 34622810957    0    0    0     0       0          0
1784707937 | enp139s0f0np0: 191422134612489 52080068525    0 2473    0     0          0    499791 133053348401807 34623624004    0    0    0     0       0          0
1784707938 | enp139s0f0np0: 191422140284353 52080100357    0 2473    0     0          0    499791 133056729781217 34624435851    0    0    0     0       0          0
1784707939 | enp139s0f0np0: 191422146141499 52080132692    0 2473    0     0          0    499791 133060213040490 34625272095    0    0    0     0       0          0
1784707940 | enp139s0f0np0: 191422151852803 52080165691    0 2473    0     0          0    499791 133063568549108 34626077735    0    0    0     0       0          0
1784707941 | enp139s0f0np0: 191422157583023 52080198404    0 2473    0     0          0    499791 133066945661356 34626888561    0    0    0     0       0          0
1784707942 | enp139s0f0np0: 191422162620182 52080226521    0 2473    0     0          0    499791 133069926722982 34627604555    0    0    0     0       0          0
1784707943 | enp139s0f0np0: 191422167429946 52080254224    0 2473    0     0          0    499791 133072766965292 34628286811    0    0    0     0       0          0
1784707944 | enp139s0f0np0: 191422173349042 52080287618    0 2473    0     0          0    499791 133076285432454 34629131536    0    0    0     0       0          0
1784707945 | enp139s0f0np0: 191422179093996 52080320128    0 2473    0     0          0    499791 133079712148484 34629954201    0    0    0     0       0          0
1784707946 | enp139s0f0np0: 191422184986451 52080352817    0 2473    0     0          0    499791 133083201271702 34630791796    0    0    0     0       0          0
1784707947 | enp139s0f0np0: 191422190742164 52080384918    0 2473    0     0          0    499791 133086621057286 34631612858    0    0    0     0       0          0
1784707948 | enp139s0f0np0: 191422196645545 52080417600    0 2473    0     0          0    499791 133090138858007 34632457531    0    0    0     0       0          0
1784707949 | enp139s0f0np0: 191422202282501 52080448923    0 2473    0     0          0    499791 133093500564153 34633264658    0    0    0     0       0          0
1784707950 | enp139s0f0np0: 191422208022858 52080481757    0 2473    0     0          0    499791 133096857482561 34634070544    0    0    0     0       0          0
1784707951 | enp139s0f0np0: 191422213747276 52080514681    0 2473    0     0          0    499791 133100199921245 34634872968    0    0    0     0       0          0
1784707952 | enp139s0f0np0: 191422219292548 52080543699    0 2473    0     0          0    499792 133103563080035 34635680334    0    0    0     0       0          0
1784707953 | enp139s0f0np0: 191422224951054 52080575319    0 2473    0     0          0    499792 133106941393713 34636491361    0    0    0     0       0          0
1784707954 | enp139s0f0np0: 191422230673658 52080606621    0 2473    0     0          0    499792 133110377647103 34637316300    0    0    0     0       0          0
1784707955 | enp139s0f0np0: 191422236626961 52080641127    0 2473    0     0          0    499792 133113834833383 34638146308    0    0    0     0       0          0
1784707956 | enp139s0f0np0: 191422242547884 52080674609    0 2473    0     0          0    499792 133117301684463 34638978634    0    0    0     0       0          0
1784707957 | enp139s0f0np0: 191422248322655 52080706504    0 2473    0     0          0    499792 133120777825379 34639813256    0    0    0     0       0          0
1784707958 | enp139s0f0np0: 191422254156130 52080738794    0 2473    0     0          0    499792 133124271016792 34640651893    0    0    0     0       0          0
1784707959 | enp139s0f0np0: 191422260120150 52080771531    0 2473    0     0          0    499792 133127802082930 34641499647    0    0    0     0       0          0
1784707960 | enp139s0f0np0: 191422266114650 52080805245    0 2473    0     0          0    499792 133131312156784 34642342375    0    0    0     0       0          0
1784707961 | enp139s0f0np0: 191422272059738 52080838197    0 2473    0     0          0    499792 133134828411206 34643186539    0    0    0     0       0          0
1784707962 | enp139s0f0np0: 191422277925323 52080871325    0 2473    0     0          0    499792 133138286052968 34644016643    0    0    0     0       0          0
1784707963 | enp139s0f0np0: 191422283715793 52080904145    0 2473    0     0          0    499792 133141667302526 34644828408    0    0    0     0       0          0
1784707964 | enp139s0f0np0: 191422289580555 52080935445    0 2473    0     0          0    499792 133145213991466 34645679841    0    0    0     0       0          0
1784707965 | enp139s0f0np0: 191422295835664 52080969679    0 2473    0     0          0    499792 133148928141252 34646571439    0    0    0     0       0          0
1784707966 | enp139s0f0np0: 191422301930983 52081003437    0 2473    0     0          0    499792 133152527232058 34647435513    0    0    0     0       0          0
1784707967 | enp139s0f0np0: 191422308104003 52081037745    0 2473    0     0          0    499792 133156159315370 34648307467    0    0    0     0       0          0
1784707968 | enp139s0f0np0: 191422314059276 52081071348    0 2473    0     0          0    499792 133159673779317 34649151193    0    0    0     0       0          0
1784707969 | enp139s0f0np0: 191422319928461 52081104420    0 2473    0     0          0    499792 133163121032203 34649978789    0    0    0     0       0          0
1784707970 | enp139s0f0np0: 191422325533185 52081134350    0 2473    0     0          0    499792 133166509669933 34650792287    0    0    0     0       0          0
1784707971 | enp139s0f0np0: 191422331589331 52081169106    0 2473    0     0          0    499792 133170013194801 34651633329    0    0    0     0       0          0
1784707972 | enp139s0f0np0: 191422337686065 52081204340    0 2473    0     0          0    499792 133173469174281 34652463052    0    0    0     0       0          0
1784707973 | enp139s0f0np0: 191422343699413 52081239180    0 2473    0     0          0    499792 133176895015333 34653285540    0    0    0     0       0          0
1784707974 | enp139s0f0np0: 191422349354194 52081271523    0 2473    0     0          0    499792 133180138376745 34654064231    0    0    0     0       0          0
1784707975 | enp139s0f0np0: 191422355132163 52081304309    0 2473    0     0          0    499792 133183490633937 34654869067    0    0    0     0       0          0
1784707976 | enp139s0f0np0: 191422360816430 52081337088    0 2473    0     0          0    499792 133186701052765 34655639898    0    0    0     0       0          0
1784707977 | enp139s0f0np0: 191422366432727 52081369034    0 2473    0     0          0    499792 133189922410729 34656413414    0    0    0     0       0          0
1784707978 | enp139s0f0np0: 191422370212246 52081392284    0 2473    0     0          0    499792 133191935320476 34656897170    0    0    0     0       0          0
1784707979 | enp139s0f0np0: 191422375018074 52081421399    0 2473    0     0          0    499792 133194567449728 34657529454    0    0    0     0       0          0
1784707980 | enp139s0f0np0: 191422380741021 52081454719    0 2473    0     0          0    499792 133197825220818 34658311712    0    0    0     0       0          0
1784707981 | enp139s0f0np0: 191422386439984 52081488527    0 2473    0     0          0    499792 133201000371772 34659074096    0    0    0     0       0          0
1784707982 | enp139s0f0np0: 191422392040387 52081521420    0 2473    0     0          0    499793 133204154787254 34659831574    0    0    0     0       0          0
1784707983 | enp139s0f0np0: 191422397534016 52081552523    0 2473    0     0          0    499793 133207310537240 34660589384    0    0    0     0       0          0
1784707984 | enp139s0f0np0: 191422402859183 52081582025    0 2473    0     0          0    499793 133210392403946 34661329381    0    0    0     0       0          0
1784707985 | enp139s0f0np0: 191422408114367 52081611284    0 2473    0     0          0    499793 133213436117626 34662060244    0    0    0     0       0          0
1784707986 | enp139s0f0np0: 191422413705816 52081642803    0 2473    0     0          0    499793 133216663343870 34662835178    0    0    0     0       0          0
1784707987 | enp139s0f0np0: 191422419173732 52081673645    0 2473    0     0          0    499793 133219846304790 34663599411    0    0    0     0       0          0
1784707988 | enp139s0f0np0: 191422424727650 52081704292    0 2473    0     0          0    499793 133223034047592 34664364716    0    0    0     0       0          0
1784707989 | enp139s0f0np0: 191422430246586 52081735362    0 2473    0     0          0    499793 133226246255923 34665135970    0    0    0     0       0          0
1784707990 | enp139s0f0np0: 191422435764761 52081766123    0 2473    0     0          0    499793 133229416544735 34665897215    0    0    0     0       0          0
1784707991 | enp139s0f0np0: 191422438797786 52081783907    0 2473    0     0          0    499793 133231022385929 34666283203    0    0    0     0       0          0
1784707992 | enp139s0f0np0: 191422443487204 52081810162    0 2473    0     0          0    499793 133233708196747 34666928306    0    0    0     0       0          0
1784707993 | enp139s0f0np0: 191422449042542 52081841638    0 2473    0     0          0    499793 133236926088933 34667701012    0    0    0     0       0          0
1784707994 | enp139s0f0np0: 191422454707708 52081873911    0 2473    0     0          0    499793 133240214973603 34668490727    0    0    0     0       0          0
1784707995 | enp139s0f0np0: 191422460229672 52081905048    0 2473    0     0          0    499793 133243428547667 34669262375    0    0    0     0       0          0
1784707996 | enp139s0f0np0: 191422465729613 52081936280    0 2473    0     0          0    499793 133246604326497 34670024845    0    0    0     0       0          0
1784707997 | enp139s0f0np0: 191422471332689 52081967533    0 2473    0     0          0    499793 133249875252215 34670810184    0    0    0     0       0          0
1784707998 | enp139s0f0np0: 191422476861802 52081998170    0 2473    0     0          0    499793 133253114670774 34671588054    0    0    0     0       0          0
1784707999 | enp139s0f0np0: 191422482397045 52082029262    0 2473    0     0          0    499793 133256355839322 34672366279    0    0    0     0       0          0
1784708000 | enp139s0f0np0: 191422488161819 52082061717    0 2473    0     0          0    499793 133259692601504 34673167443    0    0    0     0       0          0
1784708001 | enp139s0f0np0: 191422493902368 52082094763    0 2473    0     0          0    499793 133263002042572 34673961955    0    0    0     0       0          0
1784708002 | enp139s0f0np0: 191422499631012 52082127238    0 2473    0     0          0    499793 133266322801468 34674759251    0    0    0     0       0          0
1784708003 | enp139s0f0np0: 191422505387274 52082160701    0 2473    0     0          0    499793 133269621110684 34675551210    0    0    0     0       0          0
1784708004 | enp139s0f0np0: 191422510938436 52082192438    0 2473    0     0          0    499793 133272841789790 34676324486    0    0    0     0       0          0
1784708005 | enp139s0f0np0: 191422516664272 52082226402    0 2473    0     0          0    499793 133276075751588 34677100897    0    0    0     0       0          0
1784708006 | enp139s0f0np0: 191422522386495 52082261091    0 2473    0     0          0    499793 133279262555818 34677866004    0    0    0     0       0          0
