1784745466 | enp139s0f0np0: 212679420926694 57614827335    0 2473    0     0          0    501042 158290332289295 41103500562    0    0    0     0       0          0
1784745467 | enp139s0f0np0: 212681020438000 57615216497    0 2473    0     0          0    501042 158290341701183 41103520733    0    0    0     0       0          0
1784745468 | enp139s0f0np0: 212684406496338 57616039930    0 2473    0     0          0    501042 158290361720548 41103564901    0    0    0     0       0          0
1784745469 | enp139s0f0np0: 212687808476100 57616867516    0 2473    0     0          0    501042 158290381829538 41103610488    0    0    0     0       0          0
1784745470 | enp139s0f0np0: 212691274378809 57617710195    0 2473    0     0          0    501042 158290402278046 41103655598    0    0    0     0       0          0
1784745471 | enp139s0f0np0: 212694607816038 57618521292    0 2473    0     0          0    501042 158290422080878 41103700913    0    0    0     0       0          0
1784745472 | enp139s0f0np0: 212697871419781 57619316021    0 2473    0     0          0    501042 158290441634681 41103747951    0    0    0     0       0          0
1784745473 | enp139s0f0np0: 212701212854921 57620129148    0 2473    0     0          0    501042 158290461527726 41103794565    0    0    0     0       0          0
1784745474 | enp139s0f0np0: 212704469412338 57620922029    0 2473    0     0          0    501042 158290480998712 41103840460    0    0    0     0       0          0
1784745475 | enp139s0f0np0: 212707885887496 57621752926    0 2473    0     0          0    501042 158290501301935 41103887755    0    0    0     0       0          0
1784745476 | enp139s0f0np0: 212711302367817 57622583936    0 2473    0     0          0    501042 158290521524334 41103933361    0    0    0     0       0          0
1784745477 | enp139s0f0np0: 212714713705018 57623413728    0 2473    0     0          0    501042 158290541801449 41103979888    0    0    0     0       0          0
1784745478 | enp139s0f0np0: 212718042255781 57624223734    0 2473    0     0          0    501042 158290561597646 41104025673    0    0    0     0       0          0
1784745479 | enp139s0f0np0: 212721352308305 57625029499    0 2473    0     0          0    501042 158290581308457 41104072090    0    0    0     0       0          0
1784745480 | enp139s0f0np0: 212724723803622 57625849428    0 2473    0     0          0    501042 158290601340099 41104118224    0    0    0     0       0          0
1784745481 | enp139s0f0np0: 212728062934878 57626662120    0 2473    0     0          0    501042 158290621338057 41104166003    0    0    0     0       0          0
1784745482 | enp139s0f0np0: 212731402896127 57627474824    0 2473    0     0          0    501042 158290641240084 41104212485    0    0    0     0       0          0
1784745483 | enp139s0f0np0: 212734861355165 57628315452    0 2473    0     0          0    501042 158290661610661 41104257247    0    0    0     0       0          0
1784745484 | enp139s0f0np0: 212738346009231 57629162124    0 2473    0     0          0    501042 158290682105673 41104301648    0    0    0     0       0          0
1784745485 | enp139s0f0np0: 212741837455630 57630010700    0 2473    0     0          0    501043 158290702686508 41104346716    0    0    0     0       0          0
1784745486 | enp139s0f0np0: 212745243900832 57630839364    0 2473    0     0          0    501043 158290722937564 41104393715    0    0    0     0       0          0
1784745487 | enp139s0f0np0: 212748636783196 57631664434    0 2473    0     0          0    501043 158290742842598 41104436400    0    0    0     0       0          0
1784745488 | enp139s0f0np0: 212752050091708 57632494701    0 2473    0     0          0    501043 158290763014907 41104481163    0    0    0     0       0          0
1784745489 | enp139s0f0np0: 212755588333034 57633354607    0 2473    0     0          0    501043 158290783666283 41104524222    0    0    0     0       0          0
1784745490 | enp139s0f0np0: 212759048442473 57634196031    0 2473    0     0          0    501043 158290804023797 41104568817    0    0    0     0       0          0
1784745491 | enp139s0f0np0: 212762480095328 57635030520    0 2473    0     0          0    501043 158290824158602 41104611781    0    0    0     0       0          0
1784745492 | enp139s0f0np0: 212765858575717 57635852285    0 2473    0     0          0    501043 158290844055897 41104655431    0    0    0     0       0          0
1784745493 | enp139s0f0np0: 212769190146014 57636662690    0 2473    0     0          0    501043 158290863812363 41104700366    0    0    0     0       0          0
1784745494 | enp139s0f0np0: 212772541789438 57637478090    0 2473    0     0          0    501043 158290883800856 41104747113    0    0    0     0       0          0
1784745495 | enp139s0f0np0: 212775948363149 57638306809    0 2473    0     0          0    501043 158290903952974 41104792548    0    0    0     0       0          0
1784745496 | enp139s0f0np0: 212779386531136 57639143027    0 2473    0     0          0    501043 158290924354388 41104838959    0    0    0     0       0          0
1784745497 | enp139s0f0np0: 212782813297027 57639976315    0 2473    0     0          0    501043 158290944496825 41104882628    0    0    0     0       0          0
1784745498 | enp139s0f0np0: 212786275390692 57640818066    0 2473    0     0          0    501043 158290964927935 41104927834    0    0    0     0       0          0
1784745499 | enp139s0f0np0: 212789662419656 57641641742    0 2473    0     0          0    501043 158290984932541 41104972453    0    0    0     0       0          0
1784745500 | enp139s0f0np0: 212793050782924 57642466090    0 2473    0     0          0    501043 158291005063588 41105018558    0    0    0     0       0          0
1784745501 | enp139s0f0np0: 212796261169162 57643247595    0 2473    0     0          0    501043 158291024066233 41105061581    0    0    0     0       0          0
1784745502 | enp139s0f0np0: 212799620158828 57644064603    0 2473    0     0          0    501043 158291043865068 41105105201    0    0    0     0       0          0
1784745503 | enp139s0f0np0: 212802990135414 57644884467    0 2473    0     0          0    501043 158291063844714 41105150609    0    0    0     0       0          0
1784745504 | enp139s0f0np0: 212806393423277 57645712408    0 2473    0     0          0    501043 158291084028067 41105196662    0    0    0     0       0          0
1784745505 | enp139s0f0np0: 212809870663151 57646557425    0 2473    0     0          0    501043 158291104380722 41105239628    0    0    0     0       0          0
1784745506 | enp139s0f0np0: 212813230567971 57647374768    0 2473    0     0          0    501043 158291124277963 41105284632    0    0    0     0       0          0
1784745507 | enp139s0f0np0: 212816581556440 57648190119    0 2473    0     0          0    501043 158291144206090 41105330817    0    0    0     0       0          0
1784745508 | enp139s0f0np0: 212819985000754 57649018277    0 2473    0     0          0    501043 158291164447904 41105377575    0    0    0     0       0          0
1784745509 | enp139s0f0np0: 212823467638550 57649864530    0 2473    0     0          0    501043 158291184938699 41105422087    0    0    0     0       0          0
1784745510 | enp139s0f0np0: 212826904422695 57650700166    0 2473    0     0          0    501043 158291205048048 41105464369    0    0    0     0       0          0
1784745511 | enp139s0f0np0: 212830393991001 57651548611    0 2473    0     0          0    501043 158291225508101 41105508003    0    0    0     0       0          0
1784745512 | enp139s0f0np0: 212833818498152 57652381609    0 2473    0     0          0    501043 158291245569397 41105550917    0    0    0     0       0          0
1784745513 | enp139s0f0np0: 212837220324011 57653209059    0 2473    0     0          0    501043 158291265736317 41105596573    0    0    0     0       0          0
1784745514 | enp139s0f0np0: 212840710206705 57654057280    0 2473    0     0          0    501043 158291286252997 41105640798    0    0    0     0       0          0
1784745515 | enp139s0f0np0: 212844033923198 57654865683    0 2473    0     0          0    501044 158291305907910 41105685220    0    0    0     0       0          0
1784745516 | enp139s0f0np0: 212847470556896 57655701034    0 2473    0     0          0    501044 158291325988916 41105727333    0    0    0     0       0          0
1784745517 | enp139s0f0np0: 212850881743619 57656530914    0 2473    0     0          0    501044 158291346276604 41105773915    0    0    0     0       0          0
1784745518 | enp139s0f0np0: 212854371413942 57657378867    0 2473    0     0          0    501044 158291366710014 41105817616    0    0    0     0       0          0
1784745519 | enp139s0f0np0: 212857912231923 57658239523    0 2473    0     0          0    501044 158291387560681 41105862656    0    0    0     0       0          0
1784745520 | enp139s0f0np0: 212861277732630 57659058290    0 2473    0     0          0    501044 158291407569691 41105908969    0    0    0     0       0          0
1784745521 | enp139s0f0np0: 212864638280492 57659875821    0 2473    0     0          0    501044 158291427512645 41105954647    0    0    0     0       0          0
1784745522 | enp139s0f0np0: 212867990165654 57660691093    0 2473    0     0          0    501044 158291447350241 41105999465    0    0    0     0       0          0
1784745523 | enp139s0f0np0: 212871473852290 57661537384    0 2473    0     0          0    501044 158291467875697 41106044365    0    0    0     0       0          0
1784745524 | enp139s0f0np0: 212874962101477 57662385166    0 2473    0     0          0    501044 158291488366811 41106088517    0    0    0     0       0          0
1784745525 | enp139s0f0np0: 212878402343818 57663221191    0 2473    0     0          0    501044 158291508543473 41106131781    0    0    0     0       0          0
1784745526 | enp139s0f0np0: 212881746682653 57664034932    0 2473    0     0          0    501044 158291528484846 41106178436    0    0    0     0       0          0
1784745527 | enp139s0f0np0: 212885130888863 57664857971    0 2473    0     0          0    501044 158291548419453 41106222292    0    0    0     0       0          0
1784745528 | enp139s0f0np0: 212888518468024 57665681869    0 2473    0     0          0    501044 158291568556796 41106268535    0    0    0     0       0          0
1784745529 | enp139s0f0np0: 212891944918808 57666514936    0 2473    0     0          0    501044 158291588721393 41106312691    0    0    0     0       0          0
1784745530 | enp139s0f0np0: 212895452212429 57667367542    0 2473    0     0          0    501044 158291609144590 41106354335    0    0    0     0       0          0
1784745531 | enp139s0f0np0: 212898878135234 57668200440    0 2473    0     0          0    501044 158291629278453 41106398043    0    0    0     0       0          0
1784745532 | enp139s0f0np0: 212902220685661 57669013448    0 2473    0     0          0    501044 158291648964141 41106441153    0    0    0     0       0          0
1784745533 | enp139s0f0np0: 212905522270290 57669816547    0 2473    0     0          0    501044 158291668497939 41106484799    0    0    0     0       0          0
1784745534 | enp139s0f0np0: 212908909176425 57670639973    0 2473    0     0          0    501044 158291688394752 41106527754    0    0    0     0       0          0
1784745535 | enp139s0f0np0: 212912334281569 57671472608    0 2473    0     0          0    501044 158291708639327 41106572695    0    0    0     0       0          0
1784745536 | enp139s0f0np0: 212915764915301 57672306449    0 2473    0     0          0    501044 158291728723604 41106615572    0    0    0     0       0          0
1784745537 | enp139s0f0np0: 212919031843543 57673101727    0 2473    0     0          0    501044 158291748279052 41106662289    0    0    0     0       0          0
1784745538 | enp139s0f0np0: 212922273325237 57673890360    0 2473    0     0          0    501044 158291767486877 41106706354    0    0    0     0       0          0
1784745539 | enp139s0f0np0: 212925557067394 57674689605    0 2473    0     0          0    501044 158291786995963 41106750932    0    0    0     0       0          0
1784745540 | enp139s0f0np0: 212928835629157 57675487814    0 2473    0     0          0    501044 158291806566981 41106797102    0    0    0     0       0          0
1784745541 | enp139s0f0np0: 212932010650874 57676261165    0 2473    0     0          0    501044 158291825704706 41106844478    0    0    0     0       0          0
1784745542 | enp139s0f0np0: 212935187759757 57677035079    0 2473    0     0          0    501044 158291844864132 41106892419    0    0    0     0       0          0
1784745543 | enp139s0f0np0: 212938443506340 57677827696    0 2473    0     0          0    501044 158291864334126 41106939002    0    0    0     0       0          0
1784745544 | enp139s0f0np0: 212941698504777 57678620067    0 2473    0     0          0    501044 158291883755509 41106984663    0    0    0     0       0          0
1784745545 | enp139s0f0np0: 212944955794642 57679412858    0 2473    0     0          0    501045 158291903225766 41107030622    0    0    0     0       0          0
1784745546 | enp139s0f0np0: 212948334622579 57680234750    0 2473    0     0          0    501045 158291923105007 41107074567    0    0    0     0       0          0
1784745547 | enp139s0f0np0: 212951665110821 57681044865    0 2473    0     0          0    501045 158291942948426 41107120610    0    0    0     0       0          0
1784745548 | enp139s0f0np0: 212954998614350 57681856227    0 2473    0     0          0    501045 158291962819264 41107166992    0    0    0     0       0          0
1784745549 | enp139s0f0np0: 212958419260436 57682687914    0 2473    0     0          0    501045 158291982971886 41107211530    0    0    0     0       0          0
1784745550 | enp139s0f0np0: 212961773478392 57683503696    0 2473    0     0          0    501045 158292002919845 41107257845    0    0    0     0       0          0
1784745551 | enp139s0f0np0: 212965203437488 57684337583    0 2473    0     0          0    501045 158292023087383 41107301338    0    0    0     0       0          0
1784745552 | enp139s0f0np0: 212968531499052 57685147310    0 2473    0     0          0    501045 158292042912554 41107347889    0    0    0     0       0          0
1784745553 | enp139s0f0np0: 212971979557688 57685985468    0 2473    0     0          0    501045 158292063303676 41107393479    0    0    0     0       0          0
1784745554 | enp139s0f0np0: 212975283244926 57686789177    0 2473    0     0          0    501045 158292082811044 41107436771    0    0    0     0       0          0
1784745555 | enp139s0f0np0: 212978642389228 57687606305    0 2473    0     0          0    501045 158292102674880 41107481637    0    0    0     0       0          0
1784745556 | enp139s0f0np0: 212981700131544 57688351743    0 2473    0     0          0    501045 158292121375900 41107531537    0    0    0     0       0          0
1784745557 | enp139s0f0np0: 212984991403569 57689152628    0 2473    0     0          0    501045 158292141032769 41107578219    0    0    0     0       0          0
1784745558 | enp139s0f0np0: 212988412804410 57689984651    0 2473    0     0          0    501045 158292161381633 41107624968    0    0    0     0       0          0
1784745559 | enp139s0f0np0: 212991791386242 57690806258    0 2473    0     0          0    501045 158292181255529 41107667955    0    0    0     0       0          0
1784745560 | enp139s0f0np0: 212995182983741 57691631392    0 2473    0     0          0    501045 158292201362149 41107713878    0    0    0     0       0          0
1784745561 | enp139s0f0np0: 212998629334719 57692469276    0 2473    0     0          0    501045 158292221585958 41107757545    0    0    0     0       0          0
1784745562 | enp139s0f0np0: 213001950863797 57693277801    0 2473    0     0          0    501045 158292241309607 41107802617    0    0    0     0       0          0
1784745563 | enp139s0f0np0: 213005371879569 57694109980    0 2473    0     0          0    501045 158292261491719 41107847419    0    0    0     0       0          0
1784745564 | enp139s0f0np0: 213008871913219 57694960640    0 2473    0     0          0    501045 158292282012775 41107890661    0    0    0     0       0          0
1784745565 | enp139s0f0np0: 213012245718520 57695781035    0 2473    0     0          0    501045 158292301807530 41107933339    0    0    0     0       0          0
1784745566 | enp139s0f0np0: 213015695275782 57696619909    0 2473    0     0          0    501045 158292322114222 41107977512    0    0    0     0       0          0
1784745567 | enp139s0f0np0: 213019059028322 57697437935    0 2473    0     0          0    501045 158292342066582 41108023377    0    0    0     0       0          0
1784745568 | enp139s0f0np0: 213022452185139 57698263314    0 2473    0     0          0    501045 158292362230933 41108069721    0    0    0     0       0          0
1784745569 | enp139s0f0np0: 213025889986687 57699099129    0 2473    0     0          0    501045 158292382539528 41108114941    0    0    0     0       0          0
1784745570 | enp139s0f0np0: 213029292393100 57699926646    0 2473    0     0          0    501045 158292402589762 41108158950    0    0    0     0       0          0
1784745571 | enp139s0f0np0: 213032501935416 57700708115    0 2473    0     0          0    501045 158292421776478 41108204620    0    0    0     0       0          0
1784745572 | enp139s0f0np0: 213035729822359 57701493792    0 2473    0     0          0    501045 158292441055567 41108250451    0    0    0     0       0          0
1784745573 | enp139s0f0np0: 213038988688496 57702286762    0 2473    0     0          0    501045 158292460490182 41108296003    0    0    0     0       0          0
1784745574 | enp139s0f0np0: 213042177644325 57703063409    0 2473    0     0          0    501045 158292479645336 41108342819    0    0    0     0       0          0
1784745575 | enp139s0f0np0: 213045386332700 57703844679    0 2473    0     0          0    501046 158292498798425 41108387908    0    0    0     0       0          0
1784745576 | enp139s0f0np0: 213048849496938 57704686480    0 2473    0     0          0    501046 158292519085035 41108430946    0    0    0     0       0          0
1784745577 | enp139s0f0np0: 213052209085175 57705503618    0 2473    0     0          0    501046 158292538958942 41108475867    0    0    0     0       0          0
1784745578 | enp139s0f0np0: 213055497436603 57706303822    0 2473    0     0          0    501046 158292558576412 41108521820    0    0    0     0       0          0
1784745579 | enp139s0f0np0: 213058832246000 57707115315    0 2473    0     0          0    501046 158292578424228 41108567922    0    0    0     0       0          0
1784745580 | enp139s0f0np0: 213062052135870 57707899613    0 2473    0     0          0    501046 158292597659551 41108613536    0    0    0     0       0          0
1784745581 | enp139s0f0np0: 213065246677523 57708677515    0 2473    0     0          0    501046 158292616694833 41108658247    0    0    0     0       0          0
1784745582 | enp139s0f0np0: 213068445621211 57709455965    0 2473    0     0          0    501046 158292635790345 41108703430    0    0    0     0       0          0
1784745583 | enp139s0f0np0: 213071735531902 57710256475    0 2473    0     0          0    501046 158292655248690 41108746989    0    0    0     0       0          0
1784745584 | enp139s0f0np0: 213075157926046 57711088637    0 2473    0     0          0    501046 158292675453219 41108791804    0    0    0     0       0          0
1784745585 | enp139s0f0np0: 213078629228575 57711932356    0 2473    0     0          0    501046 158292695745824 41108834699    0    0    0     0       0          0
1784745586 | enp139s0f0np0: 213082022303470 57712757997    0 2473    0     0          0    501046 158292715852570 41108879697    0    0    0     0       0          0
1784745587 | enp139s0f0np0: 213085240390650 57713541649    0 2473    0     0          0    501046 158292735190675 41108927581    0    0    0     0       0          0
1784745588 | enp139s0f0np0: 213088547445131 57714346442    0 2473    0     0          0    501046 158292754953291 41108974262    0    0    0     0       0          0
1784745589 | enp139s0f0np0: 213091973385616 57715179515    0 2473    0     0          0    501046 158292775138176 41109018727    0    0    0     0       0          0
1784745590 | enp139s0f0np0: 213095334567241 57715997447    0 2473    0     0          0    501046 158292795047950 41109063919    0    0    0     0       0          0
1784745591 | enp139s0f0np0: 213098643497314 57716802315    0 2473    0     0          0    501046 158292814565178 41109106570    0    0    0     0       0          0
1784745592 | enp139s0f0np0: 213101896916655 57717594075    0 2473    0     0          0    501046 158292833922139 41109152005    0    0    0     0       0          0
1784745593 | enp139s0f0np0: 213105166250765 57718390091    0 2473    0     0          0    501046 158292853475649 41109198510    0    0    0     0       0          0
1784745594 | enp139s0f0np0: 213108596384230 57719223987    0 2473    0     0          0    501046 158292873628989 41109242087    0    0    0     0       0          0
1784745595 | enp139s0f0np0: 213111945058350 57720038650    0 2473    0     0          0    501046 158292893508418 41109287500    0    0    0     0       0          0
1784745596 | enp139s0f0np0: 213115351620860 57720867188    0 2473    0     0          0    501046 158292913472506 41109330430    0    0    0     0       0          0
1784745597 | enp139s0f0np0: 213118687457307 57721678742    0 2473    0     0          0    501046 158292933253103 41109374739    0    0    0     0       0          0
1784745598 | enp139s0f0np0: 213122145123592 57722519673    0 2473    0     0          0    501046 158292953504885 41109418156    0    0    0     0       0          0
1784745599 | enp139s0f0np0: 213125585165193 57723356198    0 2473    0     0          0    501046 158292973737765 41109461802    0    0    0     0       0          0
1784745600 | enp139s0f0np0: 213128928629999 57724169391    0 2473    0     0          0    501046 158292993544208 41109506695    0    0    0     0       0          0
1784745601 | enp139s0f0np0: 213132317178647 57724993543    0 2473    0     0          0    501046 158293013552122 41109551223    0    0    0     0       0          0
1784745602 | enp139s0f0np0: 213135609621289 57725794809    0 2473    0     0          0    501046 158293033114722 41109596249    0    0    0     0       0          0
1784745603 | enp139s0f0np0: 213138912597194 57726598687    0 2473    0     0          0    501046 158293052674531 41109640372    0    0    0     0       0          0
1784745604 | enp139s0f0np0: 213142277469148 57727417318    0 2473    0     0          0    501046 158293072588321 41109685320    0    0    0     0       0          0
1784745605 | enp139s0f0np0: 213145629849522 57728232949    0 2473    0     0          0    501047 158293092443829 41109730147    0    0    0     0       0          0
1784745606 | enp139s0f0np0: 213149096900794 57729075794    0 2473    0     0          0    501047 158293112815582 41109774158    0    0    0     0       0          0
1784745607 | enp139s0f0np0: 213152407392206 57729881339    0 2473    0     0          0    501047 158293132408251 41109818089    0    0    0     0       0          0
1784745608 | enp139s0f0np0: 213155753179823 57730695375    0 2473    0     0          0    501047 158293152165909 41109862347    0    0    0     0       0          0
1784745609 | enp139s0f0np0: 213159037295125 57731494820    0 2473    0     0          0    501047 158293171687300 41109907401    0    0    0     0       0          0
1784745610 | enp139s0f0np0: 213162313966598 57732292522    0 2473    0     0          0    501047 158293191228232 41109953418    0    0    0     0       0          0
1784745611 | enp139s0f0np0: 213165599964959 57733092473    0 2473    0     0          0    501047 158293210828172 41109999280    0    0    0     0       0          0
1784745612 | enp139s0f0np0: 213169033951575 57733927777    0 2473    0     0          0    501047 158293231163914 41110045109    0    0    0     0       0          0
1784745613 | enp139s0f0np0: 213172462840901 57734761391    0 2473    0     0          0    501047 158293251251150 41110087992    0    0    0     0       0          0
1784745614 | enp139s0f0np0: 213175873398562 57735590699    0 2473    0     0          0    501047 158293271365420 41110132532    0    0    0     0       0          0
1784745615 | enp139s0f0np0: 213179199542006 57736399823    0 2473    0     0          0    501047 158293290970588 41110176068    0    0    0     0       0          0
1784745616 | enp139s0f0np0: 213182505400335 57737203963    0 2473    0     0          0    501047 158293310686555 41110221723    0    0    0     0       0          0
1784745617 | enp139s0f0np0: 213185770604226 57737998504    0 2473    0     0          0    501047 158293330221834 41110268467    0    0    0     0       0          0
1784745618 | enp139s0f0np0: 213189034449844 57738793110    0 2473    0     0          0    501047 158293349643414 41110313712    0    0    0     0       0          0
1784745619 | enp139s0f0np0: 213192330424807 57739595381    0 2473    0     0          0    501047 158293369091327 41110356972    0    0    0     0       0          0
1784745620 | enp139s0f0np0: 213195597673348 57740390733    0 2473    0     0          0    501047 158293388579655 41110402456    0    0    0     0       0          0
1784745621 | enp139s0f0np0: 213198858094272 57741184412    0 2473    0     0          0    501047 158293408155135 41110450135    0    0    0     0       0          0
1784745622 | enp139s0f0np0: 213202132172097 57741981523    0 2473    0     0          0    501047 158293427755630 41110497145    0    0    0     0       0          0
1784745623 | enp139s0f0np0: 213205321150305 57742758090    0 2473    0     0          0    501047 158293446942469 41110544250    0    0    0     0       0          0
1784745624 | enp139s0f0np0: 213208527862067 57743539092    0 2473    0     0          0    501047 158293466206506 41110591639    0    0    0     0       0          0
1784745625 | enp139s0f0np0: 213211919205718 57744363102    0 2473    0     0          0    501047 158293486196138 41110635916    0    0    0     0       0          0
1784745626 | enp139s0f0np0: 213215483206190 57745229034    0 2473    0     0          0    501047 158293507280275 41110682730    0    0    0     0       0          0
1784745627 | enp139s0f0np0: 213218919633076 57746064683    0 2473    0     0          0    501047 158293527500873 41110727081    0    0    0     0       0          0
1784745628 | enp139s0f0np0: 213222280443536 57746882155    0 2473    0     0          0    501047 158293547394503 41110772214    0    0    0     0       0          0
1784745629 | enp139s0f0np0: 213225551744732 57747678244    0 2473    0     0          0    501047 158293566989805 41110819593    0    0    0     0       0          0
1784745630 | enp139s0f0np0: 213228967322381 57748508794    0 2473    0     0          0    501047 158293587159770 41110863879    0    0    0     0       0          0
1784745631 | enp139s0f0np0: 213232152379657 57749284103    0 2473    0     0          0    501047 158293606294631 41110910811    0    0    0     0       0          0
1784745632 | enp139s0f0np0: 213235520007765 57750103399    0 2473    0     0          0    501047 158293626243801 41110956196    0    0    0     0       0          0
1784745633 | enp139s0f0np0: 213238752744513 57750890150    0 2473    0     0          0    501047 158293645470834 41111000505    0    0    0     0       0          0
1784745634 | enp139s0f0np0: 213242171030570 57751721015    0 2473    0     0          0    501047 158293665602591 41111044846    0    0    0     0       0          0
1784745635 | enp139s0f0np0: 213245616613893 57752558992    0 2473    0     0          0    501048 158293685823140 41111088005    0    0    0     0       0          0
1784745636 | enp139s0f0np0: 213248999347447 57753381697    0 2473    0     0          0    501048 158293705773696 41111131664    0    0    0     0       0          0
1784745637 | enp139s0f0np0: 213252500521919 57754232628    0 2473    0     0          0    501048 158293726296828 41111176001    0    0    0     0       0          0
1784745638 | enp139s0f0np0: 213256022186321 57755088621    0 2473    0     0          0    501048 158293747003349 41111220382    0    0    0     0       0          0
1784745639 | enp139s0f0np0: 213259476962696 57755928089    0 2473    0     0          0    501048 158293767373301 41111265215    0    0    0     0       0          0
1784745640 | enp139s0f0np0: 213262964202190 57756775657    0 2473    0     0          0    501048 158293787904195 41111310381    0    0    0     0       0          0
1784745641 | enp139s0f0np0: 213266314283716 57757590554    0 2473    0     0          0    501048 158293807843419 41111356182    0    0    0     0       0          0
1784745642 | enp139s0f0np0: 213269630499513 57758397108    0 2473    0     0          0    501048 158293827588301 41111402279    0    0    0     0       0          0
1784745643 | enp139s0f0np0: 213273032715951 57759224514    0 2473    0     0          0    501048 158293847671391 41111447237    0    0    0     0       0          0
1784745644 | enp139s0f0np0: 213276409729602 57760045823    0 2473    0     0          0    501048 158293867735668 41111493341    0    0    0     0       0          0
1784745645 | enp139s0f0np0: 213279753663170 57760859350    0 2473    0     0          0    501048 158293887662538 41111539744    0    0    0     0       0          0
1784745646 | enp139s0f0np0: 213283009996429 57761651362    0 2473    0     0          0    501048 158293906797967 41111582109    0    0    0     0       0          0
