1784791195 | enp139s0f0np0: 241319374192033 65039685928    0 2473    0     0          0    502566 190265873952646 49289730479    0    0    0     0       0          0
1784791196 | enp139s0f0np0: 241319479162465 65039724301    0 2473    0     0          0    502566 190267565384802 49290137219    0    0    0     0       0          0
1784791197 | enp139s0f0np0: 241320023185347 65039886423    0 2473    0     0          0    502566 190271245769320 49291026506    0    0    0     0       0          0
1784791198 | enp139s0f0np0: 241320178708577 65039950000    0 2473    0     0          0    502566 190273514575404 49291575580    0    0    0     0       0          0
1784791199 | enp139s0f0np0: 241320279233937 65039992284    0 2473    0     0          0    502566 190274892304242 49291910094    0    0    0     0       0          0
1784791200 | enp139s0f0np0: 241321036318688 65040203970    0 2473    0     0          0    502566 190277770123608 49292610943    0    0    0     0       0          0
1784791201 | enp139s0f0np0: 241321306707759 65040295136    0 2473    0     0          0    502566 190280144847599 49293186220    0    0    0     0       0          0
1784791202 | enp139s0f0np0: 241321773755052 65040434023    0 2473    0     0          0    502566 190282558018644 49293773813    0    0    0     0       0          0
1784791203 | enp139s0f0np0: 241322148973191 65040555420    0 2473    0     0          0    502566 190285563003764 49294501501    0    0    0     0       0          0
1784791204 | enp139s0f0np0: 241322436611932 65040651269    0 2473    0     0          0    502566 190287771966499 49295037477    0    0    0     0       0          0
1784791205 | enp139s0f0np0: 241323044116361 65040829171    0 2473    0     0          0    502566 190291303803601 49295892446    0    0    0     0       0          0
1784791206 | enp139s0f0np0: 241323371730533 65040939665    0 2473    0     0          0    502566 190294640442762 49296698451    0    0    0     0       0          0
1784791207 | enp139s0f0np0: 241323735187176 65041042849    0 2473    0     0          0    502566 190295812644247 49296986511    0    0    0     0       0          0
1784791208 | enp139s0f0np0: 241324008856961 65041142488    0 2473    0     0          0    502567 190300082089406 49298013747    0    0    0     0       0          0
1784791209 | enp139s0f0np0: 241324497252982 65041279455    0 2473    0     0          0    502567 190301777308583 49298427582    0    0    0     0       0          0
1784791210 | enp139s0f0np0: 241325149075614 65041463435    0 2473    0     0          0    502567 190304314561635 49299045855    0    0    0     0       0          0
1784791211 | enp139s0f0np0: 241325254507418 65041510634    0 2473    0     0          0    502567 190306508318376 49299574722    0    0    0     0       0          0
1784791212 | enp139s0f0np0: 241325915730148 65041699042    0 2473    0     0          0    502567 190309436290786 49300286686    0    0    0     0       0          0
1784791213 | enp139s0f0np0: 241326043576498 65041759863    0 2473    0     0          0    502567 190312893143458 49301118376    0    0    0     0       0          0
1784791214 | enp139s0f0np0: 241326640216452 65041923937    0 2473    0     0          0    502567 190314460529052 49301503656    0    0    0     0       0          0
1784791215 | enp139s0f0np0: 241327136780974 65042075451    0 2473    0     0          0    502567 190317891367468 49302333311    0    0    0     0       0          0
1784791216 | enp139s0f0np0: 241327402693609 65042172268    0 2473    0     0          0    502567 190321524659686 49303209207    0    0    0     0       0          0
1784791217 | enp139s0f0np0: 241327473948403 65042204823    0 2473    0     0          0    502567 190322947717948 49303553243    0    0    0     0       0          0
1784791218 | enp139s0f0np0: 241327783712652 65042310644    0 2473    0     0          0    502567 190326685733260 49304453761    0    0    0     0       0          0
1784791219 | enp139s0f0np0: 241328266026535 65042451958    0 2473    0     0          0    502567 190328930593204 49305000399    0    0    0     0       0          0
1784791220 | enp139s0f0np0: 241328748363317 65042600585    0 2473    0     0          0    502567 190332642263909 49305896990    0    0    0     0       0          0
1784791221 | enp139s0f0np0: 241328998425485 65042684311    0 2473    0     0          0    502567 190334605860506 49306373196    0    0    0     0       0          0
1784791222 | enp139s0f0np0: 241329002645191 65042707244    0 2473    0     0          0    502567 190336791733330 49306899217    0    0    0     0       0          0
1784791223 | enp139s0f0np0: 241329007985233 65042735442    0 2473    0     0          0    502567 190339655231761 49307588286    0    0    0     0       0          0
1784791224 | enp139s0f0np0: 241329010271476 65042749023    0 2473    0     0          0    502567 190340759137231 49307854468    0    0    0     0       0          0
1784791225 | enp139s0f0np0: 241329013519232 65042767564    0 2473    0     0          0    502567 190342526176303 49308279245    0    0    0     0       0          0
1784791226 | enp139s0f0np0: 241329015949450 65042782268    0 2473    0     0          0    502567 190343730768655 49308569220    0    0    0     0       0          0
1784791227 | enp139s0f0np0: 241329018839598 65042800017    0 2473    0     0          0    502567 190345195348191 49308921844    0    0    0     0       0          0
1784791228 | enp139s0f0np0: 241329020323334 65042808752    0 2473    0     0          0    502567 190345889562761 49309089066    0    0    0     0       0          0
1784791229 | enp139s0f0np0: 241329022487038 65042821796    0 2473    0     0          0    502567 190346962848955 49309347432    0    0    0     0       0          0
1784791230 | enp139s0f0np0: 241329024073018 65042831315    0 2473    0     0          0    502567 190347684755137 49309521556    0    0    0     0       0          0
1784791231 | enp139s0f0np0: 241329025266821 65042837992    0 2473    0     0          0    502567 190348207866717 49309647670    0    0    0     0       0          0
1784791232 | enp139s0f0np0: 241329094887380 65042862174    0 2473    0     0          0    502567 190348764360816 49309783169    0    0    0     0       0          0
1784791233 | enp139s0f0np0: 241329097041089 65042874772    0 2473    0     0          0    502567 190349776812750 49310027300    0    0    0     0       0          0
1784791234 | enp139s0f0np0: 241329098118402 65042881228    0 2473    0     0          0    502567 190350255616228 49310142665    0    0    0     0       0          0
1784791235 | enp139s0f0np0: 241329100467495 65042895629    0 2473    0     0          0    502567 190351407457058 49310420093    0    0    0     0       0          0
1784791236 | enp139s0f0np0: 241329101626981 65042902596    0 2473    0     0          0    502567 190351944956134 49310549635    0    0    0     0       0          0
1784791237 | enp139s0f0np0: 241329177722544 65042937521    0 2473    0     0          0    502567 190353429773226 49310908696    0    0    0     0       0          0
1784791238 | enp139s0f0np0: 241329242586862 65042961147    0 2473    0     0          0    502568 190354047831112 49311058823    0    0    0     0       0          0
1784791239 | enp139s0f0np0: 241329244708149 65042974035    0 2473    0     0          0    502568 190355124359594 49311317931    0    0    0     0       0          0
1784791240 | enp139s0f0np0: 241329246116069 65042982303    0 2473    0     0          0    502568 190355747021384 49311468171    0    0    0     0       0          0
1784791241 | enp139s0f0np0: 241329247920570 65042993366    0 2473    0     0          0    502568 190356582366670 49311669472    0    0    0     0       0          0
1784791242 | enp139s0f0np0: 241329295204987 65043012395    0 2473    0     0          0    502568 190357150548029 49311807483    0    0    0     0       0          0
1784791243 | enp139s0f0np0: 241329387921914 65043046325    0 2473    0     0          0    502568 190358070013907 49312030714    0    0    0     0       0          0
1784791244 | enp139s0f0np0: 241329389898315 65043058055    0 2473    0     0          0    502568 190358948281023 49312242629    0    0    0     0       0          0
1784791245 | enp139s0f0np0: 241329392182071 65043072227    0 2473    0     0          0    502568 190360044305405 49312506559    0    0    0     0       0          0
1784791246 | enp139s0f0np0: 241329463051030 65043104596    0 2473    0     0          0    502568 190361251205419 49312798573    0    0    0     0       0          0
1784791247 | enp139s0f0np0: 241329464728713 65043114592    0 2473    0     0          0    502568 190362040701249 49312988767    0    0    0     0       0          0
1784791248 | enp139s0f0np0: 241329467095010 65043129233    0 2473    0     0          0    502568 190363220721389 49313272862    0    0    0     0       0          0
1784791249 | enp139s0f0np0: 241329469071565 65043140937    0 2473    0     0          0    502568 190364146139887 49313495876    0    0    0     0       0          0
1784791250 | enp139s0f0np0: 241329470512772 65043149991    0 2473    0     0          0    502568 190364828175481 49313660128    0    0    0     0       0          0
1784791251 | enp139s0f0np0: 241329473041079 65043165957    0 2473    0     0          0    502568 190366053862725 49313955346    0    0    0     0       0          0
1784791252 | enp139s0f0np0: 241329474524772 65043174997    0 2473    0     0          0    502568 190366715426714 49314114782    0    0    0     0       0          0
1784791253 | enp139s0f0np0: 241329545793595 65043208563    0 2473    0     0          0    502568 190367965344764 49314418215    0    0    0     0       0          0
1784791254 | enp139s0f0np0: 241329547942481 65043221771    0 2473    0     0          0    502568 190368969480274 49314660246    0    0    0     0       0          0
1784791255 | enp139s0f0np0: 241329549291635 65043230400    0 2473    0     0          0    502568 190369611972030 49314815036    0    0    0     0       0          0
1784791256 | enp139s0f0np0: 241329689004419 65043282274    0 2473    0     0          0    502568 190371117604686 49315180049    0    0    0     0       0          0
1784791257 | enp139s0f0np0: 241329690625591 65043291806    0 2473    0     0          0    502568 190371862128696 49315359469    0    0    0     0       0          0
1784791258 | enp139s0f0np0: 241329692579663 65043304087    0 2473    0     0          0    502568 190372829873850 49315592534    0    0    0     0       0          0
1784791259 | enp139s0f0np0: 241329694204619 65043314012    0 2473    0     0          0    502568 190373573067806 49315771657    0    0    0     0       0          0
1784791260 | enp139s0f0np0: 241329695898540 65043324758    0 2473    0     0          0    502568 190374418867658 49315975288    0    0    0     0       0          0
1784791261 | enp139s0f0np0: 241329698080147 65043337890    0 2473    0     0          0    502568 190375426210822 49316218164    0    0    0     0       0          0
1784791262 | enp139s0f0np0: 241329699391596 65043346009    0 2473    0     0          0    502568 190376044517721 49316367090    0    0    0     0       0          0
1784791263 | enp139s0f0np0: 241329954860911 65043423487    0 2473    0     0          0    502568 190377295924815 49316673049    0    0    0     0       0          0
1784791264 | enp139s0f0np0: 241329976830852 65043436747    0 2473    0     0          0    502568 190377906631729 49316820703    0    0    0     0       0          0
1784791265 | enp139s0f0np0: 241329978671663 65043447818    0 2473    0     0          0    502568 190378789870521 49317033469    0    0    0     0       0          0
1784791266 | enp139s0f0np0: 241329980069966 65043456263    0 2473    0     0          0    502568 190379450398161 49317192731    0    0    0     0       0          0
1784791267 | enp139s0f0np0: 241329981570798 65043464699    0 2473    0     0          0    502568 190380132877107 49317357379    0    0    0     0       0          0
1784791268 | enp139s0f0np0: 241329983542860 65043476734    0 2473    0     0          0    502569 190381054008225 49317579359    0    0    0     0       0          0
1784791269 | enp139s0f0np0: 241329985146925 65043486546    0 2473    0     0          0    502569 190381799346349 49317759013    0    0    0     0       0          0
1784791270 | enp139s0f0np0: 241329987022917 65043498436    0 2473    0     0          0    502569 190382751837671 49317988238    0    0    0     0       0          0
1784791271 | enp139s0f0np0: 241329988927978 65043510351    0 2473    0     0          0    502569 190383675074041 49318210662    0    0    0     0       0          0
1784791272 | enp139s0f0np0: 241329990421881 65043519552    0 2473    0     0          0    502569 190384320700410 49318366429    0    0    0     0       0          0
1784791273 | enp139s0f0np0: 241329991950284 65043528319    0 2473    0     0          0    502569 190384900164298 49318506930    0    0    0     0       0          0
1784791274 | enp139s0f0np0: 241329993446456 65043536936    0 2473    0     0          0    502569 190385567699252 49318668044    0    0    0     0       0          0
1784791275 | enp139s0f0np0: 241329995052427 65043547039    0 2473    0     0          0    502569 190386357759144 49318858210    0    0    0     0       0          0
1784791276 | enp139s0f0np0: 241329996684750 65043557123    0 2473    0     0          0    502569 190387175552364 49319054991    0    0    0     0       0          0
1784791277 | enp139s0f0np0: 241329998124454 65043565874    0 2473    0     0          0    502569 190387813392282 49319208777    0    0    0     0       0          0
1784791278 | enp139s0f0np0: 241330000003008 65043577519    0 2473    0     0          0    502569 190388728711346 49319429176    0    0    0     0       0          0
1784791279 | enp139s0f0np0: 241330001725476 65043587630    0 2473    0     0          0    502569 190389481973790 49319610811    0    0    0     0       0          0
1784791280 | enp139s0f0np0: 241330003240806 65043597139    0 2473    0     0          0    502569 190390214479096 49319787166    0    0    0     0       0          0
1784791281 | enp139s0f0np0: 241330005181984 65043608671    0 2473    0     0          0    502569 190391213033926 49320027457    0    0    0     0       0          0
1784791282 | enp139s0f0np0: 241330007268653 65043621001    0 2473    0     0          0    502569 190392228562465 49320272096    0    0    0     0       0          0
1784791283 | enp139s0f0np0: 241330008693080 65043629407    0 2473    0     0          0    502569 190392927153529 49320440307    0    0    0     0       0          0
1784791284 | enp139s0f0np0: 241330009871966 65043636650    0 2473    0     0          0    502569 190393472141875 49320571706    0    0    0     0       0          0
1784791285 | enp139s0f0np0: 241330079823561 65043663278    0 2473    0     0          0    502569 190394252363037 49320760886    0    0    0     0       0          0
1784791286 | enp139s0f0np0: 241330142870561 65043685819    0 2473    0     0          0    502569 190394841062047 49320903922    0    0    0     0       0          0
1784791287 | enp139s0f0np0: 241330151333034 65043698811    0 2473    0     0          0    502569 190395754801827 49321124270    0    0    0     0       0          0
1784791288 | enp139s0f0np0: 241330152953573 65043707669    0 2473    0     0          0    502569 190396433463755 49321288524    0    0    0     0       0          0
1784791289 | enp139s0f0np0: 241330154710221 65043718088    0 2473    0     0          0    502569 190397352646381 49321509852    0    0    0     0       0          0
1784791291 | enp139s0f0np0: 241330183061638 65043733342    0 2473    0     0          0    502569 190397995641829 49321665386    0    0    0     0       0          0
1784791292 | enp139s0f0np0: 241330225284064 65043748322    0 2473    0     0          0    502569 190398363131579 49321754762    0    0    0     0       0          0
1784791293 | enp139s0f0np0: 241330295263372 65043774755    0 2473    0     0          0    502569 190399105291646 49321934990    0    0    0     0       0          0
1784791294 | enp139s0f0np0: 241330296570654 65043781946    0 2473    0     0          0    502569 190399700460460 49322078535    0    0    0     0       0          0
1784791295 | enp139s0f0np0: 241330297776700 65043788876    0 2473    0     0          0    502569 190400280916298 49322218366    0    0    0     0       0          0
1784791296 | enp139s0f0np0: 241330299191693 65043796965    0 2473    0     0          0    502569 190400957397936 49322381302    0    0    0     0       0          0
1784791297 | enp139s0f0np0: 241330301376986 65043810280    0 2473    0     0          0    502569 190402057447280 49322646111    0    0    0     0       0          0
1784791298 | enp139s0f0np0: 241330371498785 65043837529    0 2473    0     0          0    502569 190402953150764 49322862947    0    0    0     0       0          0
1784791299 | enp139s0f0np0: 241330373188420 65043847140    0 2473    0     0          0    502570 190403813398538 49323070051    0    0    0     0       0          0
1784791300 | enp139s0f0np0: 241330442480813 65043872278    0 2473    0     0          0    502570 190404533116930 49323244871    0    0    0     0       0          0
1784791301 | enp139s0f0np0: 241330444153535 65043879211    0 2473    0     0          0    502570 190405033330970 49323365546    0    0    0     0       0          0
1784791302 | enp139s0f0np0: 241330445653742 65043887954    0 2473    0     0          0    502570 190405687747714 49323523382    0    0    0     0       0          0
1784791303 | enp139s0f0np0: 241330447084582 65043896293    0 2473    0     0          0    502570 190406334719219 49323679515    0    0    0     0       0          0
1784791304 | enp139s0f0np0: 241330517213743 65043923229    0 2473    0     0          0    502570 190407154828181 49323878624    0    0    0     0       0          0
1784791305 | enp139s0f0np0: 241330518524953 65043930545    0 2473    0     0          0    502570 190407728170741 49324016982    0    0    0     0       0          0
1784791306 | enp139s0f0np0: 241330520199450 65043939999    0 2473    0     0          0    502570 190408531190525 49324210642    0    0    0     0       0          0
1784791307 | enp139s0f0np0: 241330522140050 65043951635    0 2473    0     0          0    502570 190409483992112 49324440109    0    0    0     0       0          0
1784791308 | enp139s0f0np0: 241330525096988 65043970018    0 2473    0     0          0    502570 190410922346508 49324786650    0    0    0     0       0          0
1784791309 | enp139s0f0np0: 241330527675441 65043984702    0 2473    0     0          0    502570 190412018288968 49325051594    0    0    0     0       0          0
1784791310 | enp139s0f0np0: 241330529433514 65043995340    0 2473    0     0          0    502570 190412848272906 49325251599    0    0    0     0       0          0
1784791311 | enp139s0f0np0: 241330531530309 65044008347    0 2473    0     0          0    502570 190413853775144 49325493812    0    0    0     0       0          0
1784791312 | enp139s0f0np0: 241330532081537 65044011248    0 2473    0     0          0    502570 190414042685144 49325539533    0    0    0     0       0          0
1784791313 | enp139s0f0np0: 241330533457187 65044019693    0 2473    0     0          0    502570 190414621123351 49325679294    0    0    0     0       0          0
1784791314 | enp139s0f0np0: 241330788160669 65044091459    0 2473    0     0          0    502570 190415324464873 49325854190    0    0    0     0       0          0
1784791315 | enp139s0f0np0: 241330809512751 65044101124    0 2473    0     0          0    502570 190415658572871 49325935304    0    0    0     0       0          0
1784791316 | enp139s0f0np0: 241330811117608 65044110792    0 2473    0     0          0    502570 190416363081675 49326105313    0    0    0     0       0          0
1784791317 | enp139s0f0np0: 241330812578131 65044118764    0 2473    0     0          0    502570 190416985366303 49326255537    0    0    0     0       0          0
1784791318 | enp139s0f0np0: 241330813165352 65044121710    0 2473    0     0          0    502570 190417174300283 49326301328    0    0    0     0       0          0
1784791319 | enp139s0f0np0: 241330814268343 65044127663    0 2473    0     0          0    502570 190417581009836 49326399770    0    0    0     0       0          0
1784791320 | enp139s0f0np0: 241330815435182 65044134312    0 2473    0     0          0    502570 190418057339117 49326514997    0    0    0     0       0          0
1784791321 | enp139s0f0np0: 241330816505857 65044140075    0 2473    0     0          0    502570 190418499429567 49326621731    0    0    0     0       0          0
1784791322 | enp139s0f0np0: 241330817602234 65044146375    0 2473    0     0          0    502570 190419013973629 49326745716    0    0    0     0       0          0
1784791323 | enp139s0f0np0: 241330818499786 65044151684    0 2473    0     0          0    502570 190419413587856 49326842125    0    0    0     0       0          0
1784791324 | enp139s0f0np0: 241330819163121 65044155232    0 2473    0     0          0    502570 190419651048148 49326899533    0    0    0     0       0          0
1784791325 | enp139s0f0np0: 241330819896421 65044159324    0 2473    0     0          0    502570 190419922030594 49326965029    0    0    0     0       0          0
1784791326 | enp139s0f0np0: 241330820415958 65044162119    0 2473    0     0          0    502570 190420107271948 49327009794    0    0    0     0       0          0
1784791327 | enp139s0f0np0: 241330941746033 65044200070    0 2473    0     0          0    502570 190420738668434 49327164327    0    0    0     0       0          0
1784791328 | enp139s0f0np0: 241330959431657 65044208924    0 2473    0     0          0    502570 190421085300278 49327248354    0    0    0     0       0          0
1784791329 | enp139s0f0np0: 241330960450007 65044214819    0 2473    0     0          0    502571 190421508413518 49327350444    0    0    0     0       0          0
1784791330 | enp139s0f0np0: 241330961096668 65044218279    0 2473    0     0          0    502571 190421744245428 49327407415    0    0    0     0       0          0
1784791331 | enp139s0f0np0: 241330962109407 65044224479    0 2473    0     0          0    502571 190422188922824 49327514642    0    0    0     0       0          0
1784791332 | enp139s0f0np0: 241330962947935 65044229435    0 2473    0     0          0    502571 190422517047872 49327593848    0    0    0     0       0          0
1784791333 | enp139s0f0np0: 241330963941983 65044235192    0 2473    0     0          0    502571 190422952388555 49327698817    0    0    0     0       0          0
1784791334 | enp139s0f0np0: 241330964808739 65044240309    0 2473    0     0          0    502571 190423319427913 49327787299    0    0    0     0       0          0
1784791335 | enp139s0f0np0: 241330965990788 65044247285    0 2473    0     0          0    502571 190423853490803 49327916053    0    0    0     0       0          0
1784791336 | enp139s0f0np0: 241330967147320 65044253900    0 2473    0     0          0    502571 190424331373439 49328031576    0    0    0     0       0          0
1784791337 | enp139s0f0np0: 241330984082630 65044263179    0 2473    0     0          0    502571 190424700170097 49328121007    0    0    0     0       0          0
1784791338 | enp139s0f0np0: 241331107152613 65044306655    0 2473    0     0          0    502571 190425817102321 49328392463    0    0    0     0       0          0
1784791339 | enp139s0f0np0: 241331177029046 65044332220    0 2473    0     0          0    502571 190426475011509 49328552520    0    0    0     0       0          0
1784791340 | enp139s0f0np0: 241331178290067 65044339746    0 2473    0     0          0    502571 190427015542147 49328683019    0    0    0     0       0          0
1784791341 | enp139s0f0np0: 241331179395446 65044346371    0 2473    0     0          0    502571 190427475505479 49328794086    0    0    0     0       0          0
1784791342 | enp139s0f0np0: 241331249708424 65044374558    0 2473    0     0          0    502571 190428262763761 49328985998    0    0    0     0       0          0
1784791343 | enp139s0f0np0: 241331252000433 65044387806    0 2473    0     0          0    502571 190429229043096 49329219428    0    0    0     0       0          0
1784791344 | enp139s0f0np0: 241331282928424 65044406067    0 2473    0     0          0    502571 190429980350188 49329402531    0    0    0     0       0          0
1784791345 | enp139s0f0np0: 241331394671769 65044453823    0 2473    0     0          0    502571 190431829342266 49329850184    0    0    0     0       0          0
1784791346 | enp139s0f0np0: 241331396251945 65044462999    0 2473    0     0          0    502571 190432567982900 49330028273    0    0    0     0       0          0
1784791347 | enp139s0f0np0: 241331397469682 65044469896    0 2473    0     0          0    502571 190433042469518 49330142920    0    0    0     0       0          0
1784791348 | enp139s0f0np0: 241331466889285 65044492968    0 2473    0     0          0    502571 190433498520740 49330254229    0    0    0     0       0          0
1784791349 | enp139s0f0np0: 241331467907198 65044498931    0 2473    0     0          0    502571 190433945599674 49330362193    0    0    0     0       0          0
1784791350 | enp139s0f0np0: 241331490965924 65044518043    0 2473    0     0          0    502571 190434903575797 49330593874    0    0    0     0       0          0
1784791351 | enp139s0f0np0: 241331539770568 65044537922    0 2473    0     0          0    502571 190435485790690 49330735039    0    0    0     0       0          0
1784791352 | enp139s0f0np0: 241331610010605 65044566424    0 2473    0     0          0    502571 190436350393900 49330944783    0    0    0     0       0          0
1784791353 | enp139s0f0np0: 241331611260022 65044574066    0 2473    0     0          0    502571 190436911380943 49331079999    0    0    0     0       0          0
1784791354 | enp139s0f0np0: 241331613372792 65044587597    0 2473    0     0          0    502571 190437955103591 49331331274    0    0    0     0       0          0
1784791355 | enp139s0f0np0: 241331614413359 65044594136    0 2473    0     0          0    502571 190438446707925 49331449748    0    0    0     0       0          0
1784791356 | enp139s0f0np0: 241331616213490 65044605154    0 2473    0     0          0    502571 190439246545303 49331642833    0    0    0     0       0          0
1784791357 | enp139s0f0np0: 241331617184921 65044610894    0 2473    0     0          0    502571 190439678698387 49331747090    0    0    0     0       0          0
1784791358 | enp139s0f0np0: 241331618486053 65044618721    0 2473    0     0          0    502571 190440245356315 49331883845    0    0    0     0       0          0
1784791359 | enp139s0f0np0: 241331619652820 65044625693    0 2473    0     0          0    502572 190440730965699 49332001214    0    0    0     0       0          0
1784791360 | enp139s0f0np0: 241331620145976 65044628510    0 2473    0     0          0    502572 190440904920367 49332043298    0    0    0     0       0          0
1784791361 | enp139s0f0np0: 241331621354165 65044635604    0 2473    0     0          0    502572 190441442743279 49332173070    0    0    0     0       0          0
1784791362 | enp139s0f0np0: 241331622147372 65044640223    0 2473    0     0          0    502572 190441778869099 49332254188    0    0    0     0       0          0
1784791363 | enp139s0f0np0: 241331623111454 65044646125    0 2473    0     0          0    502572 190442208613972 49332357854    0    0    0     0       0          0
1784791364 | enp139s0f0np0: 241331623855594 65044649903    0 2473    0     0          0    502572 190442459755506 49332418738    0    0    0     0       0          0
1784791365 | enp139s0f0np0: 241331759311037 65044694732    0 2473    0     0          0    502572 190443322791974 49332629477    0    0    0     0       0          0
1784791366 | enp139s0f0np0: 241331764299341 65044706408    0 2473    0     0          0    502572 190444122657576 49332822554    0    0    0     0       0          0
1784791367 | enp139s0f0np0: 241331766258716 65044717784    0 2473    0     0          0    502572 190444956204592 49333023872    0    0    0     0       0          0
1784791368 | enp139s0f0np0: 241331848272075 65044753261    0 2473    0     0          0    502572 190446235679034 49333334754    0    0    0     0       0          0
1784791369 | enp139s0f0np0: 241332045432872 65044816586    0 2473    0     0          0    502572 190447487864448 49333640522    0    0    0     0       0          0
1784791370 | enp139s0f0np0: 241332074195205 65044836383    0 2473    0     0          0    502572 190448464101122 49333877094    0    0    0     0       0          0
1784791371 | enp139s0f0np0: 241332117652130 65044855251    0 2473    0     0          0    502572 190449134907386 49334039761    0    0    0     0       0          0
1784791372 | enp139s0f0np0: 241332119361088 65044864593    0 2473    0     0          0    502572 190449976526796 49334242222    0    0    0     0       0          0
1784791373 | enp139s0f0np0: 241332120465231 65044870708    0 2473    0     0          0    502572 190450411913707 49334347612    0    0    0     0       0          0
1784791374 | enp139s0f0np0: 241332121866275 65044878713    0 2473    0     0          0    502572 190450964579633 49334481347    0    0    0     0       0          0
1784791375 | enp139s0f0np0: 241332122760984 65044883655    0 2473    0     0          0    502572 190451318358581 49334566817    0    0    0     0       0          0
1784791376 | enp139s0f0np0: 241332123840059 65044889685    0 2473    0     0          0    502572 190451754962991 49334672563    0    0    0     0       0          0
1784791377 | enp139s0f0np0: 241332261144038 65044926067    0 2473    0     0          0    502572 190451928746011 49334717431    0    0    0     0       0          0
1784791378 | enp139s0f0np0: 241332261372631 65044926432    0 2473    0     0          0    502572 190451928853111 49334717779    0    0    0     0       0          0
1784791379 | enp139s0f0np0: 241332261613749 65044926852    0 2473    0     0          0    502572 190451928990643 49334718215    0    0    0     0       0          0
1784791380 | enp139s0f0np0: 241332261874120 65044927400    0 2473    0     0          0    502572 190451929174141 49334718793    0    0    0     0       0          0
1784791381 | enp139s0f0np0: 241332330561364 65044945450    0 2473    0     0          0    502572 190451997810917 49334736890    0    0    0     0       0          0
1784791382 | enp139s0f0np0: 241332330812122 65044946043    0 2473    0     0          0    502572 190451998012199 49334737525    0    0    0     0       0          0
1784791383 | enp139s0f0np0: 241332399578482 65044964399    0 2473    0     0          0    502572 190452066768762 49334755960    0    0    0     0       0          0
1784791384 | enp139s0f0np0: 241332399891217 65044965020    0 2473    0     0          0    502572 190452066969252 49334756583    0    0    0     0       0          0
1784791385 | enp139s0f0np0: 241332400470602 65044966543    0 2473    0     0          0    502572 190452067508803 49334758095    0    0    0     0       0          0
1784791386 | enp139s0f0np0: 241332400692230 65044966877    0 2473    0     0          0    502572 190452067617552 49334758374    0    0    0     0       0          0
1784791387 | enp139s0f0np0: 241332400808551 65044966985    0 2473    0     0          0    502572 190452067640604 49334758459    0    0    0     0       0          0
1784791388 | enp139s0f0np0: 241332400932381 65044967070    0 2473    0     0          0    502572 190452067654230 49334758510    0    0    0     0       0          0
1784791389 | enp139s0f0np0: 241332401019574 65044967130    0 2473    0     0          0    502573 190452067663116 49334758541    0    0    0     0       0          0
1784791390 | enp139s0f0np0: 241332401139919 65044967210    0 2473    0     0          0    502573 190452067677018 49334758591    0    0    0     0       0          0
1784791391 | enp139s0f0np0: 241332401318904 65044967453    0 2473    0     0          0    502573 190452067750776 49334758838    0    0    0     0       0          0
1784791392 | enp139s0f0np0: 241332401667091 65044968201    0 2473    0     0          0    502573 190452068027388 49334759588    0    0    0     0       0          0
1784791393 | enp139s0f0np0: 241332401947904 65044968828    0 2473    0     0          0    502573 190452068238747 49334760229    0    0    0     0       0          0
1784791394 | enp139s0f0np0: 241332402208571 65044969256    0 2473    0     0          0    502573 190452068378571 49334760679    0    0    0     0       0          0
1784791395 | enp139s0f0np0: 241332402553812 65044970003    0 2473    0     0          0    502573 190452068620983 49334761402    0    0    0     0       0          0
1784791396 | enp139s0f0np0: 241332540088141 65045006934    0 2473    0     0          0    502573 190452206174003 49334798336    0    0    0     0       0          0
1784791397 | enp139s0f0np0: 241332574940638 65045016676    0 2473    0     0          0    502573 190452240957357 49334808054    0    0    0     0       0          0
1784791398 | enp139s0f0np0: 241332609339643 65045026423    0 2473    0     0          0    502573 190452275269995 49334817765    0    0    0     0       0          0
1784791399 | enp139s0f0np0: 241332609617557 65045027030    0 2473    0     0          0    502573 190452275458245 49334818358    0    0    0     0       0          0
1784791400 | enp139s0f0np0: 241332678421462 65045045470    0 2473    0     0          0    502573 190452344196703 49334836752    0    0    0     0       0          0
1784791401 | enp139s0f0np0: 241332699022220 65045051216    0 2473    0     0          0    502573 190452364414254 49334842404    0    0    0     0       0          0
1784791402 | enp139s0f0np0: 241332791033435 65045076144    0 2473    0     0          0    502573 190452456645675 49334867423    0    0    0     0       0          0
1784791403 | enp139s0f0np0: 241332816328323 65045083055    0 2473    0     0          0    502573 190452481927794 49334874338    0    0    0     0       0          0
1784791404 | enp139s0f0np0: 241332837833248 65045089415    0 2473    0     0          0    502573 190452503109494 49334880640    0    0    0     0       0          0
1784791405 | enp139s0f0np0: 241332885555353 65045102575    0 2473    0     0          0    502573 190452551048542 49334893853    0    0    0     0       0          0
1784791406 | enp139s0f0np0: 241332885908549 65045103374    0 2473    0     0          0    502573 190452551300008 49334894611    0    0    0     0       0          0
1784791407 | enp139s0f0np0: 241332886230069 65045104121    0 2473    0     0          0    502573 190452551534518 49334895309    0    0    0     0       0          0
1784791408 | enp139s0f0np0: 241333073664201 65045153702    0 2473    0     0          0    502573 190452738803644 49334944886    0    0    0     0       0          0
1784791409 | enp139s0f0np0: 241333160863603 65045176787    0 2473    0     0          0    502573 190452826242806 49334967968    0    0    0     0       0          0
1784791410 | enp139s0f0np0: 241333161401392 65045178317    0 2473    0     0          0    502573 190452826757374 49334969470    0    0    0     0       0          0
1784791411 | enp139s0f0np0: 241333161783700 65045179197    0 2473    0     0          0    502573 190452827064812 49334970305    0    0    0     0       0          0
1784791412 | enp139s0f0np0: 241333162165244 65045180169    0 2473    0     0          0    502573 190452827393552 49334971263    0    0    0     0       0          0
1784791413 | enp139s0f0np0: 241333162431308 65045180827    0 2473    0     0          0    502573 190452827618333 49334971886    0    0    0     0       0          0
1784791414 | enp139s0f0np0: 241333162719030 65045181504    0 2473    0     0          0    502573 190452827836265 49334972566    0    0    0     0       0          0
1784791415 | enp139s0f0np0: 241333231490036 65045199916    0 2473    0     0          0    502573 190452896589063 49334991010    0    0    0     0       0          0
1784791416 | enp139s0f0np0: 241333231714775 65045200448    0 2473    0     0          0    502573 190452896743905 49334991501    0    0    0     0       0          0
1784791417 | enp139s0f0np0: 241333232067262 65045201405    0 2473    0     0          0    502573 190452897018153 49334992314    0    0    0     0       0          0
1784791418 | enp139s0f0np0: 241333232355509 65045202067    0 2473    0     0          0    502573 190452897189981 49334992824    0    0    0     0       0          0
1784791419 | enp139s0f0np0: 241333369623005 65045238289    0 2473    0     0          0    502574 190453034435519 49335028863    0    0    0     0       0          0
1784791420 | enp139s0f0np0: 241333370480306 65045240867    0 2473    0     0          0    502574 190453035280235 49335031310    0    0    0     0       0          0
1784791421 | enp139s0f0np0: 241333439227416 65045259276    0 2473    0     0          0    502574 190453104000303 49335049643    0    0    0     0       0          0
1784791422 | enp139s0f0np0: 241333508326711 65045278716    0 2473    0     0          0    502574 190453173077761 49335068970    0    0    0     0       0          0
1784791423 | enp139s0f0np0: 241333714129670 65045332830    0 2473    0     0          0    502574 190453378934978 49335123052    0    0    0     0       0          0
1784791424 | enp139s0f0np0: 241333714474440 65045333691    0 2473    0     0          0    502574 190453379180096 49335123776    0    0    0     0       0          0
1784791425 | enp139s0f0np0: 241333714966120 65045335093    0 2473    0     0          0    502574 190453379606762 49335125047    0    0    0     0       0          0
1784791426 | enp139s0f0np0: 241333715187513 65045335694    0 2473    0     0          0    502574 190453379755436 49335125486    0    0    0     0       0          0
1784791427 | enp139s0f0np0: 241333716188250 65045338810    0 2473    0     0          0    502574 190453380789448 49335128469    0    0    0     0       0          0
1784791428 | enp139s0f0np0: 241333716631164 65045339901    0 2473    0     0          0    502574 190453381117724 49335129418    0    0    0     0       0          0
1784791429 | enp139s0f0np0: 241333914197735 65045392128    0 2473    0     0          0    502574 190453578759806 49335181487    0    0    0     0       0          0
1784791430 | enp139s0f0np0: 241333922906597 65045395406    0 2473    0     0          0    502574 190453587420182 49335184620    0    0    0     0       0          0
1784791431 | enp139s0f0np0: 241333923083250 65045395732    0 2473    0     0          0    502574 190453587469286 49335184794    0    0    0     0       0          0
1784791432 | enp139s0f0np0: 241333923588619 65045397248    0 2473    0     0          0    502574 190453587941960 49335186178    0    0    0     0       0          0
1784791433 | enp139s0f0np0: 241334061149328 65045434471    0 2473    0     0          0    502574 190453725563869 49335223261    0    0    0     0       0          0
1784791434 | enp139s0f0np0: 241334061561331 65045435651    0 2473    0     0          0    502574 190453725920678 49335224329    0    0    0     0       0          0
1784791435 | enp139s0f0np0: 241334252737097 65045488674    0 2473    0     0          0    502574 190453917060165 49335277357    0    0    0     0       0          0
1784791436 | enp139s0f0np0: 241334578375367 65045577121    0 2473    0     0          0    502574 190454243045012 49335365589    0    0    0     0       0          0
