hints = 1
Maintaining 16 concurrent writes of 262144 bytes to objects of size 262144 for up to 60 seconds or 0 objects
Object prefix: benchmark_data_tikv-node_48347
  sec Cur ops   started  finished  avg MB/s  cur MB/s last lat(s)  avg lat(s)
    0       0         0         0         0         0           -           0
    1      16       458       442   110.483     110.5   0.0630683   0.0354165
    2      16       908       892   111.482     112.5   0.0327968   0.0355228
    3      16      1338      1322   110.149     107.5   0.0476313   0.0359472
    4      16      1782      1766   110.358       111   0.0334618   0.0360516
    5      16      2230      2214   110.683       112   0.0183845   0.0359358
    6      16      2683      2667   111.108    113.25   0.0183823   0.0358932
    7      16      3129      3113   111.162     111.5   0.0415443   0.0358646
    8      16      3579      3563   111.327     112.5   0.0271528    0.035844
    9      16      3820      3804   105.651     60.25   0.0419095   0.0377694
   10      16      4255      4239   105.959    108.75    0.032476   0.0376418
   11      16      4693      4677    106.28     109.5   0.0157524    0.037479
   12      16      5137      5121   106.672       111   0.0174135   0.0374306
   13      16      5342      5326   102.408     51.25   0.0461802   0.0389514
   14      16      5494      5478   97.8071        38   0.0215337   0.0408319
   15      16      5748      5732   95.5193      63.5   0.0184073   0.0417374
   16      16      5959      5943   92.8457     52.75   0.0185371   0.0430092
   17      16      6148      6132   90.1633     47.25   0.0190744   0.0441476
   18      16      6361      6345   88.1122     53.25    0.018636   0.0452052
   19      16      6579      6563   86.3429      54.5   0.0806817    0.046135
2026-07-06T17:43:20.054213+0800 min lat: 0.00726035 max lat: 1.07018 avg lat: 0.0471578
  sec Cur ops   started  finished  avg MB/s  cur MB/s last lat(s)  avg lat(s)
   20      16      6777      6761   84.5004      49.5   0.0126327   0.0471578
   21      16      6980      6964   82.8925     50.75   0.0494775   0.0480805
   22      16      7198      7182   81.6015      54.5   0.0128241   0.0489149
   23      16      7408      7392   80.3359      52.5   0.0173226   0.0497354
   24      16      7611      7595   79.1028     50.75   0.0105854   0.0505098
   25      16      7815      7799   77.9784        51   0.0155214   0.0506776
   26      16      7894      7878   75.7387     19.75   0.0239137   0.0526963
   27      16      8205      8189   75.8127     77.75   0.0201077   0.0526683
   28      16      8405      8389   74.8906        50    0.043749   0.0533147
   29      16      8616      8600   74.1268     52.75   0.0282158   0.0538901
   30      16      8831      8815   73.4473     53.75   0.0315487   0.0543692
   31      16      9030      9014   72.6826     49.75   0.0655731   0.0549225
   32      16      9245      9229   72.0906     53.75   0.0184646   0.0554332
   33      16      9450      9434   71.4588     51.25   0.0699688   0.0558766
   34      16      9666      9650   70.9451        54   0.0373897   0.0563371
   35      16      9859      9843   70.2965     48.25   0.0204762   0.0567864
   36      16     10081     10065   69.8852      55.5   0.0126622   0.0572005
   37      16     10287     10271   69.3881      51.5   0.0369854    0.057528
   38      16     10501     10485   68.9698      53.5    0.097468   0.0579433
   39      16     10705     10689   68.5088        51   0.0130651   0.0583441
2026-07-06T17:43:40.057428+0800 min lat: 0.00705682 max lat: 1.4023 avg lat: 0.0586871
  sec Cur ops   started  finished  avg MB/s  cur MB/s last lat(s)  avg lat(s)
   40      16     10916     10900   68.1147     52.75   0.0124277   0.0586871
   41      16     11129     11113   67.7518     53.25   0.0313306   0.0589667
   42      16     11330     11314   67.3349     50.25   0.0210873   0.0593209
   43      16     11538     11522    66.978        52   0.0361062   0.0596563
   44      16     11748     11732   66.6488      52.5   0.0214137   0.0599621
   45      16     11950     11934   66.2898      50.5   0.0908825     0.06029
   46      16     12137     12121   65.8649     46.75   0.0195199     0.06065
   47      16     12341     12325   65.5485        51   0.0939106   0.0609453
   48      16     12543     12527   65.2347      50.5   0.0194394   0.0612363
   49      16     12754     12738   64.9798     52.75   0.0134203   0.0615076
   50      16     12957     12941    64.695     50.75   0.0180801   0.0617924
   51      16     13153     13137   64.3871        49   0.0658713   0.0619824
   52      16     13348     13332   64.0862     48.75   0.0504697   0.0623264
   53      16     13565     13549   63.9005     54.25   0.0143661   0.0625529
   54      16     13773     13757   63.6799        52   0.0191212   0.0627237
   55      16     13894     13878    63.072     30.25   0.0496162   0.0633914
   56      16     14143     14127   63.0572     62.25   0.0122505   0.0633747
   57      16     14360     14344   62.9025     54.25   0.0179564   0.0635227
   58      16     14571     14555   62.7273     52.75   0.0180493   0.0637037
   59      16     14776     14760   62.5327     51.25   0.0967253   0.0639566
2026-07-06T17:44:00.060664+0800 min lat: 0.00705682 max lat: 1.4023 avg lat: 0.064119
  sec Cur ops   started  finished  avg MB/s  cur MB/s last lat(s)  avg lat(s)
   60      16     14973     14957   62.3112     49.25   0.0430071    0.064119
Total time run:         60.0259
Total writes made:      14973
Write size:             262144
Object size:            262144
Bandwidth (MB/sec):     62.3606
Stddev Bandwidth:       24.2402
Max bandwidth (MB/sec): 113.25
Min bandwidth (MB/sec): 19.75
Average IOPS:           249
Stddev IOPS:            96.9606
Max IOPS:               453
Min IOPS:               79
Average Latency(s):     0.0641369
Stddev Latency(s):      0.0652417
Max latency(s):         1.4023
Min latency(s):         0.00705682
Cleaning up (deleting benchmark objects)
Removed 14973 objects
Clean up completed and total clean up time :16.3355
