1784761364 | enp139s0f0np0: 224352265829450 60642250136    0 2473    0     0          0    501572 171583006141812 44511858579    0    0    0     0       0          0
1784761365 | enp139s0f0np0: 224352975188625 60642436144    0 2473    0     0          0    501572 171583733203543 44512049454    0    0    0     0       0          0
1784761366 | enp139s0f0np0: 224354642071155 60642859140    0 2473    0     0          0    501572 171585399948297 44512475668    0    0    0     0       0          0
1784761367 | enp139s0f0np0: 224356304483956 60643280248    0 2473    0     0          0    501572 171587051798346 44512897895    0    0    0     0       0          0
1784761368 | enp139s0f0np0: 224357925728448 60643692209    0 2473    0     0          0    501572 171588613319582 44513300275    0    0    0     0       0          0
1784761369 | enp139s0f0np0: 224359540703553 60644102838    0 2473    0     0          0    501572 171590228394500 44513713542    0    0    0     0       0          0
1784761370 | enp139s0f0np0: 224361123564938 60644505001    0 2473    0     0          0    501572 171591841362287 44514126265    0    0    0     0       0          0
1784761371 | enp139s0f0np0: 224362748354076 60644918503    0 2473    0     0          0    501572 171593510964373 44514553536    0    0    0     0       0          0
1784761372 | enp139s0f0np0: 224364381258392 60645334005    0 2473    0     0          0    501572 171595155154470 44514974812    0    0    0     0       0          0
1784761373 | enp139s0f0np0: 224366015826583 60645748670    0 2473    0     0          0    501572 171596790087871 44515393627    0    0    0     0       0          0
1784761374 | enp139s0f0np0: 224367702885641 60646177010    0 2473    0     0          0    501572 171598514935195 44515833850    0    0    0     0       0          0
1784761375 | enp139s0f0np0: 224369409665437 60646610388    0 2473    0     0          0    501572 171600232853076 44516272855    0    0    0     0       0          0
1784761376 | enp139s0f0np0: 224371086490152 60647036739    0 2473    0     0          0    501572 171601947439611 44516711425    0    0    0     0       0          0
1784761377 | enp139s0f0np0: 224372742266034 60647457147    0 2473    0     0          0    501572 171603592338944 44517133753    0    0    0     0       0          0
1784761378 | enp139s0f0np0: 224374374756052 60647871541    0 2473    0     0          0    501572 171605215188151 44517549341    0    0    0     0       0          0
1784761379 | enp139s0f0np0: 224376015184528 60648288157    0 2473    0     0          0    501572 171606885759162 44517976322    0    0    0     0       0          0
1784761380 | enp139s0f0np0: 224377675668128 60648711188    0 2473    0     0          0    501572 171608564596317 44518406577    0    0    0     0       0          0
1784761381 | enp139s0f0np0: 224379301868576 60649124864    0 2473    0     0          0    501572 171610175996360 44518821743    0    0    0     0       0          0
1784761382 | enp139s0f0np0: 224380966281080 60649547985    0 2473    0     0          0    501572 171611814971664 44519243347    0    0    0     0       0          0
1784761383 | enp139s0f0np0: 224382604197687 60649964346    0 2473    0     0          0    501572 171613395484684 44519650198    0    0    0     0       0          0
1784761384 | enp139s0f0np0: 224384223920555 60650376674    0 2473    0     0          0    501572 171615049577147 44520073938    0    0    0     0       0          0
1784761385 | enp139s0f0np0: 224385847824069 60650790153    0 2473    0     0          0    501572 171616674997785 44520490800    0    0    0     0       0          0
1784761386 | enp139s0f0np0: 224387522606469 60651215753    0 2473    0     0          0    501573 171618337222193 44520915700    0    0    0     0       0          0
1784761387 | enp139s0f0np0: 224389199801526 60651641533    0 2473    0     0          0    501573 171620006348659 44521343255    0    0    0     0       0          0
1784761388 | enp139s0f0np0: 224390791947543 60652047160    0 2473    0     0          0    501573 171621612069276 44521756064    0    0    0     0       0          0
1784761389 | enp139s0f0np0: 224392461531821 60652471475    0 2473    0     0          0    501573 171623224125653 44522171016    0    0    0     0       0          0
1784761390 | enp139s0f0np0: 224394154586583 60652901999    0 2473    0     0          0    501573 171624910310846 44522602977    0    0    0     0       0          0
1784761391 | enp139s0f0np0: 224395872470967 60653338410    0 2473    0     0          0    501573 171626578127611 44523030736    0    0    0     0       0          0
1784761392 | enp139s0f0np0: 224397560557899 60653768105    0 2473    0     0          0    501573 171628258352999 44523461002    0    0    0     0       0          0
1784761393 | enp139s0f0np0: 224399286680820 60654207019    0 2473    0     0          0    501573 171629938928664 44523891426    0    0    0     0       0          0
1784761394 | enp139s0f0np0: 224401063458254 60654657250    0 2473    0     0          0    501573 171631721459865 44524345499    0    0    0     0       0          0
1784761395 | enp139s0f0np0: 224402733813524 60655082173    0 2473    0     0          0    501573 171633418984888 44524779898    0    0    0     0       0          0
1784761396 | enp139s0f0np0: 224404415801078 60655510276    0 2473    0     0          0    501573 171635100610586 44525210982    0    0    0     0       0          0
1784761397 | enp139s0f0np0: 224406173012932 60655955689    0 2473    0     0          0    501573 171636810357867 44525647886    0    0    0     0       0          0
1784761398 | enp139s0f0np0: 224407816585364 60656373312    0 2473    0     0          0    501573 171638474903098 44526074824    0    0    0     0       0          0
1784761399 | enp139s0f0np0: 224409407588094 60656778138    0 2473    0     0          0    501573 171640099728252 44526492365    0    0    0     0       0          0
1784761400 | enp139s0f0np0: 224410798510697 60657133338    0 2473    0     0          0    501573 171641510407636 44526856498    0    0    0     0       0          0
1784761401 | enp139s0f0np0: 224412286535153 60657512192    0 2473    0     0          0    501573 171642956603350 44527232050    0    0    0     0       0          0
1784761402 | enp139s0f0np0: 224413779771962 60657892647    0 2473    0     0          0    501573 171644449508103 44527618280    0    0    0     0       0          0
1784761403 | enp139s0f0np0: 224415205023505 60658256298    0 2473    0     0          0    501573 171645853765403 44527982956    0    0    0     0       0          0
1784761404 | enp139s0f0np0: 224416678276288 60658632496    0 2473    0     0          0    501573 171647309189857 44528359913    0    0    0     0       0          0
1784761405 | enp139s0f0np0: 224418124259570 60659001653    0 2473    0     0          0    501573 171648795320090 44528743113    0    0    0     0       0          0
1784761406 | enp139s0f0np0: 224419573568981 60659372238    0 2473    0     0          0    501573 171650272161866 44529125129    0    0    0     0       0          0
1784761407 | enp139s0f0np0: 224421060999025 60659751848    0 2473    0     0          0    501573 171651720486458 44529500380    0    0    0     0       0          0
1784761408 | enp139s0f0np0: 224422503797623 60660120380    0 2473    0     0          0    501573 171653222841902 44529888035    0    0    0     0       0          0
1784761409 | enp139s0f0np0: 224423906832494 60660478902    0 2473    0     0          0    501573 171654633604679 44530253246    0    0    0     0       0          0
1784761410 | enp139s0f0np0: 224425322714082 60660841162    0 2473    0     0          0    501573 171656063563942 44530623253    0    0    0     0       0          0
1784761411 | enp139s0f0np0: 224426761339658 60661207882    0 2473    0     0          0    501573 171657477831503 44530989772    0    0    0     0       0          0
1784761412 | enp139s0f0np0: 224428252440304 60661588215    0 2473    0     0          0    501573 171658967467629 44531374357    0    0    0     0       0          0
1784761413 | enp139s0f0np0: 224429779948302 60661976683    0 2473    0     0          0    501573 171660487606664 44531766155    0    0    0     0       0          0
1784761414 | enp139s0f0np0: 224431282277575 60662359759    0 2473    0     0          0    501573 171662011883799 44532158584    0    0    0     0       0          0
1784761415 | enp139s0f0np0: 224432743230459 60662733204    0 2473    0     0          0    501573 171663478879456 44532537693    0    0    0     0       0          0
1784761416 | enp139s0f0np0: 224434189718327 60663102326    0 2473    0     0          0    501574 171664940877792 44532915055    0    0    0     0       0          0
1784761417 | enp139s0f0np0: 224435644445240 60663473774    0 2473    0     0          0    501574 171666400904782 44533292714    0    0    0     0       0          0
1784761418 | enp139s0f0np0: 224437137132490 60663854070    0 2473    0     0          0    501574 171667833076693 44533663867    0    0    0     0       0          0
1784761419 | enp139s0f0np0: 224438590382896 60664224311    0 2473    0     0          0    501574 171669237339756 44534028246    0    0    0     0       0          0
1784761420 | enp139s0f0np0: 224440021176545 60664589681    0 2473    0     0          0    501574 171670668297176 44534399377    0    0    0     0       0          0
1784761421 | enp139s0f0np0: 224441472379344 60664959362    0 2473    0     0          0    501574 171672109878594 44534772577    0    0    0     0       0          0
1784761422 | enp139s0f0np0: 224442951053828 60665336335    0 2473    0     0          0    501574 171673552054812 44535146152    0    0    0     0       0          0
1784761423 | enp139s0f0np0: 224444414222053 60665709751    0 2473    0     0          0    501574 171675028487091 44535528272    0    0    0     0       0          0
1784761424 | enp139s0f0np0: 224445888675722 60666085552    0 2473    0     0          0    501574 171676534278684 44535916611    0    0    0     0       0          0
1784761425 | enp139s0f0np0: 224447423328640 60666476196    0 2473    0     0          0    501574 171678045343597 44536307264    0    0    0     0       0          0
1784761426 | enp139s0f0np0: 224448909777963 60666855124    0 2473    0     0          0    501574 171679515646738 44536686904    0    0    0     0       0          0
1784761427 | enp139s0f0np0: 224450396606123 60667234427    0 2473    0     0          0    501574 171681010645329 44537073566    0    0    0     0       0          0
1784761428 | enp139s0f0np0: 224451801907422 60667592914    0 2473    0     0          0    501574 171682461651040 44537447984    0    0    0     0       0          0
1784761429 | enp139s0f0np0: 224453362041334 60667990076    0 2473    0     0          0    501574 171683992126920 44537842081    0    0    0     0       0          0
1784761430 | enp139s0f0np0: 224454950857910 60668394568    0 2473    0     0          0    501574 171685600000744 44538255716    0    0    0     0       0          0
1784761431 | enp139s0f0np0: 224456646891576 60668825849    0 2473    0     0          0    501574 171687315480499 44538693941    0    0    0     0       0          0
1784761432 | enp139s0f0np0: 224458332422147 60669254443    0 2473    0     0          0    501574 171689039067325 44539134107    0    0    0     0       0          0
1784761433 | enp139s0f0np0: 224459973945334 60669672207    0 2473    0     0          0    501574 171690730646228 44539567398    0    0    0     0       0          0
1784761434 | enp139s0f0np0: 224461668750471 60670103413    0 2473    0     0          0    501574 171692401822203 44539996343    0    0    0     0       0          0
1784761435 | enp139s0f0np0: 224463098511854 60670468680    0 2473    0     0          0    501574 171693824949672 44540364901    0    0    0     0       0          0
1784761436 | enp139s0f0np0: 224464596766941 60670851306    0 2473    0     0          0    501574 171695330703088 44540752742    0    0    0     0       0          0
1784761437 | enp139s0f0np0: 224466148133664 60671246860    0 2473    0     0          0    501574 171696889834288 44541154336    0    0    0     0       0          0
1784761438 | enp139s0f0np0: 224467688839566 60671640184    0 2473    0     0          0    501574 171698446994782 44541555624    0    0    0     0       0          0
1784761439 | enp139s0f0np0: 224469121084374 60672006115    0 2473    0     0          0    501574 171699889216591 44541928895    0    0    0     0       0          0
1784761440 | enp139s0f0np0: 224470586327406 60672380803    0 2473    0     0          0    501574 171701353298195 44542307357    0    0    0     0       0          0
1784761441 | enp139s0f0np0: 224472037123898 60672751474    0 2473    0     0          0    501574 171702822952928 44542687189    0    0    0     0       0          0
1784761442 | enp139s0f0np0: 224473461237514 60673115578    0 2473    0     0          0    501574 171704270759401 44543061499    0    0    0     0       0          0
1784761443 | enp139s0f0np0: 224474936599018 60673491548    0 2473    0     0          0    501574 171705736506663 44543440564    0    0    0     0       0          0
1784761444 | enp139s0f0np0: 224476320481594 60673845336    0 2473    0     0          0    501574 171707128936295 44543801727    0    0    0     0       0          0
1784761445 | enp139s0f0np0: 224477758254581 60674212182    0 2473    0     0          0    501574 171708563554567 44544172753    0    0    0     0       0          0
1784761446 | enp139s0f0np0: 224479216846554 60674584824    0 2473    0     0          0    501575 171710055301011 44544557375    0    0    0     0       0          0
1784761447 | enp139s0f0np0: 224480739395404 60674972667    0 2473    0     0          0    501575 171711520981514 44544936652    0    0    0     0       0          0
1784761448 | enp139s0f0np0: 224481948616191 60675281653    0 2473    0     0          0    501575 171712729837300 44545250177    0    0    0     0       0          0
1784761449 | enp139s0f0np0: 224483383428986 60675647789    0 2473    0     0          0    501575 171714181635411 44545625195    0    0    0     0       0          0
1784761450 | enp139s0f0np0: 224484795305613 60676008046    0 2473    0     0          0    501575 171715557900535 44545982690    0    0    0     0       0          0
1784761451 | enp139s0f0np0: 224486371521332 60676408957    0 2473    0     0          0    501575 171717094441107 44546379787    0    0    0     0       0          0
1784761452 | enp139s0f0np0: 224488008581555 60676824759    0 2473    0     0          0    501575 171718654221762 44546781937    0    0    0     0       0          0
1784761453 | enp139s0f0np0: 224489395930233 60677179391    0 2473    0     0          0    501575 171720053819115 44547143776    0    0    0     0       0          0
1784761454 | enp139s0f0np0: 224490734933063 60677521679    0 2473    0     0          0    501575 171721366328135 44547484720    0    0    0     0       0          0
1784761455 | enp139s0f0np0: 224492187603048 60677892863    0 2473    0     0          0    501575 171722874045148 44547873396    0    0    0     0       0          0
1784761456 | enp139s0f0np0: 224493603091690 60678254226    0 2473    0     0          0    501575 171724301889598 44548243331    0    0    0     0       0          0
1784761457 | enp139s0f0np0: 224495052073798 60678623604    0 2473    0     0          0    501575 171725710065364 44548608710    0    0    0     0       0          0
1784761458 | enp139s0f0np0: 224496417509227 60678972680    0 2473    0     0          0    501575 171727050763833 44548957021    0    0    0     0       0          0
1784761459 | enp139s0f0np0: 224497728178577 60679306781    0 2473    0     0          0    501575 171728324433208 44549287105    0    0    0     0       0          0
1784761460 | enp139s0f0np0: 224499164362765 60679672644    0 2473    0     0          0    501575 171729777365053 44549662847    0    0    0     0       0          0
1784761461 | enp139s0f0np0: 224500590573455 60680036509    0 2473    0     0          0    501575 171731248675899 44550042336    0    0    0     0       0          0
1784761462 | enp139s0f0np0: 224502066577732 60680412845    0 2473    0     0          0    501575 171732757050589 44550430365    0    0    0     0       0          0
1784761463 | enp139s0f0np0: 224503310163946 60680731486    0 2473    0     0          0    501575 171734029481415 44550759500    0    0    0     0       0          0
1784761464 | enp139s0f0np0: 224504778425153 60681106047    0 2473    0     0          0    501575 171735489399693 44551136891    0    0    0     0       0          0
1784761465 | enp139s0f0np0: 224506265290551 60681485058    0 2473    0     0          0    501575 171736962631214 44551517569    0    0    0     0       0          0
1784761466 | enp139s0f0np0: 224507837627630 60681885386    0 2473    0     0          0    501575 171738557086876 44551927533    0    0    0     0       0          0
1784761467 | enp139s0f0np0: 224509081715409 60682202321    0 2473    0     0          0    501575 171739799017094 44552247912    0    0    0     0       0          0
1784761468 | enp139s0f0np0: 224510706668797 60682615930    0 2473    0     0          0    501575 171741461456083 44552673291    0    0    0     0       0          0
1784761469 | enp139s0f0np0: 224512302004330 60683021907    0 2473    0     0          0    501575 171743028248911 44553076235    0    0    0     0       0          0
1784761470 | enp139s0f0np0: 224513643831269 60683365469    0 2473    0     0          0    501575 171744400357398 44553430596    0    0    0     0       0          0
1784761471 | enp139s0f0np0: 224515251917929 60683774747    0 2473    0     0          0    501575 171746012352680 44553844606    0    0    0     0       0          0
1784761472 | enp139s0f0np0: 224516728037176 60684151788    0 2473    0     0          0    501575 171747534903641 44554237509    0    0    0     0       0          0
1784761473 | enp139s0f0np0: 224518226724010 60684533759    0 2473    0     0          0    501575 171749037247204 44554624781    0    0    0     0       0          0
1784761474 | enp139s0f0np0: 224519440985777 60684844565    0 2473    0     0          0    501575 171750268107485 44554943685    0    0    0     0       0          0
1784761475 | enp139s0f0np0: 224520908471295 60685219226    0 2473    0     0          0    501575 171751742276954 44555325007    0    0    0     0       0          0
1784761476 | enp139s0f0np0: 224522003728544 60685499169    0 2473    0     0          0    501576 171752828641645 44555606555    0    0    0     0       0          0
1784761477 | enp139s0f0np0: 224523501263549 60685881323    0 2473    0     0          0    501576 171754335411267 44555995016    0    0    0     0       0          0
1784761478 | enp139s0f0np0: 224524909079487 60686241307    0 2473    0     0          0    501576 171755707766640 44556351010    0    0    0     0       0          0
1784761479 | enp139s0f0np0: 224526315002539 60686600884    0 2473    0     0          0    501576 171757081730076 44556708265    0    0    0     0       0          0
1784761480 | enp139s0f0np0: 224527706802130 60686956138    0 2473    0     0          0    501576 171758472847006 44557069005    0    0    0     0       0          0
1784761481 | enp139s0f0np0: 224529055489316 60687301562    0 2473    0     0          0    501576 171759838964751 44557423120    0    0    0     0       0          0
1784761482 | enp139s0f0np0: 224530444077239 60687656312    0 2473    0     0          0    501576 171761232267559 44557784438    0    0    0     0       0          0
1784761483 | enp139s0f0np0: 224531654246661 60687965987    0 2473    0     0          0    501576 171762487853673 44558109202    0    0    0     0       0          0
1784761484 | enp139s0f0np0: 224533038801379 60688320161    0 2473    0     0          0    501576 171763891179034 44558471895    0    0    0     0       0          0
1784761485 | enp139s0f0np0: 224534554320590 60688706924    0 2473    0     0          0    501576 171765405194699 44558862136    0    0    0     0       0          0
1784761486 | enp139s0f0np0: 224535855836171 60689039025    0 2473    0     0          0    501576 171766704765572 44559199014    0    0    0     0       0          0
1784761487 | enp139s0f0np0: 224537371742203 60689425177    0 2473    0     0          0    501576 171768307906111 44559609391    0    0    0     0       0          0
1784761488 | enp139s0f0np0: 224538842965367 60689801046    0 2473    0     0          0    501576 171769777841011 44559988099    0    0    0     0       0          0
1784761489 | enp139s0f0np0: 224540440427478 60690208138    0 2473    0     0          0    501576 171771400280259 44560404711    0    0    0     0       0          0
1784761490 | enp139s0f0np0: 224541996242163 60690604460    0 2473    0     0          0    501576 171772926563613 44560797856    0    0    0     0       0          0
1784761491 | enp139s0f0np0: 224543556054297 60691001748    0 2473    0     0          0    501576 171774415256388 44561181508    0    0    0     0       0          0
1784761492 | enp139s0f0np0: 224545098064923 60691394520    0 2473    0     0          0    501576 171775990818786 44561586219    0    0    0     0       0          0
1784761493 | enp139s0f0np0: 224546563376536 60691767641    0 2473    0     0          0    501576 171777441610250 44561961343    0    0    0     0       0          0
1784761494 | enp139s0f0np0: 224547981065412 60692129819    0 2473    0     0          0    501576 171778885014771 44562334386    0    0    0     0       0          0
1784761495 | enp139s0f0np0: 224549498955888 60692515994    0 2473    0     0          0    501576 171780357770503 44562713091    0    0    0     0       0          0
1784761496 | enp139s0f0np0: 224550715015603 60692826635    0 2473    0     0          0    501576 171781632727707 44563040840    0    0    0     0       0          0
1784761497 | enp139s0f0np0: 224552243106888 60693215954    0 2473    0     0          0    501576 171783169026469 44563436131    0    0    0     0       0          0
1784761498 | enp139s0f0np0: 224553719073229 60693592030    0 2473    0     0          0    501576 171784657097409 44563820094    0    0    0     0       0          0
1784761499 | enp139s0f0np0: 224554873574156 60693886863    0 2473    0     0          0    501576 171785831203095 44564124082    0    0    0     0       0          0
1784761500 | enp139s0f0np0: 224556280593453 60694245898    0 2473    0     0          0    501576 171787183653983 44564475960    0    0    0     0       0          0
1784761501 | enp139s0f0np0: 224557738576123 60694617943    0 2473    0     0          0    501576 171788621856619 44564848501    0    0    0     0       0          0
1784761502 | enp139s0f0np0: 224559141464505 60694976252    0 2473    0     0          0    501576 171790042760621 44565215318    0    0    0     0       0          0
1784761503 | enp139s0f0np0: 224560736754677 60695382011    0 2473    0     0          0    501576 171791635818295 44565624349    0    0    0     0       0          0
1784761504 | enp139s0f0np0: 224562361678850 60695795391    0 2473    0     0          0    501576 171793252706693 44566039079    0    0    0     0       0          0
1784761505 | enp139s0f0np0: 224563806645584 60696164711    0 2473    0     0          0    501576 171794690163206 44566409854    0    0    0     0       0          0
1784761506 | enp139s0f0np0: 224565445757166 60696581665    0 2473    0     0          0    501577 171796317787474 44566824847    0    0    0     0       0          0
1784761507 | enp139s0f0np0: 224567118341566 60697007963    0 2473    0     0          0    501577 171797980250947 44567250940    0    0    0     0       0          0
1784761508 | enp139s0f0np0: 224568591651791 60697383543    0 2473    0     0          0    501577 171799418430084 44567622813    0    0    0     0       0          0
1784761509 | enp139s0f0np0: 224570033992312 60697751942    0 2473    0     0          0    501577 171800876872149 44567999860    0    0    0     0       0          0
1784761510 | enp139s0f0np0: 224571413252868 60698104164    0 2473    0     0          0    501577 171802327581524 44568372906    0    0    0     0       0          0
1784761511 | enp139s0f0np0: 224572811499036 60698460934    0 2473    0     0          0    501577 171803775766301 44568746875    0    0    0     0       0          0
1784761512 | enp139s0f0np0: 224574243847649 60698826825    0 2473    0     0          0    501577 171805205492036 44569117276    0    0    0     0       0          0
1784761513 | enp139s0f0np0: 224575597309641 60699172504    0 2473    0     0          0    501577 171806585188037 44569474577    0    0    0     0       0          0
1784761514 | enp139s0f0np0: 224577052415554 60699543465    0 2473    0     0          0    501577 171808007634776 44569842565    0    0    0     0       0          0
1784761515 | enp139s0f0np0: 224578393893754 60699886111    0 2473    0     0          0    501577 171809412993547 44570204980    0    0    0     0       0          0
1784761516 | enp139s0f0np0: 224579784153185 60700239700    0 2473    0     0          0    501577 171810750182397 44570551094    0    0    0     0       0          0
1784761517 | enp139s0f0np0: 224581153699869 60700588798    0 2473    0     0          0    501577 171812110049650 44570902004    0    0    0     0       0          0
1784761518 | enp139s0f0np0: 224582508932019 60700935049    0 2473    0     0          0    501577 171813453504406 44571249822    0    0    0     0       0          0
1784761519 | enp139s0f0np0: 224583891585689 60701287659    0 2473    0     0          0    501577 171814848772907 44571611185    0    0    0     0       0          0
1784761520 | enp139s0f0np0: 224585302447383 60701647300    0 2473    0     0          0    501577 171816281522276 44571981147    0    0    0     0       0          0
1784761521 | enp139s0f0np0: 224586668280823 60701995536    0 2473    0     0          0    501577 171817643706027 44572331866    0    0    0     0       0          0
1784761522 | enp139s0f0np0: 224588065917192 60702351279    0 2473    0     0          0    501577 171819025671633 44572689102    0    0    0     0       0          0
1784761523 | enp139s0f0np0: 224589500880711 60702717104    0 2473    0     0          0    501577 171820458350718 44573057499    0    0    0     0       0          0
1784761524 | enp139s0f0np0: 224590994434233 60703097484    0 2473    0     0          0    501577 171821965617470 44573445663    0    0    0     0       0          0
1784761525 | enp139s0f0np0: 224592125473126 60703386095    0 2473    0     0          0    501577 171823083545391 44573735616    0    0    0     0       0          0
1784761526 | enp139s0f0np0: 224593486674215 60703733412    0 2473    0     0          0    501577 171824462529332 44574091081    0    0    0     0       0          0
1784761527 | enp139s0f0np0: 224594776648500 60704062557    0 2473    0     0          0    501577 171825743059216 44574421948    0    0    0     0       0          0
1784761528 | enp139s0f0np0: 224596233304553 60704433108    0 2473    0     0          0    501577 171827261518697 44574809587    0    0    0     0       0          0
1784761529 | enp139s0f0np0: 224597681191219 60704802008    0 2473    0     0          0    501577 171828727710016 44575184815    0    0    0     0       0          0
1784761530 | enp139s0f0np0: 224599286764357 60705210832    0 2473    0     0          0    501577 171830335325704 44575597223    0    0    0     0       0          0
1784761531 | enp139s0f0np0: 224600559640772 60705535343    0 2473    0     0          0    501577 171831605483881 44575925498    0    0    0     0       0          0
1784761532 | enp139s0f0np0: 224602085312243 60705924070    0 2473    0     0          0    501577 171833085830838 44576307830    0    0    0     0       0          0
1784761533 | enp139s0f0np0: 224603507751307 60706287198    0 2473    0     0          0    501577 171834533101085 44576682056    0    0    0     0       0          0
1784761534 | enp139s0f0np0: 224604784315390 60706612050    0 2473    0     0          0    501577 171835776548449 44577002346    0    0    0     0       0          0
1784761535 | enp139s0f0np0: 224606270063585 60706989574    0 2473    0     0          0    501577 171837220980124 44577374815    0    0    0     0       0          0
1784761536 | enp139s0f0np0: 224607724722204 60707359110    0 2473    0     0          0    501578 171838669389384 44577747525    0    0    0     0       0          0
1784761537 | enp139s0f0np0: 224609133484527 60707717254    0 2473    0     0          0    501578 171840059556441 44578106707    0    0    0     0       0          0
1784761538 | enp139s0f0np0: 224610600521501 60708091333    0 2473    0     0          0    501578 171841541740064 44578489001    0    0    0     0       0          0
1784761539 | enp139s0f0np0: 224611690480452 60708369613    0 2473    0     0          0    501578 171842645139282 44578774008    0    0    0     0       0          0
1784761540 | enp139s0f0np0: 224613095618243 60708727682    0 2473    0     0          0    501578 171844073006895 44579142729    0    0    0     0       0          0
1784761541 | enp139s0f0np0: 224614326087904 60709041917    0 2473    0     0          0    501578 171845313638570 44579463922    0    0    0     0       0          0
1784761542 | enp139s0f0np0: 224615687704237 60709388317    0 2473    0     0          0    501578 171846634433704 44579806450    0    0    0     0       0          0
1784761543 | enp139s0f0np0: 224617161207785 60709763192    0 2473    0     0          0    501578 171848093144047 44580183573    0    0    0     0       0          0
1784761544 | enp139s0f0np0: 224618187999265 60710026258    0 2473    0     0          0    501578 171849085471480 44580442105    0    0    0     0       0          0
