1784778350 | enp139s0f0np0: 232370639126436 62717865133    0 2473    0     0          0    502138 180282238096085 46734457003    0    0    0     0       0          0
1784778351 | enp139s0f0np0: 232371575824906 62718101084    0 2473    0     0          0    502138 180282754253548 46734595497    0    0    0     0       0          0
1784778352 | enp139s0f0np0: 232373775570199 62718644628    0 2473    0     0          0    502138 180283940419778 46734904284    0    0    0     0       0          0
1784778353 | enp139s0f0np0: 232375953281353 62719182816    0 2473    0     0          0    502138 180285152669491 46735218991    0    0    0     0       0          0
1784778354 | enp139s0f0np0: 232378138250289 62719722870    0 2473    0     0          0    502138 180286371591488 46735535198    0    0    0     0       0          0
1784778355 | enp139s0f0np0: 232380306729193 62720258673    0 2473    0     0          0    502138 180287468475000 46735823055    0    0    0     0       0          0
1784778356 | enp139s0f0np0: 232382463103254 62720791669    0 2473    0     0          0    502138 180288625729802 46736125231    0    0    0     0       0          0
1784778357 | enp139s0f0np0: 232384654810109 62721332898    0 2473    0     0          0    502138 180289811072499 46736433498    0    0    0     0       0          0
1784778358 | enp139s0f0np0: 232386777098322 62721858251    0 2473    0     0          0    502138 180291053035185 46736755732    0    0    0     0       0          0
1784778359 | enp139s0f0np0: 232388955463752 62722396349    0 2473    0     0          0    502138 180292200385153 46737055365    0    0    0     0       0          0
1784778360 | enp139s0f0np0: 232391133220751 62722934763    0 2473    0     0          0    502138 180293320375717 46737348736    0    0    0     0       0          0
1784778361 | enp139s0f0np0: 232393302654152 62723470165    0 2473    0     0          0    502138 180294428445467 46737638982    0    0    0     0       0          0
1784778362 | enp139s0f0np0: 232395517194734 62724017107    0 2473    0     0          0    502138 180295627411640 46737950797    0    0    0     0       0          0
1784778363 | enp139s0f0np0: 232397647673156 62724544002    0 2473    0     0          0    502138 180296790713097 46738254259    0    0    0     0       0          0
1784778364 | enp139s0f0np0: 232399794638745 62725075318    0 2473    0     0          0    502138 180298005599741 46738569211    0    0    0     0       0          0
1784778365 | enp139s0f0np0: 232401907570510 62725598395    0 2473    0     0          0    502138 180299129948954 46738863304    0    0    0     0       0          0
1784778366 | enp139s0f0np0: 232404118168099 62726144713    0 2473    0     0          0    502138 180300232244205 46739152689    0    0    0     0       0          0
1784778367 | enp139s0f0np0: 232406333774129 62726692052    0 2473    0     0          0    502138 180301367620639 46739449166    0    0    0     0       0          0
1784778368 | enp139s0f0np0: 232408479039492 62727222321    0 2473    0     0          0    502139 180302454468742 46739734561    0    0    0     0       0          0
1784778369 | enp139s0f0np0: 232410695176742 62727769450    0 2473    0     0          0    502139 180303554958505 46740023663    0    0    0     0       0          0
1784778370 | enp139s0f0np0: 232412881425496 62728310350    0 2473    0     0          0    502139 180304687575311 46740320498    0    0    0     0       0          0
1784778371 | enp139s0f0np0: 232415121287315 62728863660    0 2473    0     0          0    502139 180305850763766 46740623947    0    0    0     0       0          0
1784778372 | enp139s0f0np0: 232417272860558 62729395735    0 2473    0     0          0    502139 180306977704680 46740918375    0    0    0     0       0          0
1784778373 | enp139s0f0np0: 232419475655429 62729940302    0 2473    0     0          0    502139 180308115598378 46741216154    0    0    0     0       0          0
1784778374 | enp139s0f0np0: 232421830349142 62730521149    0 2473    0     0          0    502139 180309315444770 46741529391    0    0    0     0       0          0
1784778375 | enp139s0f0np0: 232423982380918 62731053686    0 2473    0     0          0    502139 180310450551467 46741826495    0    0    0     0       0          0
1784778376 | enp139s0f0np0: 232426163169639 62731593379    0 2473    0     0          0    502139 180311600620314 46742126534    0    0    0     0       0          0
1784778377 | enp139s0f0np0: 232428324370266 62732127632    0 2473    0     0          0    502139 180312715184121 46742417435    0    0    0     0       0          0
1784778378 | enp139s0f0np0: 232430527395935 62732672144    0 2473    0     0          0    502139 180313824293160 46742708163    0    0    0     0       0          0
1784778379 | enp139s0f0np0: 232432662425976 62733200348    0 2473    0     0          0    502139 180314913118690 46742994121    0    0    0     0       0          0
1784778380 | enp139s0f0np0: 232434773512430 62733722886    0 2473    0     0          0    502139 180315947865226 46743267476    0    0    0     0       0          0
1784778381 | enp139s0f0np0: 232436950334485 62734260968    0 2473    0     0          0    502139 180317055910532 46743558300    0    0    0     0       0          0
1784778382 | enp139s0f0np0: 232439246123575 62734827767    0 2473    0     0          0    502139 180318221140170 46743862882    0    0    0     0       0          0
1784778383 | enp139s0f0np0: 232441406518374 62735362241    0 2473    0     0          0    502139 180319359302498 46744160258    0    0    0     0       0          0
1784778384 | enp139s0f0np0: 232443616275331 62735908601    0 2473    0     0          0    502139 180320523825348 46744463935    0    0    0     0       0          0
1784778385 | enp139s0f0np0: 232445796462550 62736447761    0 2473    0     0          0    502139 180321670960776 46744763594    0    0    0     0       0          0
1784778386 | enp139s0f0np0: 232447980567116 62736987755    0 2473    0     0          0    502139 180322786707222 46745056222    0    0    0     0       0          0
1784778387 | enp139s0f0np0: 232450044916217 62737500141    0 2473    0     0          0    502139 180323921206840 46745352473    0    0    0     0       0          0
1784778388 | enp139s0f0np0: 232451962899749 62737975380    0 2473    0     0          0    502139 180324893496955 46745608017    0    0    0     0       0          0
1784778389 | enp139s0f0np0: 232454220933058 62738533189    0 2473    0     0          0    502139 180325989962627 46745897174    0    0    0     0       0          0
1784778390 | enp139s0f0np0: 232456405124892 62739073465    0 2473    0     0          0    502139 180327040820872 46746174394    0    0    0     0       0          0
1784778391 | enp139s0f0np0: 232458563063985 62739607202    0 2473    0     0          0    502139 180328147024873 46746464147    0    0    0     0       0          0
1784778392 | enp139s0f0np0: 232460755610456 62740149677    0 2473    0     0          0    502139 180329280693754 46746761289    0    0    0     0       0          0
1784778393 | enp139s0f0np0: 232463002246025 62740705291    0 2473    0     0          0    502139 180330428653205 46747061453    0    0    0     0       0          0
1784778394 | enp139s0f0np0: 232465149065643 62741236383    0 2473    0     0          0    502139 180331539885319 46747352002    0    0    0     0       0          0
1784778395 | enp139s0f0np0: 232467341808196 62741778577    0 2473    0     0          0    502139 180332673551743 46747648475    0    0    0     0       0          0
1784778396 | enp139s0f0np0: 232469552448495 62742325553    0 2473    0     0          0    502139 180333853665479 46747956454    0    0    0     0       0          0
1784778397 | enp139s0f0np0: 232471743988898 62742867608    0 2473    0     0          0    502140 180334980715503 46748251101    0    0    0     0       0          0
1784778398 | enp139s0f0np0: 232473960776100 62743415738    0 2473    0     0          0    502140 180336131125595 46748551753    0    0    0     0       0          0
1784778399 | enp139s0f0np0: 232476141617396 62743955643    0 2473    0     0          0    502140 180337257750539 46748846557    0    0    0     0       0          0
1784778400 | enp139s0f0np0: 232478395327442 62744512675    0 2473    0     0          0    502140 180338408747007 46749147506    0    0    0     0       0          0
1784778401 | enp139s0f0np0: 232480631185911 62745065124    0 2473    0     0          0    502140 180339515546096 46749437847    0    0    0     0       0          0
1784778402 | enp139s0f0np0: 232482891359539 62745623618    0 2473    0     0          0    502140 180340625577824 46749729505    0    0    0     0       0          0
1784778403 | enp139s0f0np0: 232485045235954 62746157410    0 2473    0     0          0    502140 180341744997696 46750023914    0    0    0     0       0          0
1784778404 | enp139s0f0np0: 232487039342596 62746651318    0 2473    0     0          0    502140 180342762368032 46750290777    0    0    0     0       0          0
1784778405 | enp139s0f0np0: 232489216229981 62747189366    0 2473    0     0          0    502140 180343879097502 46750582516    0    0    0     0       0          0
1784778406 | enp139s0f0np0: 232491417152678 62747733220    0 2473    0     0          0    502140 180344958037865 46750866179    0    0    0     0       0          0
1784778407 | enp139s0f0np0: 232493593083869 62748271469    0 2473    0     0          0    502140 180346077358118 46751158505    0    0    0     0       0          0
1784778408 | enp139s0f0np0: 232495786408996 62748813945    0 2473    0     0          0    502140 180347182051767 46751448129    0    0    0     0       0          0
1784778409 | enp139s0f0np0: 232497937371268 62749345969    0 2473    0     0          0    502140 180348279835483 46751735547    0    0    0     0       0          0
1784778410 | enp139s0f0np0: 232500093784611 62749879438    0 2473    0     0          0    502140 180349397149609 46752028059    0    0    0     0       0          0
1784778411 | enp139s0f0np0: 232502315355167 62750428591    0 2473    0     0          0    502140 180350494986043 46752316537    0    0    0     0       0          0
1784778412 | enp139s0f0np0: 232504516833508 62750972428    0 2473    0     0          0    502140 180351624482969 46752611935    0    0    0     0       0          0
1784778413 | enp139s0f0np0: 232506777780320 62751530811    0 2473    0     0          0    502140 180352718407309 46752899693    0    0    0     0       0          0
1784778414 | enp139s0f0np0: 232509058473823 62752093533    0 2473    0     0          0    502140 180353820785100 46753189100    0    0    0     0       0          0
1784778415 | enp139s0f0np0: 232511326426883 62752654733    0 2473    0     0          0    502140 180354863897895 46753465747    0    0    0     0       0          0
1784778416 | enp139s0f0np0: 232513879828091 62753282317    0 2473    0     0          0    502140 180355951199473 46753752453    0    0    0     0       0          0
1784778417 | enp139s0f0np0: 232516005559712 62753804399    0 2473    0     0          0    502140 180356854931469 46753990554    0    0    0     0       0          0
1784778418 | enp139s0f0np0: 232518699430200 62754465766    0 2473    0     0          0    502140 180357965545857 46754283671    0    0    0     0       0          0
1784778419 | enp139s0f0np0: 232521359272200 62755119243    0 2473    0     0          0    502140 180359126430260 46754588492    0    0    0     0       0          0
1784778420 | enp139s0f0np0: 232523855968608 62755733982    0 2473    0     0          0    502140 180360301260391 46754895241    0    0    0     0       0          0
1784778421 | enp139s0f0np0: 232526426169960 62756366369    0 2473    0     0          0    502140 180361595817562 46755231303    0    0    0     0       0          0
1784778422 | enp139s0f0np0: 232528939128434 62756985697    0 2473    0     0          0    502140 180362888410117 46755566942    0    0    0     0       0          0
1784778423 | enp139s0f0np0: 232531438989914 62757601816    0 2473    0     0          0    502140 180364127142149 46755889637    0    0    0     0       0          0
1784778424 | enp139s0f0np0: 232534004121380 62758233549    0 2473    0     0          0    502140 180365377357772 46756215467    0    0    0     0       0          0
1784778425 | enp139s0f0np0: 232536189205561 62758776334    0 2473    0     0          0    502140 180366479571158 46756507552    0    0    0     0       0          0
1784778426 | enp139s0f0np0: 232538096209029 62759248285    0 2473    0     0          0    502140 180367503835680 46756775105    0    0    0     0       0          0
1784778427 | enp139s0f0np0: 232540628594348 62759871483    0 2473    0     0          0    502141 180368756780013 46757101090    0    0    0     0       0          0
1784778428 | enp139s0f0np0: 232543150720351 62760493086    0 2473    0     0          0    502141 180370014211818 46757427508    0    0    0     0       0          0
1784778429 | enp139s0f0np0: 232545701442801 62761120792    0 2473    0     0          0    502141 180371282185741 46757757000    0    0    0     0       0          0
1784778430 | enp139s0f0np0: 232548185113865 62761732547    0 2473    0     0          0    502141 180372499510362 46758075023    0    0    0     0       0          0
1784778431 | enp139s0f0np0: 232550713676880 62762355531    0 2473    0     0          0    502141 180373784734619 46758409430    0    0    0     0       0          0
1784778432 | enp139s0f0np0: 232552972636669 62762914309    0 2473    0     0          0    502141 180374923839181 46758707940    0    0    0     0       0          0
1784778433 | enp139s0f0np0: 232555118194782 62763446777    0 2473    0     0          0    502141 180376033909848 46758999311    0    0    0     0       0          0
1784778434 | enp139s0f0np0: 232556955301368 62763902272    0 2473    0     0          0    502141 180377033382923 46759259943    0    0    0     0       0          0
1784778435 | enp139s0f0np0: 232559132194326 62764440886    0 2473    0     0          0    502141 180378130424561 46759547655    0    0    0     0       0          0
1784778436 | enp139s0f0np0: 232561428727786 62765007926    0 2473    0     0          0    502141 180379352165166 46759865632    0    0    0     0       0          0
1784778437 | enp139s0f0np0: 232563901967443 62765617391    0 2473    0     0          0    502141 180380617959164 46760194896    0    0    0     0       0          0
1784778438 | enp139s0f0np0: 232566434279309 62766240506    0 2473    0     0          0    502141 180381928395118 46760535287    0    0    0     0       0          0
1784778439 | enp139s0f0np0: 232568898642203 62766848131    0 2473    0     0          0    502141 180383254849960 46760878403    0    0    0     0       0          0
1784778440 | enp139s0f0np0: 232571146154698 62767404972    0 2473    0     0          0    502141 180384390170006 46761176600    0    0    0     0       0          0
1784778441 | enp139s0f0np0: 232573366089797 62767953531    0 2473    0     0          0    502141 180385518866258 46761471906    0    0    0     0       0          0
1784778442 | enp139s0f0np0: 232575022714138 62768363852    0 2473    0     0          0    502141 180386348453625 46761690704    0    0    0     0       0          0
1784778443 | enp139s0f0np0: 232577200620084 62768902728    0 2473    0     0          0    502141 180387451452434 46761980108    0    0    0     0       0          0
1784778444 | enp139s0f0np0: 232579578925343 62769489375    0 2473    0     0          0    502141 180388607003161 46762283188    0    0    0     0       0          0
1784778445 | enp139s0f0np0: 232582075093785 62770104749    0 2473    0     0          0    502141 180389870217104 46762611509    0    0    0     0       0          0
1784778446 | enp139s0f0np0: 232584598429606 62770726405    0 2473    0     0          0    502141 180391167924053 46762948317    0    0    0     0       0          0
1784778447 | enp139s0f0np0: 232586959686141 62771309959    0 2473    0     0          0    502141 180392331282027 46763254103    0    0    0     0       0          0
1784778448 | enp139s0f0np0: 232589117178409 62771843555    0 2473    0     0          0    502141 180393412518605 46763538267    0    0    0     0       0          0
1784778449 | enp139s0f0np0: 232590932909390 62772292857    0 2473    0     0          0    502141 180394345657798 46763782597    0    0    0     0       0          0
1784778450 | enp139s0f0np0: 232593445932601 62772911393    0 2473    0     0          0    502141 180395578092351 46764103504    0    0    0     0       0          0
1784778451 | enp139s0f0np0: 232595950830296 62773528744    0 2473    0     0          0    502141 180396902200691 46764447021    0    0    0     0       0          0
1784778452 | enp139s0f0np0: 232598510511174 62774158974    0 2473    0     0          0    502141 180398188795876 46764781214    0    0    0     0       0          0
1784778453 | enp139s0f0np0: 232600900663076 62774749533    0 2473    0     0          0    502141 180399363497628 46765089803    0    0    0     0       0          0
1784778454 | enp139s0f0np0: 232603106971283 62775294514    0 2473    0     0          0    502141 180400497453784 46765386826    0    0    0     0       0          0
1784778455 | enp139s0f0np0: 232604944467970 62775750001    0 2473    0     0          0    502141 180401458191372 46765639374    0    0    0     0       0          0
1784778456 | enp139s0f0np0: 232606919679778 62776238646    0 2473    0     0          0    502141 180402437809907 46765897136    0    0    0     0       0          0
1784778457 | enp139s0f0np0: 232609091659728 62776775316    0 2473    0     0          0    502142 180403542017127 46766186653    0    0    0     0       0          0
1784778458 | enp139s0f0np0: 232611253835941 62777310324    0 2473    0     0          0    502142 180404647565054 46766476810    0    0    0     0       0          0
1784778459 | enp139s0f0np0: 232613385037117 62777837536    0 2473    0     0          0    502142 180405747570687 46766764905    0    0    0     0       0          0
1784778460 | enp139s0f0np0: 232615598785934 62778385872    0 2473    0     0          0    502142 180406932547224 46767074196    0    0    0     0       0          0
1784778461 | enp139s0f0np0: 232618123790180 62779006700    0 2473    0     0          0    502142 180408177575323 46767398186    0    0    0     0       0          0
1784778462 | enp139s0f0np0: 232620128609823 62779501780    0 2473    0     0          0    502142 180409221753954 46767670514    0    0    0     0       0          0
1784778463 | enp139s0f0np0: 232622623697051 62780116287    0 2473    0     0          0    502142 180410431714897 46767986647    0    0    0     0       0          0
1784778464 | enp139s0f0np0: 232625156399283 62780739184    0 2473    0     0          0    502142 180411685752463 46768313531    0    0    0     0       0          0
1784778465 | enp139s0f0np0: 232627555250119 62781330840    0 2473    0     0          0    502142 180412891553921 46768628643    0    0    0     0       0          0
1784778466 | enp139s0f0np0: 232629770599611 62781878898    0 2473    0     0          0    502142 180413964873845 46768912611    0    0    0     0       0          0
1784778467 | enp139s0f0np0: 232631910327653 62782407997    0 2473    0     0          0    502142 180415045456972 46769196506    0    0    0     0       0          0
1784778468 | enp139s0f0np0: 232633883205167 62782896263    0 2473    0     0          0    502142 180416066581944 46769464054    0    0    0     0       0          0
1784778469 | enp139s0f0np0: 232636423689366 62783520148    0 2473    0     0          0    502142 180417282891397 46769781136    0    0    0     0       0          0
1784778470 | enp139s0f0np0: 232638940465927 62784139408    0 2473    0     0          0    502142 180418539267643 46770107455    0    0    0     0       0          0
1784778471 | enp139s0f0np0: 232641406913867 62784747468    0 2473    0     0          0    502142 180419740008020 46770421922    0    0    0     0       0          0
1784778472 | enp139s0f0np0: 232643929853067 62785367791    0 2473    0     0          0    502142 180420909759383 46770728000    0    0    0     0       0          0
1784778473 | enp139s0f0np0: 232646054752838 62785891839    0 2473    0     0          0    502142 180421957303397 46771002068    0    0    0     0       0          0
1784778474 | enp139s0f0np0: 232648507772150 62786496389    0 2473    0     0          0    502142 180423182610609 46771321341    0    0    0     0       0          0
1784778475 | enp139s0f0np0: 232651073289718 62787127694    0 2473    0     0          0    502142 180424435909196 46771647539    0    0    0     0       0          0
1784778476 | enp139s0f0np0: 232653405789859 62787703793    0 2473    0     0          0    502142 180425547209046 46771940776    0    0    0     0       0          0
1784778477 | enp139s0f0np0: 232655592674026 62788244098    0 2473    0     0          0    502142 180426584433809 46772214635    0    0    0     0       0          0
1784778478 | enp139s0f0np0: 232657800277635 62788789189    0 2473    0     0          0    502142 180427626023765 46772489354    0    0    0     0       0          0
1784778479 | enp139s0f0np0: 232659738428044 62789267830    0 2473    0     0          0    502142 180428560542166 46772734976    0    0    0     0       0          0
1784778480 | enp139s0f0np0: 232662299033380 62789897228    0 2473    0     0          0    502142 180429675411762 46773028661    0    0    0     0       0          0
1784778481 | enp139s0f0np0: 232664882871847 62790531951    0 2473    0     0          0    502142 180430794616596 46773323944    0    0    0     0       0          0
1784778482 | enp139s0f0np0: 232667270281493 62791120336    0 2473    0     0          0    502142 180431869024803 46773607328    0    0    0     0       0          0
1784778483 | enp139s0f0np0: 232669502997430 62791670549    0 2473    0     0          0    502142 180432910181935 46773881762    0    0    0     0       0          0
1784778484 | enp139s0f0np0: 232671604792779 62792189306    0 2473    0     0          0    502142 180433872090313 46774136485    0    0    0     0       0          0
1784778485 | enp139s0f0np0: 232673426773066 62792639584    0 2473    0     0          0    502142 180434710105029 46774359188    0    0    0     0       0          0
1784778486 | enp139s0f0np0: 232675587799645 62793173855    0 2473    0     0          0    502142 180435806207872 46774646789    0    0    0     0       0          0
1784778487 | enp139s0f0np0: 232677911599335 62793747769    0 2473    0     0          0    502143 180436969746379 46774951343    0    0    0     0       0          0
1784778488 | enp139s0f0np0: 232680212913245 62794317217    0 2473    0     0          0    502143 180438165144411 46775263720    0    0    0     0       0          0
1784778489 | enp139s0f0np0: 232682682226499 62794925725    0 2473    0     0          0    502143 180439422177717 46775591085    0    0    0     0       0          0
1784778490 | enp139s0f0np0: 232684332937926 62795334681    0 2473    0     0          0    502143 180440233133791 46775805415    0    0    0     0       0          0
1784778491 | enp139s0f0np0: 232686822729279 62795947600    0 2473    0     0          0    502143 180441489841861 46776131965    0    0    0     0       0          0
1784778492 | enp139s0f0np0: 232689297655466 62796558250    0 2473    0     0          0    502143 180442772021425 46776465343    0    0    0     0       0          0
1784778493 | enp139s0f0np0: 232691782591624 62797170436    0 2473    0     0          0    502143 180444044946456 46776795923    0    0    0     0       0          0
1784778494 | enp139s0f0np0: 232693593467631 62797618225    0 2473    0     0          0    502143 180444988854839 46777042844    0    0    0     0       0          0
1784778495 | enp139s0f0np0: 232696158191981 62798249500    0 2473    0     0          0    502143 180446251338288 46777371158    0    0    0     0       0          0
1784778496 | enp139s0f0np0: 232698635928834 62798859746    0 2473    0     0          0    502143 180447470194777 46777688553    0    0    0     0       0          0
1784778497 | enp139s0f0np0: 232701098355263 62799467496    0 2473    0     0          0    502143 180448748098677 46778020240    0    0    0     0       0          0
1784778498 | enp139s0f0np0: 232703613979156 62800086785    0 2473    0     0          0    502143 180450072149363 46778362687    0    0    0     0       0          0
1784778499 | enp139s0f0np0: 232705544462436 62800564470    0 2473    0     0          0    502143 180451094147340 46778629083    0    0    0     0       0          0
1784778500 | enp139s0f0np0: 232708067644129 62801185822    0 2473    0     0          0    502143 180452385713781 46778964447    0    0    0     0       0          0
1784778501 | enp139s0f0np0: 232710349937474 62801750367    0 2473    0     0          0    502143 180453593599334 46779279554    0    0    0     0       0          0
1784778502 | enp139s0f0np0: 232712822398962 62802359062    0 2473    0     0          0    502143 180454832086126 46779601827    0    0    0     0       0          0
1784778503 | enp139s0f0np0: 232714761222683 62802837819    0 2473    0     0          0    502143 180455811860283 46779857628    0    0    0     0       0          0
1784778504 | enp139s0f0np0: 232717233104199 62803446901    0 2473    0     0          0    502143 180457079386660 46780188732    0    0    0     0       0          0
1784778505 | enp139s0f0np0: 232719607280839 62804033678    0 2473    0     0          0    502143 180458287878615 46780505233    0    0    0     0       0          0
1784778506 | enp139s0f0np0: 232721983328544 62804620127    0 2473    0     0          0    502143 180459513870252 46780823862    0    0    0     0       0          0
1784778507 | enp139s0f0np0: 232723730469699 62805053083    0 2473    0     0          0    502143 180460404548471 46781057710    0    0    0     0       0          0
1784778508 | enp139s0f0np0: 232725876542623 62805584179    0 2473    0     0          0    502143 180461498964875 46781344712    0    0    0     0       0          0
1784778509 | enp139s0f0np0: 232727948276220 62806098304    0 2473    0     0          0    502143 180462600773774 46781633280    0    0    0     0       0          0
1784778510 | enp139s0f0np0: 232730356357588 62806691960    0 2473    0     0          0    502143 180463774673229 46781940683    0    0    0     0       0          0
1784778511 | enp139s0f0np0: 232732541027712 62807231594    0 2473    0     0          0    502143 180464901837020 46782234393    0    0    0     0       0          0
1784778512 | enp139s0f0np0: 232734457686930 62807705758    0 2473    0     0          0    502143 180465856701319 46782485445    0    0    0     0       0          0
1784778513 | enp139s0f0np0: 232736637476517 62808245306    0 2473    0     0          0    502143 180466967598833 46782776943    0    0    0     0       0          0
1784778514 | enp139s0f0np0: 232738841952601 62808790652    0 2473    0     0          0    502143 180468034152592 46783058514    0    0    0     0       0          0
1784778515 | enp139s0f0np0: 232741115829157 62809351982    0 2473    0     0          0    502143 180469190868461 46783360959    0    0    0     0       0          0
1784778516 | enp139s0f0np0: 232742849088763 62809781383    0 2473    0     0          0    502143 180470071421255 46783592596    0    0    0     0       0          0
1784778517 | enp139s0f0np0: 232745052076650 62810325786    0 2473    0     0          0    502144 180471156930876 46783878250    0    0    0     0       0          0
1784778518 | enp139s0f0np0: 232747263078831 62810873142    0 2473    0     0          0    502144 180472266357481 46784170112    0    0    0     0       0          0
1784778519 | enp139s0f0np0: 232749732022980 62811481808    0 2473    0     0          0    502144 180473479193877 46784486947    0    0    0     0       0          0
1784778520 | enp139s0f0np0: 232751536039522 62811928323    0 2473    0     0          0    502144 180474376776420 46784724272    0    0    0     0       0          0
1784778521 | enp139s0f0np0: 232753710906186 62812465842    0 2473    0     0          0    502144 180475459688511 46785008866    0    0    0     0       0          0
1784778522 | enp139s0f0np0: 232755890256850 62813005258    0 2473    0     0          0    502144 180476588601987 46785304479    0    0    0     0       0          0
1784778523 | enp139s0f0np0: 232758410685774 62813625489    0 2473    0     0          0    502144 180477830041848 46785627945    0    0    0     0       0          0
1784778524 | enp139s0f0np0: 232760211086762 62814069979    0 2473    0     0          0    502144 180478725254646 46785863124    0    0    0     0       0          0
1784778525 | enp139s0f0np0: 232762666471150 62814675083    0 2473    0     0          0    502144 180479955687504 46786184613    0    0    0     0       0          0
1784778526 | enp139s0f0np0: 232765123753184 62815280825    0 2473    0     0          0    502144 180481140646802 46786494989    0    0    0     0       0          0
1784778527 | enp139s0f0np0: 232767651588255 62815902235    0 2473    0     0          0    502144 180482372117913 46786815504    0    0    0     0       0          0
1784778528 | enp139s0f0np0: 232769418158191 62816338704    0 2473    0     0          0    502144 180483221225499 46787039654    0    0    0     0       0          0
1784778529 | enp139s0f0np0: 232771668536954 62816894520    0 2473    0     0          0    502144 180484303671592 46787325152    0    0    0     0       0          0
1784778530 | enp139s0f0np0: 232773869968806 62817438017    0 2473    0     0          0    502144 180485351930453 46787601193    0    0    0     0       0          0
