1784770373 | enp139s0f0np0: 225704373264799 60987345129    0 2473    0     0          0    501872 172811148748870 44825308421    0    0    0     0       0          0
1784770374 | enp139s0f0np0: 225704377701607 60987367069    0 2473    0     0          0    501872 172813925064727 44825974673    0    0    0     0       0          0
1784770375 | enp139s0f0np0: 225704384840988 60987403647    0 2473    0     0          0    501872 172818384645882 44827044933    0    0    0     0       0          0
1784770376 | enp139s0f0np0: 225704392703161 60987443975    0 2473    0     0          0    501872 172823261005662 44828215195    0    0    0     0       0          0
1784770377 | enp139s0f0np0: 225704400287457 60987482903    0 2473    0     0          0    501872 172827922184517 44829333910    0    0    0     0       0          0
1784770378 | enp139s0f0np0: 225704407940990 60987522666    0 2473    0     0          0    501872 172832598262733 44830456188    0    0    0     0       0          0
1784770379 | enp139s0f0np0: 225704415650611 60987562644    0 2473    0     0          0    501872 172837298549098 44831584283    0    0    0     0       0          0
1784770380 | enp139s0f0np0: 225704423406589 60987603149    0 2473    0     0          0    501872 172842008218586 44832714612    0    0    0     0       0          0
1784770381 | enp139s0f0np0: 225704431269837 60987644166    0 2473    0     0          0    501872 172846823371649 44833870345    0    0    0     0       0          0
1784770382 | enp139s0f0np0: 225704439211246 60987685043    0 2473    0     0          0    501872 172851667658877 44835032852    0    0    0     0       0          0
1784770383 | enp139s0f0np0: 225704447020254 60987725551    0 2473    0     0          0    501872 172856474098932 44836186457    0    0    0     0       0          0
1784770384 | enp139s0f0np0: 225704454877342 60987766082    0 2473    0     0          0    501872 172861275384427 44837338883    0    0    0     0       0          0
1784770385 | enp139s0f0np0: 225704462735209 60987807599    0 2473    0     0          0    501872 172866038933491 44838482215    0    0    0     0       0          0
1784770386 | enp139s0f0np0: 225704470632835 60987848429    0 2473    0     0          0    501872 172870860701002 44839639458    0    0    0     0       0          0
1784770387 | enp139s0f0np0: 225704478363595 60987888360    0 2473    0     0          0    501873 172875613898425 44840780300    0    0    0     0       0          0
1784770388 | enp139s0f0np0: 225704486187322 60987928347    0 2473    0     0          0    501873 172880400882415 44841929233    0    0    0     0       0          0
