1784747610 | enp139s0f0np0: 214292905491550 58027330264    0 2473    0     0          0    501113 160283688416159 41605175318    0    0    0     0       0          0
1784747611 | enp139s0f0np0: 214292907331338 58027343402    0 2473    0     0          0    501113 160284490586813 41605368441    0    0    0     0       0          0
1784747612 | enp139s0f0np0: 214292909634140 58027359752    0 2473    0     0          0    501113 160285525354631 41605617539    0    0    0     0       0          0
1784747613 | enp139s0f0np0: 214292911990961 58027376488    0 2473    0     0          0    501113 160286592527511 41605874511    0    0    0     0       0          0
1784747614 | enp139s0f0np0: 214292914233703 58027392623    0 2473    0     0          0    501113 160287614352333 41606120495    0    0    0     0       0          0
1784747615 | enp139s0f0np0: 214292950493831 58027408564    0 2473    0     0          0    501114 160288058711578 41606228619    0    0    0     0       0          0
1784747616 | enp139s0f0np0: 214293121148151 58027450790    0 2473    0     0          0    501114 160288059964656 41606234338    0    0    0     0       0          0
1784747617 | enp139s0f0np0: 214293291123164 58027492834    0 2473    0     0          0    501114 160288061218916 41606240132    0    0    0     0       0          0
1784747618 | enp139s0f0np0: 214293461363076 58027534945    0 2473    0     0          0    501114 160288062477438 41606245962    0    0    0     0       0          0
1784747619 | enp139s0f0np0: 214293630811772 58027576861    0 2473    0     0          0    501114 160288063732472 41606251811    0    0    0     0       0          0
1784747620 | enp139s0f0np0: 214293800671527 58027618881    0 2473    0     0          0    501114 160288064985522 41606257592    0    0    0     0       0          0
1784747621 | enp139s0f0np0: 214293971168878 58027661062    0 2473    0     0          0    501114 160288066239498 41606263352    0    0    0     0       0          0
1784747622 | enp139s0f0np0: 214294138877367 58027702557    0 2473    0     0          0    501114 160288067465002 41606268872    0    0    0     0       0          0
1784747623 | enp139s0f0np0: 214294310474011 58027744999    0 2473    0     0          0    501114 160288068730615 41606274719    0    0    0     0       0          0
1784747624 | enp139s0f0np0: 214294481239073 58027787245    0 2473    0     0          0    501114 160288069990268 41606280533    0    0    0     0       0          0
1784747625 | enp139s0f0np0: 214294654604692 58027830094    0 2473    0     0          0    501114 160288071268936 41606286432    0    0    0     0       0          0
1784747626 | enp139s0f0np0: 214294826946429 58027872619    0 2473    0     0          0    501114 160288072539861 41606292281    0    0    0     0       0          0
1784747627 | enp139s0f0np0: 214295000489296 58027915444    0 2473    0     0          0    501114 160288073812675 41606298080    0    0    0     0       0          0
1784747628 | enp139s0f0np0: 214295172531303 58027957897    0 2473    0     0          0    501114 160288075080311 41606303910    0    0    0     0       0          0
1784747629 | enp139s0f0np0: 214295343071780 58027999976    0 2473    0     0          0    501114 160288076340085 41606309737    0    0    0     0       0          0
1784747630 | enp139s0f0np0: 214295514760305 58028042339    0 2473    0     0          0    501114 160288077601843 41606315504    0    0    0     0       0          0
1784747631 | enp139s0f0np0: 214295684576241 58028084244    0 2473    0     0          0    501114 160288078862313 41606321404    0    0    0     0       0          0
1784747632 | enp139s0f0np0: 214295856140688 58028126570    0 2473    0     0          0    501114 160288080118625 41606327099    0    0    0     0       0          0
1784747633 | enp139s0f0np0: 214296026625657 58028168629    0 2473    0     0          0    501114 160288081375195 41606332898    0    0    0     0       0          0
1784747634 | enp139s0f0np0: 214296200022116 58028211415    0 2473    0     0          0    501114 160288082656569 41606338827    0    0    0     0       0          0
1784747635 | enp139s0f0np0: 214296372235474 58028253914    0 2473    0     0          0    501114 160288083931670 41606344761    0    0    0     0       0          0
1784747636 | enp139s0f0np0: 214296543386043 58028296148    0 2473    0     0          0    501114 160288085211758 41606350837    0    0    0     0       0          0
1784747637 | enp139s0f0np0: 214296715605169 58028338642    0 2473    0     0          0    501114 160288086489624 41606356822    0    0    0     0       0          0
1784747638 | enp139s0f0np0: 214296888059565 58028381192    0 2473    0     0          0    501114 160288087751418 41606362527    0    0    0     0       0          0
1784747639 | enp139s0f0np0: 214297062017807 58028424113    0 2473    0     0          0    501114 160288089031984 41606368398    0    0    0     0       0          0
1784747640 | enp139s0f0np0: 214297238086282 58028467557    0 2473    0     0          0    501114 160288090333456 41606374424    0    0    0     0       0          0
1784747641 | enp139s0f0np0: 214297407341266 58028509320    0 2473    0     0          0    501114 160288091572032 41606380038    0    0    0     0       0          0
1784747642 | enp139s0f0np0: 214297583412502 58028552761    0 2473    0     0          0    501114 160288092864478 41606385933    0    0    0     0       0          0
1784747643 | enp139s0f0np0: 214297757643518 58028595741    0 2473    0     0          0    501114 160288094144230 41606391769    0    0    0     0       0          0
1784747644 | enp139s0f0np0: 214297930270961 58028638331    0 2473    0     0          0    501114 160288095416100 41606397619    0    0    0     0       0          0
1784747645 | enp139s0f0np0: 214298101789562 58028680644    0 2473    0     0          0    501115 160288096685633 41606403518    0    0    0     0       0          0
1784747646 | enp139s0f0np0: 214298276248553 58028723682    0 2473    0     0          0    501115 160288097987943 41606409684    0    0    0     0       0          0
1784747647 | enp139s0f0np0: 214298451560543 58028766956    0 2473    0     0          0    501115 160288099285705 41606415722    0    0    0     0       0          0
1784747648 | enp139s0f0np0: 214298626578256 58028810162    0 2473    0     0          0    501115 160288100571360 41606421593    0    0    0     0       0          0
1784747649 | enp139s0f0np0: 214298801174051 58028853295    0 2473    0     0          0    501115 160288101862887 41606427578    0    0    0     0       0          0
1784747650 | enp139s0f0np0: 214298975698674 58028896384    0 2473    0     0          0    501115 160288103141561 41606433389    0    0    0     0       0          0
1784747651 | enp139s0f0np0: 214299153216832 58028940212    0 2473    0     0          0    501115 160288104451247 41606439434    0    0    0     0       0          0
1784747652 | enp139s0f0np0: 214299329687986 58028983781    0 2473    0     0          0    501115 160288105754587 41606445452    0    0    0     0       0          0
1784747653 | enp139s0f0np0: 214299510717112 58029028473    0 2473    0     0          0    501115 160288107084531 41606451526    0    0    0     0       0          0
1784747654 | enp139s0f0np0: 214299689455456 58029072602    0 2473    0     0          0    501115 160288108401104 41606457574    0    0    0     0       0          0
1784747655 | enp139s0f0np0: 214299867814834 58029116630    0 2473    0     0          0    501115 160288109723260 41606463752    0    0    0     0       0          0
1784747656 | enp139s0f0np0: 214300048566678 58029161251    0 2473    0     0          0    501115 160288111056768 41606469888    0    0    0     0       0          0
1784747657 | enp139s0f0np0: 214300227459581 58029205428    0 2473    0     0          0    501115 160288112374286 41606475941    0    0    0     0       0          0
1784747658 | enp139s0f0np0: 214300405782642 58029249452    0 2473    0     0          0    501115 160288113694623 41606482084    0    0    0     0       0          0
1784747659 | enp139s0f0np0: 214300584815352 58029293659    0 2473    0     0          0    501115 160288114990114 41606487791    0    0    0     0       0          0
1784747660 | enp139s0f0np0: 214300763566176 58029337781    0 2473    0     0          0    501115 160288116290154 41606493587    0    0    0     0       0          0
1784747661 | enp139s0f0np0: 214300943518341 58029382201    0 2473    0     0          0    501115 160288117609152 41606499577    0    0    0     0       0          0
1784747662 | enp139s0f0np0: 214301124528134 58029426891    0 2473    0     0          0    501115 160288118938814 41606505653    0    0    0     0       0          0
1784747663 | enp139s0f0np0: 214301303665618 58029471112    0 2473    0     0          0    501115 160288120254996 41606511672    0    0    0     0       0          0
1784747664 | enp139s0f0np0: 214301490578158 58029517264    0 2473    0     0          0    501115 160288121626134 41606517905    0    0    0     0       0          0
1784747665 | enp139s0f0np0: 214301669167553 58029561348    0 2473    0     0          0    501115 160288122941967 41606523949    0    0    0     0       0          0
1784747666 | enp139s0f0np0: 214301850211048 58029606039    0 2473    0     0          0    501115 160288124274025 41606530057    0    0    0     0       0          0
1784747667 | enp139s0f0np0: 214302030398617 58029650518    0 2473    0     0          0    501115 160288125609443 41606536283    0    0    0     0       0          0
1784747668 | enp139s0f0np0: 214302212184486 58029695393    0 2473    0     0          0    501115 160288126964035 41606542671    0    0    0     0       0          0
1784747669 | enp139s0f0np0: 214302395208815 58029740631    0 2473    0     0          0    501115 160288128319757 41606548970    0    0    0     0       0          0
1784747670 | enp139s0f0np0: 214302576123606 58029785400    0 2473    0     0          0    501115 160288129652741 41606555104    0    0    0     0       0          0
1784747671 | enp139s0f0np0: 214302755813073 58029829866    0 2473    0     0          0    501115 160288130974295 41606561153    0    0    0     0       0          0
1784747672 | enp139s0f0np0: 214302934997240 58029874211    0 2473    0     0          0    501115 160288132296809 41606567270    0    0    0     0       0          0
1784747673 | enp139s0f0np0: 214303116308381 58029919086    0 2473    0     0          0    501115 160288133627119 41606573329    0    0    0     0       0          0
1784747674 | enp139s0f0np0: 214303295194702 58029963365    0 2473    0     0          0    501115 160288134942098 41606579346    0    0    0     0       0          0
1784747675 | enp139s0f0np0: 214303477300476 58030008435    0 2473    0     0          0    501116 160288136283366 41606585506    0    0    0     0       0          0
1784747676 | enp139s0f0np0: 214303658774347 58030053341    0 2473    0     0          0    501116 160288137625690 41606591738    0    0    0     0       0          0
1784747677 | enp139s0f0np0: 214303837168543 58030097505    0 2473    0     0          0    501116 160288138940685 41606597789    0    0    0     0       0          0
1784747678 | enp139s0f0np0: 214304017574147 58030142153    0 2473    0     0          0    501116 160288140274780 41606603968    0    0    0     0       0          0
1784747679 | enp139s0f0np0: 214304199137824 58030187083    0 2473    0     0          0    501116 160288141615522 41606610167    0    0    0     0       0          0
1784747680 | enp139s0f0np0: 214304378578465 58030231494    0 2473    0     0          0    501116 160288142931660 41606616157    0    0    0     0       0          0
1784747681 | enp139s0f0np0: 214304559768252 58030276329    0 2473    0     0          0    501116 160288144264348 41606622272    0    0    0     0       0          0
1784747682 | enp139s0f0np0: 214304739239172 58030320753    0 2473    0     0          0    501116 160288145589292 41606628388    0    0    0     0       0          0
1784747683 | enp139s0f0np0: 214304918838442 58030365204    0 2473    0     0          0    501116 160288146913964 41606634495    0    0    0     0       0          0
1784747684 | enp139s0f0np0: 214305098014778 58030409549    0 2473    0     0          0    501116 160288148237537 41606640630    0    0    0     0       0          0
1784747685 | enp139s0f0np0: 214305277204233 58030453899    0 2473    0     0          0    501116 160288149558727 41606646719    0    0    0     0       0          0
1784747686 | enp139s0f0np0: 214305454784178 58030497853    0 2473    0     0          0    501116 160288150873823 41606652825    0    0    0     0       0          0
1784747687 | enp139s0f0np0: 214305633597440 58030542113    0 2473    0     0          0    501116 160288152189887 41606658869    0    0    0     0       0          0
1784747688 | enp139s0f0np0: 214305813060513 58030586535    0 2473    0     0          0    501116 160288153511453 41606664940    0    0    0     0       0          0
1784747689 | enp139s0f0np0: 214305994984334 58030631562    0 2473    0     0          0    501116 160288154857229 41606671192    0    0    0     0       0          0
1784747690 | enp139s0f0np0: 214306175945841 58030676349    0 2473    0     0          0    501116 160288156185739 41606677263    0    0    0     0       0          0
1784747691 | enp139s0f0np0: 214306361446020 58030722235    0 2473    0     0          0    501116 160288157547167 41606683474    0    0    0     0       0          0
1784747692 | enp139s0f0np0: 214306544102986 58030767419    0 2473    0     0          0    501116 160288158896089 41606689706    0    0    0     0       0          0
1784747693 | enp139s0f0np0: 214306727857715 58030812871    0 2473    0     0          0    501116 160288160254557 41606696012    0    0    0     0       0          0
1784747694 | enp139s0f0np0: 214306909849396 58030857880    0 2473    0     0          0    501116 160288161601712 41606702262    0    0    0     0       0          0
1784747695 | enp139s0f0np0: 214307090403725 58030902529    0 2473    0     0          0    501116 160288162931494 41606708376    0    0    0     0       0          0
1784747696 | enp139s0f0np0: 214307273083381 58030947705    0 2473    0     0          0    501116 160288164274178 41606714530    0    0    0     0       0          0
1784747697 | enp139s0f0np0: 214307453638632 58030992378    0 2473    0     0          0    501116 160288165606898 41606720675    0    0    0     0       0          0
1784747698 | enp139s0f0np0: 214307637541765 58031037862    0 2473    0     0          0    501116 160288166959786 41606726890    0    0    0     0       0          0
1784747699 | enp139s0f0np0: 214307820605746 58031083140    0 2473    0     0          0    501116 160288168294528 41606732873    0    0    0     0       0          0
1784747700 | enp139s0f0np0: 214308001444018 58031127859    0 2473    0     0          0    501116 160288169620566 41606738906    0    0    0     0       0          0
1784747701 | enp139s0f0np0: 214308183861516 58031172973    0 2473    0     0          0    501116 160288170952796 41606744923    0    0    0     0       0          0
1784747702 | enp139s0f0np0: 214308369485051 58031218884    0 2473    0     0          0    501116 160288172317412 41606751171    0    0    0     0       0          0
1784747703 | enp139s0f0np0: 214308556739772 58031265199    0 2473    0     0          0    501116 160288173696100 41606757503    0    0    0     0       0          0
1784747704 | enp139s0f0np0: 214308737867313 58031310005    0 2473    0     0          0    501116 160288175018851 41606763458    0    0    0     0       0          0
1784747705 | enp139s0f0np0: 214308918408786 58031354660    0 2473    0     0          0    501117 160288176341351 41606769464    0    0    0     0       0          0
1784747706 | enp139s0f0np0: 214309099890334 58031399545    0 2473    0     0          0    501117 160288177670435 41606775490    0    0    0     0       0          0
1784747707 | enp139s0f0np0: 214309280857457 58031444305    0 2473    0     0          0    501117 160288179002517 41606781619    0    0    0     0       0          0
1784747708 | enp139s0f0np0: 214309462658072 58031489287    0 2473    0     0          0    501117 160288180341235 41606787763    0    0    0     0       0          0
1784747709 | enp139s0f0np0: 214309644543636 58031534267    0 2473    0     0          0    501117 160288181679381 41606793896    0    0    0     0       0          0
1784747710 | enp139s0f0np0: 214309827224668 58031579446    0 2473    0     0          0    501117 160288183022431 41606800057    0    0    0     0       0          0
1784747711 | enp139s0f0np0: 214310008473292 58031624269    0 2473    0     0          0    501117 160288184342161 41606805957    0    0    0     0       0          0
1784747712 | enp139s0f0np0: 214310190090905 58031669193    0 2473    0     0          0    501117 160288185675787 41606812043    0    0    0     0       0          0
1784747713 | enp139s0f0np0: 214310373852586 58031714576    0 2473    0     0          0    501117 160288187033911 41606818349    0    0    0     0       0          0
1784747714 | enp139s0f0np0: 214310553989650 58031759020    0 2473    0     0          0    501117 160288188352680 41606824317    0    0    0     0       0          0
1784747715 | enp139s0f0np0: 214310737689397 58031804344    0 2473    0     0          0    501117 160288189704264 41606830509    0    0    0     0       0          0
1784747716 | enp139s0f0np0: 214310918372573 58031848927    0 2473    0     0          0    501117 160288191022174 41606836444    0    0    0     0       0          0
1784747717 | enp139s0f0np0: 214311101388829 58031894077    0 2473    0     0          0    501117 160288192354806 41606842403    0    0    0     0       0          0
1784747718 | enp139s0f0np0: 214311280036040 58031938156    0 2473    0     0          0    501117 160288193663808 41606848341    0    0    0     0       0          0
1784747719 | enp139s0f0np0: 214311461091460 58031982828    0 2473    0     0          0    501117 160288195003830 41606854576    0    0    0     0       0          0
1784747720 | enp139s0f0np0: 214311642390846 58032027558    0 2473    0     0          0    501117 160288196338982 41606860707    0    0    0     0       0          0
1784747721 | enp139s0f0np0: 214311822255874 58032071944    0 2473    0     0          0    501117 160288197667646 41606866856    0    0    0     0       0          0
1784747722 | enp139s0f0np0: 214312002637112 58032116447    0 2473    0     0          0    501117 160288198994435 41606872932    0    0    0     0       0          0
1784747723 | enp139s0f0np0: 214312187291841 58032162001    0 2473    0     0          0    501117 160288200348081 41606879082    0    0    0     0       0          0
1784747724 | enp139s0f0np0: 214312367677309 58032206506    0 2473    0     0          0    501117 160288201675771 41606885170    0    0    0     0       0          0
1784747725 | enp139s0f0np0: 214312548699625 58032251168    0 2473    0     0          0    501117 160288202993798 41606891071    0    0    0     0       0          0
1784747726 | enp139s0f0np0: 214312730690740 58032296078    0 2473    0     0          0    501117 160288204331165 41606897175    0    0    0     0       0          0
1784747727 | enp139s0f0np0: 214312911040881 58032340577    0 2473    0     0          0    501117 160288205661029 41606903303    0    0    0     0       0          0
1784747728 | enp139s0f0np0: 214313094202715 58032385762    0 2473    0     0          0    501117 160288207003189 41606909397    0    0    0     0       0          0
1784747729 | enp139s0f0np0: 214313275369611 58032430455    0 2473    0     0          0    501117 160288208327167 41606915368    0    0    0     0       0          0
1784747730 | enp139s0f0np0: 214313457326575 58032475342    0 2473    0     0          0    501117 160288209650871 41606921288    0    0    0     0       0          0
1784747731 | enp139s0f0np0: 214313639392510 58032520254    0 2473    0     0          0    501117 160288210981267 41606927276    0    0    0     0       0          0
1784747732 | enp139s0f0np0: 214313822154029 58032565332    0 2473    0     0          0    501117 160288212324805 41606933419    0    0    0     0       0          0
1784747733 | enp139s0f0np0: 214314000382921 58032609307    0 2473    0     0          0    501117 160288213635477 41606939423    0    0    0     0       0          0
1784747734 | enp139s0f0np0: 214314181528120 58032653992    0 2473    0     0          0    501117 160288214963442 41606945456    0    0    0     0       0          0
1784747735 | enp139s0f0np0: 214314361380169 58032698391    0 2473    0     0          0    501118 160288216275052 41606951346    0    0    0     0       0          0
1784747736 | enp139s0f0np0: 214314543881300 58032743447    0 2473    0     0          0    501118 160288217603452 41606957294    0    0    0     0       0          0
1784747737 | enp139s0f0np0: 214314724631411 58032788072    0 2473    0     0          0    501118 160288218935630 41606963421    0    0    0     0       0          0
1784747738 | enp139s0f0np0: 214314906170052 58032832886    0 2473    0     0          0    501118 160288220274124 41606969571    0    0    0     0       0          0
1784747739 | enp139s0f0np0: 214315085586135 58032877194    0 2473    0     0          0    501118 160288221589380 41606975550    0    0    0     0       0          0
1784747740 | enp139s0f0np0: 214315266867567 58032921950    0 2473    0     0          0    501118 160288222907298 41606981418    0    0    0     0       0          0
1784747741 | enp139s0f0np0: 214315448414870 58032966768    0 2473    0     0          0    501118 160288224229890 41606987342    0    0    0     0       0          0
1784747742 | enp139s0f0np0: 214315628487558 58033011226    0 2473    0     0          0    501118 160288225545566 41606993274    0    0    0     0       0          0
1784747743 | enp139s0f0np0: 214315810561670 58033056172    0 2473    0     0          0    501118 160288226876572 41606999279    0    0    0     0       0          0
1784747744 | enp139s0f0np0: 214315992878164 58033101177    0 2473    0     0          0    501118 160288228217359 41607005416    0    0    0     0       0          0
1784747745 | enp139s0f0np0: 214316174560485 58033146031    0 2473    0     0          0    501118 160288229544295 41607011393    0    0    0     0       0          0
1784747746 | enp139s0f0np0: 214316358537327 58033191449    0 2473    0     0          0    501118 160288230889719 41607017480    0    0    0     0       0          0
1784747747 | enp139s0f0np0: 214316539028898 58033236003    0 2473    0     0          0    501118 160288232216603 41607023542    0    0    0     0       0          0
1784747748 | enp139s0f0np0: 214316719639972 58033280591    0 2473    0     0          0    501118 160288233533043 41607029453    0    0    0     0       0          0
1784747749 | enp139s0f0np0: 214316904497291 58033326227    0 2473    0     0          0    501118 160288234900007 41607035780    0    0    0     0       0          0
1784747750 | enp139s0f0np0: 214317087639020 58033371440    0 2473    0     0          0    501118 160288236243871 41607041896    0    0    0     0       0          0
1784747751 | enp139s0f0np0: 214317270664322 58033416627    0 2473    0     0          0    501118 160288237584139 41607047981    0    0    0     0       0          0
1784747752 | enp139s0f0np0: 214317452838788 58033461597    0 2473    0     0          0    501118 160288238914651 41607053967    0    0    0     0       0          0
1784747753 | enp139s0f0np0: 214317635492421 58033506674    0 2473    0     0          0    501118 160288240260515 41607060155    0    0    0     0       0          0
1784747754 | enp139s0f0np0: 214317817030130 58033551486    0 2473    0     0          0    501118 160288241592951 41607066225    0    0    0     0       0          0
1784747755 | enp139s0f0np0: 214317999880478 58033596625    0 2473    0     0          0    501118 160288242932154 41607072298    0    0    0     0       0          0
1784747756 | enp139s0f0np0: 214318180771747 58033641298    0 2473    0     0          0    501118 160288244260406 41607078348    0    0    0     0       0          0
1784747757 | enp139s0f0np0: 214318366208995 58033687131    0 2473    0     0          0    501118 160288245625022 41607084614    0    0    0     0       0          0
1784747758 | enp139s0f0np0: 214318549269324 58033732430    0 2473    0     0          0    501118 160288246958140 41607090579    0    0    0     0       0          0
1784747759 | enp139s0f0np0: 214318729780013 58033777104    0 2473    0     0          0    501118 160288248281776 41607096597    0    0    0     0       0          0
1784747760 | enp139s0f0np0: 214318909221070 58033821516    0 2473    0     0          0    501118 160288249603529 41607102671    0    0    0     0       0          0
1784747761 | enp139s0f0np0: 214319090810978 58033866457    0 2473    0     0          0    501118 160288250932958 41607108696    0    0    0     0       0          0
1784747762 | enp139s0f0np0: 214319274683836 58033911961    0 2473    0     0          0    501118 160288252280630 41607114828    0    0    0     0       0          0
1784747763 | enp139s0f0np0: 214319460054035 58033957836    0 2473    0     0          0    501118 160288253634958 41607120927    0    0    0     0       0          0
1784747764 | enp139s0f0np0: 214319644198598 58034003418    0 2473    0     0          0    501119 160288254974797 41607126911    0    0    0     0       0          0
1784747765 | enp139s0f0np0: 214319825667025 58034048330    0 2473    0     0          0    501119 160288256301585 41607132909    0    0    0     0       0          0
1784747766 | enp139s0f0np0: 214320005649675 58034092882    0 2473    0     0          0    501119 160288257622103 41607138921    0    0    0     0       0          0
1784747767 | enp139s0f0np0: 214320185399176 58034137371    0 2473    0     0          0    501119 160288258948161 41607145041    0    0    0     0       0          0
1784747768 | enp139s0f0np0: 214320364973805 58034181816    0 2473    0     0          0    501119 160288260264969 41607151041    0    0    0     0       0          0
1784747769 | enp139s0f0np0: 214320548870029 58034227333    0 2473    0     0          0    501119 160288261610024 41607157118    0    0    0     0       0          0
1784747770 | enp139s0f0np0: 214320729159162 58034271956    0 2473    0     0          0    501119 160288262923969 41607163014    0    0    0     0       0          0
1784747771 | enp139s0f0np0: 214320906626470 58034315874    0 2473    0     0          0    501119 160288264227231 41607168961    0    0    0     0       0          0
1784747772 | enp139s0f0np0: 214321085576519 58034360164    0 2473    0     0          0    501119 160288265548893 41607175080    0    0    0     0       0          0
1784747773 | enp139s0f0np0: 214321265579614 58034404711    0 2473    0     0          0    501119 160288266869485 41607181104    0    0    0     0       0          0
1784747774 | enp139s0f0np0: 214321442907331 58034448601    0 2473    0     0          0    501119 160288268179394 41607187154    0    0    0     0       0          0
1784747775 | enp139s0f0np0: 214321624928761 58034493653    0 2473    0     0          0    501119 160288269522240 41607193357    0    0    0     0       0          0
1784747777 | enp139s0f0np0: 214321809785580 58034539407    0 2473    0     0          0    501119 160288270866838 41607199368    0    0    0     0       0          0
1784747778 | enp139s0f0np0: 214321995002744 58034585247    0 2473    0     0          0    501119 160288272223680 41607205515    0    0    0     0       0          0
1784747779 | enp139s0f0np0: 214322176883602 58034630257    0 2473    0     0          0    501119 160288273548532 41607211455    0    0    0     0       0          0
1784747780 | enp139s0f0np0: 214322358078134 58034675072    0 2473    0     0          0    501119 160288274878286 41607217524    0    0    0     0       0          0
1784747781 | enp139s0f0np0: 214322541195795 58034720364    0 2473    0     0          0    501119 160288276221622 41607223643    0    0    0     0       0          0
1784747782 | enp139s0f0np0: 214322724840116 58034765789    0 2473    0     0          0    501119 160288277570456 41607229801    0    0    0     0       0          0
1784747783 | enp139s0f0np0: 214322909409889 58034811431    0 2473    0     0          0    501119 160288278919852 41607235907    0    0    0     0       0          0
1784747784 | enp139s0f0np0: 214323092122115 58034856635    0 2473    0     0          0    501119 160288280261974 41607242029    0    0    0     0       0          0
1784747785 | enp139s0f0np0: 214323274684427 58034901782    0 2473    0     0          0    501119 160288281598061 41607248087    0    0    0     0       0          0
1784747786 | enp139s0f0np0: 214323460308997 58034947696    0 2473    0     0          0    501119 160288282973911 41607254500    0    0    0     0       0          0
1784747787 | enp139s0f0np0: 214323641350166 58034992474    0 2473    0     0          0    501119 160288284318435 41607260803    0    0    0     0       0          0
1784747788 | enp139s0f0np0: 214323823492005 58035037523    0 2473    0     0          0    501119 160288285663097 41607267017    0    0    0     0       0          0
1784747789 | enp139s0f0np0: 214324004167434 58035082212    0 2473    0     0          0    501119 160288286987567 41607273032    0    0    0     0       0          0
1784747790 | enp139s0f0np0: 214324184052159 58035126716    0 2473    0     0          0    501119 160288288297999 41607278902    0    0    0     0       0          0
1784747791 | enp139s0f0np0: 214324367552534 58035172108    0 2473    0     0          0    501119 160288289649111 41607285116    0    0    0     0       0          0
1784747792 | enp139s0f0np0: 214324550773724 58035217433    0 2473    0     0          0    501119 160288291012049 41607291521    0    0    0     0       0          0
1784747793 | enp139s0f0np0: 214324734239555 58035262821    0 2473    0     0          0    501119 160288292358827 41607297671    0    0    0     0       0          0
1784747794 | enp139s0f0np0: 214324916541956 58035307913    0 2473    0     0          0    501119 160288293703467 41607303870    0    0    0     0       0          0
1784747795 | enp139s0f0np0: 214325098195800 58035352847    0 2473    0     0          0    501120 160288295044902 41607310074    0    0    0     0       0          0
