1784785181 | enp139s0f0np0: 236239664347475 63727593732    0 2473    0     0          0    502366 184726912101105 47875013412    0    0    0     0       0          0
1784785182 | enp139s0f0np0: 236240730085515 63727861738    0 2473    0     0          0    502366 184727508413604 47875172127    0    0    0     0       0          0
1784785183 | enp139s0f0np0: 236243319168619 63728498868    0 2473    0     0          0    502366 184728901404562 47875529854    0    0    0     0       0          0
1784785184 | enp139s0f0np0: 236245870074876 63729126982    0 2473    0     0          0    502366 184730312705624 47875892077    0    0    0     0       0          0
1784785185 | enp139s0f0np0: 236248450641257 63729762431    0 2473    0     0          0    502366 184731692720294 47876247192    0    0    0     0       0          0
1784785186 | enp139s0f0np0: 236251029543899 63730397042    0 2473    0     0          0    502366 184733049019442 47876596264    0    0    0     0       0          0
1784785187 | enp139s0f0np0: 236253610440912 63731031938    0 2473    0     0          0    502366 184734476406579 47876962982    0    0    0     0       0          0
1784785188 | enp139s0f0np0: 236256163973583 63731661063    0 2473    0     0          0    502366 184735939624917 47877338167    0    0    0     0       0          0
1784785189 | enp139s0f0np0: 236258801263803 63732309491    0 2473    0     0          0    502366 184737263944977 47877680310    0    0    0     0       0          0
1784785190 | enp139s0f0np0: 236261401894224 63732949383    0 2473    0     0          0    502366 184738678755062 47878043694    0    0    0     0       0          0
1784785191 | enp139s0f0np0: 236263995866490 63733587987    0 2473    0     0          0    502366 184740137725858 47878418556    0    0    0     0       0          0
1784785192 | enp139s0f0np0: 236266557213902 63734218829    0 2473    0     0          0    502366 184741547565090 47878781322    0    0    0     0       0          0
1784785193 | enp139s0f0np0: 236269099261595 63734844446    0 2473    0     0          0    502366 184742887120290 47879127193    0    0    0     0       0          0
1784785194 | enp139s0f0np0: 236271504308094 63735437510    0 2473    0     0          0    502366 184744096892809 47879442491    0    0    0     0       0          0
1784785195 | enp139s0f0np0: 236274084095058 63736072653    0 2473    0     0          0    502366 184745437974571 47879788975    0    0    0     0       0          0
1784785196 | enp139s0f0np0: 236276636102832 63736700926    0 2473    0     0          0    502366 184746741097517 47880127154    0    0    0     0       0          0
1784785197 | enp139s0f0np0: 236278871969648 63737253821    0 2473    0     0          0    502366 184747928109229 47880436707    0    0    0     0       0          0
1784785198 | enp139s0f0np0: 236281395099435 63737875386    0 2473    0     0          0    502366 184749300449672 47880789616    0    0    0     0       0          0
1784785199 | enp139s0f0np0: 236284029813715 63738523705    0 2473    0     0          0    502366 184750678347313 47881144401    0    0    0     0       0          0
1784785200 | enp139s0f0np0: 236286507941752 63739135087    0 2473    0     0          0    502366 184751993575564 47881484046    0    0    0     0       0          0
1784785201 | enp139s0f0np0: 236289184325099 63739793828    0 2473    0     0          0    502366 184753323902905 47881827835    0    0    0     0       0          0
1784785202 | enp139s0f0np0: 236291712866361 63740416950    0 2473    0     0          0    502366 184754590380933 47882156593    0    0    0     0       0          0
1784785203 | enp139s0f0np0: 236294273297333 63741047910    0 2473    0     0          0    502366 184755867346584 47882487898    0    0    0     0       0          0
1784785204 | enp139s0f0np0: 236296796995223 63741669641    0 2473    0     0          0    502366 184757142640896 47882819114    0    0    0     0       0          0
1784785205 | enp139s0f0np0: 236299032915920 63742221661    0 2473    0     0          0    502366 184758275134009 47883115325    0    0    0     0       0          0
1784785206 | enp139s0f0np0: 236301585791268 63742850320    0 2473    0     0          0    502366 184759549420294 47883447096    0    0    0     0       0          0
1784785207 | enp139s0f0np0: 236304190863433 63743491287    0 2473    0     0          0    502366 184760862386849 47883787243    0    0    0     0       0          0
1784785208 | enp139s0f0np0: 236306719548584 63744114033    0 2473    0     0          0    502367 184762199976073 47884132467    0    0    0     0       0          0
1784785209 | enp139s0f0np0: 236309296837273 63744747926    0 2473    0     0          0    502367 184763518683680 47884473330    0    0    0     0       0          0
1784785210 | enp139s0f0np0: 236311875659455 63745382558    0 2473    0     0          0    502367 184764837948860 47884814139    0    0    0     0       0          0
1784785211 | enp139s0f0np0: 236314402754749 63746004408    0 2473    0     0          0    502367 184766182760075 47885161459    0    0    0     0       0          0
1784785212 | enp139s0f0np0: 236316891570072 63746617353    0 2473    0     0          0    502367 184767444408176 47885489821    0    0    0     0       0          0
1784785213 | enp139s0f0np0: 236319430974470 63747243085    0 2473    0     0          0    502367 184768746296210 47885827901    0    0    0     0       0          0
1784785214 | enp139s0f0np0: 236322008214153 63747877041    0 2473    0     0          0    502367 184769982202946 47886149380    0    0    0     0       0          0
1784785215 | enp139s0f0np0: 236324594428355 63748512882    0 2473    0     0          0    502367 184771294436820 47886488452    0    0    0     0       0          0
1784785216 | enp139s0f0np0: 236327259740933 63749167521    0 2473    0     0          0    502367 184772636369361 47886834798    0    0    0     0       0          0
1784785217 | enp139s0f0np0: 236329837249617 63749800966    0 2473    0     0          0    502367 184773958698018 47887176732    0    0    0     0       0          0
1784785218 | enp139s0f0np0: 236332449864383 63750443446    0 2473    0     0          0    502367 184775258192807 47887512780    0    0    0     0       0          0
1784785219 | enp139s0f0np0: 236335024719150 63751076845    0 2473    0     0          0    502367 184776650908629 47887871060    0    0    0     0       0          0
1784785220 | enp139s0f0np0: 236337617690397 63751714503    0 2473    0     0          0    502367 184778047726503 47888230138    0    0    0     0       0          0
1784785221 | enp139s0f0np0: 236340277414468 63752367397    0 2473    0     0          0    502367 184779386908788 47888576423    0    0    0     0       0          0
1784785222 | enp139s0f0np0: 236342898694559 63753012324    0 2473    0     0          0    502367 184780669558245 47888910013    0    0    0     0       0          0
1784785223 | enp139s0f0np0: 236345536249779 63753661043    0 2473    0     0          0    502367 184781981602233 47889250797    0    0    0     0       0          0
1784785224 | enp139s0f0np0: 236348128936574 63754298655    0 2473    0     0          0    502367 184783351067658 47889603005    0    0    0     0       0          0
1784785225 | enp139s0f0np0: 236350769394099 63754948504    0 2473    0     0          0    502367 184784713129699 47889954662    0    0    0     0       0          0
1784785226 | enp139s0f0np0: 236353403744192 63755595093    0 2473    0     0          0    502367 184786030614637 47890295198    0    0    0     0       0          0
1784785227 | enp139s0f0np0: 236356044656694 63756244676    0 2473    0     0          0    502367 184787400898996 47890648743    0    0    0     0       0          0
1784785228 | enp139s0f0np0: 236358654294816 63756886446    0 2473    0     0          0    502367 184788672192342 47890978108    0    0    0     0       0          0
1784785229 | enp139s0f0np0: 236361345659869 63757547840    0 2473    0     0          0    502367 184790017631373 47891325819    0    0    0     0       0          0
1784785230 | enp139s0f0np0: 236363990708800 63758198288    0 2473    0     0          0    502367 184791332759000 47891666336    0    0    0     0       0          0
1784785231 | enp139s0f0np0: 236366571245513 63758833917    0 2473    0     0          0    502367 184792636219818 47892004390    0    0    0     0       0          0
1784785232 | enp139s0f0np0: 236369156393598 63759469568    0 2473    0     0          0    502367 184793943489366 47892342301    0    0    0     0       0          0
1784785233 | enp139s0f0np0: 236371754059301 63760108252    0 2473    0     0          0    502367 184795223525546 47892674128    0    0    0     0       0          0
1784785234 | enp139s0f0np0: 236374321488246 63760740870    0 2473    0     0          0    502367 184796511499250 47893007982    0    0    0     0       0          0
1784785235 | enp139s0f0np0: 236376955036714 63761389607    0 2473    0     0          0    502367 184797821876075 47893347077    0    0    0     0       0          0
1784785236 | enp139s0f0np0: 236379579981961 63762035425    0 2473    0     0          0    502367 184799011088030 47893658243    0    0    0     0       0          0
1784785237 | enp139s0f0np0: 236382026057629 63762638132    0 2473    0     0          0    502367 184800071457744 47893937943    0    0    0     0       0          0
1784785238 | enp139s0f0np0: 236384705089059 63763295675    0 2473    0     0          0    502368 184801175015737 47894228055    0    0    0     0       0          0
1784785239 | enp139s0f0np0: 236387449230826 63763968692    0 2473    0     0          0    502368 184802302967496 47894524398    0    0    0     0       0          0
1784785240 | enp139s0f0np0: 236390229059590 63764650734    0 2473    0     0          0    502368 184803555621812 47894849233    0    0    0     0       0          0
1784785241 | enp139s0f0np0: 236392876969626 63765302308    0 2473    0     0          0    502368 184804881474696 47895192496    0    0    0     0       0          0
1784785242 | enp139s0f0np0: 236395451012757 63765936148    0 2473    0     0          0    502368 184806225984213 47895540011    0    0    0     0       0          0
1784785243 | enp139s0f0np0: 236398065566695 63766579883    0 2473    0     0          0    502368 184807549737722 47895882098    0    0    0     0       0          0
1784785244 | enp139s0f0np0: 236400704847340 63767229366    0 2473    0     0          0    502368 184808883068975 47896226888    0    0    0     0       0          0
1784785245 | enp139s0f0np0: 236403366063599 63767884407    0 2473    0     0          0    502368 184810199208771 47896567815    0    0    0     0       0          0
1784785246 | enp139s0f0np0: 236405833090123 63768492291    0 2473    0     0          0    502368 184811461030007 47896895737    0    0    0     0       0          0
1784785247 | enp139s0f0np0: 236408208303915 63769078821    0 2473    0     0          0    502368 184812622662166 47897199092    0    0    0     0       0          0
1784785248 | enp139s0f0np0: 236410503903862 63769646686    0 2473    0     0          0    502368 184813760773645 47897497787    0    0    0     0       0          0
1784785249 | enp139s0f0np0: 236412768263718 63770206349    0 2473    0     0          0    502368 184814856325529 47897785567    0    0    0     0       0          0
1784785250 | enp139s0f0np0: 236415063985620 63770773963    0 2473    0     0          0    502368 184816034938309 47898093475    0    0    0     0       0          0
1784785251 | enp139s0f0np0: 236417320042400 63771331409    0 2473    0     0          0    502368 184817167503020 47898389601    0    0    0     0       0          0
1784785252 | enp139s0f0np0: 236419738450850 63771927535    0 2473    0     0          0    502368 184818364402382 47898700937    0    0    0     0       0          0
1784785253 | enp139s0f0np0: 236422046651255 63772497163    0 2473    0     0          0    502368 184819545850241 47899009389    0    0    0     0       0          0
1784785254 | enp139s0f0np0: 236424320004260 63773058732    0 2473    0     0          0    502368 184820680362790 47899306465    0    0    0     0       0          0
1784785255 | enp139s0f0np0: 236426662357269 63773636927    0 2473    0     0          0    502368 184821837088960 47899609197    0    0    0     0       0          0
1784785256 | enp139s0f0np0: 236428917075667 63774194880    0 2473    0     0          0    502368 184823007257554 47899914370    0    0    0     0       0          0
1784785257 | enp139s0f0np0: 236431156372098 63774749204    0 2473    0     0          0    502368 184824169000977 47900217389    0    0    0     0       0          0
1784785258 | enp139s0f0np0: 236433351150286 63775292900    0 2473    0     0          0    502368 184825322084746 47900518452    0    0    0     0       0          0
1784785259 | enp139s0f0np0: 236435561067157 63775839285    0 2473    0     0          0    502368 184826465850308 47900816884    0    0    0     0       0          0
1784785260 | enp139s0f0np0: 236437889775558 63776414124    0 2473    0     0          0    502368 184827615253218 47901117206    0    0    0     0       0          0
1784785261 | enp139s0f0np0: 236440204660414 63776985778    0 2473    0     0          0    502368 184828796108084 47901425210    0    0    0     0       0          0
1784785262 | enp139s0f0np0: 236442476630668 63777547377    0 2473    0     0          0    502368 184829992542445 47901736818    0    0    0     0       0          0
1784785263 | enp139s0f0np0: 236444734477801 63778104599    0 2473    0     0          0    502368 184831104581609 47902028829    0    0    0     0       0          0
1784785264 | enp139s0f0np0: 236447071056695 63778681146    0 2473    0     0          0    502368 184832288416731 47902337793    0    0    0     0       0          0
1784785265 | enp139s0f0np0: 236449336750771 63779240737    0 2473    0     0          0    502368 184833435661854 47902637256    0    0    0     0       0          0
1784785266 | enp139s0f0np0: 236451661155031 63779815113    0 2473    0     0          0    502368 184834652007021 47902954129    0    0    0     0       0          0
1784785267 | enp139s0f0np0: 236453643576293 63780305153    0 2473    0     0          0    502368 184835649143781 47903215217    0    0    0     0       0          0
1784785268 | enp139s0f0np0: 236456005700747 63780888365    0 2473    0     0          0    502369 184836888313686 47903537163    0    0    0     0       0          0
1784785269 | enp139s0f0np0: 236458327558813 63781461896    0 2473    0     0          0    502369 184838077901974 47903847433    0    0    0     0       0          0
1784785270 | enp139s0f0np0: 236460605990559 63782024868    0 2473    0     0          0    502369 184839258541516 47904154995    0    0    0     0       0          0
1784785271 | enp139s0f0np0: 236462869653078 63782584524    0 2473    0     0          0    502369 184840446347627 47904464420    0    0    0     0       0          0
1784785272 | enp139s0f0np0: 236465132403317 63783144050    0 2473    0     0          0    502369 184841603536494 47904767267    0    0    0     0       0          0
1784785273 | enp139s0f0np0: 236467501525457 63783726962    0 2473    0     0          0    502369 184842696464143 47905053819    0    0    0     0       0          0
1784785274 | enp139s0f0np0: 236469458884449 63784210770    0 2473    0     0          0    502369 184843746164009 47905326537    0    0    0     0       0          0
1784785275 | enp139s0f0np0: 236471779982893 63784784819    0 2473    0     0          0    502369 184844956396710 47905641853    0    0    0     0       0          0
1784785276 | enp139s0f0np0: 236474097410667 63785356814    0 2473    0     0          0    502369 184846114082906 47905944599    0    0    0     0       0          0
1784785277 | enp139s0f0np0: 236476454382482 63785938571    0 2473    0     0          0    502369 184847299106192 47906253992    0    0    0     0       0          0
1784785278 | enp139s0f0np0: 236478750306697 63786505666    0 2473    0     0          0    502369 184848489223320 47906564236    0    0    0     0       0          0
1784785279 | enp139s0f0np0: 236481097444951 63787085327    0 2473    0     0          0    502369 184849675409826 47906874191    0    0    0     0       0          0
1784785280 | enp139s0f0np0: 236483306494943 63787631387    0 2473    0     0          0    502369 184850786517326 47907165256    0    0    0     0       0          0
1784785281 | enp139s0f0np0: 236485940670762 63788278928    0 2473    0     0          0    502369 184852084158821 47907502140    0    0    0     0       0          0
1784785282 | enp139s0f0np0: 236488239615257 63788846563    0 2473    0     0          0    502369 184853264035419 47907809939    0    0    0     0       0          0
1784785283 | enp139s0f0np0: 236490548345103 63789416639    0 2473    0     0          0    502369 184854407611681 47908109437    0    0    0     0       0          0
1784785284 | enp139s0f0np0: 236492902582460 63789997666    0 2473    0     0          0    502369 184855591538219 47908418562    0    0    0     0       0          0
1784785285 | enp139s0f0np0: 236495142148417 63790550725    0 2473    0     0          0    502369 184856740981181 47908718616    0    0    0     0       0          0
1784785286 | enp139s0f0np0: 236497384262921 63791103912    0 2473    0     0          0    502369 184857911025352 47909022928    0    0    0     0       0          0
1784785287 | enp139s0f0np0: 236500012953023 63791750005    0 2473    0     0          0    502369 184859206100099 47909358348    0    0    0     0       0          0
1784785288 | enp139s0f0np0: 236502609607924 63792388956    0 2473    0     0          0    502369 184860463226087 47909685354    0    0    0     0       0          0
1784785289 | enp139s0f0np0: 236505127293124 63793008908    0 2473    0     0          0    502369 184861721880912 47910011548    0    0    0     0       0          0
1784785290 | enp139s0f0np0: 236507788958952 63793663378    0 2473    0     0          0    502369 184863033669709 47910351529    0    0    0     0       0          0
1784785291 | enp139s0f0np0: 236509922924246 63794192181    0 2473    0     0          0    502369 184864157261262 47910645137    0    0    0     0       0          0
1784785292 | enp139s0f0np0: 236512467712161 63794818458    0 2473    0     0          0    502369 184865351555261 47910957716    0    0    0     0       0          0
1784785293 | enp139s0f0np0: 236515054591505 63795454864    0 2473    0     0          0    502369 184866610187634 47911285072    0    0    0     0       0          0
1784785294 | enp139s0f0np0: 236517813251838 63796131782    0 2473    0     0          0    502369 184867894182726 47911618485    0    0    0     0       0          0
1784785295 | enp139s0f0np0: 236520498849882 63796790851    0 2473    0     0          0    502369 184869193559435 47911955100    0    0    0     0       0          0
1784785296 | enp139s0f0np0: 236522757322312 63797347821    0 2473    0     0          0    502369 184870252496695 47912232932    0    0    0     0       0          0
1784785297 | enp139s0f0np0: 236525146201230 63797936387    0 2473    0     0          0    502369 184871316100459 47912513429    0    0    0     0       0          0
1784785298 | enp139s0f0np0: 236527524011741 63798522174    0 2473    0     0          0    502370 184872361564170 47912789700    0    0    0     0       0          0
1784785299 | enp139s0f0np0: 236529951615329 63799119270    0 2473    0     0          0    502370 184873384187795 47913060370    0    0    0     0       0          0
1784785300 | enp139s0f0np0: 236532328527570 63799704579    0 2473    0     0          0    502370 184874384963275 47913325813    0    0    0     0       0          0
1784785301 | enp139s0f0np0: 236534649552779 63800276883    0 2473    0     0          0    502370 184875459643796 47913609082    0    0    0     0       0          0
1784785302 | enp139s0f0np0: 236537060534473 63800870830    0 2473    0     0          0    502370 184876595368553 47913906297    0    0    0     0       0          0
1784785303 | enp139s0f0np0: 236539359455927 63801438238    0 2473    0     0          0    502370 184877744260272 47914206597    0    0    0     0       0          0
1784785304 | enp139s0f0np0: 236541682942698 63802012474    0 2473    0     0          0    502370 184878922506235 47914514672    0    0    0     0       0          0
1784785305 | enp139s0f0np0: 236543901365659 63802560649    0 2473    0     0          0    502370 184880046618147 47914808980    0    0    0     0       0          0
1784785306 | enp139s0f0np0: 236546141034143 63803114577    0 2473    0     0          0    502370 184881192760219 47915108637    0    0    0     0       0          0
1784785307 | enp139s0f0np0: 236548442372523 63803683475    0 2473    0     0          0    502370 184882374869285 47915415820    0    0    0     0       0          0
1784785308 | enp139s0f0np0: 236550704963919 63804242463    0 2473    0     0          0    502370 184883493965427 47915709814    0    0    0     0       0          0
1784785309 | enp139s0f0np0: 236552942003812 63804795231    0 2473    0     0          0    502370 184884626488141 47916005684    0    0    0     0       0          0
1784785310 | enp139s0f0np0: 236555214062505 63805356419    0 2473    0     0          0    502370 184885760764120 47916302667    0    0    0     0       0          0
1784785311 | enp139s0f0np0: 236557512841582 63805924730    0 2473    0     0          0    502370 184886910702919 47916603689    0    0    0     0       0          0
1784785312 | enp139s0f0np0: 236559855178504 63806503199    0 2473    0     0          0    502370 184888059036751 47916904064    0    0    0     0       0          0
1784785313 | enp139s0f0np0: 236562475097537 63807147128    0 2473    0     0          0    502370 184889453295296 47917263523    0    0    0     0       0          0
1784785314 | enp139s0f0np0: 236564749851072 63807709103    0 2473    0     0          0    502370 184890603331717 47917564360    0    0    0     0       0          0
1784785315 | enp139s0f0np0: 236567002116625 63808266014    0 2473    0     0          0    502370 184891755625815 47917865543    0    0    0     0       0          0
1784785316 | enp139s0f0np0: 236569191801104 63808807404    0 2473    0     0          0    502370 184892843051162 47918150727    0    0    0     0       0          0
1784785317 | enp139s0f0np0: 236571412505876 63809356303    0 2473    0     0          0    502370 184893960131853 47918443377    0    0    0     0       0          0
1784785318 | enp139s0f0np0: 236573641103423 63809906732    0 2473    0     0          0    502370 184895096878913 47918740939    0    0    0     0       0          0
1784785319 | enp139s0f0np0: 236575901219750 63810464864    0 2473    0     0          0    502370 184896236186800 47919039040    0    0    0     0       0          0
1784785320 | enp139s0f0np0: 236578203593383 63811033160    0 2473    0     0          0    502370 184897419152061 47919347573    0    0    0     0       0          0
1784785321 | enp139s0f0np0: 236580672304127 63811641960    0 2473    0     0          0    502370 184898677589292 47919674378    0    0    0     0       0          0
1784785322 | enp139s0f0np0: 236583341933552 63812298038    0 2473    0     0          0    502370 184899986415812 47920014632    0    0    0     0       0          0
1784785323 | enp139s0f0np0: 236585695632854 63812878678    0 2473    0     0          0    502370 184901188773859 47920327918    0    0    0     0       0          0
1784785324 | enp139s0f0np0: 236587832641652 63813406239    0 2473    0     0          0    502370 184902261747821 47920608947    0    0    0     0       0          0
1784785325 | enp139s0f0np0: 236590135167587 63813975026    0 2473    0     0          0    502370 184903423905411 47920912503    0    0    0     0       0          0
1784785326 | enp139s0f0np0: 236592425509369 63814541089    0 2473    0     0          0    502370 184904608407064 47921221739    0    0    0     0       0          0
1784785327 | enp139s0f0np0: 236594665654603 63815095373    0 2473    0     0          0    502370 184905764369750 47921523847    0    0    0     0       0          0
1784785328 | enp139s0f0np0: 236596996074846 63815671345    0 2473    0     0          0    502371 184906959422862 47921835309    0    0    0     0       0          0
1784785329 | enp139s0f0np0: 236599247701928 63816228684    0 2473    0     0          0    502371 184908116465548 47922137399    0    0    0     0       0          0
1784785330 | enp139s0f0np0: 236601560988339 63816800328    0 2473    0     0          0    502371 184909282094362 47922442165    0    0    0     0       0          0
1784785331 | enp139s0f0np0: 236603786771276 63817351035    0 2473    0     0          0    502371 184910465213000 47922750517    0    0    0     0       0          0
1784785332 | enp139s0f0np0: 236606111765980 63817925350    0 2473    0     0          0    502371 184911635894684 47923056253    0    0    0     0       0          0
1784785333 | enp139s0f0np0: 236608637199913 63818548162    0 2473    0     0          0    502371 184912936218341 47923392628    0    0    0     0       0          0
1784785334 | enp139s0f0np0: 236611251067322 63819191305    0 2473    0     0          0    502371 184914310510586 47923747088    0    0    0     0       0          0
1784785335 | enp139s0f0np0: 236613736885387 63819804099    0 2473    0     0          0    502371 184915517399468 47924061735    0    0    0     0       0          0
1784785336 | enp139s0f0np0: 236616042201486 63820374053    0 2473    0     0          0    502371 184916661343913 47924361266    0    0    0     0       0          0
1784785337 | enp139s0f0np0: 236618394342049 63820954677    0 2473    0     0          0    502371 184917839150965 47924668827    0    0    0     0       0          0
1784785338 | enp139s0f0np0: 236620696873721 63821522868    0 2473    0     0          0    502371 184918998840018 47924971721    0    0    0     0       0          0
1784785339 | enp139s0f0np0: 236622972725724 63822085837    0 2473    0     0          0    502371 184920192083219 47925282408    0    0    0     0       0          0
1784785340 | enp139s0f0np0: 236625269941973 63822653676    0 2473    0     0          0    502371 184921329147989 47925579986    0    0    0     0       0          0
1784785341 | enp139s0f0np0: 236627616269417 63823233042    0 2473    0     0          0    502371 184922467559560 47925878557    0    0    0     0       0          0
1784785342 | enp139s0f0np0: 236629925867959 63823803025    0 2473    0     0          0    502371 184923597928854 47926174786    0    0    0     0       0          0
1784785343 | enp139s0f0np0: 236632271918670 63824382385    0 2473    0     0          0    502371 184924752940429 47926477355    0    0    0     0       0          0
1784785344 | enp139s0f0np0: 236634523875133 63824939436    0 2473    0     0          0    502371 184925869208984 47926770400    0    0    0     0       0          0
1784785345 | enp139s0f0np0: 236636729713223 63825484932    0 2473    0     0          0    502371 184926987494080 47927063431    0    0    0     0       0          0
1784785346 | enp139s0f0np0: 236639071989990 63826062970    0 2473    0     0          0    502371 184928142809332 47927365458    0    0    0     0       0          0
1784785347 | enp139s0f0np0: 236641418929884 63826642407    0 2473    0     0          0    502371 184929343126552 47927677656    0    0    0     0       0          0
1784785348 | enp139s0f0np0: 236643613902366 63827185419    0 2473    0     0          0    502371 184930487335227 47927976258    0    0    0     0       0          0
1784785349 | enp139s0f0np0: 236645908614926 63827752397    0 2473    0     0          0    502371 184931645194368 47928279026    0    0    0     0       0          0
1784785350 | enp139s0f0np0: 236648178728647 63828313443    0 2473    0     0          0    502371 184932770907771 47928573499    0    0    0     0       0          0
1784785351 | enp139s0f0np0: 236650316040959 63828842515    0 2473    0     0          0    502371 184933826578381 47928850689    0    0    0     0       0          0
1784785353 | enp139s0f0np0: 236652629251207 63829413672    0 2473    0     0          0    502371 184934962077881 47929148079    0    0    0     0       0          0
1784785354 | enp139s0f0np0: 236655000357621 63829999057    0 2473    0     0          0    502371 184936115914032 47929450144    0    0    0     0       0          0
1784785355 | enp139s0f0np0: 236657280132773 63830562475    0 2473    0     0          0    502371 184937257676885 47929748851    0    0    0     0       0          0
1784785356 | enp139s0f0np0: 236659560668957 63831126368    0 2473    0     0          0    502371 184938356823148 47930037966    0    0    0     0       0          0
1784785357 | enp139s0f0np0: 236661915833126 63831707004    0 2473    0     0          0    502371 184939451508604 47930326116    0    0    0     0       0          0
1784785358 | enp139s0f0np0: 236664427715055 63832325448    0 2473    0     0          0    502371 184940625947137 47930633201    0    0    0     0       0          0
1784785359 | enp139s0f0np0: 236666781084419 63832906024    0 2473    0     0          0    502372 184941709986980 47930918074    0    0    0     0       0          0
1784785360 | enp139s0f0np0: 236669171330317 63833495668    0 2473    0     0          0    502372 184942798307143 47931204280    0    0    0     0       0          0
1784785361 | enp139s0f0np0: 236671719674814 63834122341    0 2473    0     0          0    502372 184943928204698 47931500782    0    0    0     0       0          0
1784785362 | enp139s0f0np0: 236674066457240 63834700757    0 2473    0     0          0    502372 184944931451544 47931766245    0    0    0     0       0          0
