1784741384 | enp139s0f0np0: 211066709265064 57177459119    0 2473    0     0          0    500906 155420945364793 40371516431    0    0    0     0       0          0
1784741385 | enp139s0f0np0: 211066759500518 57177480465    0 2473    0     0          0    500906 155422127060786 40371800576    0    0    0     0       0          0
1784741386 | enp139s0f0np0: 211066985408045 57177559273    0 2473    0     0          0    500906 155425359578161 40372578537    0    0    0     0       0          0
1784741387 | enp139s0f0np0: 211067471995542 57177698048    0 2473    0     0          0    500906 155427612906118 40373124918    0    0    0     0       0          0
1784741388 | enp139s0f0np0: 211067676115768 57177767960    0 2473    0     0          0    500906 155429731021169 40373637146    0    0    0     0       0          0
1784741389 | enp139s0f0np0: 211068095207070 57177890530    0 2473    0     0          0    500906 155431899669336 40374163952    0    0    0     0       0          0
1784741390 | enp139s0f0np0: 211068180978555 57177933953    0 2473    0     0          0    500906 155434416517271 40374769587    0    0    0     0       0          0
1784741391 | enp139s0f0np0: 211068696211541 57178078831    0 2473    0     0          0    500906 155436741030126 40375333328    0    0    0     0       0          0
1784741392 | enp139s0f0np0: 211068865842240 57178138940    0 2473    0     0          0    500906 155438670302114 40375799525    0    0    0     0       0          0
1784741393 | enp139s0f0np0: 211069180550330 57178237402    0 2473    0     0          0    500906 155441385686650 40376455036    0    0    0     0       0          0
1784741394 | enp139s0f0np0: 211069618957138 57178363899    0 2473    0     0          0    500906 155443513289552 40376971621    0    0    0     0       0          0
1784741395 | enp139s0f0np0: 211069801851976 57178431544    0 2473    0     0          0    500906 155446128718813 40377602139    0    0    0     0       0          0
1784741396 | enp139s0f0np0: 211070028206453 57178508753    0 2473    0     0          0    500906 155449020872849 40378298599    0    0    0     0       0          0
1784741397 | enp139s0f0np0: 211070250025032 57178583990    0 2473    0     0          0    500906 155451789542871 40378965479    0    0    0     0       0          0
1784741398 | enp139s0f0np0: 211070510348486 57178666979    0 2473    0     0          0    500906 155453834409465 40379460765    0    0    0     0       0          0
1784741399 | enp139s0f0np0: 211070528130818 57178687519    0 2473    0     0          0    500906 155455463980665 40379853305    0    0    0     0       0          0
1784741400 | enp139s0f0np0: 211070761550542 57178759683    0 2473    0     0          0    500906 155457332123616 40380304414    0    0    0     0       0          0
1784741401 | enp139s0f0np0: 211071286564818 57178904887    0 2473    0     0          0    500906 155459143968841 40380745610    0    0    0     0       0          0
1784741402 | enp139s0f0np0: 211071289518261 57178920402    0 2473    0     0          0    500906 155460679273169 40381115408    0    0    0     0       0          0
1784741403 | enp139s0f0np0: 211071476633757 57178980247    0 2473    0     0          0    500906 155462501647114 40381554978    0    0    0     0       0          0
1784741404 | enp139s0f0np0: 211072045568058 57179139455    0 2473    0     0          0    500906 155464785800623 40382109383    0    0    0     0       0          0
1784741405 | enp139s0f0np0: 211072050869320 57179152674    0 2473    0     0          0    500907 155465927666796 40382384432    0    0    0     0       0          0
1784741406 | enp139s0f0np0: 211072212060357 57179212060    0 2473    0     0          0    500907 155468719156774 40383055755    0    0    0     0       0          0
1784741407 | enp139s0f0np0: 211072810657989 57179376985    0 2473    0     0          0    500907 155470551709190 40383502494    0    0    0     0       0          0
1784741408 | enp139s0f0np0: 211072918058898 57179420666    0 2473    0     0          0    500907 155472441786803 40383958202    0    0    0     0       0          0
1784741409 | enp139s0f0np0: 211073520280230 57179586617    0 2473    0     0          0    500907 155474385418834 40384432301    0    0    0     0       0          0
1784741410 | enp139s0f0np0: 211073841236067 57179685016    0 2473    0     0          0    500907 155476272350846 40384891341    0    0    0     0       0          0
1784741411 | enp139s0f0np0: 211074318740809 57179823298    0 2473    0     0          0    500907 155478739139181 40385489412    0    0    0     0       0          0
1784741412 | enp139s0f0np0: 211074542836713 57179892909    0 2473    0     0          0    500907 155480077019492 40385814956    0    0    0     0       0          0
1784741413 | enp139s0f0np0: 211074745312331 57179966639    0 2473    0     0          0    500907 155483461969113 40386629071    0    0    0     0       0          0
1784741414 | enp139s0f0np0: 211075298968915 57180122714    0 2473    0     0          0    500907 155485646522584 40387160085    0    0    0     0       0          0
1784741415 | enp139s0f0np0: 211075302618803 57180140304    0 2473    0     0          0    500907 155487716822289 40387657831    0    0    0     0       0          0
1784741416 | enp139s0f0np0: 211075463594241 57180191434    0 2473    0     0          0    500907 155488995854617 40387967101    0    0    0     0       0          0
1784741417 | enp139s0f0np0: 211076041764299 57180355109    0 2473    0     0          0    500907 155491447299363 40388561692    0    0    0     0       0          0
1784741418 | enp139s0f0np0: 211076063777642 57180372826    0 2473    0     0          0    500907 155492520573067 40388821556    0    0    0     0       0          0
1784741419 | enp139s0f0np0: 211076474410421 57180493366    0 2473    0     0          0    500907 155494997477881 40389420566    0    0    0     0       0          0
1784741420 | enp139s0f0np0: 211076824241358 57180600774    0 2473    0     0          0    500907 155497233859095 40389962719    0    0    0     0       0          0
1784741421 | enp139s0f0np0: 211076827939879 57180618821    0 2473    0     0          0    500907 155499342453501 40390469711    0    0    0     0       0          0
1784741422 | enp139s0f0np0: 211076832580090 57180643727    0 2473    0     0          0    500907 155501937544593 40391093818    0    0    0     0       0          0
1784741423 | enp139s0f0np0: 211076834739473 57180653846    0 2473    0     0          0    500907 155502974121351 40391343687    0    0    0     0       0          0
1784741424 | enp139s0f0np0: 211076838354916 57180671532    0 2473    0     0          0    500907 155505021663317 40391835915    0    0    0     0       0          0
1784741425 | enp139s0f0np0: 211076843785543 57180686940    0 2473    0     0          0    500907 155506456521750 40392181277    0    0    0     0       0          0
1784741426 | enp139s0f0np0: 211076911973057 57180716100    0 2473    0     0          0    500907 155507679751796 40392477179    0    0    0     0       0          0
1784741427 | enp139s0f0np0: 211076915326249 57180733754    0 2473    0     0          0    500907 155509606821894 40392940221    0    0    0     0       0          0
1784741428 | enp139s0f0np0: 211076918579339 57180752191    0 2473    0     0          0    500907 155511400158950 40393371516    0    0    0     0       0          0
1784741429 | enp139s0f0np0: 211076921092618 57180766153    0 2473    0     0          0    500907 155512760957382 40393698866    0    0    0     0       0          0
1784741430 | enp139s0f0np0: 211076925677908 57180788853    0 2473    0     0          0    500907 155515486411142 40394353658    0    0    0     0       0          0
1784741431 | enp139s0f0np0: 211076929665533 57180809282    0 2473    0     0          0    500907 155517861737856 40394924184    0    0    0     0       0          0
1784741432 | enp139s0f0np0: 211076933359108 57180829808    0 2473    0     0          0    500907 155519845566810 40395401559    0    0    0     0       0          0
1784741433 | enp139s0f0np0: 211076935992842 57180843390    0 2473    0     0          0    500907 155521362140080 40395765883    0    0    0     0       0          0
1784741434 | enp139s0f0np0: 211076937734541 57180853636    0 2473    0     0          0    500907 155522169415314 40395960445    0    0    0     0       0          0
1784741435 | enp139s0f0np0: 211076939756080 57180864168    0 2473    0     0          0    500908 155522870577199 40396130990    0    0    0     0       0          0
1784741436 | enp139s0f0np0: 211076941822287 57180875921    0 2473    0     0          0    500908 155523864850937 40396370539    0    0    0     0       0          0
1784741437 | enp139s0f0np0: 211076943643174 57180885535    0 2473    0     0          0    500908 155524761845809 40396586476    0    0    0     0       0          0
1784741438 | enp139s0f0np0: 211076945628486 57180895635    0 2473    0     0          0    500908 155525768183345 40396828762    0    0    0     0       0          0
1784741439 | enp139s0f0np0: 211076947382766 57180904531    0 2473    0     0          0    500908 155526651521363 40397041428    0    0    0     0       0          0
1784741440 | enp139s0f0np0: 211076949469087 57180916253    0 2473    0     0          0    500908 155527653262051 40397282843    0    0    0     0       0          0
1784741441 | enp139s0f0np0: 211076951162115 57180925393    0 2473    0     0          0    500908 155528494373545 40397485424    0    0    0     0       0          0
1784741442 | enp139s0f0np0: 211076953222953 57180936927    0 2473    0     0          0    500908 155529402641805 40397704818    0    0    0     0       0          0
1784741443 | enp139s0f0np0: 211076986944921 57180958834    0 2473    0     0          0    500908 155530933366145 40398073432    0    0    0     0       0          0
1784741444 | enp139s0f0np0: 211077163083088 57181012832    0 2473    0     0          0    500908 155531966338791 40398325211    0    0    0     0       0          0
1784741445 | enp139s0f0np0: 211077301957476 57181058354    0 2473    0     0          0    500908 155533042781244 40398586967    0    0    0     0       0          0
1784741446 | enp139s0f0np0: 211077372333859 57181086028    0 2473    0     0          0    500908 155533927902598 40398802037    0    0    0     0       0          0
1784741447 | enp139s0f0np0: 211077582521611 57181151281    0 2473    0     0          0    500908 155535142174886 40399097873    0    0    0     0       0          0
1784741448 | enp139s0f0np0: 211077650033780 57181178047    0 2473    0     0          0    500908 155536047820362 40399317282    0    0    0     0       0          0
1784741449 | enp139s0f0np0: 211077652387673 57181190617    0 2473    0     0          0    500908 155537166835026 40399587111    0    0    0     0       0          0
1784741450 | enp139s0f0np0: 211077654401118 57181201706    0 2473    0     0          0    500908 155538221556258 40399840930    0    0    0     0       0          0
1784741451 | enp139s0f0np0: 211077656393014 57181213084    0 2473    0     0          0    500908 155539184114228 40400072943    0    0    0     0       0          0
1784741452 | enp139s0f0np0: 211077658193970 57181222996    0 2473    0     0          0    500908 155540096164580 40400292471    0    0    0     0       0          0
1784741453 | enp139s0f0np0: 211077660325123 57181234922    0 2473    0     0          0    500908 155541160176714 40400548619    0    0    0     0       0          0
1784741454 | enp139s0f0np0: 211077662276462 57181245189    0 2473    0     0          0    500908 155542002337340 40400752048    0    0    0     0       0          0
1784741455 | enp139s0f0np0: 211077732941303 57181274170    0 2473    0     0          0    500908 155543040720525 40401003908    0    0    0     0       0          0
1784741456 | enp139s0f0np0: 211077802777895 57181299295    0 2473    0     0          0    500908 155543810806935 40401190464    0    0    0     0       0          0
1784741457 | enp139s0f0np0: 211077805001407 57181312633    0 2473    0     0          0    500908 155544891717221 40401450831    0    0    0     0       0          0
1784741458 | enp139s0f0np0: 211077806250821 57181320091    0 2473    0     0          0    500908 155545459134893 40401587591    0    0    0     0       0          0
1784741459 | enp139s0f0np0: 211077808650657 57181333836    0 2473    0     0          0    500908 155546618545801 40401866935    0    0    0     0       0          0
1784741460 | enp139s0f0np0: 211077809922230 57181341231    0 2473    0     0          0    500908 155547220089885 40402011895    0    0    0     0       0          0
1784741461 | enp139s0f0np0: 211077812082146 57181353865    0 2473    0     0          0    500908 155548261311963 40402262825    0    0    0     0       0          0
1784741462 | enp139s0f0np0: 211077813051010 57181359224    0 2473    0     0          0    500908 155548700131765 40402368542    0    0    0     0       0          0
1784741463 | enp139s0f0np0: 211077883374795 57181386584    0 2473    0     0          0    500908 155549448052383 40402551113    0    0    0     0       0          0
1784741464 | enp139s0f0np0: 211077884983894 57181394982    0 2473    0     0          0    500909 155550195156077 40402731396    0    0    0     0       0          0
1784741465 | enp139s0f0np0: 211077886176327 57181402307    0 2473    0     0          0    500909 155550754289284 40402866192    0    0    0     0       0          0
1784741466 | enp139s0f0np0: 211077888254943 57181414826    0 2473    0     0          0    500909 155551779172782 40403113096    0    0    0     0       0          0
1784741467 | enp139s0f0np0: 211077889545003 57181422366    0 2473    0     0          0    500909 155552360247258 40403253298    0    0    0     0       0          0
1784741468 | enp139s0f0np0: 211077891552815 57181434079    0 2473    0     0          0    500909 155553359845056 40403494121    0    0    0     0       0          0
1784741469 | enp139s0f0np0: 211077892740807 57181441105    0 2473    0     0          0    500909 155553937402496 40403633256    0    0    0     0       0          0
1784741470 | enp139s0f0np0: 211077895050649 57181455096    0 2473    0     0          0    500909 155555079363044 40403908265    0    0    0     0       0          0
1784741471 | enp139s0f0np0: 211077895850304 57181459986    0 2473    0     0          0    500909 155555460803134 40404000189    0    0    0     0       0          0
1784741472 | enp139s0f0np0: 211077970789072 57181490303    0 2473    0     0          0    500909 155556547109383 40404263092    0    0    0     0       0          0
1784741473 | enp139s0f0np0: 211078035722733 57181511672    0 2473    0     0          0    500909 155556998706550 40404373067    0    0    0     0       0          0
1784741474 | enp139s0f0np0: 211078037295159 57181521310    0 2473    0     0          0    500909 155557748896205 40404553839    0    0    0     0       0          0
1784741475 | enp139s0f0np0: 211078038815911 57181530267    0 2473    0     0          0    500909 155558496255137 40404733792    0    0    0     0       0          0
1784741476 | enp139s0f0np0: 211078171625283 57181573882    0 2473    0     0          0    500909 155559455493115 40404967101    0    0    0     0       0          0
1784741477 | enp139s0f0np0: 211078247605505 57181602092    0 2473    0     0          0    500909 155560276922303 40405166333    0    0    0     0       0          0
1784741478 | enp139s0f0np0: 211078249022652 57181610272    0 2473    0     0          0    500909 155560947302059 40405327808    0    0    0     0       0          0
1784741479 | enp139s0f0np0: 211078319587937 57181639361    0 2473    0     0          0    500909 155562095381381 40405605195    0    0    0     0       0          0
1784741480 | enp139s0f0np0: 211078385282050 57181670109    0 2473    0     0          0    500909 155563399639996 40405920470    0    0    0     0       0          0
1784741481 | enp139s0f0np0: 211078512957608 57181710581    0 2473    0     0          0    500909 155564191891727 40406113568    0    0    0     0       0          0
1784741482 | enp139s0f0np0: 211078531373516 57181727835    0 2473    0     0          0    500909 155565443043209 40406414956    0    0    0     0       0          0
1784741483 | enp139s0f0np0: 211078532415222 57181733665    0 2473    0     0          0    500909 155565918704535 40406529629    0    0    0     0       0          0
1784741484 | enp139s0f0np0: 211078533884691 57181742207    0 2473    0     0          0    500909 155566616004136 40406697572    0    0    0     0       0          0
1784741485 | enp139s0f0np0: 211078535069799 57181749342    0 2473    0     0          0    500909 155567205781102 40406839632    0    0    0     0       0          0
1784741486 | enp139s0f0np0: 211078536957525 57181759659    0 2473    0     0          0    500909 155568106454030 40407056759    0    0    0     0       0          0
1784741487 | enp139s0f0np0: 211078538250715 57181766339    0 2473    0     0          0    500909 155568587931786 40407173329    0    0    0     0       0          0
1784741488 | enp139s0f0np0: 211078540148359 57181776014    0 2473    0     0          0    500909 155569498484978 40407392700    0    0    0     0       0          0
1784741489 | enp139s0f0np0: 211078611226059 57181808569    0 2473    0     0          0    500909 155570824675464 40407713744    0    0    0     0       0          0
1784741490 | enp139s0f0np0: 211078614170983 57181823709    0 2473    0     0          0    500909 155572119148570 40408026373    0    0    0     0       0          0
1784741491 | enp139s0f0np0: 211078617072555 57181839261    0 2473    0     0          0    500909 155573288193180 40408309493    0    0    0     0       0          0
1784741492 | enp139s0f0np0: 211078618805261 57181848220    0 2473    0     0          0    500909 155574132571102 40408512929    0    0    0     0       0          0
1784741493 | enp139s0f0np0: 211078654511920 57181863539    0 2473    0     0          0    500909 155574703614960 40408651212    0    0    0     0       0          0
1784741494 | enp139s0f0np0: 211078689939185 57181880380    0 2473    0     0          0    500910 155575420562203 40408824543    0    0    0     0       0          0
1784741495 | enp139s0f0np0: 211078772715188 57181910902    0 2473    0     0          0    500910 155576285244056 40409034509    0    0    0     0       0          0
1784741496 | enp139s0f0np0: 211078898462351 57181949984    0 2473    0     0          0    500910 155577018304841 40409213387    0    0    0     0       0          0
1784741497 | enp139s0f0np0: 211078900288370 57181960190    0 2473    0     0          0    500910 155577942596867 40409435922    0    0    0     0       0          0
1784741498 | enp139s0f0np0: 211078901766265 57181968393    0 2473    0     0          0    500910 155578602381879 40409595080    0    0    0     0       0          0
1784741499 | enp139s0f0np0: 211078903234934 57181976585    0 2473    0     0          0    500910 155579252575207 40409751993    0    0    0     0       0          0
1784741500 | enp139s0f0np0: 211078904942053 57181986458    0 2473    0     0          0    500910 155580053104555 40409945091    0    0    0     0       0          0
1784741501 | enp139s0f0np0: 211078906644834 57181996074    0 2473    0     0          0    500910 155580881992099 40410144749    0    0    0     0       0          0
1784741502 | enp139s0f0np0: 211079045254841 57182040493    0 2473    0     0          0    500910 155581727141939 40410351010    0    0    0     0       0          0
1784741503 | enp139s0f0np0: 211079046475687 57182047518    0 2473    0     0          0    500910 155582298499793 40410488617    0    0    0     0       0          0
1784741504 | enp139s0f0np0: 211079048118071 57182056873    0 2473    0     0          0    500910 155583033449372 40410665900    0    0    0     0       0          0
1784741505 | enp139s0f0np0: 211079048985279 57182061715    0 2473    0     0          0    500910 155583404880558 40410755516    0    0    0     0       0          0
1784741506 | enp139s0f0np0: 211079118932366 57182087461    0 2473    0     0          0    500910 155584121198516 40410929547    0    0    0     0       0          0
1784741507 | enp139s0f0np0: 211079120700761 57182097235    0 2473    0     0          0    500910 155584999622314 40411141070    0    0    0     0       0          0
1784741508 | enp139s0f0np0: 211079122262283 57182105903    0 2473    0     0          0    500910 155585690344170 40411307605    0    0    0     0       0          0
1784741509 | enp139s0f0np0: 211079123774129 57182114322    0 2473    0     0          0    500910 155586389764216 40411476135    0    0    0     0       0          0
1784741510 | enp139s0f0np0: 211079125009147 57182121530    0 2473    0     0          0    500910 155586945671124 40411610099    0    0    0     0       0          0
1784741511 | enp139s0f0np0: 211079126975718 57182133573    0 2473    0     0          0    500910 155587884371448 40411836218    0    0    0     0       0          0
1784741512 | enp139s0f0np0: 211079127561587 57182136513    0 2473    0     0          0    500910 155588088168956 40411885393    0    0    0     0       0          0
1784741513 | enp139s0f0np0: 211079265597527 57182177622    0 2473    0     0          0    500910 155588651308088 40412023642    0    0    0     0       0          0
1784741514 | enp139s0f0np0: 211079333016708 57182205593    0 2473    0     0          0    500910 155589588381501 40412250597    0    0    0     0       0          0
1784741515 | enp139s0f0np0: 211079336689416 57182211100    0 2473    0     0          0    500910 155589920228739 40412330702    0    0    0     0       0          0
1784741516 | enp139s0f0np0: 211079337775143 57182217395    0 2473    0     0          0    500910 155590365428175 40412438194    0    0    0     0       0          0
1784741517 | enp139s0f0np0: 211079339494298 57182227409    0 2473    0     0          0    500910 155591094275561 40412614097    0    0    0     0       0          0
1784741518 | enp139s0f0np0: 211079340518473 57182233312    0 2473    0     0          0    500910 155591528465593 40412718835    0    0    0     0       0          0
1784741519 | enp139s0f0np0: 211079342282008 57182242345    0 2473    0     0          0    500910 155592132376681 40412865556    0    0    0     0       0          0
1784741520 | enp139s0f0np0: 211079343378870 57182248563    0 2473    0     0          0    500910 155592608584753 40412980362    0    0    0     0       0          0
1784741521 | enp139s0f0np0: 211079344580259 57182255244    0 2473    0     0          0    500910 155593097593119 40413098462    0    0    0     0       0          0
1784741522 | enp139s0f0np0: 211079345656230 57182260873    0 2473    0     0          0    500910 155593535905331 40413204289    0    0    0     0       0          0
1784741523 | enp139s0f0np0: 211079347332703 57182269506    0 2473    0     0          0    500910 155594167546781 40413357286    0    0    0     0       0          0
1784741524 | enp139s0f0np0: 211079349077233 57182279763    0 2473    0     0          0    500911 155594973732528 40413551570    0    0    0     0       0          0
1784741525 | enp139s0f0np0: 211079350512257 57182288244    0 2473    0     0          0    500911 155595635076328 40413711020    0    0    0     0       0          0
1784741526 | enp139s0f0np0: 211079353298741 57182295771    0 2473    0     0          0    500911 155596185378126 40413843566    0    0    0     0       0          0
1784741527 | enp139s0f0np0: 211079421965967 57182323311    0 2473    0     0          0    500911 155597099855134 40414065145    0    0    0     0       0          0
1784741528 | enp139s0f0np0: 211079422812533 57182328213    0 2473    0     0          0    500911 155597453063792 40414150391    0    0    0     0       0          0
1784741529 | enp139s0f0np0: 211079424147033 57182335733    0 2473    0     0          0    500911 155598004868916 40414283678    0    0    0     0       0          0
1784741530 | enp139s0f0np0: 211079455747138 57182354072    0 2473    0     0          0    500911 155598931273206 40414507574    0    0    0     0       0          0
1784741531 | enp139s0f0np0: 211079563992056 57182386950    0 2473    0     0          0    500911 155599463614548 40414637823    0    0    0     0       0          0
1784741532 | enp139s0f0np0: 211079565612917 57182396197    0 2473    0     0          0    500911 155600272411676 40414832561    0    0    0     0       0          0
1784741533 | enp139s0f0np0: 211079635718601 57182423330    0 2473    0     0          0    500911 155601080151584 40415028346    0    0    0     0       0          0
1784741534 | enp139s0f0np0: 211079637027548 57182431366    0 2473    0     0          0    500911 155601697121147 40415176962    0    0    0     0       0          0
1784741535 | enp139s0f0np0: 211079638461613 57182439365    0 2473    0     0          0    500911 155602330807885 40415329896    0    0    0     0       0          0
1784741536 | enp139s0f0np0: 211079647002314 57182451392    0 2473    0     0          0    500911 155603179255378 40415534625    0    0    0     0       0          0
1784741537 | enp139s0f0np0: 211079754695828 57182485903    0 2473    0     0          0    500911 155603814059873 40415689626    0    0    0     0       0          0
1784741538 | enp139s0f0np0: 211079779968278 57182500518    0 2473    0     0          0    500911 155604509384183 40415857708    0    0    0     0       0          0
1784741539 | enp139s0f0np0: 211079780864954 57182505381    0 2473    0     0          0    500911 155604890360705 40415949583    0    0    0     0       0          0
1784741540 | enp139s0f0np0: 211079781930494 57182511542    0 2473    0     0          0    500911 155605360415277 40416062953    0    0    0     0       0          0
1784741541 | enp139s0f0np0: 211079783187368 57182519306    0 2473    0     0          0    500911 155605916927809 40416197227    0    0    0     0       0          0
1784741542 | enp139s0f0np0: 211079784088599 57182524533    0 2473    0     0          0    500911 155606311247685 40416292364    0    0    0     0       0          0
1784741543 | enp139s0f0np0: 211079785304911 57182531608    0 2473    0     0          0    500911 155606834684259 40416418653    0    0    0     0       0          0
1784741544 | enp139s0f0np0: 211079786983773 57182541863    0 2473    0     0          0    500911 155607606179730 40416604640    0    0    0     0       0          0
1784741545 | enp139s0f0np0: 211079856703252 57182566690    0 2473    0     0          0    500911 155608194193816 40416747722    0    0    0     0       0          0
1784741546 | enp139s0f0np0: 211079857539922 57182571999    0 2473    0     0          0    500911 155608565510356 40416837251    0    0    0     0       0          0
1784741547 | enp139s0f0np0: 211079927461219 57182598287    0 2473    0     0          0    500911 155609248483894 40417003279    0    0    0     0       0          0
1784741548 | enp139s0f0np0: 211079928871603 57182606481    0 2473    0     0          0    500911 155609840218388 40417146045    0    0    0     0       0          0
1784741549 | enp139s0f0np0: 211079953676464 57182618920    0 2473    0     0          0    500911 155610288435794 40417254506    0    0    0     0       0          0
1784741550 | enp139s0f0np0: 211080000009671 57182639446    0 2473    0     0          0    500911 155611147594122 40417462149    0    0    0     0       0          0
1784741551 | enp139s0f0np0: 211080001300924 57182646871    0 2473    0     0          0    500911 155611690316436 40417593317    0    0    0     0       0          0
1784741552 | enp139s0f0np0: 211080002597853 57182654331    0 2473    0     0          0    500911 155612242165962 40417726756    0    0    0     0       0          0
1784741553 | enp139s0f0np0: 211080003772419 57182660806    0 2473    0     0          0    500911 155612677533408 40417832372    0    0    0     0       0          0
1784741554 | enp139s0f0np0: 211080073740479 57182687351    0 2473    0     0          0    500912 155613422379253 40418013300    0    0    0     0       0          0
1784741555 | enp139s0f0np0: 211080143466346 57182712251    0 2473    0     0          0    500912 155614034400521 40418162171    0    0    0     0       0          0
1784741556 | enp139s0f0np0: 211080145316054 57182723208    0 2473    0     0          0    500912 155614853270831 40418359918    0    0    0     0       0          0
1784741557 | enp139s0f0np0: 211080146682110 57182731304    0 2473    0     0          0    500912 155615418203491 40418496503    0    0    0     0       0          0
1784741558 | enp139s0f0np0: 211080148505293 57182742403    0 2473    0     0          0    500912 155616266057363 40418700991    0    0    0     0       0          0
1784741559 | enp139s0f0np0: 211080150235862 57182752411    0 2473    0     0          0    500912 155617078837675 40418896951    0    0    0     0       0          0
1784741560 | enp139s0f0np0: 211080151965000 57182761681    0 2473    0     0          0    500912 155617821357575 40419076344    0    0    0     0       0          0
1784741561 | enp139s0f0np0: 211080154356372 57182776016    0 2473    0     0          0    500912 155618941995017 40419346563    0    0    0     0       0          0
1784741562 | enp139s0f0np0: 211080178719474 57182789740    0 2473    0     0          0    500912 155619575202920 40419499745    0    0    0     0       0          0
1784741563 | enp139s0f0np0: 211080225909160 57182809815    0 2473    0     0          0    500912 155620292676807 40419673499    0    0    0     0       0          0
1784741564 | enp139s0f0np0: 211080310816505 57182837523    0 2473    0     0          0    500912 155620886621449 40419818170    0    0    0     0       0          0
1784741565 | enp139s0f0np0: 211080364117436 57182852530    0 2473    0     0          0    500912 155621022781118 40419852054    0    0    0     0       0          0
1784741566 | enp139s0f0np0: 211080364381997 57182853061    0 2473    0     0          0    500912 155621022956636 40419852577    0    0    0     0       0          0
1784741567 | enp139s0f0np0: 211080433192446 57182871570    0 2473    0     0          0    500912 155621091755280 40419871116    0    0    0     0       0          0
1784741568 | enp139s0f0np0: 211080501991212 57182890050    0 2473    0     0          0    500912 155621160513018 40419889501    0    0    0     0       0          0
1784741569 | enp139s0f0np0: 211080639334334 57182926495    0 2473    0     0          0    500912 155621297895953 40419925844    0    0    0     0       0          0
1784741570 | enp139s0f0np0: 211080639857991 57182927903    0 2473    0     0          0    500912 155621298402908 40419927233    0    0    0     0       0          0
1784741571 | enp139s0f0np0: 211080708670944 57182946393    0 2473    0     0          0    500912 155621367184542 40419945706    0    0    0     0       0          0
1784741572 | enp139s0f0np0: 211080708887690 57182946680    0 2473    0     0          0    500912 155621367269082 40419945992    0    0    0     0       0          0
1784741573 | enp139s0f0np0: 211080709087165 57182946911    0 2473    0     0          0    500912 155621367332652 40419946209    0    0    0     0       0          0
1784741574 | enp139s0f0np0: 211080709316516 57182947316    0 2473    0     0          0    500912 155621367456519 40419946614    0    0    0     0       0          0
1784741575 | enp139s0f0np0: 211080778377049 57182966372    0 2473    0     0          0    500912 155621436426335 40419965628    0    0    0     0       0          0
1784741576 | enp139s0f0np0: 211080778727261 57182967214    0 2473    0     0          0    500912 155621436705997 40419966461    0    0    0     0       0          0
1784741577 | enp139s0f0np0: 211080778956478 57182967687    0 2473    0     0          0    500912 155621436854055 40419966924    0    0    0     0       0          0
1784741578 | enp139s0f0np0: 211080779135761 57182968059    0 2473    0     0          0    500912 155621436966683 40419967248    0    0    0     0       0          0
1784741579 | enp139s0f0np0: 211080779734243 57182969582    0 2473    0     0          0    500912 155621437510477 40419968737    0    0    0     0       0          0
1784741580 | enp139s0f0np0: 211080779958615 57182969900    0 2473    0     0          0    500912 155621437595347 40419969028    0    0    0     0       0          0
1784741581 | enp139s0f0np0: 211080788959329 57182972438    0 2473    0     0          0    500912 155621446227397 40419971514    0    0    0     0       0          0
1784741582 | enp139s0f0np0: 211080848828117 57182988187    0 2473    0     0          0    500912 155621506286777 40419987409    0    0    0     0       0          0
1784741583 | enp139s0f0np0: 211080874289334 57182995164    0 2473    0     0          0    500912 155621531588241 40419994396    0    0    0     0       0          0
1784741584 | enp139s0f0np0: 211080917792469 57183006796    0 2473    0     0          0    500913 155621575081182 40420006065    0    0    0     0       0          0
1784741585 | enp139s0f0np0: 211080917972536 57183007172    0 2473    0     0          0    500913 155621575192566 40420006452    0    0    0     0       0          0
1784741586 | enp139s0f0np0: 211080918214774 57183007628    0 2473    0     0          0    500913 155621575325574 40420006875    0    0    0     0       0          0
1784741587 | enp139s0f0np0: 211080987045015 57183026070    0 2473    0     0          0    500913 155621644100062 40420025320    0    0    0     0       0          0
1784741588 | enp139s0f0np0: 211080987268945 57183026470    0 2473    0     0          0    500913 155621644218364 40420025703    0    0    0     0       0          0
1784741589 | enp139s0f0np0: 211080987510527 57183026869    0 2473    0     0          0    500913 155621644336270 40420026080    0    0    0     0       0          0
1784741590 | enp139s0f0np0: 211080987733233 57183027267    0 2473    0     0          0    500913 155621644447234 40420026414    0    0    0     0       0          0
1784741591 | enp139s0f0np0: 211080988026832 57183027953    0 2473    0     0          0    500913 155621644667794 40420027082    0    0    0     0       0          0
1784741592 | enp139s0f0np0: 211080988279562 57183028442    0 2473    0     0          0    500913 155621644809772 40420027518    0    0    0     0       0          0
1784741593 | enp139s0f0np0: 211080988599531 57183029180    0 2473    0     0          0    500913 155621645051098 40420028226    0    0    0     0       0          0
1784741594 | enp139s0f0np0: 211080988907634 57183029855    0 2473    0     0          0    500913 155621645267413 40420028871    0    0    0     0       0          0
1784741595 | enp139s0f0np0: 211081057687467 57183048254    0 2473    0     0          0    500913 155621714015729 40420047290    0    0    0     0       0          0
1784741596 | enp139s0f0np0: 211081113233475 57183063677    0 2473    0     0          0    500913 155621768978012 40420062452    0    0    0     0       0          0
1784741597 | enp139s0f0np0: 211081195312872 57183085231    0 2473    0     0          0    500913 155621851477681 40420083912    0    0    0     0       0          0
1784741598 | enp139s0f0np0: 211081195510259 57183085658    0 2473    0     0          0    500913 155621851568371 40420084229    0    0    0     0       0          0
1784741599 | enp139s0f0np0: 211081195734509 57183086041    0 2473    0     0          0    500913 155621851636513 40420084479    0    0    0     0       0          0
1784741600 | enp139s0f0np0: 211081250349474 57183100814    0 2473    0     0          0    500913 155621905894007 40420099129    0    0    0     0       0          0
1784741601 | enp139s0f0np0: 211081264808645 57183105192    0 2473    0     0          0    500913 155621920549697 40420103426    0    0    0     0       0          0
1784741602 | enp139s0f0np0: 211081265209603 57183106178    0 2473    0     0          0    500913 155621920839929 40420104273    0    0    0     0       0          0
1784741603 | enp139s0f0np0: 211081265541199 57183106893    0 2473    0     0          0    500913 155621921030627 40420104872    0    0    0     0       0          0
1784741604 | enp139s0f0np0: 211081265742820 57183107358    0 2473    0     0          0    500913 155621921134472 40420105212    0    0    0     0       0          0
1784741605 | enp139s0f0np0: 211081402938531 57183143339    0 2473    0     0          0    500913 155622058309006 40420141082    0    0    0     0       0          0
1784741606 | enp139s0f0np0: 211081403108806 57183143565    0 2473    0     0          0    500913 155622058318120 40420141115    0    0    0     0       0          0
1784741607 | enp139s0f0np0: 211081403298118 57183143840    0 2473    0     0          0    500913 155622058346872 40420141219    0    0    0     0       0          0
1784741608 | enp139s0f0np0: 211081403482998 57183144253    0 2473    0     0          0    500913 155622058431412 40420141505    0    0    0     0       0          0
1784741609 | enp139s0f0np0: 211081403651158 57183144508    0 2473    0     0          0    500913 155622058452172 40420141576    0    0    0     0       0          0
1784741610 | enp139s0f0np0: 211081403836794 57183144788    0 2473    0     0          0    500913 155622058485862 40420141703    0    0    0     0       0          0
1784741611 | enp139s0f0np0: 211081403965357 57183145035    0 2473    0     0          0    500913 155622058507690 40420141785    0    0    0     0       0          0
1784741612 | enp139s0f0np0: 211081404200939 57183145563    0 2473    0     0          0    500913 155622058633594 40420142164    0    0    0     0       0          0
1784741613 | enp139s0f0np0: 211081473117121 57183164382    0 2473    0     0          0    500913 155622127483466 40420160897    0    0    0     0       0          0
1784741615 | enp139s0f0np0: 211081473352173 57183164935    0 2473    0     0          0    500914 155622127620539 40420161357    0    0    0     0       0          0
1784741616 | enp139s0f0np0: 211081474014277 57183166931    0 2473    0     0          0    500914 155622128263595 40420163209    0    0    0     0       0          0
1784741617 | enp139s0f0np0: 211081474169529 57183167305    0 2473    0     0          0    500914 155622128336423 40420163456    0    0    0     0       0          0
1784741618 | enp139s0f0np0: 211081474484747 57183168122    0 2473    0     0          0    500914 155622128580311 40420164195    0    0    0     0       0          0
1784741619 | enp139s0f0np0: 211081474706801 57183168626    0 2473    0     0          0    500914 155622128717885 40420164642    0    0    0     0       0          0
1784741620 | enp139s0f0np0: 211081543941050 57183186965    0 2473    0     0          0    500914 155622197620417 40420182830    0    0    0     0       0          0
1784741621 | enp139s0f0np0: 211081680650103 57183223048    0 2473    0     0          0    500914 155622334627481 40420218953    0    0    0     0       0          0
1784741622 | enp139s0f0np0: 211081680942189 57183223866    0 2473    0     0          0    500914 155622334868987 40420219700    0    0    0     0       0          0
1784741623 | enp139s0f0np0: 211081681155942 57183224319    0 2473    0     0          0    500914 155622334982645 40420220080    0    0    0     0       0          0
1784741624 | enp139s0f0np0: 211081750260810 57183243937    0 2473    0     0          0    500914 155622404126067 40420239567    0    0    0     0       0          0
1784741625 | enp139s0f0np0: 211081750994976 57183246002    0 2473    0     0          0    500914 155622404813268 40420241527    0    0    0     0       0          0
1784741626 | enp139s0f0np0: 211081764653415 57183250959    0 2473    0     0          0    500914 155622418434079 40420246388    0    0    0     0       0          0
1784741627 | enp139s0f0np0: 211081963697888 57183305634    0 2473    0     0          0    500914 155622617388012 40420300579    0    0    0     0       0          0
1784741628 | enp139s0f0np0: 211082040978351 57183327758    0 2473    0     0          0    500914 155622694957215 40420322584    0    0    0     0       0          0
1784741629 | enp139s0f0np0: 211082233816480 57183380659    0 2473    0     0          0    500914 155622887956594 40420375125    0    0    0     0       0          0
1784741630 | enp139s0f0np0: 211082440163764 57183436561    0 2473    0     0          0    500914 155623094411735 40420430619    0    0    0     0       0          0
1784741631 | enp139s0f0np0: 211082440757973 57183438243    0 2473    0     0          0    500914 155623094965720 40420432208    0    0    0     0       0          0
1784741632 | enp139s0f0np0: 211082506264974 57183456252    0 2473    0     0          0    500914 155623160408768 40420450244    0    0    0     0       0          0
1784741633 | enp139s0f0np0: 211082510641406 57183460215    0 2473    0     0          0    500914 155623164906884 40420454149    0    0    0     0       0          0
1784741634 | enp139s0f0np0: 211082557085627 57183474121    0 2473    0     0          0    500914 155623211365008 40420467998    0    0    0     0       0          0
1784741635 | enp139s0f0np0: 211082717575061 57183517760    0 2473    0     0          0    500914 155623371949643 40420511454    0    0    0     0       0          0
1784741636 | enp139s0f0np0: 211082786742723 57183537596    0 2473    0     0          0    500914 155623441154901 40420531257    0    0    0     0       0          0
1784741637 | enp139s0f0np0: 211082880472162 57183564465    0 2473    0     0          0    500914 155623534712267 40420557960    0    0    0     0       0          0
1784741638 | enp139s0f0np0: 211083036217002 57183607913    0 2473    0     0          0    500914 155623690608145 40420601265    0    0    0     0       0          0
1784741639 | enp139s0f0np0: 211083131861609 57183634490    0 2473    0     0          0    500914 155623786536293 40420627732    0    0    0     0       0          0
