hints = 1
  sec Cur ops   started  finished  avg MB/s  cur MB/s last lat(s)  avg lat(s)
    0       0         0         0         0         0           -           0
    1    1023     12454     11431   2857.34   2857.75   0.0767249   0.0835308
    2    1023     25241     24218   3026.89   3196.75   0.0626485   0.0820272
    3    1023     38017     36994    3082.5      3194    0.137909   0.0812491
    4    1023     50678     49655   3103.12   3165.25    0.066701   0.0812076
    5    1023     63547     62524   3125.89   3217.25   0.0757632   0.0807339
    6    1023     76324     75301   3137.24   3194.25    0.132756   0.0807277
    7    1023     89226     88203   3149.81    3225.5   0.0867887   0.0803882
    8    1023    102055    101032   3156.95   3207.25   0.0748464   0.0804084
    9    1023    114718    113695    3157.9   3165.75   0.0666165   0.0804874
   10    1023    127470    126447   3160.89      3188   0.0691964   0.0804746
   11    1023    140106    139083    3160.7      3159   0.0725704   0.0805244
   12    1023    152975    151952   3165.39   3217.25    0.140606   0.0804258
   13    1023    165623    164600   3165.11      3162    0.162359   0.0803981
   14    1023    178822    177799   3174.71   3299.75   0.0690055   0.0802493
   15    1023    191204    190181   3169.42    3095.5   0.0597233   0.0804205
   16    1023    203119    202096   3157.49   2978.75    0.122812   0.0807366
   17    1023    215841    214818   3158.82    3180.5   0.0723162   0.0807212
   18    1023    228329    227306   3156.76      3122   0.0660469   0.0807947
   19    1023    241158    240135   3159.38   3207.25   0.0653785   0.0807236
2026-07-19T00:05:42.614914+0700 min lat: 0.0541765 max lat: 0.182882 avg lat: 0.0807581
  sec Cur ops   started  finished  avg MB/s  cur MB/s last lat(s)  avg lat(s)
   20    1023    253760    252737   3158.92    3150.5   0.0798575   0.0807581
   21    1023    266294    265271    3157.7    3133.5   0.0653054   0.0808144
   22    1023    279257    278234   3161.46   3240.75   0.0697107   0.0807344
   23    1023    292000    290977    3162.5   3185.75   0.0679095   0.0807158
   24    1023    304678    303655   3162.78    3169.5   0.0689991   0.0807165
   25    1023    317405    316382   3163.53   3181.75   0.0869489   0.0806591
   26    1023    330256    329233   3165.41   3212.75    0.131716   0.0806532
   27    1023    342869    341846   3164.95   3153.25    0.145098   0.0806478
   28    1023    355807    354784   3167.42    3234.5   0.0689766   0.0806258
   29    1023    368284    367261   3165.75   3119.25   0.0637312   0.0806715
   30    1023    381024    380001   3166.38      3185    0.131473   0.0806685
   31    1023    393292    392269   3163.17      3067   0.0694513   0.0807422
   32    1023    405847    404824   3162.39   3138.75    0.066193   0.0807729
   33    1023    418728    417705   3164.13   3220.25   0.0643885   0.0807331
   34    1023    431801    430778   3167.19   3268.25    0.126972   0.0806563
   35    1023    444497    443474   3167.37      3174   0.0671992   0.0806605
   36    1023    457171    456148    3167.4    3168.5   0.0714201   0.0806593
   37    1023    469500    468477   3165.09   3082.25   0.0685015   0.0807199
   38    1023    482561    481538   3167.72   3265.25   0.0662665   0.0806667
   39    1023    495260    494237   3167.89   3174.75   0.0728095   0.0806541
2026-07-19T00:06:02.616823+0700 min lat: 0.0541765 max lat: 0.182882 avg lat: 0.0806424
  sec Cur ops   started  finished  avg MB/s  cur MB/s last lat(s)  avg lat(s)
   40    1023    508074    507051   3168.77    3203.5   0.0649582   0.0806424
   41    1023    521057    520034   3170.64   3245.75   0.0666222   0.0805945
   42    1023    533478    532455   3169.08   3105.25    0.145395   0.0806231
   43    1023    546465    545442   3170.87   3246.75   0.0728614   0.0805894
   44    1023    559324    558301   3171.87   3214.75   0.0636343   0.0805766
   45    1023    571896    570873   3171.22      3143   0.0676817   0.0805958
   46    1023    584886    583863   3172.87    3247.5   0.0706757   0.0805485
   47    1023    597911    596888   3174.64   3256.25   0.0648051   0.0805088
   48    1023    610455    609432   3173.83      3136   0.0665346   0.0805309
   49    1023    623311    622288   3174.64      3214     0.07958   0.0805031
   50    1023    636483    635460      3177      3293   0.0660905   0.0804584
   51    1023    649360    648337   3177.82   3219.25   0.0661657    0.080444
   52    1023    662273    661250   3178.79   3228.25   0.0676345   0.0804171
   53    1023    675080    674057   3179.22   3201.75   0.0676834   0.0804126
   54    1023    688055    687032   3180.41   3243.75   0.0589245   0.0803846
   55    1023    701277    700254   3182.68    3305.5    0.065701   0.0803279
   56    1023    714225    713202   3183.64      3237   0.0652841   0.0803005
   57    1023    727171    726148   3184.57    3236.5    0.131176   0.0802805
   58    1023    740229    739206   3185.94    3264.5    0.058513   0.0802532
   59    1023    753468    752445   3188.03   3309.75   0.0653459   0.0801916
2026-07-19T00:06:22.620477+0700 min lat: 0.0417615 max lat: 0.182882 avg lat: 0.0801469
  sec Cur ops   started  finished  avg MB/s  cur MB/s last lat(s)  avg lat(s)
   60     620    766564    765944   3191.04   3374.75   0.0417097   0.0801469
Total time run:       60.0522
Total reads made:     766564
Read size:            262144
Object size:          262144
Bandwidth (MB/sec):   3191.24
Average IOPS:         12764
Stddev IOPS:          313.352
Max IOPS:             13499
Min IOPS:             11431
Average Latency(s):   0.0801232
Max latency(s):       0.182882
Min latency(s):       0.0132775
