1784789809 | enp139s0f0np0: 238615691602779 64369825919    0 2473    0     0          0    502520 188675947140039 48879344228    0    0    0     0       0          0
1784789810 | enp139s0f0np0: 238617376598130 64370234221    0 2473    0     0          0    502520 188675954807733 48879362979    0    0    0     0       0          0
1784789811 | enp139s0f0np0: 238620831513199 64371072300    0 2473    0     0          0    502520 188675970516573 48879403351    0    0    0     0       0          0
1784789812 | enp139s0f0np0: 238624607141729 64371986186    0 2473    0     0          0    502520 188675987416769 48879443176    0    0    0     0       0          0
1784789813 | enp139s0f0np0: 238628076264184 64372827560    0 2473    0     0          0    502520 188676003319381 48879485184    0    0    0     0       0          0
1784789814 | enp139s0f0np0: 238631509375787 64373660321    0 2473    0     0          0    502520 188676019036790 48879527350    0    0    0     0       0          0
1784789815 | enp139s0f0np0: 238634788880294 64374456310    0 2473    0     0          0    502520 188676034118387 48879567824    0    0    0     0       0          0
1784789816 | enp139s0f0np0: 238638211671152 64375286832    0 2473    0     0          0    502520 188676049846179 48879609945    0    0    0     0       0          0
1784789817 | enp139s0f0np0: 238641590450304 64376106901    0 2473    0     0          0    502520 188676065374363 48879651292    0    0    0     0       0          0
1784789818 | enp139s0f0np0: 238645058668290 64376947901    0 2473    0     0          0    502520 188676081139090 48879692168    0    0    0     0       0          0
1784789819 | enp139s0f0np0: 238648501342098 64377783038    0 2473    0     0          0    502520 188676096871285 48879733143    0    0    0     0       0          0
1784789820 | enp139s0f0np0: 238651925251794 64378614197    0 2473    0     0          0    502520 188676112565383 48879775170    0    0    0     0       0          0
1784789821 | enp139s0f0np0: 238655374838554 64379450766    0 2473    0     0          0    502520 188676128307167 48879816270    0    0    0     0       0          0
1784789822 | enp139s0f0np0: 238658929111350 64380312777    0 2473    0     0          0    502520 188676144627683 48879859557    0    0    0     0       0          0
1784789823 | enp139s0f0np0: 238662403580026 64381155487    0 2473    0     0          0    502520 188676160481993 48879901313    0    0    0     0       0          0
1784789824 | enp139s0f0np0: 238665828886138 64381986756    0 2473    0     0          0    502520 188676176283160 48879944327    0    0    0     0       0          0
1784789825 | enp139s0f0np0: 238669251728451 64382817740    0 2473    0     0          0    502520 188676191941785 48879985503    0    0    0     0       0          0
1784789826 | enp139s0f0np0: 238672780151977 64383673736    0 2473    0     0          0    502520 188676208037321 48880027272    0    0    0     0       0          0
1784789827 | enp139s0f0np0: 238676202129801 64384503599    0 2473    0     0          0    502520 188676223614795 48880067783    0    0    0     0       0          0
1784789828 | enp139s0f0np0: 238679654451276 64385341172    0 2473    0     0          0    502521 188676239483337 48880110304    0    0    0     0       0          0
1784789829 | enp139s0f0np0: 238683676306411 64386313549    0 2473    0     0          0    502521 188676257213969 48880148655    0    0    0     0       0          0
1784789830 | enp139s0f0np0: 238687353594158 64387204486    0 2473    0     0          0    502521 188676273832608 48880189926    0    0    0     0       0          0
1784789831 | enp139s0f0np0: 238690817581693 64388044608    0 2473    0     0          0    502521 188676289646237 48880231151    0    0    0     0       0          0
1784789832 | enp139s0f0np0: 238694462525294 64388927766    0 2473    0     0          0    502521 188676305957118 48880269707    0    0    0     0       0          0
1784789833 | enp139s0f0np0: 238698197288363 64389832021    0 2473    0     0          0    502521 188676322745488 48880310142    0    0    0     0       0          0
1784789834 | enp139s0f0np0: 238701584072668 64390654004    0 2473    0     0          0    502521 188676338264514 48880351728    0    0    0     0       0          0
1784789835 | enp139s0f0np0: 238705009019294 64391484675    0 2473    0     0          0    502521 188676353873667 48880391957    0    0    0     0       0          0
1784789836 | enp139s0f0np0: 238708599440622 64392354976    0 2473    0     0          0    502521 188676370099423 48880432340    0    0    0     0       0          0
1784789837 | enp139s0f0np0: 238712222863562 64393233176    0 2473    0     0          0    502521 188676386414593 48880471996    0    0    0     0       0          0
1784789838 | enp139s0f0np0: 238715694853102 64394075310    0 2473    0     0          0    502521 188676402232640 48880513224    0    0    0     0       0          0
1784789839 | enp139s0f0np0: 238719205864785 64394926801    0 2473    0     0          0    502521 188676418309199 48880555066    0    0    0     0       0          0
1784789840 | enp139s0f0np0: 238722686648052 64395770774    0 2473    0     0          0    502521 188676434100387 48880595741    0    0    0     0       0          0
1784789841 | enp139s0f0np0: 238726240236108 64396631997    0 2473    0     0          0    502521 188676450199930 48880635570    0    0    0     0       0          0
1784789842 | enp139s0f0np0: 238729673938794 64397464685    0 2473    0     0          0    502521 188676465858201 48880675940    0    0    0     0       0          0
1784789843 | enp139s0f0np0: 238733212255177 64398322973    0 2473    0     0          0    502521 188676481919246 48880717566    0    0    0     0       0          0
1784789844 | enp139s0f0np0: 238736742555383 64399178988    0 2473    0     0          0    502521 188676497980078 48880758470    0    0    0     0       0          0
1784789845 | enp139s0f0np0: 238740213635460 64400020674    0 2473    0     0          0    502521 188676513755094 48880798544    0    0    0     0       0          0
1784789846 | enp139s0f0np0: 238743656833209 64400855934    0 2473    0     0          0    502521 188676529470743 48880839775    0    0    0     0       0          0
1784789847 | enp139s0f0np0: 238747156982573 64401704779    0 2473    0     0          0    502521 188676545442394 48880881778    0    0    0     0       0          0
1784789848 | enp139s0f0np0: 238750551286584 64402528596    0 2473    0     0          0    502521 188676560990960 48880922874    0    0    0     0       0          0
1784789849 | enp139s0f0np0: 238753959409536 64403355400    0 2473    0     0          0    502521 188676576569263 48880963894    0    0    0     0       0          0
1784789850 | enp139s0f0np0: 238757448014509 64404202086    0 2473    0     0          0    502521 188676592491805 48881005624    0    0    0     0       0          0
1784789851 | enp139s0f0np0: 238760883507850 64405035302    0 2473    0     0          0    502521 188676608168200 48881046654    0    0    0     0       0          0
1784789852 | enp139s0f0np0: 238764301640162 64405864439    0 2473    0     0          0    502521 188676623763177 48881087270    0    0    0     0       0          0
1784789853 | enp139s0f0np0: 238767851340157 64406725367    0 2473    0     0          0    502521 188676639951349 48881129663    0    0    0     0       0          0
1784789854 | enp139s0f0np0: 238771371471223 64407578890    0 2473    0     0          0    502521 188676655827080 48881168582    0    0    0     0       0          0
1784789855 | enp139s0f0np0: 238774882398431 64408429890    0 2473    0     0          0    502521 188676671690185 48881207884    0    0    0     0       0          0
1784789856 | enp139s0f0np0: 238778801975232 64409377878    0 2473    0     0          0    502521 188676689048453 48881246615    0    0    0     0       0          0
1784789857 | enp139s0f0np0: 238782339700528 64410235877    0 2473    0     0          0    502521 188676705187301 48881288711    0    0    0     0       0          0
1784789858 | enp139s0f0np0: 238785878879814 64411094282    0 2473    0     0          0    502522 188676721301381 48881330185    0    0    0     0       0          0
1784789859 | enp139s0f0np0: 238789360115007 64411938406    0 2473    0     0          0    502522 188676737211801 48881372085    0    0    0     0       0          0
1784789860 | enp139s0f0np0: 238793095606336 64412842699    0 2473    0     0          0    502522 188676753948007 48881412316    0    0    0     0       0          0
1784789861 | enp139s0f0np0: 238796544654831 64413679517    0 2473    0     0          0    502522 188676769756069 48881454297    0    0    0     0       0          0
1784789862 | enp139s0f0np0: 238800015838620 64414520780    0 2473    0     0          0    502522 188676785484791 48881493908    0    0    0     0       0          0
1784789863 | enp139s0f0np0: 238803541348311 64415375130    0 2473    0     0          0    502522 188676801386694 48881533389    0    0    0     0       0          0
1784789864 | enp139s0f0np0: 238806972050935 64416206914    0 2473    0     0          0    502522 188676816975635 48881573240    0    0    0     0       0          0
1784789865 | enp139s0f0np0: 238810950241006 64417168958    0 2473    0     0          0    502522 188676834632725 48881612760    0    0    0     0       0          0
1784789866 | enp139s0f0np0: 238814571292789 64418046492    0 2473    0     0          0    502522 188676851052301 48881654021    0    0    0     0       0          0
1784789867 | enp139s0f0np0: 238818110061226 64418904074    0 2473    0     0          0    502522 188676867083572 48881694789    0    0    0     0       0          0
1784789868 | enp139s0f0np0: 238821830786329 64419804933    0 2473    0     0          0    502522 188676883571342 48881732241    0    0    0     0       0          0
1784789869 | enp139s0f0np0: 238825493448655 64420691809    0 2473    0     0          0    502522 188676899884760 48881769484    0    0    0     0       0          0
1784789870 | enp139s0f0np0: 238828962684736 64421533077    0 2473    0     0          0    502522 188676915561183 48881809521    0    0    0     0       0          0
1784789871 | enp139s0f0np0: 238832356398533 64422356780    0 2473    0     0          0    502522 188676931157717 48881851779    0    0    0     0       0          0
1784789872 | enp139s0f0np0: 238835796079316 64423190973    0 2473    0     0          0    502522 188676946823640 48881893128    0    0    0     0       0          0
1784789873 | enp139s0f0np0: 238839322321869 64424045907    0 2473    0     0          0    502522 188676962760847 48881933373    0    0    0     0       0          0
1784789874 | enp139s0f0np0: 238842742702454 64424875734    0 2473    0     0          0    502522 188676978271557 48881973766    0    0    0     0       0          0
1784789875 | enp139s0f0np0: 238846233532673 64425722447    0 2473    0     0          0    502522 188676994193509 48882015073    0    0    0     0       0          0
1784789876 | enp139s0f0np0: 238849688798545 64426560409    0 2473    0     0          0    502522 188677009780381 48882055210    0    0    0     0       0          0
1784789877 | enp139s0f0np0: 238853228754914 64427418815    0 2473    0     0          0    502522 188677025856353 48882097686    0    0    0     0       0          0
1784789878 | enp139s0f0np0: 238856708452140 64428262577    0 2473    0     0          0    502522 188677041534868 48882137373    0    0    0     0       0          0
1784789879 | enp139s0f0np0: 238860083410260 64429081648    0 2473    0     0          0    502522 188677056942732 48882178852    0    0    0     0       0          0
1784789880 | enp139s0f0np0: 238863597756277 64429933592    0 2473    0     0          0    502522 188677072653898 48882218926    0    0    0     0       0          0
1784789881 | enp139s0f0np0: 238867020648154 64430763859    0 2473    0     0          0    502522 188677088143897 48882260045    0    0    0     0       0          0
1784789882 | enp139s0f0np0: 238870526892231 64431613876    0 2473    0     0          0    502522 188677103875297 48882300651    0    0    0     0       0          0
1784789883 | enp139s0f0np0: 238874030316233 64432463412    0 2473    0     0          0    502522 188677119608848 48882343159    0    0    0     0       0          0
1784789884 | enp139s0f0np0: 238877540756618 64433314087    0 2473    0     0          0    502522 188677135032277 48882381489    0    0    0     0       0          0
1784789885 | enp139s0f0np0: 238881069150064 64434169165    0 2473    0     0          0    502522 188677150568799 48882422900    0    0    0     0       0          0
1784789886 | enp139s0f0np0: 238884499970247 64435000955    0 2473    0     0          0    502522 188677165504384 48882463520    0    0    0     0       0          0
1784789887 | enp139s0f0np0: 238887959587829 64435839809    0 2473    0     0          0    502522 188677180346299 48882505544    0    0    0     0       0          0
1784789888 | enp139s0f0np0: 238891326350866 64436655667    0 2473    0     0          0    502523 188677194490047 48882545779    0    0    0     0       0          0
1784789889 | enp139s0f0np0: 238894763989877 64437488929    0 2473    0     0          0    502523 188677208671223 48882585932    0    0    0     0       0          0
1784789890 | enp139s0f0np0: 238898330541715 64438352705    0 2473    0     0          0    502523 188677223270163 48882625264    0    0    0     0       0          0
1784789891 | enp139s0f0np0: 238901785950692 64439190245    0 2473    0     0          0    502523 188677237956481 48882666607    0    0    0     0       0          0
1784789892 | enp139s0f0np0: 238905193682154 64440016657    0 2473    0     0          0    502523 188677252596209 48882707640    0    0    0     0       0          0
1784789893 | enp139s0f0np0: 238908589167385 64440839682    0 2473    0     0          0    502523 188677267520652 48882747709    0    0    0     0       0          0
1784789894 | enp139s0f0np0: 238912071623270 64441684331    0 2473    0     0          0    502523 188677283321177 48882789912    0    0    0     0       0          0
1784789895 | enp139s0f0np0: 238915654152521 64442552477    0 2473    0     0          0    502523 188677299574497 48882830800    0    0    0     0       0          0
1784789896 | enp139s0f0np0: 238919152802877 64443400802    0 2473    0     0          0    502523 188677315603773 48882873178    0    0    0     0       0          0
1784789897 | enp139s0f0np0: 238922736485977 64444269470    0 2473    0     0          0    502523 188677331842687 48882914401    0    0    0     0       0          0
1784789898 | enp139s0f0np0: 238926162358366 64445100510    0 2473    0     0          0    502523 188677347542670 48882955517    0    0    0     0       0          0
1784789899 | enp139s0f0np0: 238929554664841 64445923097    0 2473    0     0          0    502523 188677363023731 48882996195    0    0    0     0       0          0
1784789900 | enp139s0f0np0: 238933112882205 64446785783    0 2473    0     0          0    502523 188677379207467 48883037421    0    0    0     0       0          0
1784789901 | enp139s0f0np0: 238936640068916 64447640939    0 2473    0     0          0    502523 188677395239990 48883078353    0    0    0     0       0          0
1784789902 | enp139s0f0np0: 238940173585965 64448497849    0 2473    0     0          0    502523 188677411308874 48883119686    0    0    0     0       0          0
1784789903 | enp139s0f0np0: 238943602004793 64449329398    0 2473    0     0          0    502523 188677426918884 48883159917    0    0    0     0       0          0
1784789904 | enp139s0f0np0: 238947034528023 64450161881    0 2473    0     0          0    502523 188677442634244 48883201194    0    0    0     0       0          0
1784789905 | enp139s0f0np0: 238950439560783 64450987391    0 2473    0     0          0    502523 188677458110131 48883240859    0    0    0     0       0          0
1784789906 | enp139s0f0np0: 238953843692064 64451813327    0 2473    0     0          0    502523 188677473720518 48883282724    0    0    0     0       0          0
1784789907 | enp139s0f0np0: 238957258414132 64452641484    0 2473    0     0          0    502523 188677489324206 48883323586    0    0    0     0       0          0
1784789908 | enp139s0f0np0: 238960741582161 64453486306    0 2473    0     0          0    502523 188677505197047 48883364325    0    0    0     0       0          0
1784789909 | enp139s0f0np0: 238964206813100 64454326700    0 2473    0     0          0    502523 188677520876293 48883403891    0    0    0     0       0          0
1784789910 | enp139s0f0np0: 238967749351803 64455185178    0 2473    0     0          0    502523 188677536854564 48883442738    0    0    0     0       0          0
1784789911 | enp139s0f0np0: 238971253866455 64456034932    0 2473    0     0          0    502523 188677552685335 48883482417    0    0    0     0       0          0
1784789912 | enp139s0f0np0: 238974624412704 64456852520    0 2473    0     0          0    502523 188677568070885 48883522766    0    0    0     0       0          0
1784789913 | enp139s0f0np0: 238978109999538 64457698113    0 2473    0     0          0    502523 188677584083330 48883565365    0    0    0     0       0          0
1784789914 | enp139s0f0np0: 238981471946320 64458513659    0 2473    0     0          0    502523 188677599467729 48883606222    0    0    0     0       0          0
1784789915 | enp139s0f0np0: 238984872135346 64459338328    0 2473    0     0          0    502523 188677615063812 48883647448    0    0    0     0       0          0
1784789916 | enp139s0f0np0: 238988365857266 64460185543    0 2473    0     0          0    502523 188677630836401 48883687033    0    0    0     0       0          0
1784789918 | enp139s0f0np0: 238991802588256 64461018788    0 2473    0     0          0    502523 188677646427016 48883726635    0    0    0     0       0          0
1784789919 | enp139s0f0np0: 238995213117116 64461845915    0 2473    0     0          0    502524 188677661977635 48883766867    0    0    0     0       0          0
1784789920 | enp139s0f0np0: 238998672104043 64462685027    0 2473    0     0          0    502524 188677677794559 48883808313    0    0    0     0       0          0
1784789921 | enp139s0f0np0: 239002202386012 64463541182    0 2473    0     0          0    502524 188677693896119 48883850734    0    0    0     0       0          0
1784789922 | enp139s0f0np0: 239005632116549 64464373534    0 2473    0     0          0    502524 188677709646660 48883892465    0    0    0     0       0          0
1784789923 | enp139s0f0np0: 239009071833907 64465207869    0 2473    0     0          0    502524 188677725324812 48883933220    0    0    0     0       0          0
1784789924 | enp139s0f0np0: 239012524522246 64466044788    0 2473    0     0          0    502524 188677740966360 48883972237    0    0    0     0       0          0
1784789925 | enp139s0f0np0: 239015961380660 64466878760    0 2473    0     0          0    502524 188677756646685 48884013557    0    0    0     0       0          0
1784789926 | enp139s0f0np0: 239019388004053 64467709972    0 2473    0     0          0    502524 188677772335395 48884055394    0    0    0     0       0          0
1784789927 | enp139s0f0np0: 239022848857792 64468549311    0 2473    0     0          0    502524 188677788095882 48884095943    0    0    0     0       0          0
1784789928 | enp139s0f0np0: 239026402592504 64469410598    0 2473    0     0          0    502524 188677804152119 48884135500    0    0    0     0       0          0
1784789929 | enp139s0f0np0: 239029896836873 64470257691    0 2473    0     0          0    502524 188677820047618 48884176600    0    0    0     0       0          0
1784789930 | enp139s0f0np0: 239033604624332 64471155829    0 2473    0     0          0    502524 188677836714376 48884216348    0    0    0     0       0          0
1784789931 | enp139s0f0np0: 239037483896724 64472094724    0 2473    0     0          0    502524 188677854100094 48884258153    0    0    0     0       0          0
1784789932 | enp139s0f0np0: 239041350146172 64473030823    0 2473    0     0          0    502524 188677871406050 48884298575    0    0    0     0       0          0
1784789933 | enp139s0f0np0: 239045170266706 64473955972    0 2473    0     0          0    502524 188677888571798 48884340411    0    0    0     0       0          0
1784789934 | enp139s0f0np0: 239048620691316 64474792726    0 2473    0     0          0    502524 188677904363392 48884381615    0    0    0     0       0          0
1784789935 | enp139s0f0np0: 239052030149079 64475619437    0 2473    0     0          0    502524 188677919885750 48884421770    0    0    0     0       0          0
1784789936 | enp139s0f0np0: 239055399453532 64476437291    0 2473    0     0          0    502524 188677935244089 48884461946    0    0    0     0       0          0
1784789937 | enp139s0f0np0: 239058747531330 64477249762    0 2473    0     0          0    502524 188677950592018 48884502248    0    0    0     0       0          0
1784789938 | enp139s0f0np0: 239062238710826 64478096454    0 2473    0     0          0    502524 188677966477601 48884543762    0    0    0     0       0          0
1784789939 | enp139s0f0np0: 239065735516109 64478944395    0 2473    0     0          0    502524 188677982344560 48884584242    0    0    0     0       0          0
1784789940 | enp139s0f0np0: 239069113660082 64479763959    0 2473    0     0          0    502524 188677997778707 48884624048    0    0    0     0       0          0
1784789941 | enp139s0f0np0: 239072477733648 64480580455    0 2473    0     0          0    502524 188678013159915 48884665138    0    0    0     0       0          0
1784789942 | enp139s0f0np0: 239075880460221 64481406073    0 2473    0     0          0    502524 188678028770772 48884706578    0    0    0     0       0          0
1784789943 | enp139s0f0np0: 239079432399999 64482266945    0 2473    0     0          0    502524 188678044877358 48884747754    0    0    0     0       0          0
1784789944 | enp139s0f0np0: 239083132964116 64483163617    0 2473    0     0          0    502524 188678061582961 48884788912    0    0    0     0       0          0
1784789945 | enp139s0f0np0: 239086902235494 64484076198    0 2473    0     0          0    502524 188678078437749 48884828646    0    0    0     0       0          0
1784789946 | enp139s0f0np0: 239090387786422 64484921662    0 2473    0     0          0    502524 188678094239091 48884868615    0    0    0     0       0          0
1784789947 | enp139s0f0np0: 239093839930912 64485758893    0 2473    0     0          0    502524 188678109956368 48884909653    0    0    0     0       0          0
1784789948 | enp139s0f0np0: 239097269268633 64486591027    0 2473    0     0          0    502524 188678125599246 48884951034    0    0    0     0       0          0
1784789949 | enp139s0f0np0: 239100730516765 64487430251    0 2473    0     0          0    502525 188678141267652 48884990183    0    0    0     0       0          0
1784789950 | enp139s0f0np0: 239104180863065 64488267240    0 2473    0     0          0    502525 188678156979054 48885030578    0    0    0     0       0          0
1784789951 | enp139s0f0np0: 239107552463988 64489085317    0 2473    0     0          0    502525 188678172274482 48885070203    0    0    0     0       0          0
1784789952 | enp139s0f0np0: 239110971536770 64489914400    0 2473    0     0          0    502525 188678187714762 48885108615    0    0    0     0       0          0
1784789953 | enp139s0f0np0: 239114448347857 64490757833    0 2473    0     0          0    502525 188678203573048 48885150712    0    0    0     0       0          0
1784789954 | enp139s0f0np0: 239117831562604 64491578924    0 2473    0     0          0    502525 188678219124904 48885192414    0    0    0     0       0          0
1784789955 | enp139s0f0np0: 239121284615409 64492416859    0 2473    0     0          0    502525 188678234821975 48885233723    0    0    0     0       0          0
1784789956 | enp139s0f0np0: 239124699156805 64493244864    0 2473    0     0          0    502525 188678250260011 48885273171    0    0    0     0       0          0
1784789957 | enp139s0f0np0: 239128155709367 64494083127    0 2473    0     0          0    502525 188678265950199 48885313865    0    0    0     0       0          0
1784789958 | enp139s0f0np0: 239131605816195 64494919997    0 2473    0     0          0    502525 188678281741092 48885355908    0    0    0     0       0          0
1784789959 | enp139s0f0np0: 239135052175629 64495755762    0 2473    0     0          0    502525 188678297296084 48885395470    0    0    0     0       0          0
1784789960 | enp139s0f0np0: 239138486294955 64496588940    0 2473    0     0          0    502525 188678312886492 48885436411    0    0    0     0       0          0
1784789961 | enp139s0f0np0: 239142417663493 64497540008    0 2473    0     0          0    502525 188678330249961 48885475852    0    0    0     0       0          0
1784789962 | enp139s0f0np0: 239145995595447 64498407454    0 2473    0     0          0    502525 188678346382181 48885517959    0    0    0     0       0          0
1784789963 | enp139s0f0np0: 239149430592561 64499240756    0 2473    0     0          0    502525 188678362021018 48885559979    0    0    0     0       0          0
1784789964 | enp139s0f0np0: 239152886755481 64500079212    0 2473    0     0          0    502525 188678377655495 48885601379    0    0    0     0       0          0
1784789965 | enp139s0f0np0: 239156582052273 64500974346    0 2473    0     0          0    502525 188678393912143 48885641272    0    0    0     0       0          0
1784789966 | enp139s0f0np0: 239160004955338 64501804537    0 2473    0     0          0    502525 188678409229752 48885681781    0    0    0     0       0          0
1784789967 | enp139s0f0np0: 239163526379601 64502658389    0 2473    0     0          0    502525 188678424842012 48885724144    0    0    0     0       0          0
1784789968 | enp139s0f0np0: 239167012508202 64503503591    0 2473    0     0          0    502525 188678440079459 48885765479    0    0    0     0       0          0
1784789969 | enp139s0f0np0: 239170513032859 64504351986    0 2473    0     0          0    502525 188678454979763 48885805342    0    0    0     0       0          0
1784789970 | enp139s0f0np0: 239174074705014 64505215103    0 2473    0     0          0    502525 188678470119250 48885845663    0    0    0     0       0          0
1784789971 | enp139s0f0np0: 239177640697169 64506079128    0 2473    0     0          0    502525 188678485038680 48885885261    0    0    0     0       0          0
1784789972 | enp139s0f0np0: 239181238018921 64506951116    0 2473    0     0          0    502525 188678500172105 48885926884    0    0    0     0       0          0
1784789973 | enp139s0f0np0: 239184773657933 64507807993    0 2473    0     0          0    502525 188678515161901 48885966711    0    0    0     0       0          0
1784789974 | enp139s0f0np0: 239188287417772 64508659903    0 2473    0     0          0    502525 188678530256530 48886008582    0    0    0     0       0          0
1784789975 | enp139s0f0np0: 239191724514637 64509493750    0 2473    0     0          0    502525 188678545253156 48886049910    0    0    0     0       0          0
1784789976 | enp139s0f0np0: 239195264330405 64510351482    0 2473    0     0          0    502525 188678560674807 48886090711    0    0    0     0       0          0
1784789977 | enp139s0f0np0: 239198744187195 64511195038    0 2473    0     0          0    502525 188678575972328 48886130735    0    0    0     0       0          0
1784789978 | enp139s0f0np0: 239202198924295 64512032543    0 2473    0     0          0    502525 188678591507495 48886171057    0    0    0     0       0          0
1784789979 | enp139s0f0np0: 239205677163153 64512876133    0 2473    0     0          0    502526 188678607192377 48886211428    0    0    0     0       0          0
1784789980 | enp139s0f0np0: 239209169238478 64513722765    0 2473    0     0          0    502526 188678623011067 48886251599    0    0    0     0       0          0
1784789981 | enp139s0f0np0: 239212529446754 64514537975    0 2473    0     0          0    502526 188678638371890 48886291886    0    0    0     0       0          0
1784789982 | enp139s0f0np0: 239216451278421 64515486370    0 2473    0     0          0    502526 188678655764558 48886331055    0    0    0     0       0          0
1784789983 | enp139s0f0np0: 239220356584876 64516431151    0 2473    0     0          0    502526 188678673217701 48886371948    0    0    0     0       0          0
1784789984 | enp139s0f0np0: 239224226266528 64517367530    0 2473    0     0          0    502526 188678690540976 48886412474    0    0    0     0       0          0
1784789985 | enp139s0f0np0: 239227892070223 64518255616    0 2473    0     0          0    502526 188678707095447 48886453665    0    0    0     0       0          0
1784789986 | enp139s0f0np0: 239231326095343 64519088086    0 2473    0     0          0    502526 188678722687238 48886493041    0    0    0     0       0          0
1784789987 | enp139s0f0np0: 239234777068838 64519925064    0 2473    0     0          0    502526 188678738394882 48886533533    0    0    0     0       0          0
1784789988 | enp139s0f0np0: 239238249796919 64520767307    0 2473    0     0          0    502526 188678754179223 48886574180    0    0    0     0       0          0
1784789989 | enp139s0f0np0: 239241707223082 64521605964    0 2473    0     0          0    502526 188678769934729 48886615036    0    0    0     0       0          0
1784789990 | enp139s0f0np0: 239244955960376 64522393881    0 2473    0     0          0    502526 188678784763703 48886654626    0    0    0     0       0          0
