1784777478 | enp139s0f0np0: 230431181851216 62241880470    0 2473    0     0          0    502109 179780875528020 46590267242    0    0    0     0       0          0
1784777479 | enp139s0f0np0: 230432517086704 62242204562    0 2473    0     0          0    502109 179780881841164 46590284973    0    0    0     0       0          0
1784777480 | enp139s0f0np0: 230435623847755 62242958599    0 2473    0     0          0    502109 179780896090490 46590323346    0    0    0     0       0          0
1784777481 | enp139s0f0np0: 230438732800217 62243713286    0 2473    0     0          0    502109 179780910412973 46590362285    0    0    0     0       0          0
1784777482 | enp139s0f0np0: 230441885070672 62244478411    0 2473    0     0          0    502109 179780924937038 46590401833    0    0    0     0       0          0
1784777483 | enp139s0f0np0: 230445186800000 62245279203    0 2473    0     0          0    502109 179780940093867 46590443109    0    0    0     0       0          0
1784777484 | enp139s0f0np0: 230448271222310 62246028014    0 2473    0     0          0    502109 179780954369217 46590482421    0    0    0     0       0          0
1784777485 | enp139s0f0np0: 230451084406480 62246711886    0 2473    0     0          0    502109 179780967559303 46590520584    0    0    0     0       0          0
1784777486 | enp139s0f0np0: 230453987551467 62247416797    0 2473    0     0          0    502109 179780980974297 46590558274    0    0    0     0       0          0
1784777487 | enp139s0f0np0: 230456841487082 62248110518    0 2473    0     0          0    502109 179780994372457 46590597783    0    0    0     0       0          0
1784777488 | enp139s0f0np0: 230459616114106 62248785002    0 2473    0     0          0    502109 179781007358855 46590635953    0    0    0     0       0          0
1784777489 | enp139s0f0np0: 230462460381288 62249476191    0 2473    0     0          0    502109 179781020617045 46590673801    0    0    0     0       0          0
1784777490 | enp139s0f0np0: 230465251152746 62250154714    0 2473    0     0          0    502109 179781033736180 46590712231    0    0    0     0       0          0
1784777491 | enp139s0f0np0: 230468158721147 62250861398    0 2473    0     0          0    502109 179781047356909 46590751868    0    0    0     0       0          0
1784777492 | enp139s0f0np0: 230471026096549 62251558440    0 2473    0     0          0    502109 179781060727205 46590790842    0    0    0     0       0          0
1784777493 | enp139s0f0np0: 230473900535134 62252257111    0 2473    0     0          0    502109 179781074160124 46590830108    0    0    0     0       0          0
1784777494 | enp139s0f0np0: 230476749100939 62252949591    0 2473    0     0          0    502109 179781087447719 46590868198    0    0    0     0       0          0
1784777495 | enp139s0f0np0: 230479617987532 62253646903    0 2473    0     0          0    502109 179781100816814 46590906748    0    0    0     0       0          0
1784777496 | enp139s0f0np0: 230482483814975 62254343229    0 2473    0     0          0    502109 179781114161377 46590944531    0    0    0     0       0          0
1784777497 | enp139s0f0np0: 230485299002109 62255027650    0 2473    0     0          0    502109 179781127287129 46590982084    0    0    0     0       0          0
1784777498 | enp139s0f0np0: 230488252177037 62255745234    0 2473    0     0          0    502110 179781140933009 46591020067    0    0    0     0       0          0
1784777499 | enp139s0f0np0: 230491115789386 62256441231    0 2473    0     0          0    502110 179781154312611 46591058845    0    0    0     0       0          0
1784777500 | enp139s0f0np0: 230493918734810 62257122378    0 2473    0     0          0    502110 179781167376419 46591095771    0    0    0     0       0          0
1784777501 | enp139s0f0np0: 230496574398364 62257768078    0 2473    0     0          0    502110 179781179783457 46591131572    0    0    0     0       0          0
1784777502 | enp139s0f0np0: 230499366170231 62258446872    0 2473    0     0          0    502110 179781192762991 46591168595    0    0    0     0       0          0
1784777503 | enp139s0f0np0: 230502199436726 62259135650    0 2473    0     0          0    502110 179781205903495 46591206177    0    0    0     0       0          0
1784777504 | enp139s0f0np0: 230505036280089 62259825154    0 2473    0     0          0    502110 179781219165772 46591244058    0    0    0     0       0          0
1784777505 | enp139s0f0np0: 230507967872949 62260537533    0 2473    0     0          0    502110 179781232786965 46591283082    0    0    0     0       0          0
1784777506 | enp139s0f0np0: 230510833726675 62261233989    0 2473    0     0          0    502110 179781246148114 46591321213    0    0    0     0       0          0
1784777507 | enp139s0f0np0: 230513996156365 62262001644    0 2473    0     0          0    502110 179781260694808 46591360911    0    0    0     0       0          0
1784777508 | enp139s0f0np0: 230516840489681 62262692900    0 2473    0     0          0    502110 179781273948214 46591398443    0    0    0     0       0          0
1784777509 | enp139s0f0np0: 230519890172325 62263433530    0 2473    0     0          0    502110 179781288025140 46591437238    0    0    0     0       0          0
1784777510 | enp139s0f0np0: 230522718977547 62264121070    0 2473    0     0          0    502110 179781301181066 46591474841    0    0    0     0       0          0
1784777511 | enp139s0f0np0: 230525587787461 62264818371    0 2473    0     0          0    502110 179781314502815 46591512717    0    0    0     0       0          0
1784777512 | enp139s0f0np0: 230528496011132 62265525062    0 2473    0     0          0    502110 179781327982911 46591550343    0    0    0     0       0          0
1784777513 | enp139s0f0np0: 230531384320257 62266227159    0 2473    0     0          0    502110 179781341470429 46591588884    0    0    0     0       0          0
1784777514 | enp139s0f0np0: 230534465622681 62266975644    0 2473    0     0          0    502110 179781355672293 46591628214    0    0    0     0       0          0
1784777515 | enp139s0f0np0: 230537302651097 62267665081    0 2473    0     0          0    502110 179781368921130 46591666352    0    0    0     0       0          0
1784777516 | enp139s0f0np0: 230540191376076 62268366983    0 2473    0     0          0    502110 179781382371393 46591704545    0    0    0     0       0          0
1784777517 | enp139s0f0np0: 230543433685594 62269153543    0 2473    0     0          0    502110 179781397268473 46591744271    0    0    0     0       0          0
1784777518 | enp139s0f0np0: 230546307506848 62269852009    0 2473    0     0          0    502110 179781410577029 46591781989    0    0    0     0       0          0
1784777519 | enp139s0f0np0: 230549177780053 62270549787    0 2473    0     0          0    502110 179781424017182 46591821410    0    0    0     0       0          0
1784777520 | enp139s0f0np0: 230551976074081 62271229958    0 2473    0     0          0    502110 179781437083582 46591858895    0    0    0     0       0          0
1784777521 | enp139s0f0np0: 230555073801327 62271981909    0 2473    0     0          0    502110 179781451330185 46591897257    0    0    0     0       0          0
1784777522 | enp139s0f0np0: 230558138765269 62272726606    0 2473    0     0          0    502110 179781465486034 46591936649    0    0    0     0       0          0
1784777523 | enp139s0f0np0: 230561054256583 62273435055    0 2473    0     0          0    502110 179781478925170 46591973528    0    0    0     0       0          0
1784777524 | enp139s0f0np0: 230564027859138 62274157188    0 2473    0     0          0    502110 179781492665449 46592011571    0    0    0     0       0          0
1784777525 | enp139s0f0np0: 230566840279139 62274840998    0 2473    0     0          0    502110 179781505826394 46592049576    0    0    0     0       0          0
1784777526 | enp139s0f0np0: 230569751286073 62275548299    0 2473    0     0          0    502110 179781519295452 46592087726    0    0    0     0       0          0
1784777527 | enp139s0f0np0: 230572676571413 62276259208    0 2473    0     0          0    502110 179781532839746 46592125239    0    0    0     0       0          0
1784777528 | enp139s0f0np0: 230575525375878 62276951756    0 2473    0     0          0    502111 179781546054053 46592162712    0    0    0     0       0          0
1784777529 | enp139s0f0np0: 230578418084387 62277654765    0 2473    0     0          0    502111 179781559505926 46592200755    0    0    0     0       0          0
1784777530 | enp139s0f0np0: 230581303633236 62278356196    0 2473    0     0          0    502111 179781572939186 46592239213    0    0    0     0       0          0
1784777531 | enp139s0f0np0: 230584288847739 62279081101    0 2473    0     0          0    502111 179781586802562 46592278114    0    0    0     0       0          0
1784777532 | enp139s0f0np0: 230587227581745 62279795202    0 2473    0     0          0    502111 179781600479732 46592316967    0    0    0     0       0          0
1784777533 | enp139s0f0np0: 230590094568890 62280492030    0 2473    0     0          0    502111 179781613848009 46592355958    0    0    0     0       0          0
1784777534 | enp139s0f0np0: 230592981438671 62281193690    0 2473    0     0          0    502111 179781627274465 46592394500    0    0    0     0       0          0
1784777535 | enp139s0f0np0: 230595881495934 62281898574    0 2473    0     0          0    502111 179781640802774 46592433247    0    0    0     0       0          0
1784777536 | enp139s0f0np0: 230598708422048 62282585605    0 2473    0     0          0    502111 179781653980952 46592471245    0    0    0     0       0          0
1784777537 | enp139s0f0np0: 230601545109645 62283274903    0 2473    0     0          0    502111 179781667134992 46592508608    0    0    0     0       0          0
1784777538 | enp139s0f0np0: 230604436573072 62283977429    0 2473    0     0          0    502111 179781680503254 46592545878    0    0    0     0       0          0
1784777539 | enp139s0f0np0: 230607329462493 62284680610    0 2473    0     0          0    502111 179781694015277 46592584453    0    0    0     0       0          0
1784777540 | enp139s0f0np0: 230610192213362 62285376621    0 2473    0     0          0    502111 179781707325550 46592622467    0    0    0     0       0          0
1784777541 | enp139s0f0np0: 230613104203802 62286084380    0 2473    0     0          0    502111 179781720835195 46592660810    0    0    0     0       0          0
1784777542 | enp139s0f0np0: 230616073627361 62286806052    0 2473    0     0          0    502111 179781734643299 46592700126    0    0    0     0       0          0
1784777543 | enp139s0f0np0: 230618958002293 62287506719    0 2473    0     0          0    502111 179781748003748 46592737595    0    0    0     0       0          0
1784777544 | enp139s0f0np0: 230621837075690 62288206133    0 2473    0     0          0    502111 179781761377501 46592775911    0    0    0     0       0          0
1784777545 | enp139s0f0np0: 230624700539756 62288902049    0 2473    0     0          0    502111 179781774677575 46592813605    0    0    0     0       0          0
1784777546 | enp139s0f0np0: 230627553421614 62289595438    0 2473    0     0          0    502111 179781787992939 46592851871    0    0    0     0       0          0
1784777547 | enp139s0f0np0: 230630464810381 62290302953    0 2473    0     0          0    502111 179781801572420 46592890866    0    0    0     0       0          0
1784777548 | enp139s0f0np0: 230633259027331 62290982103    0 2473    0     0          0    502111 179781814602849 46592929145    0    0    0     0       0          0
1784777549 | enp139s0f0np0: 230636250745986 62291708537    0 2473    0     0          0    502111 179781828386369 46592967053    0    0    0     0       0          0
1784777550 | enp139s0f0np0: 230639071881360 62292394149    0 2473    0     0          0    502111 179781841465394 46593004367    0    0    0     0       0          0
1784777551 | enp139s0f0np0: 230641919148979 62293085832    0 2473    0     0          0    502111 179781854706766 46593042393    0    0    0     0       0          0
1784777552 | enp139s0f0np0: 230644780403738 62293780800    0 2473    0     0          0    502111 179781868013032 46593080277    0    0    0     0       0          0
1784777553 | enp139s0f0np0: 230647664740994 62294481389    0 2473    0     0          0    502111 179781881369373 46593118610    0    0    0     0       0          0
1784777554 | enp139s0f0np0: 230650498633375 62295169627    0 2473    0     0          0    502111 179781894582762 46593156265    0    0    0     0       0          0
1784777555 | enp139s0f0np0: 230653391168135 62295872531    0 2473    0     0          0    502111 179781907988692 46593194739    0    0    0     0       0          0
1784777556 | enp139s0f0np0: 230656289082688 62296576406    0 2473    0     0          0    502111 179781921398924 46593233189    0    0    0     0       0          0
1784777557 | enp139s0f0np0: 230659168197299 62297275953    0 2473    0     0          0    502112 179781934792581 46593271872    0    0    0     0       0          0
1784777558 | enp139s0f0np0: 230662014750091 62297967662    0 2473    0     0          0    502112 179781948049640 46593310207    0    0    0     0       0          0
1784777559 | enp139s0f0np0: 230664902135269 62298669044    0 2473    0     0          0    502112 179781961321131 46593347156    0    0    0     0       0          0
1784777560 | enp139s0f0np0: 230667857734510 62299387080    0 2473    0     0          0    502112 179781974977153 46593385889    0    0    0     0       0          0
1784777561 | enp139s0f0np0: 230670639338517 62300063400    0 2473    0     0          0    502112 179781987982042 46593424467    0    0    0     0       0          0
1784777562 | enp139s0f0np0: 230673529554599 62300766007    0 2473    0     0          0    502112 179782001343677 46593463344    0    0    0     0       0          0
1784777563 | enp139s0f0np0: 230676384065024 62301459489    0 2473    0     0          0    502112 179782014503803 46593501241    0    0    0     0       0          0
1784777564 | enp139s0f0np0: 230679350726041 62302179908    0 2473    0     0          0    502112 179782028066910 46593539102    0    0    0     0       0          0
1784777565 | enp139s0f0np0: 230682247984874 62302883720    0 2473    0     0          0    502112 179782041469566 46593577743    0    0    0     0       0          0
1784777566 | enp139s0f0np0: 230685150345864 62303588753    0 2473    0     0          0    502112 179782054741656 46593615401    0    0    0     0       0          0
1784777567 | enp139s0f0np0: 230688066747571 62304296984    0 2473    0     0          0    502112 179782068051252 46593653319    0    0    0     0       0          0
1784777568 | enp139s0f0np0: 230690887630805 62304982029    0 2473    0     0          0    502112 179782080843352 46593689971    0    0    0     0       0          0
1784777569 | enp139s0f0np0: 230693753858999 62305678302    0 2473    0     0          0    502112 179782093811181 46593727159    0    0    0     0       0          0
1784777570 | enp139s0f0np0: 230696580433982 62306364519    0 2473    0     0          0    502112 179782106512125 46593764105    0    0    0     0       0          0
1784777571 | enp139s0f0np0: 230699437696462 62307058163    0 2473    0     0          0    502112 179782119196183 46593801154    0    0    0     0       0          0
1784777572 | enp139s0f0np0: 230702296892590 62307752512    0 2473    0     0          0    502112 179782131729730 46593837976    0    0    0     0       0          0
1784777573 | enp139s0f0np0: 230705265739992 62308472911    0 2473    0     0          0    502112 179782144456626 46593875305    0    0    0     0       0          0
1784777574 | enp139s0f0np0: 230708206034992 62309186234    0 2473    0     0          0    502112 179782156784159 46593911091    0    0    0     0       0          0
1784777575 | enp139s0f0np0: 230711147086991 62309899811    0 2473    0     0          0    502112 179782168998429 46593947292    0    0    0     0       0          0
1784777576 | enp139s0f0np0: 230714039097384 62310601828    0 2473    0     0          0    502112 179782181168149 46593985387    0    0    0     0       0          0
1784777577 | enp139s0f0np0: 230716965311825 62311311809    0 2473    0     0          0    502112 179782193611049 46594022851    0    0    0     0       0          0
1784777578 | enp139s0f0np0: 230719887210028 62312020840    0 2473    0     0          0    502112 179782205997939 46594058813    0    0    0     0       0          0
1784777579 | enp139s0f0np0: 230722813047817 62312731379    0 2473    0     0          0    502112 179782218992309 46594095437    0    0    0     0       0          0
1784777580 | enp139s0f0np0: 230725686027147 62313429410    0 2473    0     0          0    502112 179782232191858 46594133142    0    0    0     0       0          0
1784777581 | enp139s0f0np0: 230728547549318 62314124564    0 2473    0     0          0    502112 179782245540702 46594171402    0    0    0     0       0          0
1784777582 | enp139s0f0np0: 230731414680594 62314821162    0 2473    0     0          0    502112 179782258895298 46594209757    0    0    0     0       0          0
1784777583 | enp139s0f0np0: 230734320273250 62315527011    0 2473    0     0          0    502112 179782272384481 46594247801    0    0    0     0       0          0
1784777584 | enp139s0f0np0: 230737160867463 62316217149    0 2473    0     0          0    502112 179782285607630 46594284861    0    0    0     0       0          0
1784777585 | enp139s0f0np0: 230740040529580 62316917056    0 2473    0     0          0    502112 179782299011733 46594323482    0    0    0     0       0          0
1784777586 | enp139s0f0np0: 230742859062393 62317601942    0 2473    0     0          0    502112 179782312088793 46594360200    0    0    0     0       0          0
1784777587 | enp139s0f0np0: 230745719649477 62318297411    0 2473    0     0          0    502113 179782325467440 46594399132    0    0    0     0       0          0
1784777588 | enp139s0f0np0: 230748548967325 62318985424    0 2473    0     0          0    502113 179782338628437 46594436429    0    0    0     0       0          0
1784777589 | enp139s0f0np0: 230751383815342 62319674493    0 2473    0     0          0    502113 179782351805718 46594473732    0    0    0     0       0          0
1784777590 | enp139s0f0np0: 230754136310193 62320343615    0 2473    0     0          0    502113 179782364640836 46594510622    0    0    0     0       0          0
1784777591 | enp139s0f0np0: 230756934543137 62321023685    0 2473    0     0          0    502113 179782377667371 46594547836    0    0    0     0       0          0
1784777592 | enp139s0f0np0: 230759721797772 62321701202    0 2473    0     0          0    502113 179782390695877 46594585634    0    0    0     0       0          0
1784777593 | enp139s0f0np0: 230762672475031 62322417948    0 2473    0     0          0    502113 179782404369626 46594623539    0    0    0     0       0          0
1784777594 | enp139s0f0np0: 230765474704895 62323099354    0 2473    0     0          0    502113 179782417465896 46594661561    0    0    0     0       0          0
1784777595 | enp139s0f0np0: 230768233925263 62323770154    0 2473    0     0          0    502113 179782430287425 46594698126    0    0    0     0       0          0
1784777596 | enp139s0f0np0: 230771009758319 62324444773    0 2473    0     0          0    502113 179782443265512 46594736187    0    0    0     0       0          0
1784777597 | enp139s0f0np0: 230773814278976 62325126289    0 2473    0     0          0    502113 179782456397333 46594774010    0    0    0     0       0          0
1784777598 | enp139s0f0np0: 230776678157549 62325822124    0 2473    0     0          0    502113 179782469663813 46594810988    0    0    0     0       0          0
1784777599 | enp139s0f0np0: 230779538129179 62326517068    0 2473    0     0          0    502113 179782482975295 46594848572    0    0    0     0       0          0
1784777600 | enp139s0f0np0: 230782344900389 62327199122    0 2473    0     0          0    502113 179782496028115 46594885984    0    0    0     0       0          0
1784777601 | enp139s0f0np0: 230785251031547 62327904913    0 2473    0     0          0    502113 179782509531881 46594924128    0    0    0     0       0          0
1784777602 | enp139s0f0np0: 230788202370416 62328622353    0 2473    0     0          0    502113 179782523226463 46594963020    0    0    0     0       0          0
1784777603 | enp139s0f0np0: 230791103620930 62329327391    0 2473    0     0          0    502113 179782536773206 46595001825    0    0    0     0       0          0
1784777604 | enp139s0f0np0: 230793901666738 62330007586    0 2473    0     0          0    502113 179782549859320 46595040299    0    0    0     0       0          0
1784777605 | enp139s0f0np0: 230796838360979 62330721590    0 2473    0     0          0    502113 179782563549297 46595079314    0    0    0     0       0          0
1784777606 | enp139s0f0np0: 230799815555525 62331444838    0 2473    0     0          0    502113 179782577274597 46595117552    0    0    0     0       0          0
1784777607 | enp139s0f0np0: 230802748020362 62332157590    0 2473    0     0          0    502113 179782590941127 46595156468    0    0    0     0       0          0
1784777608 | enp139s0f0np0: 230805717454347 62332878710    0 2473    0     0          0    502113 179782604660347 46595194822    0    0    0     0       0          0
1784777609 | enp139s0f0np0: 230808632808791 62333587253    0 2473    0     0          0    502113 179782618264325 46595233232    0    0    0     0       0          0
1784777610 | enp139s0f0np0: 230811478632406 62334278937    0 2473    0     0          0    502113 179782631477072 46595270096    0    0    0     0       0          0
1784777611 | enp139s0f0np0: 230814388466932 62334986184    0 2473    0     0          0    502113 179782644979535 46595309215    0    0    0     0       0          0
1784777612 | enp139s0f0np0: 230817274284457 62335687680    0 2473    0     0          0    502113 179782658506503 46595348135    0    0    0     0       0          0
1784777613 | enp139s0f0np0: 230820186431445 62336395292    0 2473    0     0          0    502113 179782672010255 46595385904    0    0    0     0       0          0
1784777614 | enp139s0f0np0: 230823106078824 62337104798    0 2473    0     0          0    502113 179782685518348 46595424327    0    0    0     0       0          0
1784777615 | enp139s0f0np0: 230826016553039 62337812186    0 2473    0     0          0    502113 179782699104656 46595463503    0    0    0     0       0          0
1784777616 | enp139s0f0np0: 230828842652060 62338499065    0 2473    0     0          0    502113 179782712299053 46595501725    0    0    0     0       0          0
1784777617 | enp139s0f0np0: 230831726279673 62339200136    0 2473    0     0          0    502114 179782725737818 46595540424    0    0    0     0       0          0
1784777618 | enp139s0f0np0: 230834621901138 62339903947    0 2473    0     0          0    502114 179782739147733 46595577353    0    0    0     0       0          0
1784777619 | enp139s0f0np0: 230837498622805 62340603094    0 2473    0     0          0    502114 179782752475957 46595614741    0    0    0     0       0          0
1784777620 | enp139s0f0np0: 230840310411375 62341286178    0 2473    0     0          0    502114 179782765495590 46595651008    0    0    0     0       0          0
1784777621 | enp139s0f0np0: 230843220345856 62341993281    0 2473    0     0          0    502114 179782779098263 46595689720    0    0    0     0       0          0
1784777622 | enp139s0f0np0: 230846075600318 62342687280    0 2473    0     0          0    502114 179782792393378 46595728225    0    0    0     0       0          0
1784777623 | enp139s0f0np0: 230848955270490 62343387271    0 2473    0     0          0    502114 179782805812506 46595766266    0    0    0     0       0          0
1784777624 | enp139s0f0np0: 230851757241573 62344068245    0 2473    0     0          0    502114 179782818790475 46595802729    0    0    0     0       0          0
1784777625 | enp139s0f0np0: 230854630674582 62344766641    0 2473    0     0          0    502114 179782832170300 46595841250    0    0    0     0       0          0
1784777626 | enp139s0f0np0: 230857463935033 62345455420    0 2473    0     0          0    502114 179782845354032 46595879607    0    0    0     0       0          0
1784777627 | enp139s0f0np0: 230860413981920 62346172196    0 2473    0     0          0    502114 179782859047272 46595917690    0    0    0     0       0          0
1784777628 | enp139s0f0np0: 230863301272802 62346874083    0 2473    0     0          0    502114 179782872458842 46595955887    0    0    0     0       0          0
1784777629 | enp139s0f0np0: 230866202065192 62347579314    0 2473    0     0          0    502114 179782886001487 46595994513    0    0    0     0       0          0
1784777630 | enp139s0f0np0: 230869057271422 62348273348    0 2473    0     0          0    502114 179782899317713 46596032733    0    0    0     0       0          0
1784777631 | enp139s0f0np0: 230871947022941 62348975627    0 2473    0     0          0    502114 179782912711494 46596070665    0    0    0     0       0          0
1784777632 | enp139s0f0np0: 230874886505631 62349689635    0 2473    0     0          0    502114 179782926339327 46596108687    0    0    0     0       0          0
1784777633 | enp139s0f0np0: 230877766143592 62350389404    0 2473    0     0          0    502114 179782939717518 46596146710    0    0    0     0       0          0
1784777634 | enp139s0f0np0: 230880605519635 62351079673    0 2473    0     0          0    502114 179782952943682 46596184493    0    0    0     0       0          0
1784777635 | enp139s0f0np0: 230883483740038 62351779062    0 2473    0     0          0    502114 179782966301652 46596221973    0    0    0     0       0          0
1784777636 | enp139s0f0np0: 230886324206057 62352469293    0 2473    0     0          0    502114 179782979533160 46596260182    0    0    0     0       0          0
1784777637 | enp139s0f0np0: 230889217050039 62353172386    0 2473    0     0          0    502114 179782993068044 46596299424    0    0    0     0       0          0
1784777638 | enp139s0f0np0: 230892144253651 62353883623    0 2473    0     0          0    502114 179783006652369 46596338047    0    0    0     0       0          0
1784777639 | enp139s0f0np0: 230894978360165 62354572644    0 2473    0     0          0    502114 179783019842288 46596375761    0    0    0     0       0          0
1784777640 | enp139s0f0np0: 230897880492416 62355277846    0 2473    0     0          0    502114 179783033380753 46596414443    0    0    0     0       0          0
1784777641 | enp139s0f0np0: 230900772786925 62355980857    0 2473    0     0          0    502114 179783046862686 46596453890    0    0    0     0       0          0
1784777642 | enp139s0f0np0: 230903585224646 62356664514    0 2473    0     0          0    502114 179783059996348 46596491997    0    0    0     0       0          0
1784777643 | enp139s0f0np0: 230906449641489 62357360814    0 2473    0     0          0    502114 179783073367430 46596530623    0    0    0     0       0          0
1784777644 | enp139s0f0np0: 230909257702641 62358043303    0 2473    0     0          0    502114 179783086389734 46596567691    0    0    0     0       0          0
1784777645 | enp139s0f0np0: 230912046660401 62358720872    0 2473    0     0          0    502114 179783099390351 46596605130    0    0    0     0       0          0
1784777646 | enp139s0f0np0: 230914892025625 62359412580    0 2473    0     0          0    502114 179783112657531 46596643505    0    0    0     0       0          0
1784777647 | enp139s0f0np0: 230917743406353 62360105576    0 2473    0     0          0    502115 179783125983802 46596682273    0    0    0     0       0          0
1784777648 | enp139s0f0np0: 230920570738825 62360792482    0 2473    0     0          0    502115 179783139094197 46596719415    0    0    0     0       0          0
1784777649 | enp139s0f0np0: 230923343653101 62361466745    0 2473    0     0          0    502115 179783152035779 46596757118    0    0    0     0       0          0
1784777650 | enp139s0f0np0: 230926208948705 62362163070    0 2473    0     0          0    502115 179783165296266 46596794550    0    0    0     0       0          0
1784777651 | enp139s0f0np0: 230929024737992 62362847415    0 2473    0     0          0    502115 179783178389343 46596831429    0    0    0     0       0          0
1784777652 | enp139s0f0np0: 230931900308597 62363546266    0 2473    0     0          0    502115 179783191766988 46596870255    0    0    0     0       0          0
1784777653 | enp139s0f0np0: 230934709231064 62364229063    0 2473    0     0          0    502115 179783204789970 46596907320    0    0    0     0       0          0
1784777654 | enp139s0f0np0: 230937527949079 62364914421    0 2473    0     0          0    502115 179783217908154 46596945638    0    0    0     0       0          0
1784777655 | enp139s0f0np0: 230940424024120 62365617576    0 2473    0     0          0    502115 179783231237472 46596982467    0    0    0     0       0          0
1784777656 | enp139s0f0np0: 230943218673905 62366296739    0 2473    0     0          0    502115 179783244193189 46597019295    0    0    0     0       0          0
1784777657 | enp139s0f0np0: 230946056778555 62366986276    0 2473    0     0          0    502115 179783257327107 46597056301    0    0    0     0       0          0
1784777658 | enp139s0f0np0: 230948777321290 62367647239    0 2473    0     0          0    502115 179783269935836 46597093254    0    0    0     0       0          0
