Linux 5.15.0-170-generic (oneasia-c1-cpu-node10) 	07/16/26 	_x86_64_	(128 CPU)

10:51:08      UID       PID    %usr %system  %guest   %wait    %CPU   CPU  Command
10:51:09     1002   2427088    0.00    0.00    0.00    0.00    0.00    26  juicefs
10:51:10     1002   2427088    0.00    0.00    0.00    0.00    0.00    26  juicefs
10:51:11     1002   2427088    0.00    0.00    0.00    0.00    0.00    26  juicefs
10:51:12     1002   2427088    0.00    0.00    0.00    0.00    0.00    26  juicefs
10:51:13     1002   2427088    0.00    0.00    0.00    0.00    0.00    26  juicefs
10:51:14     1002   2427088    0.00    0.00    0.00    0.00    0.00    26  juicefs
10:51:15     1002   2427088    0.00    0.00    0.00    0.00    0.00    26  juicefs
10:51:16     1002   2427088    0.00    0.00    0.00    0.00    0.00    26  juicefs
10:51:17     1002   2427088    0.00    0.00    0.00    0.00    0.00    26  juicefs
10:51:18     1002   2427088    0.00    0.00    0.00    0.00    0.00    26  juicefs
10:51:19     1002   2427088    0.00    0.00    0.00    0.00    0.00    26  juicefs
10:51:20     1002   2427088    0.00    0.00    0.00    0.00    0.00    26  juicefs
10:51:21     1002   2427088    0.00    0.00    0.00    0.00    0.00    26  juicefs
10:51:22     1002   2427088    0.00    0.00    0.00    0.00    0.00    26  juicefs
10:51:23     1002   2427088    0.00    0.00    0.00    0.00    0.00    26  juicefs
10:51:24     1002   2427088    0.00    0.00    0.00    0.00    0.00    26  juicefs
10:51:25     1002   2427088    0.00    0.00    0.00    0.00    0.00    26  juicefs
10:51:26     1002   2427088    0.00    0.00    0.00    0.00    0.00    26  juicefs
10:51:27     1002   2427088    0.00    0.00    0.00    0.00    0.00    26  juicefs
10:51:28     1002   2427088    0.00    0.00    0.00    0.00    0.00    26  juicefs
10:51:29     1002   2427088    0.00    0.00    0.00    0.00    0.00    26  juicefs
10:51:30     1002   2427088    0.00    0.00    0.00    0.00    0.00    26  juicefs
10:51:31     1002   2427088    0.00    0.00    0.00    0.00    0.00    26  juicefs
10:51:32     1002   2427088    0.00    0.00    0.00    0.00    0.00    26  juicefs
10:51:33     1002   2427088    0.00    0.00    0.00    0.00    0.00    26  juicefs
10:51:34     1002   2427088    0.00    0.00    0.00    0.00    0.00    26  juicefs
10:51:35     1002   2427088    0.00    0.00    0.00    0.00    0.00    26  juicefs
