Linux 5.15.0-170-generic (oneasia-c1-cpu-node10) 	07/16/26 	_x86_64_	(128 CPU)

10:55:51      UID       PID    %usr %system  %guest   %wait    %CPU   CPU  Command
10:55:52     1002   2427088    0.00    0.00    0.00    0.00    0.00    26  juicefs
10:55:53     1002   2427088    0.00    0.00    0.00    0.00    0.00    26  juicefs
10:55:54     1002   2427088    0.00    0.00    0.00    0.00    0.00    26  juicefs
10:55:55     1002   2427088    0.00    0.00    0.00    0.00    0.00    26  juicefs
10:55:56     1002   2427088    0.00    0.00    0.00    0.00    0.00    26  juicefs
10:55:57     1002   2427088    0.00    0.00    0.00    0.00    0.00    26  juicefs
10:55:58     1002   2427088    0.00    0.00    0.00    0.00    0.00    26  juicefs
10:55:59     1002   2427088    0.00    0.00    0.00    0.00    0.00    26  juicefs
10:56:00     1002   2427088    0.00    0.00    0.00    0.00    0.00    26  juicefs
10:56:01     1002   2427088    0.00    0.00    0.00    0.00    0.00    26  juicefs
10:56:02     1002   2427088    0.00    0.00    0.00    0.00    0.00    26  juicefs
10:56:03     1002   2427088    0.00    0.00    0.00    0.00    0.00    26  juicefs
10:56:04     1002   2427088    0.00    0.00    0.00    0.00    0.00    26  juicefs
10:56:05     1002   2427088    0.00    0.00    0.00    0.00    0.00    26  juicefs
10:56:06     1002   2427088    0.00    0.00    0.00    0.00    0.00    26  juicefs
10:56:07     1002   2427088    0.00    0.00    0.00    0.00    0.00    26  juicefs
10:56:08     1002   2427088    0.00    0.00    0.00    0.00    0.00    26  juicefs
10:56:09     1002   2427088    0.00    0.00    0.00    0.00    0.00    26  juicefs
10:56:10     1002   2427088    0.00    0.00    0.00    0.00    0.00    26  juicefs
10:56:11     1002   2427088    0.00    0.00    0.00    0.00    0.00    26  juicefs
10:56:12     1002   2427088    0.00    0.00    0.00    0.00    0.00    26  juicefs
10:56:13     1002   2427088    0.00    0.00    0.00    0.00    0.00    26  juicefs
10:56:14     1002   2427088    0.00    0.00    0.00    0.00    0.00    26  juicefs
10:56:15     1002   2427088    0.00    0.00    0.00    0.00    0.00    26  juicefs
10:56:16     1002   2427088    0.00    0.00    0.00    0.00    0.00    26  juicefs
10:56:17     1002   2427088    0.00    0.00    0.00    0.00    0.00    26  juicefs
10:56:18     1002   2427088    0.00    0.00    0.00    0.00    0.00    26  juicefs
