Linux 5.15.0-170-generic (oneasia-c1-cpu-node10) 	07/16/26 	_x86_64_	(128 CPU)

11:00:15      UID       PID    %usr %system  %guest   %wait    %CPU   CPU  Command
11:00:16     1002   2427088    0.00    0.00    0.00    0.00    0.00    26  juicefs
11:00:17     1002   2427088    0.00    0.00    0.00    0.00    0.00    26  juicefs
11:00:18     1002   2427088    0.00    0.00    0.00    0.00    0.00    26  juicefs
11:00:19     1002   2427088    0.00    0.00    0.00    0.00    0.00    26  juicefs
11:00:20     1002   2427088    0.00    0.00    0.00    0.00    0.00    26  juicefs
11:00:21     1002   2427088    0.00    0.00    0.00    0.00    0.00    26  juicefs
11:00:22     1002   2427088    0.00    0.00    0.00    0.00    0.00    26  juicefs
11:00:23     1002   2427088    0.00    0.00    0.00    0.00    0.00    26  juicefs
11:00:24     1002   2427088    0.00    0.00    0.00    0.00    0.00    26  juicefs
11:00:25     1002   2427088    0.00    0.00    0.00    0.00    0.00    26  juicefs
11:00:26     1002   2427088    0.00    0.00    0.00    0.00    0.00    26  juicefs
11:00:27     1002   2427088    0.00    0.00    0.00    0.00    0.00    26  juicefs
11:00:28     1002   2427088    0.00    0.00    0.00    0.00    0.00    26  juicefs
11:00:29     1002   2427088    0.00    0.00    0.00    0.00    0.00    26  juicefs
11:00:30     1002   2427088    0.00    0.00    0.00    0.00    0.00    26  juicefs
11:00:31     1002   2427088    0.00    0.00    0.00    0.00    0.00    26  juicefs
11:00:32     1002   2427088    0.00    0.00    0.00    0.00    0.00    26  juicefs
11:00:33     1002   2427088    0.00    0.00    0.00    0.00    0.00    26  juicefs
11:00:34     1002   2427088    0.00    0.00    0.00    0.00    0.00    26  juicefs
11:00:35     1002   2427088    0.00    0.00    0.00    0.00    0.00    26  juicefs
11:00:36     1002   2427088    0.00    0.00    0.00    0.00    0.00    26  juicefs
11:00:37     1002   2427088    0.00    0.00    0.00    0.00    0.00    26  juicefs
11:00:38     1002   2427088    0.00    0.00    0.00    0.00    0.00    26  juicefs
11:00:39     1002   2427088    0.00    0.00    0.00    0.00    0.00    26  juicefs
11:00:40     1002   2427088    0.00    0.00    0.00    0.00    0.00    26  juicefs
11:00:41     1002   2427088    0.00    0.00    0.00    0.00    0.00    26  juicefs
11:00:42     1002   2427088    0.00    0.00    0.00    0.00    0.00    26  juicefs
