1784775505 | enp139s0f0np0: 229749471692027 62036451700    0 2473    0     0          0    502043 177317626791596 45974713387    0    0    0     0       0          0
1784775506 | enp139s0f0np0: 229749473570812 62036465335    0 2473    0     0          0    502043 177318424815482 45974905494    0    0    0     0       0          0
1784775507 | enp139s0f0np0: 229749475833049 62036481854    0 2473    0     0          0    502043 177319414875339 45975143801    0    0    0     0       0          0
1784775508 | enp139s0f0np0: 229749478083406 62036498668    0 2473    0     0          0    502043 177320408672443 45975383055    0    0    0     0       0          0
1784775509 | enp139s0f0np0: 229749480342949 62036515490    0 2473    0     0          0    502043 177321395803208 45975620729    0    0    0     0       0          0
1784775510 | enp139s0f0np0: 229749482080959 62036528072    0 2473    0     0          0    502043 177322155420452 45975803604    0    0    0     0       0          0
1784775511 | enp139s0f0np0: 229749484251872 62036544246    0 2473    0     0          0    502043 177323136680297 45976039818    0    0    0     0       0          0
1784775512 | enp139s0f0np0: 229749486508615 62036560713    0 2473    0     0          0    502043 177324138540551 45976280989    0    0    0     0       0          0
1784775513 | enp139s0f0np0: 229749488781542 62036577273    0 2473    0     0          0    502043 177325134673261 45976520780    0    0    0     0       0          0
1784775514 | enp139s0f0np0: 229749491115082 62036594525    0 2473    0     0          0    502043 177326139405649 45976762664    0    0    0     0       0          0
1784775515 | enp139s0f0np0: 229749492759648 62036606349    0 2473    0     0          0    502043 177326856615502 45976935343    0    0    0     0       0          0
1784775516 | enp139s0f0np0: 229749495022011 62036622650    0 2473    0     0          0    502043 177327853344455 45977175272    0    0    0     0       0          0
1784775517 | enp139s0f0np0: 229749497343815 62036639908    0 2473    0     0          0    502043 177328880482334 45977422565    0    0    0     0       0          0
1784775518 | enp139s0f0np0: 229749499682876 62036656971    0 2473    0     0          0    502044 177329927894232 45977674789    0    0    0     0       0          0
1784775519 | enp139s0f0np0: 229749501570886 62036670762    0 2473    0     0          0    502044 177330765131496 45977876420    0    0    0     0       0          0
1784775520 | enp139s0f0np0: 229749503786321 62036686843    0 2473    0     0          0    502044 177331747460030 45978112918    0    0    0     0       0          0
1784775521 | enp139s0f0np0: 229749506142658 62036704154    0 2473    0     0          0    502044 177332781520370 45978361901    0    0    0     0       0          0
1784775522 | enp139s0f0np0: 229749508563961 62036722176    0 2473    0     0          0    502044 177333853752900 45978620129    0    0    0     0       0          0
1784775523 | enp139s0f0np0: 229749511024327 62036740527    0 2473    0     0          0    502044 177334941158554 45978881976    0    0    0     0       0          0
1784775524 | enp139s0f0np0: 229749512897717 62036753949    0 2473    0     0          0    502044 177335730130522 45979071941    0    0    0     0       0          0
1784775525 | enp139s0f0np0: 229749515116475 62036770498    0 2473    0     0          0    502044 177336716459412 45979309395    0    0    0     0       0          0
1784775526 | enp139s0f0np0: 229749517471363 62036787923    0 2473    0     0          0    502044 177337753466724 45979559076    0    0    0     0       0          0
1784775527 | enp139s0f0np0: 229749519913831 62036806082    0 2473    0     0          0    502044 177338837153161 45979820043    0    0    0     0       0          0
1784775528 | enp139s0f0np0: 229749521778318 62036819954    0 2473    0     0          0    502044 177339659439961 45980018069    0    0    0     0       0          0
1784775529 | enp139s0f0np0: 229749524054975 62036836951    0 2473    0     0          0    502044 177340677256327 45980263116    0    0    0     0       0          0
1784775530 | enp139s0f0np0: 229749526421745 62036854942    0 2473    0     0          0    502044 177341738461783 45980518678    0    0    0     0       0          0
1784775531 | enp139s0f0np0: 229749528726310 62036872183    0 2473    0     0          0    502044 177342784349513 45980770522    0    0    0     0       0          0
1784775532 | enp139s0f0np0: 229749531075396 62036889726    0 2473    0     0          0    502044 177343846429301 45981026251    0    0    0     0       0          0
1784775533 | enp139s0f0np0: 229749532896242 62036903394    0 2473    0     0          0    502044 177344652722657 45981220366    0    0    0     0       0          0
1784775534 | enp139s0f0np0: 229749535079677 62036919897    0 2473    0     0          0    502044 177345648917879 45981460163    0    0    0     0       0          0
1784775535 | enp139s0f0np0: 229749537393570 62036937351    0 2473    0     0          0    502044 177346702728755 45981713891    0    0    0     0       0          0
1784775536 | enp139s0f0np0: 229749539736138 62036955106    0 2473    0     0          0    502044 177347745873831 45981965098    0    0    0     0       0          0
1784775537 | enp139s0f0np0: 229749541496641 62036968401    0 2473    0     0          0    502044 177348530566160 45982154061    0    0    0     0       0          0
1784775538 | enp139s0f0np0: 229749543726564 62036985353    0 2473    0     0          0    502044 177349546501058 45982398646    0    0    0     0       0          0
1784775539 | enp139s0f0np0: 229749546036094 62037002745    0 2473    0     0          0    502044 177350615784700 45982656146    0    0    0     0       0          0
1784775540 | enp139s0f0np0: 229749548336142 62037019814    0 2473    0     0          0    502044 177351700006094 45982917264    0    0    0     0       0          0
1784775541 | enp139s0f0np0: 229749550228031 62037033359    0 2473    0     0          0    502044 177352586319862 45983130711    0    0    0     0       0          0
1784775542 | enp139s0f0np0: 229749552397726 62037049530    0 2473    0     0          0    502044 177353605724776 45983376171    0    0    0     0       0          0
1784775543 | enp139s0f0np0: 229749554719402 62037066883    0 2473    0     0          0    502044 177354670065116 45983632451    0    0    0     0       0          0
1784775544 | enp139s0f0np0: 229749557024739 62037084049    0 2473    0     0          0    502044 177355739755013 45983890038    0    0    0     0       0          0
1784775545 | enp139s0f0np0: 229749559352022 62037101459    0 2473    0     0          0    502044 177356810638254 45984147911    0    0    0     0       0          0
1784775546 | enp139s0f0np0: 229749561105425 62037114740    0 2473    0     0          0    502044 177357604930368 45984339154    0    0    0     0       0          0
1784775547 | enp139s0f0np0: 229749563350072 62037131850    0 2473    0     0          0    502045 177358632869091 45984586650    0    0    0     0       0          0
1784775548 | enp139s0f0np0: 229749565643141 62037149016    0 2473    0     0          0    502045 177359692281725 45984841738    0    0    0     0       0          0
1784775549 | enp139s0f0np0: 229749568010061 62037166963    0 2473    0     0          0    502045 177360779434105 45985103518    0    0    0     0       0          0
1784775550 | enp139s0f0np0: 229749569830690 62037180700    0 2473    0     0          0    502045 177361608401717 45985303138    0    0    0     0       0          0
1784775551 | enp139s0f0np0: 229749572092524 62037197981    0 2473    0     0          0    502045 177362645943381 45985552962    0    0    0     0       0          0
1784775552 | enp139s0f0np0: 229749574471429 62037215908    0 2473    0     0          0    502045 177363728025916 45985813489    0    0    0     0       0          0
1784775553 | enp139s0f0np0: 229749576842517 62037233925    0 2473    0     0          0    502045 177364815177826 45986075262    0    0    0     0       0          0
1784775554 | enp139s0f0np0: 229749578802538 62037248618    0 2473    0     0          0    502045 177365696158135 45986287436    0    0    0     0       0          0
1784775555 | enp139s0f0np0: 229749580981659 62037265086    0 2473    0     0          0    502045 177366697158649 45986528453    0    0    0     0       0          0
1784775556 | enp139s0f0np0: 229749583227350 62037282146    0 2473    0     0          0    502045 177367732032577 45986777626    0    0    0     0       0          0
1784775557 | enp139s0f0np0: 229749585329483 62037297703    0 2473    0     0          0    502045 177368715162823 45987014341    0    0    0     0       0          0
1784775558 | enp139s0f0np0: 229749587507258 62037314056    0 2473    0     0          0    502045 177369721497228 45987256635    0    0    0     0       0          0
1784775559 | enp139s0f0np0: 229749589174885 62037326491    0 2473    0     0          0    502045 177370493649477 45987442516    0    0    0     0       0          0
1784775560 | enp139s0f0np0: 229749591340349 62037342545    0 2473    0     0          0    502045 177371486911736 45987681620    0    0    0     0       0          0
1784775561 | enp139s0f0np0: 229749593448879 62037358180    0 2473    0     0          0    502045 177372467635756 45987917670    0    0    0     0       0          0
1784775562 | enp139s0f0np0: 229749595526621 62037373560    0 2473    0     0          0    502045 177373440754690 45988151939    0    0    0     0       0          0
1784775563 | enp139s0f0np0: 229749597618939 62037389184    0 2473    0     0          0    502045 177374419221864 45988387495    0    0    0     0       0          0
1784775564 | enp139s0f0np0: 229749599232034 62037400794    0 2473    0     0          0    502045 177375157499690 45988565205    0    0    0     0       0          0
1784775565 | enp139s0f0np0: 229749601415880 62037416735    0 2473    0     0          0    502045 177376168099976 45988808501    0    0    0     0       0          0
1784775566 | enp139s0f0np0: 229749603509191 62037432526    0 2473    0     0          0    502045 177377127755326 45989039511    0    0    0     0       0          0
1784775567 | enp139s0f0np0: 229749605589650 62037448275    0 2473    0     0          0    502045 177378095742117 45989272525    0    0    0     0       0          0
1784775568 | enp139s0f0np0: 229749607234896 62037460311    0 2473    0     0          0    502045 177378864364187 45989457561    0    0    0     0       0          0
1784775569 | enp139s0f0np0: 229749609228986 62037474749    0 2473    0     0          0    502045 177379784278913 45989679013    0    0    0     0       0          0
1784775570 | enp139s0f0np0: 229749611208189 62037489262    0 2473    0     0          0    502045 177380727130190 45989905966    0    0    0     0       0          0
1784775571 | enp139s0f0np0: 229749613317878 62037504901    0 2473    0     0          0    502045 177381692841484 45990138411    0    0    0     0       0          0
1784775572 | enp139s0f0np0: 229749615443869 62037520696    0 2473    0     0          0    502045 177382658976151 45990370996    0    0    0     0       0          0
1784775573 | enp139s0f0np0: 229749617116503 62037532651    0 2473    0     0          0    502045 177383405258135 45990550671    0    0    0     0       0          0
1784775574 | enp139s0f0np0: 229749619176570 62037547424    0 2473    0     0          0    502045 177384336908141 45990774941    0    0    0     0       0          0
1784775575 | enp139s0f0np0: 229749621450481 62037564094    0 2473    0     0          0    502045 177385367170726 45991023002    0    0    0     0       0          0
1784775576 | enp139s0f0np0: 229749623768093 62037581114    0 2473    0     0          0    502045 177386398121774 45991271244    0    0    0     0       0          0
1784775577 | enp139s0f0np0: 229749626083078 62037598152    0 2473    0     0          0    502046 177387445530776 45991523424    0    0    0     0       0          0
1784775578 | enp139s0f0np0: 229751616845835 62038081484    0 2473    0     0          0    502046 177387551981244 45991563911    0    0    0     0       0          0
1784775579 | enp139s0f0np0: 229755372317543 62038990197    0 2473    0     0          0    502046 177387563540978 45991595197    0    0    0     0       0          0
1784775580 | enp139s0f0np0: 229758843119482 62039830557    0 2473    0     0          0    502046 177387574305751 45991625510    0    0    0     0       0          0
1784775581 | enp139s0f0np0: 229762541889013 62040725679    0 2473    0     0          0    502046 177387585758732 45991657079    0    0    0     0       0          0
1784775582 | enp139s0f0np0: 229766145054742 62041598128    0 2473    0     0          0    502046 177387596973360 45991689144    0    0    0     0       0          0
1784775583 | enp139s0f0np0: 229769717000661 62042462764    0 2473    0     0          0    502046 177387608063000 45991720329    0    0    0     0       0          0
1784775584 | enp139s0f0np0: 229773343700396 62043340793    0 2473    0     0          0    502046 177387619331724 45991751893    0    0    0     0       0          0
1784775585 | enp139s0f0np0: 229777029608886 62044233188    0 2473    0     0          0    502046 177387630732022 45991783750    0    0    0     0       0          0
1784775586 | enp139s0f0np0: 229780631076768 62045104994    0 2473    0     0          0    502046 177387641901644 45991814663    0    0    0     0       0          0
1784775587 | enp139s0f0np0: 229784169545758 62045961563    0 2473    0     0          0    502046 177387652833716 45991844746    0    0    0     0       0          0
1784775588 | enp139s0f0np0: 229787815342495 62046844047    0 2473    0     0          0    502046 177387664142170 45991876527    0    0    0     0       0          0
1784775589 | enp139s0f0np0: 229791568805835 62047752389    0 2473    0     0          0    502046 177387675747162 45991908577    0    0    0     0       0          0
1784775590 | enp139s0f0np0: 229795374057544 62048673268    0 2473    0     0          0    502046 177387687473431 45991940555    0    0    0     0       0          0
1784775591 | enp139s0f0np0: 229799226622163 62049605404    0 2473    0     0          0    502046 177387699341829 45991972913    0    0    0     0       0          0
1784775592 | enp139s0f0np0: 229803101428077 62050543289    0 2473    0     0          0    502046 177387711269247 45992004747    0    0    0     0       0          0
1784775593 | enp139s0f0np0: 229806832742690 62051446495    0 2473    0     0          0    502046 177387722706958 45992035133    0    0    0     0       0          0
1784775594 | enp139s0f0np0: 229810877930993 62052424569    0 2473    0     0          0    502046 177387734942517 45992065545    0    0    0     0       0          0
1784775595 | enp139s0f0np0: 229814645490807 62053336550    0 2473    0     0          0    502046 177387746561887 45992097459    0    0    0     0       0          0
1784775596 | enp139s0f0np0: 229818226597292 62054203539    0 2473    0     0          0    502046 177387757689760 45992128989    0    0    0     0       0          0
1784775597 | enp139s0f0np0: 229821882915369 62055088716    0 2473    0     0          0    502046 177387769072442 45992161110    0    0    0     0       0          0
1784775598 | enp139s0f0np0: 229825511844517 62055967078    0 2473    0     0          0    502046 177387780333456 45992192446    0    0    0     0       0          0
1784775599 | enp139s0f0np0: 229829272384291 62056877394    0 2473    0     0          0    502046 177387791890358 45992223786    0    0    0     0       0          0
1784775600 | enp139s0f0np0: 229832885986417 62057752333    0 2473    0     0          0    502046 177387803125314 45992255418    0    0    0     0       0          0
1784775601 | enp139s0f0np0: 229836474451942 62058620780    0 2473    0     0          0    502046 177387814217768 45992285722    0    0    0     0       0          0
1784775602 | enp139s0f0np0: 229840174195969 62059516411    0 2473    0     0          0    502046 177387825693724 45992318043    0    0    0     0       0          0
1784775603 | enp139s0f0np0: 229843832167668 62060401518    0 2473    0     0          0    502046 177387836956878 45992348447    0    0    0     0       0          0
1784775604 | enp139s0f0np0: 229847542710947 62061299686    0 2473    0     0          0    502046 177387848469713 45992379829    0    0    0     0       0          0
1784775605 | enp139s0f0np0: 229851269993025 62062201846    0 2473    0     0          0    502046 177387860051339 45992411482    0    0    0     0       0          0
1784775606 | enp139s0f0np0: 229854904861429 62063081606    0 2473    0     0          0    502046 177387871296490 45992442215    0    0    0     0       0          0
1784775607 | enp139s0f0np0: 229858698548764 62063999545    0 2473    0     0          0    502047 177387882985770 45992473869    0    0    0     0       0          0
1784775608 | enp139s0f0np0: 229862285642005 62064867829    0 2473    0     0          0    502047 177387894066238 45992504279    0    0    0     0       0          0
1784775609 | enp139s0f0np0: 229865811999087 62065721784    0 2473    0     0          0    502047 177387905047028 45992535691    0    0    0     0       0          0
1784775610 | enp139s0f0np0: 229869608520060 62066640378    0 2473    0     0          0    502047 177387916703338 45992567006    0    0    0     0       0          0
1784775611 | enp139s0f0np0: 229873233265254 62067517760    0 2473    0     0          0    502047 177387927937859 45992598100    0    0    0     0       0          0
1784775612 | enp139s0f0np0: 229876885710028 62068401692    0 2473    0     0          0    502047 177387939250965 45992629618    0    0    0     0       0          0
1784775613 | enp139s0f0np0: 229880575268082 62069294930    0 2473    0     0          0    502047 177387950663615 45992661324    0    0    0     0       0          0
1784775614 | enp139s0f0np0: 229884136651432 62070157047    0 2473    0     0          0    502047 177387961746136 45992692747    0    0    0     0       0          0
1784775615 | enp139s0f0np0: 229887821241815 62071049094    0 2473    0     0          0    502047 177387973191806 45992724897    0    0    0     0       0          0
1784775616 | enp139s0f0np0: 229891647956953 62071974771    0 2473    0     0          0    502047 177387984962244 45992756556    0    0    0     0       0          0
1784775617 | enp139s0f0np0: 229895218933921 62072839113    0 2473    0     0          0    502047 177387996023265 45992787375    0    0    0     0       0          0
1784775618 | enp139s0f0np0: 229898839140252 62073715236    0 2473    0     0          0    502047 177388007277240 45992819117    0    0    0     0       0          0
1784775619 | enp139s0f0np0: 229902545263992 62074611987    0 2473    0     0          0    502047 177388018763199 45992851047    0    0    0     0       0          0
1784775620 | enp139s0f0np0: 229906336566999 62075529475    0 2473    0     0          0    502047 177388030483772 45992883445    0    0    0     0       0          0
1784775621 | enp139s0f0np0: 229910031420354 62076423951    0 2473    0     0          0    502047 177388041968695 45992915844    0    0    0     0       0          0
1784775622 | enp139s0f0np0: 229913849939692 62077347962    0 2473    0     0          0    502047 177388053769196 45992948245    0    0    0     0       0          0
1784775623 | enp139s0f0np0: 229917500092626 62078231628    0 2473    0     0          0    502047 177388065086780 45992979943    0    0    0     0       0          0
1784775624 | enp139s0f0np0: 229921122878569 62079108813    0 2473    0     0          0    502047 177388076378199 45993012150    0    0    0     0       0          0
1784775625 | enp139s0f0np0: 229924607152941 62079952106    0 2473    0     0          0    502047 177388087197294 45993042753    0    0    0     0       0          0
1784775626 | enp139s0f0np0: 229928203243414 62080822576    0 2473    0     0          0    502047 177388098360335 45993073851    0    0    0     0       0          0
1784775627 | enp139s0f0np0: 229932181207884 62081784362    0 2473    0     0          0    502047 177388110473930 45993105048    0    0    0     0       0          0
1784775628 | enp139s0f0np0: 229936003415710 62082709091    0 2473    0     0          0    502047 177388122182951 45993136090    0    0    0     0       0          0
1784775629 | enp139s0f0np0: 229939738003042 62083612949    0 2473    0     0          0    502047 177388133685507 45993167243    0    0    0     0       0          0
1784775630 | enp139s0f0np0: 229943416833582 62084503339    0 2473    0     0          0    502047 177388145061329 45993198708    0    0    0     0       0          0
1784775631 | enp139s0f0np0: 229947154267714 62085407483    0 2473    0     0          0    502047 177388156569852 45993229653    0    0    0     0       0          0
1784775632 | enp139s0f0np0: 229950964408955 62086329151    0 2473    0     0          0    502047 177388168297192 45993261585    0    0    0     0       0          0
1784775633 | enp139s0f0np0: 229954787317065 62087254324    0 2473    0     0          0    502047 177388180138949 45993294282    0    0    0     0       0          0
1784775634 | enp139s0f0np0: 229958497952833 62088151965    0 2473    0     0          0    502047 177388191576001 45993325621    0    0    0     0       0          0
1784775635 | enp139s0f0np0: 229962168441347 62089040088    0 2473    0     0          0    502047 177388202945708 45993357062    0    0    0     0       0          0
1784775636 | enp139s0f0np0: 229965887108860 62089939823    0 2473    0     0          0    502047 177388214417695 45993388134    0    0    0     0       0          0
1784775637 | enp139s0f0np0: 229969535152966 62090822690    0 2473    0     0          0    502048 177388225737077 45993419872    0    0    0     0       0          0
1784775638 | enp139s0f0np0: 229973358580511 62091747937    0 2473    0     0          0    502048 177388237526128 45993452068    0    0    0     0       0          0
1784775639 | enp139s0f0np0: 229977131917279 62092661069    0 2473    0     0          0    502048 177388249132541 45993483496    0    0    0     0       0          0
1784775640 | enp139s0f0np0: 229980799618801 62093548562    0 2473    0     0          0    502048 177388260487241 45993514919    0    0    0     0       0          0
1784775641 | enp139s0f0np0: 229984495105697 62094442805    0 2473    0     0          0    502048 177388271871114 45993545717    0    0    0     0       0          0
1784775642 | enp139s0f0np0: 229988022189359 62095296670    0 2473    0     0          0    502048 177388282839889 45993576646    0    0    0     0       0          0
1784775643 | enp139s0f0np0: 229991730760816 62096194237    0 2473    0     0          0    502048 177388294352472 45993609009    0    0    0     0       0          0
1784775644 | enp139s0f0np0: 229995577928909 62097124942    0 2473    0     0          0    502048 177388306173893 45993640988    0    0    0     0       0          0
1784775645 | enp139s0f0np0: 229999595063752 62098096411    0 2473    0     0          0    502048 177388318432532 45993672664    0    0    0     0       0          0
1784775646 | enp139s0f0np0: 230003460803730 62099031556    0 2473    0     0          0    502048 177388330242503 45993703215    0    0    0     0       0          0
1784775647 | enp139s0f0np0: 230007460575143 62099999001    0 2473    0     0          0    502048 177388342398185 45993734289    0    0    0     0       0          0
1784775648 | enp139s0f0np0: 230011342450494 62100937906    0 2473    0     0          0    502048 177388354257278 45993765266    0    0    0     0       0          0
1784775649 | enp139s0f0np0: 230015410788853 62101921782    0 2473    0     0          0    502048 177388366602666 45993796237    0    0    0     0       0          0
1784775650 | enp139s0f0np0: 230018999947691 62102790709    0 2473    0     0          0    502048 177388377777100 45993828214    0    0    0     0       0          0
1784775651 | enp139s0f0np0: 230022708424252 62103688112    0 2473    0     0          0    502048 177388389205603 45993859512    0    0    0     0       0          0
1784775652 | enp139s0f0np0: 230026540377973 62104614873    0 2473    0     0          0    502048 177388400983039 45993891004    0    0    0     0       0          0
1784775653 | enp139s0f0np0: 230030071449354 62105469712    0 2473    0     0          0    502048 177388411976398 45993922405    0    0    0     0       0          0
1784775654 | enp139s0f0np0: 230033591288178 62106321881    0 2473    0     0          0    502048 177388422943247 45993953399    0    0    0     0       0          0
1784775655 | enp139s0f0np0: 230037075140137 62107165121    0 2473    0     0          0    502048 177388433741267 45993983707    0    0    0     0       0          0
1784775656 | enp139s0f0np0: 230040771629313 62108059885    0 2473    0     0          0    502048 177388445199608 45994015706    0    0    0     0       0          0
1784775657 | enp139s0f0np0: 230044514585298 62108966010    0 2473    0     0          0    502048 177388456759936 45994047329    0    0    0     0       0          0
1784775658 | enp139s0f0np0: 230048195372616 62109856946    0 2473    0     0          0    502048 177388468136759 45994078496    0    0    0     0       0          0
1784775659 | enp139s0f0np0: 230052179755545 62110820386    0 2473    0     0          0    502048 177388480223909 45994109004    0    0    0     0       0          0
1784775660 | enp139s0f0np0: 230055859306628 62111710626    0 2473    0     0          0    502048 177388491522357 45994139133    0    0    0     0       0          0
1784775661 | enp139s0f0np0: 230059599618256 62112615951    0 2473    0     0          0    502048 177388503062683 45994170914    0    0    0     0       0          0
1784775662 | enp139s0f0np0: 230063142157463 62113473619    0 2473    0     0          0    502048 177388514138774 45994202701    0    0    0     0       0          0
1784775663 | enp139s0f0np0: 230066850778206 62114371268    0 2473    0     0          0    502048 177388525601180 45994234593    0    0    0     0       0          0
1784775664 | enp139s0f0np0: 230070381842191 62115226232    0 2473    0     0          0    502048 177388536588299 45994265898    0    0    0     0       0          0
1784775665 | enp139s0f0np0: 230074185223944 62116146229    0 2473    0     0          0    502048 177388548335105 45994297934    0    0    0     0       0          0
1784775666 | enp139s0f0np0: 230077903881373 62117045844    0 2473    0     0          0    502048 177388559779265 45994329006    0    0    0     0       0          0
1784775667 | enp139s0f0np0: 230082103712641 62118060967    0 2473    0     0          0    502049 177388572380067 45994358839    0    0    0     0       0          0
1784775668 | enp139s0f0np0: 230085841586247 62118965520    0 2473    0     0          0    502049 177388583875297 45994389888    0    0    0     0       0          0
1784775669 | enp139s0f0np0: 230089654669806 62119888086    0 2473    0     0          0    502049 177388595648881 45994422109    0    0    0     0       0          0
1784775670 | enp139s0f0np0: 230093218874059 62120750862    0 2473    0     0          0    502049 177388606703470 45994453231    0    0    0     0       0          0
1784775671 | enp139s0f0np0: 230096872405336 62121635418    0 2473    0     0          0    502049 177388618034628 45994484709    0    0    0     0       0          0
1784775672 | enp139s0f0np0: 230100614425124 62122541107    0 2473    0     0          0    502049 177388629621757 45994516769    0    0    0     0       0          0
1784775673 | enp139s0f0np0: 230104541202417 62123491287    0 2473    0     0          0    502049 177388641718681 45994549183    0    0    0     0       0          0
1784775674 | enp139s0f0np0: 230108236341799 62124385530    0 2473    0     0          0    502049 177388653057822 45994579753    0    0    0     0       0          0
1784775675 | enp139s0f0np0: 230112207587805 62125346272    0 2473    0     0          0    502049 177388665093585 45994609945    0    0    0     0       0          0
1784775676 | enp139s0f0np0: 230115996071662 62126263449    0 2473    0     0          0    502049 177388676765847 45994641735    0    0    0     0       0          0
1784775677 | enp139s0f0np0: 230119491598474 62127109680    0 2473    0     0          0    502049 177388687618378 45994672273    0    0    0     0       0          0
1784775678 | enp139s0f0np0: 230123266135270 62128022969    0 2473    0     0          0    502049 177388699221952 45994703198    0    0    0     0       0          0
1784775679 | enp139s0f0np0: 230127065882570 62128942430    0 2473    0     0          0    502049 177388710853689 45994734176    0    0    0     0       0          0
1784775680 | enp139s0f0np0: 230131116990458 62129922344    0 2473    0     0          0    502049 177388723266044 45994766840    0    0    0     0       0          0
1784775681 | enp139s0f0np0: 230135090164432 62130883669    0 2473    0     0          0    502049 177388735451652 45994799045    0    0    0     0       0          0
1784775682 | enp139s0f0np0: 230138961809301 62131820286    0 2473    0     0          0    502049 177388747317864 45994830778    0    0    0     0       0          0
1784775683 | enp139s0f0np0: 230142692154592 62132723080    0 2473    0     0          0    502049 177388758779030 45994861390    0    0    0     0       0          0
1784775684 | enp139s0f0np0: 230146282350677 62133592077    0 2473    0     0          0    502049 177388769871111 45994891938    0    0    0     0       0          0
1784775685 | enp139s0f0np0: 230149820380469 62134448422    0 2473    0     0          0    502049 177388780840367 45994922296    0    0    0     0       0          0
1784775686 | enp139s0f0np0: 230153572064430 62135356538    0 2473    0     0          0    502049 177388792363811 45994953337    0    0    0     0       0          0
1784775687 | enp139s0f0np0: 230157377862625 62136277122    0 2473    0     0          0    502049 177388804033912 45994984325    0    0    0     0       0          0
1784775688 | enp139s0f0np0: 230161187986179 62137199205    0 2473    0     0          0    502049 177388815789526 45995016647    0    0    0     0       0          0
1784775689 | enp139s0f0np0: 230164866453482 62138089765    0 2473    0     0          0    502049 177388827130752 45995047582    0    0    0     0       0          0
1784775690 | enp139s0f0np0: 230168820913703 62139046263    0 2473    0     0          0    502049 177388839241858 45995079476    0    0    0     0       0          0
1784775691 | enp139s0f0np0: 230173001321057 62140057033    0 2473    0     0          0    502049 177388851855845 45995110309    0    0    0     0       0          0
1784775692 | enp139s0f0np0: 230176926385268 62141006405    0 2473    0     0          0    502049 177388863817353 45995141133    0    0    0     0       0          0
1784775693 | enp139s0f0np0: 230180813254559 62141946429    0 2473    0     0          0    502049 177388875696719 45995172178    0    0    0     0       0          0
1784775694 | enp139s0f0np0: 230184720827784 62142892130    0 2473    0     0          0    502049 177388887647457 45995203365    0    0    0     0       0          0
1784775695 | enp139s0f0np0: 230188530715017 62143814033    0 2473    0     0          0    502049 177388899283724 45995233807    0    0    0     0       0          0
1784775696 | enp139s0f0np0: 230192137569204 62144687265    0 2473    0     0          0    502049 177388910473570 45995265046    0    0    0     0       0          0
1784775697 | enp139s0f0np0: 230196137377718 62145654311    0 2473    0     0          0    502050 177388922615089 45995295765    0    0    0     0       0          0
1784775698 | enp139s0f0np0: 230199969303962 62146581508    0 2473    0     0          0    502050 177388934402937 45995327665    0    0    0     0       0          0
1784775699 | enp139s0f0np0: 230203693559332 62147482521    0 2473    0     0          0    502050 177388945902750 45995359169    0    0    0     0       0          0
1784775700 | enp139s0f0np0: 230207486219496 62148400235    0 2473    0     0          0    502050 177388957546473 45995390322    0    0    0     0       0          0
1784775701 | enp139s0f0np0: 230211162378073 62149290129    0 2473    0     0          0    502050 177388968918034 45995421759    0    0    0     0       0          0
1784775702 | enp139s0f0np0: 230214749818573 62150158732    0 2473    0     0          0    502050 177388980085723 45995453580    0    0    0     0       0          0
1784775703 | enp139s0f0np0: 230218457693700 62151056130    0 2473    0     0          0    502050 177388991583513 45995485757    0    0    0     0       0          0
1784775704 | enp139s0f0np0: 230222330066622 62151992952    0 2473    0     0          0    502050 177389003513484 45995517863    0    0    0     0       0          0
1784775705 | enp139s0f0np0: 230226008385027 62152883056    0 2473    0     0          0    502050 177389014815058 45995548302    0    0    0     0       0          0
1784775706 | enp139s0f0np0: 230229608474233 62153754291    0 2473    0     0          0    502050 177389025950101 45995579299    0    0    0     0       0          0
1784775707 | enp139s0f0np0: 230233512973700 62154698497    0 2473    0     0          0    502050 177389037872303 45995610037    0    0    0     0       0          0
1784775708 | enp139s0f0np0: 230237297189423 62155614019    0 2473    0     0          0    502050 177389049549654 45995641840    0    0    0     0       0          0
1784775709 | enp139s0f0np0: 230240791840417 62156459643    0 2473    0     0          0    502050 177389060289322 45995670886    0    0    0     0       0          0
1784775710 | enp139s0f0np0: 230244341793511 62157319246    0 2473    0     0          0    502050 177389071284197 45995701500    0    0    0     0       0          0
1784775711 | enp139s0f0np0: 230248064217746 62158220136    0 2473    0     0          0    502050 177389082790096 45995732922    0    0    0     0       0          0
1784775712 | enp139s0f0np0: 230251798479605 62159123785    0 2473    0     0          0    502050 177389094256825 45995763732    0    0    0     0       0          0
1784775713 | enp139s0f0np0: 230255478146464 62160014163    0 2473    0     0          0    502050 177389105581146 45995794020    0    0    0     0       0          0
1784775714 | enp139s0f0np0: 230259313168323 62160942025    0 2473    0     0          0    502050 177389117353194 45995825497    0    0    0     0       0          0
1784775715 | enp139s0f0np0: 230263147418178 62161869479    0 2473    0     0          0    502050 177389129115557 45995856738    0    0    0     0       0          0
1784775716 | enp139s0f0np0: 230266755132120 62162742557    0 2473    0     0          0    502050 177389140273649 45995887723    0    0    0     0       0          0
1784775717 | enp139s0f0np0: 230270398542407 62163624296    0 2473    0     0          0    502050 177389151559635 45995919369    0    0    0     0       0          0
1784775718 | enp139s0f0np0: 230273947394736 62164483419    0 2473    0     0          0    502050 177389162556057 45995949948    0    0    0     0       0          0
1784775719 | enp139s0f0np0: 230277699245164 62165391124    0 2473    0     0          0    502050 177389174115767 45995981231    0    0    0     0       0          0
1784775720 | enp139s0f0np0: 230281461024753 62166301342    0 2473    0     0          0    502050 177389185686187 45996012405    0    0    0     0       0          0
1784775721 | enp139s0f0np0: 230285162535505 62167197214    0 2473    0     0          0    502050 177389197129757 45996044123    0    0    0     0       0          0
1784775722 | enp139s0f0np0: 230288832833709 62168085700    0 2473    0     0          0    502050 177389208509046 45996075914    0    0    0     0       0          0
1784775723 | enp139s0f0np0: 230292395054230 62168948285    0 2473    0     0          0    502050 177389219577292 45996106789    0    0    0     0       0          0
1784775724 | enp139s0f0np0: 230296114294992 62169848199    0 2473    0     0          0    502050 177389230989121 45996137186    0    0    0     0       0          0
1784775725 | enp139s0f0np0: 230299983669770 62170783889    0 2473    0     0          0    502050 177389242784006 45996167807    0    0    0     0       0          0
1784775726 | enp139s0f0np0: 230303930891738 62171738606    0 2473    0     0          0    502050 177389254862760 45996199573    0    0    0     0       0          0
1784775727 | enp139s0f0np0: 230307547746157 62172614153    0 2473    0     0          0    502051 177389266089004 45996230761    0    0    0     0       0          0
1784775728 | enp139s0f0np0: 230311495402442 62173569130    0 2473    0     0          0    502051 177389278235382 45996263360    0    0    0     0       0          0
1784775729 | enp139s0f0np0: 230315198514683 62174465306    0 2473    0     0          0    502051 177389289596274 45996293926    0    0    0     0       0          0
1784775730 | enp139s0f0np0: 230318911987147 62175364114    0 2473    0     0          0    502051 177389301046113 45996324933    0    0    0     0       0          0
1784775731 | enp139s0f0np0: 230322920317143 62176333514    0 2473    0     0          0    502051 177389313251948 45996356271    0    0    0     0       0          0
1784775732 | enp139s0f0np0: 230326725358826 62177254340    0 2473    0     0          0    502051 177389324924031 45996387284    0    0    0     0       0          0
1784775733 | enp139s0f0np0: 230330706165916 62178217058    0 2473    0     0          0    502051 177389337033495 45996418609    0    0    0     0       0          0
1784775734 | enp139s0f0np0: 230334510594393 62179137178    0 2473    0     0          0    502051 177389348663104 45996448984    0    0    0     0       0          0
1784775735 | enp139s0f0np0: 230338420053290 62180082545    0 2473    0     0          0    502051 177389360619032 45996480073    0    0    0     0       0          0
1784775736 | enp139s0f0np0: 230342141029004 62180982940    0 2473    0     0          0    502051 177389372110182 45996511762    0    0    0     0       0          0
1784775737 | enp139s0f0np0: 230346036809159 62181925404    0 2473    0     0          0    502051 177389384024848 45996543057    0    0    0     0       0          0
1784775738 | enp139s0f0np0: 230349593892630 62182786265    0 2473    0     0          0    502051 177389395073524 45996574042    0    0    0     0       0          0
1784775739 | enp139s0f0np0: 230353344227944 62183693936    0 2473    0     0          0    502051 177389406603885 45996605250    0    0    0     0       0          0
1784775740 | enp139s0f0np0: 230357058904099 62184592774    0 2473    0     0          0    502051 177389418084024 45996636729    0    0    0     0       0          0
1784775741 | enp139s0f0np0: 230360786211805 62185494752    0 2473    0     0          0    502051 177389429593491 45996668377    0    0    0     0       0          0
1784775742 | enp139s0f0np0: 230364328830501 62186352537    0 2473    0     0          0    502051 177389440571418 45996698882    0    0    0     0       0          0
1784775743 | enp139s0f0np0: 230368256161675 62187302459    0 2473    0     0          0    502051 177389452512815 45996729335    0    0    0     0       0          0
1784775744 | enp139s0f0np0: 230371840510136 62188170039    0 2473    0     0          0    502051 177389463621895 45996760259    0    0    0     0       0          0
1784775745 | enp139s0f0np0: 230375573969452 62189073768    0 2473    0     0          0    502051 177389475127939 45996791644    0    0    0     0       0          0
1784775746 | enp139s0f0np0: 230379662244183 62190062377    0 2473    0     0          0    502051 177389487608408 45996823966    0    0    0     0       0          0
1784775747 | enp139s0f0np0: 230383142697424 62190905197    0 2473    0     0          0    502051 177389498460518 45996854929    0    0    0     0       0          0
1784775748 | enp139s0f0np0: 230386741122982 62191776439    0 2473    0     0          0    502051 177389509629439 45996886450    0    0    0     0       0          0
1784775749 | enp139s0f0np0: 230390273831510 62192631709    0 2473    0     0          0    502051 177389520597983 45996917020    0    0    0     0       0          0
1784775750 | enp139s0f0np0: 230394043646920 62193543694    0 2473    0     0          0    502051 177389532188328 45996948189    0    0    0     0       0          0
1784775751 | enp139s0f0np0: 230398127006504 62194531158    0 2473    0     0          0    502051 177389544588531 45996979759    0    0    0     0       0          0
1784775752 | enp139s0f0np0: 230401879080010 62195439003    0 2473    0     0          0    502051 177389556084533 45997010301    0    0    0     0       0          0
1784775753 | enp139s0f0np0: 230405625881891 62196345787    0 2473    0     0          0    502051 177389567605059 45997041211    0    0    0     0       0          0
1784775754 | enp139s0f0np0: 230409276390870 62197229569    0 2473    0     0          0    502051 177389578881254 45997072170    0    0    0     0       0          0
1784775755 | enp139s0f0np0: 230412863240972 62198097848    0 2473    0     0          0    502051 177389589963415 45997102733    0    0    0     0       0          0
1784775756 | enp139s0f0np0: 230416752617795 62199038876    0 2473    0     0          0    502051 177389601840751 45997133564    0    0    0     0       0          0
