1784782771 | enp139s0f0np0: 234151115230653 63178434373    0 2473    0     0          0    502285 181853100444145 47143987735    0    0    0     0       0          0
1784782772 | enp139s0f0np0: 234151115328873 63178434446    0 2473    0     0          0    502285 181853100444145 47143987735    0    0    0     0       0          0
1784782773 | enp139s0f0np0: 234151115441340 63178434550    0 2473    0     0          0    502285 181853100444145 47143987735    0    0    0     0       0          0
1784782774 | enp139s0f0np0: 234151115533961 63178434617    0 2473    0     0          0    502285 181853100444145 47143987735    0    0    0     0       0          0
1784782775 | enp139s0f0np0: 234151115641899 63178434702    0 2473    0     0          0    502285 181853100444145 47143987735    0    0    0     0       0          0
1784782776 | enp139s0f0np0: 234151115713796 63178434774    0 2473    0     0          0    502285 181853100444373 47143987737    0    0    0     0       0          0
1784782777 | enp139s0f0np0: 234151115799424 63178434853    0 2473    0     0          0    502285 181853100444373 47143987737    0    0    0     0       0          0
1784782778 | enp139s0f0np0: 234151116015898 63178436044    0 2473    0     0          0    502286 181853157530180 47144001529    0    0    0     0       0          0
1784782779 | enp139s0f0np0: 234151116559459 63178439701    0 2473    0     0          0    502286 181853372227986 47144053077    0    0    0     0       0          0
1784782780 | enp139s0f0np0: 234151117114082 63178443538    0 2473    0     0          0    502286 181853600261793 47144107826    0    0    0     0       0          0
1784782781 | enp139s0f0np0: 234151117689329 63178447507    0 2473    0     0          0    502286 181853834696127 47144164105    0    0    0     0       0          0
1784782782 | enp139s0f0np0: 234151118226587 63178451448    0 2473    0     0          0    502286 181854067797469 47144220072    0    0    0     0       0          0
1784782783 | enp139s0f0np0: 234151118815415 63178455370    0 2473    0     0          0    502286 181854297697571 47144275259    0    0    0     0       0          0
1784782784 | enp139s0f0np0: 234151119367902 63178459239    0 2473    0     0          0    502286 181854526798155 47144330263    0    0    0     0       0          0
1784782785 | enp139s0f0np0: 234151119966243 63178463254    0 2473    0     0          0    502286 181854762032709 47144386733    0    0    0     0       0          0
1784782786 | enp139s0f0np0: 234151120534175 63178467246    0 2473    0     0          0    502286 181854994600079 47144442562    0    0    0     0       0          0
1784782787 | enp139s0f0np0: 234151121102968 63178471103    0 2473    0     0          0    502286 181855225300425 47144497943    0    0    0     0       0          0
1784782788 | enp139s0f0np0: 234151121688267 63178475043    0 2473    0     0          0    502286 181855458134601 47144553839    0    0    0     0       0          0
1784782789 | enp139s0f0np0: 234151122264813 63178478881    0 2473    0     0          0    502286 181855690168797 47144609545    0    0    0     0       0          0
1784782790 | enp139s0f0np0: 234151122826086 63178482610    0 2473    0     0          0    502286 181855915803310 47144663716    0    0    0     0       0          0
1784782791 | enp139s0f0np0: 234151123452848 63178486554    0 2473    0     0          0    502286 181856146098040 47144718994    0    0    0     0       0          0
1784782792 | enp139s0f0np0: 234151124043799 63178490479    0 2473    0     0          0    502286 181856379607264 47144775046    0    0    0     0       0          0
1784782793 | enp139s0f0np0: 234151129351539 63178519749    0 2473    0     0          0    502286 181859624630254 47145553902    0    0    0     0       0          0
1784782794 | enp139s0f0np0: 234151135425011 63178552709    0 2473    0     0          0    502286 181863291053470 47146434156    0    0    0     0       0          0
1784782795 | enp139s0f0np0: 234151142794026 63178591660    0 2473    0     0          0    502286 181867870952350 47147533313    0    0    0     0       0          0
1784782796 | enp139s0f0np0: 234151150247913 63178630376    0 2473    0     0          0    502286 181872519481570 47148648966    0    0    0     0       0          0
1784782797 | enp139s0f0np0: 234151157562233 63178667732    0 2473    0     0          0    502286 181877116135024 47149752166    0    0    0     0       0          0
1784782798 | enp139s0f0np0: 234151164832618 63178705934    0 2473    0     0          0    502286 181881616076540 47150832200    0    0    0     0       0          0
1784782799 | enp139s0f0np0: 234151172166926 63178745046    0 2473    0     0          0    502286 181886082714082 47151904266    0    0    0     0       0          0
1784782800 | enp139s0f0np0: 234151179457702 63178783858    0 2473    0     0          0    502286 181890516286833 47152968287    0    0    0     0       0          0
1784782801 | enp139s0f0np0: 234151186849279 63178822827    0 2473    0     0          0    502286 181895073810965 47154061983    0    0    0     0       0          0
1784782802 | enp139s0f0np0: 234151194060461 63178861521    0 2473    0     0          0    502286 181899487359887 47155121096    0    0    0     0       0          0
1784782803 | enp139s0f0np0: 234151201365712 63178899413    0 2473    0     0          0    502286 181904011998161 47156206845    0    0    0     0       0          0
1784782804 | enp139s0f0np0: 234151208571235 63178936550    0 2473    0     0          0    502286 181908515174753 47157287671    0    0    0     0       0          0
1784782805 | enp139s0f0np0: 234151215902218 63178975035    0 2473    0     0          0    502286 181913083078449 47158383941    0    0    0     0       0          0
1784782806 | enp139s0f0np0: 234151223368119 63179013871    0 2473    0     0          0    502286 181917683137121 47159487865    0    0    0     0       0          0
1784782807 | enp139s0f0np0: 234151230707511 63179052768    0 2473    0     0          0    502286 181922192491993 47160570093    0    0    0     0       0          0
1784782808 | enp139s0f0np0: 234151238157841 63179091921    0 2473    0     0          0    502287 181926758508831 47161665938    0    0    0     0       0          0
1784782809 | enp139s0f0np0: 234151245621534 63179130926    0 2473    0     0          0    502287 181931360096187 47162770312    0    0    0     0       0          0
1784782810 | enp139s0f0np0: 234151252868327 63179168526    0 2473    0     0          0    502287 181935862338258 47163850795    0    0    0     0       0          0
1784782811 | enp139s0f0np0: 234151260213315 63179206660    0 2473    0     0          0    502287 181940420123888 47164944682    0    0    0     0       0          0
1784782812 | enp139s0f0np0: 234151267583618 63179244321    0 2473    0     0          0    502287 181945017644378 47166048035    0    0    0     0       0          0
1784782813 | enp139s0f0np0: 234151274893737 63179281241    0 2473    0     0          0    502287 181949587956308 47167144794    0    0    0     0       0          0
1784782814 | enp139s0f0np0: 234151282160775 63179318426    0 2473    0     0          0    502287 181954107191870 47168229373    0    0    0     0       0          0
1784782815 | enp139s0f0np0: 234151289521718 63179356766    0 2473    0     0          0    502287 181958672712128 47169325115    0    0    0     0       0          0
1784782816 | enp139s0f0np0: 234151296864197 63179393858    0 2473    0     0          0    502287 181963272235602 47170428884    0    0    0     0       0          0
1784782817 | enp139s0f0np0: 234151304201353 63179432647    0 2473    0     0          0    502287 181967744198112 47171502081    0    0    0     0       0          0
1784782818 | enp139s0f0np0: 234151311532958 63179471790    0 2473    0     0          0    502287 181972198695144 47172571249    0    0    0     0       0          0
1784782819 | enp139s0f0np0: 234151319125124 63179511988    0 2473    0     0          0    502287 181976811954450 47173678218    0    0    0     0       0          0
1784782820 | enp139s0f0np0: 234151326692591 63179552044    0 2473    0     0          0    502287 181981409194703 47174781508    0    0    0     0       0          0
1784782821 | enp139s0f0np0: 234151334068044 63179590237    0 2473    0     0          0    502287 181985970641717 47175876135    0    0    0     0       0          0
1784782822 | enp139s0f0np0: 234151341526344 63179628056    0 2473    0     0          0    502287 181990619440027 47176991686    0    0    0     0       0          0
1784782823 | enp139s0f0np0: 234151348938282 63179666169    0 2473    0     0          0    502287 181995242288471 47178100978    0    0    0     0       0          0
1784782824 | enp139s0f0np0: 234151356270932 63179703062    0 2473    0     0          0    502287 181999870604425 47179211685    0    0    0     0       0          0
1784782825 | enp139s0f0np0: 234151363680601 63179740569    0 2473    0     0          0    502287 182004494186541 47180321311    0    0    0     0       0          0
1784782826 | enp139s0f0np0: 234151371003396 63179778556    0 2473    0     0          0    502287 182009055125389 47181415985    0    0    0     0       0          0
1784782827 | enp139s0f0np0: 234151378624402 63179820701    0 2473    0     0          0    502287 182013587951567 47182503860    0    0    0     0       0          0
1784782828 | enp139s0f0np0: 234151385954349 63179858819    0 2473    0     0          0    502287 182018103796397 47183587617    0    0    0     0       0          0
1784782829 | enp139s0f0np0: 234151393241062 63179895629    0 2473    0     0          0    502287 182022669386035 47184683264    0    0    0     0       0          0
1784782830 | enp139s0f0np0: 234151400889334 63179937301    0 2473    0     0          0    502287 182027236373026 47185779255    0    0    0     0       0          0
1784782831 | enp139s0f0np0: 234151408268857 63179975960    0 2473    0     0          0    502287 182031793634996 47186873162    0    0    0     0       0          0
1784782832 | enp139s0f0np0: 234151415593054 63180014272    0 2473    0     0          0    502287 182036293921928 47187953216    0    0    0     0       0          0
1784782833 | enp139s0f0np0: 234151422963375 63180052304    0 2473    0     0          0    502287 182040860361032 47189049066    0    0    0     0       0          0
1784782834 | enp139s0f0np0: 234151430281869 63180090183    0 2473    0     0          0    502287 182045442566812 47190148748    0    0    0     0       0          0
1784782835 | enp139s0f0np0: 234151437676763 63180128121    0 2473    0     0          0    502287 182050032270742 47191250151    0    0    0     0       0          0
1784782836 | enp139s0f0np0: 234151444971819 63180165825    0 2473    0     0          0    502287 182054606447774 47192347907    0    0    0     0       0          0
1784782837 | enp139s0f0np0: 234151450490657 63180196116    0 2473    0     0          0    502288 182057958170968 47193152234    0    0    0     0       0          0
1784782838 | enp139s0f0np0: 234151458116105 63180237954    0 2473    0     0          0    502288 182062564444404 47194257702    0    0    0     0       0          0
1784782839 | enp139s0f0np0: 234151465780029 63180280440    0 2473    0     0          0    502288 182067194413916 47195368658    0    0    0     0       0          0
1784782840 | enp139s0f0np0: 234151473218740 63180320843    0 2473    0     0          0    502288 182071744524603 47196460649    0    0    0     0       0          0
1784782841 | enp139s0f0np0: 234151480827035 63180362763    0 2473    0     0          0    502288 182076338191699 47197562975    0    0    0     0       0          0
1784782842 | enp139s0f0np0: 234151488087849 63180400750    0 2473    0     0          0    502288 182080877304403 47198652331    0    0    0     0       0          0
1784782843 | enp139s0f0np0: 234151495261649 63180437754    0 2473    0     0          0    502288 182085395061637 47199736488    0    0    0     0       0          0
1784782844 | enp139s0f0np0: 234151502476655 63180475468    0 2473    0     0          0    502288 182089921103987 47200822683    0    0    0     0       0          0
1784782845 | enp139s0f0np0: 234151509801911 63180513829    0 2473    0     0          0    502288 182094498813227 47201921312    0    0    0     0       0          0
1784782846 | enp139s0f0np0: 234151517377600 63180555410    0 2473    0     0          0    502288 182099081397703 47203021074    0    0    0     0       0          0
1784782847 | enp139s0f0np0: 234151524949703 63180597638    0 2473    0     0          0    502288 182103646394213 47204116631    0    0    0     0       0          0
1784782848 | enp139s0f0np0: 234151532516194 63180638315    0 2473    0     0          0    502288 182108315210605 47205237209    0    0    0     0       0          0
1784782849 | enp139s0f0np0: 234151539938977 63180677029    0 2473    0     0          0    502288 182112966929495 47206353470    0    0    0     0       0          0
1784782850 | enp139s0f0np0: 234151547324494 63180716424    0 2473    0     0          0    502288 182117524748042 47207447119    0    0    0     0       0          0
1784782851 | enp139s0f0np0: 234151554646605 63180755492    0 2473    0     0          0    502288 182122045003574 47208531939    0    0    0     0       0          0
1784782852 | enp139s0f0np0: 234151562126003 63180795234    0 2473    0     0          0    502288 182126662110400 47209640065    0    0    0     0       0          0
1784782853 | enp139s0f0np0: 234151569465015 63180833802    0 2473    0     0          0    502288 182131187861666 47210726255    0    0    0     0       0          0
1784782854 | enp139s0f0np0: 234151576882402 63180873436    0 2473    0     0          0    502288 182135745759400 47211820174    0    0    0     0       0          0
1784782855 | enp139s0f0np0: 234151584035615 63180910942    0 2473    0     0          0    502288 182140185740908 47212885739    0    0    0     0       0          0
1784782856 | enp139s0f0np0: 234151591230049 63180948132    0 2473    0     0          0    502288 182144682087846 47213964827    0    0    0     0       0          0
1784782857 | enp139s0f0np0: 234151598559416 63180986463    0 2473    0     0          0    502288 182149225319632 47215055273    0    0    0     0       0          0
1784782858 | enp139s0f0np0: 234151605871029 63181024500    0 2473    0     0          0    502288 182153784717620 47216149414    0    0    0     0       0          0
1784782859 | enp139s0f0np0: 234151613350954 63181062970    0 2473    0     0          0    502288 182158474032254 47217274750    0    0    0     0       0          0
1784782860 | enp139s0f0np0: 234151620769714 63181100604    0 2473    0     0          0    502288 182163150000233 47218396923    0    0    0     0       0          0
1784782861 | enp139s0f0np0: 234151628188429 63181140643    0 2473    0     0          0    502288 182167683122411 47219484791    0    0    0     0       0          0
1784782862 | enp139s0f0np0: 234151635479510 63181178666    0 2473    0     0          0    502288 182172224979245 47220574702    0    0    0     0       0          0
1784782863 | enp139s0f0np0: 234151642848932 63181217575    0 2473    0     0          0    502288 182176815772005 47221676497    0    0    0     0       0          0
1784782864 | enp139s0f0np0: 234151650196466 63181256056    0 2473    0     0          0    502288 182181350719997 47222764926    0    0    0     0       0          0
1784782865 | enp139s0f0np0: 234151657624184 63181294718    0 2473    0     0          0    502288 182185964192949 47223872192    0    0    0     0       0          0
1784782866 | enp139s0f0np0: 234151665029001 63181333128    0 2473    0     0          0    502288 182190552086287 47224973066    0    0    0     0       0          0
1784782867 | enp139s0f0np0: 234151672409344 63181371811    0 2473    0     0          0    502289 182195146985065 47226075738    0    0    0     0       0          0
1784782868 | enp139s0f0np0: 234151679800740 63181410571    0 2473    0     0          0    502289 182199745857203 47227179369    0    0    0     0       0          0
1784782870 | enp139s0f0np0: 234151687113146 63181448433    0 2473    0     0          0    502289 182204304185869 47228273218    0    0    0     0       0          0
1784782871 | enp139s0f0np0: 234151694458713 63181486718    0 2473    0     0          0    502289 182208888414000 47229373296    0    0    0     0       0          0
1784782872 | enp139s0f0np0: 234151701624693 63181522739    0 2473    0     0          0    502289 182213420637236 47230460948    0    0    0     0       0          0
1784782873 | enp139s0f0np0: 234151709068486 63181561256    0 2473    0     0          0    502289 182218044517960 47231570596    0    0    0     0       0          0
1784782874 | enp139s0f0np0: 234151716552769 63181599663    0 2473    0     0          0    502289 182222754623688 47232700944    0    0    0     0       0          0
1784782875 | enp139s0f0np0: 234151724039025 63181639724    0 2473    0     0          0    502289 182227345058074 47233802641    0    0    0     0       0          0
1784782876 | enp139s0f0np0: 234151731678663 63181682288    0 2473    0     0          0    502289 182231921529078 47234900725    0    0    0     0       0          0
1784782877 | enp139s0f0np0: 234151739229708 63181723401    0 2473    0     0          0    502289 182236497922770 47235998994    0    0    0     0       0          0
1784782878 | enp139s0f0np0: 234151746350225 63181758601    0 2473    0     0          0    502289 182241058269452 47237093282    0    0    0     0       0          0
1784782879 | enp139s0f0np0: 234151753729959 63181796477    0 2473    0     0          0    502289 182245620841282 47238188319    0    0    0     0       0          0
1784782880 | enp139s0f0np0: 234151761172421 63181835258    0 2473    0     0          0    502289 182250206908832 47239288840    0    0    0     0       0          0
1784782881 | enp139s0f0np0: 234151768491147 63181873137    0 2473    0     0          0    502289 182254720718121 47240372116    0    0    0     0       0          0
1784782882 | enp139s0f0np0: 234151775836953 63181911353    0 2473    0     0          0    502289 182259232131377 47241454676    0    0    0     0       0          0
1784782883 | enp139s0f0np0: 234151782792551 63181947087    0 2473    0     0          0    502289 182263563227743 47242494120    0    0    0     0       0          0
1784782884 | enp139s0f0np0: 234151790187932 63181984910    0 2473    0     0          0    502289 182268119968523 47243587657    0    0    0     0       0          0
1784782885 | enp139s0f0np0: 234151797582174 63182023192    0 2473    0     0          0    502289 182272655265409 47244676040    0    0    0     0       0          0
1784782886 | enp139s0f0np0: 234151804420357 63182057114    0 2473    0     0          0    502289 182277002515157 47245719258    0    0    0     0       0          0
1784782887 | enp139s0f0np0: 234151811762844 63182094485    0 2473    0     0          0    502289 182281567837419 47246814723    0    0    0     0       0          0
1784782888 | enp139s0f0np0: 234151819181063 63182132946    0 2473    0     0          0    502289 182286139991791 47247911982    0    0    0     0       0          0
1784782889 | enp139s0f0np0: 234151826458291 63182170002    0 2473    0     0          0    502289 182290656535285 47248995766    0    0    0     0       0          0
1784782890 | enp139s0f0np0: 234151833743277 63182207491    0 2473    0     0          0    502289 182295120537879 47250067100    0    0    0     0       0          0
1784782891 | enp139s0f0np0: 234151841129399 63182246860    0 2473    0     0          0    502289 182299602203338 47251142481    0    0    0     0       0          0
1784782892 | enp139s0f0np0: 234151848526710 63182284938    0 2473    0     0          0    502289 182304161400678 47252236618    0    0    0     0       0          0
1784782893 | enp139s0f0np0: 234151855854821 63182323204    0 2473    0     0          0    502289 182308665601072 47253317479    0    0    0     0       0          0
1784782894 | enp139s0f0np0: 234151863178406 63182360666    0 2473    0     0          0    502289 182313237497126 47254414595    0    0    0     0       0          0
1784782895 | enp139s0f0np0: 234151870608600 63182397881    0 2473    0     0          0    502289 182317893054356 47255531880    0    0    0     0       0          0
1784782896 | enp139s0f0np0: 234151877882490 63182434235    0 2473    0     0          0    502289 182322451196720 47256625717    0    0    0     0       0          0
1784782897 | enp139s0f0np0: 234151885169982 63182471028    0 2473    0     0          0    502289 182326982473164 47257713045    0    0    0     0       0          0
1784782898 | enp139s0f0np0: 234151892579107 63182509016    0 2473    0     0          0    502290 182331568215358 47258813350    0    0    0     0       0          0
1784782899 | enp139s0f0np0: 234151899846639 63182545653    0 2473    0     0          0    502290 182336099424076 47259900802    0    0    0     0       0          0
1784782900 | enp139s0f0np0: 234151907057760 63182583023    0 2473    0     0          0    502290 182340539488290 47260966426    0    0    0     0       0          0
1784782901 | enp139s0f0np0: 234151914355060 63182620850    0 2473    0     0          0    502290 182345048881889 47262048522    0    0    0     0       0          0
1784782902 | enp139s0f0np0: 234151921624183 63182658406    0 2473    0     0          0    502290 182349520496897 47263121603    0    0    0     0       0          0
1784782903 | enp139s0f0np0: 234151928975018 63182696339    0 2473    0     0          0    502290 182354049487741 47264208434    0    0    0     0       0          0
1784782904 | enp139s0f0np0: 234151936088059 63182734381    0 2473    0     0          0    502290 182358360813963 47265243299    0    0    0     0       0          0
1784782905 | enp139s0f0np0: 234151943383433 63182772086    0 2473    0     0          0    502290 182362848034801 47266320277    0    0    0     0       0          0
1784782906 | enp139s0f0np0: 234151950506407 63182809086    0 2473    0     0          0    502290 182367226218813 47267371059    0    0    0     0       0          0
1784782907 | enp139s0f0np0: 234151957961490 63182847564    0 2473    0     0          0    502290 182371807239607 47268470472    0    0    0     0       0          0
1784782908 | enp139s0f0np0: 234151965221638 63182884590    0 2473    0     0          0    502290 182376260240063 47269539172    0    0    0     0       0          0
1784782909 | enp139s0f0np0: 234151972658195 63182922994    0 2473    0     0          0    502290 182380809307383 47270630746    0    0    0     0       0          0
1784782910 | enp139s0f0np0: 234151980024974 63182960883    0 2473    0     0          0    502290 182385335437775 47271716818    0    0    0     0       0          0
1784782911 | enp139s0f0np0: 234151987209704 63182998061    0 2473    0     0          0    502290 182389792182882 47272786370    0    0    0     0       0          0
1784782912 | enp139s0f0np0: 234151994611163 63183036135    0 2473    0     0          0    502290 182394352986356 47273880980    0    0    0     0       0          0
1784782913 | enp139s0f0np0: 234152001738711 63183070362    0 2473    0     0          0    502290 182398930349036 47274979497    0    0    0     0       0          0
1784782914 | enp139s0f0np0: 234152009042164 63183109258    0 2473    0     0          0    502290 182403368731442 47276044507    0    0    0     0       0          0
1784782915 | enp139s0f0np0: 234152016571956 63183147979    0 2473    0     0          0    502290 182407999955418 47277155738    0    0    0     0       0          0
1784782916 | enp139s0f0np0: 234152023939140 63183186903    0 2473    0     0          0    502290 182412466548468 47278227761    0    0    0     0       0          0
1784782917 | enp139s0f0np0: 234152031541026 63183228538    0 2473    0     0          0    502290 182416978231932 47279310438    0    0    0     0       0          0
1784782918 | enp139s0f0np0: 234152039104663 63183270149    0 2473    0     0          0    502290 182421497495442 47280394927    0    0    0     0       0          0
1784782919 | enp139s0f0np0: 234152046747655 63183311220    0 2473    0     0          0    502290 182426100510302 47281499579    0    0    0     0       0          0
1784782920 | enp139s0f0np0: 234152054249782 63183352233    0 2473    0     0          0    502290 182430608445164 47282581344    0    0    0     0       0          0
1784782921 | enp139s0f0np0: 234152061761055 63183393617    0 2473    0     0          0    502290 182435088655075 47283656442    0    0    0     0       0          0
1784782922 | enp139s0f0np0: 234152069258950 63183433137    0 2473    0     0          0    502290 182439619769333 47284743818    0    0    0     0       0          0
1784782923 | enp139s0f0np0: 234152076580234 63183471200    0 2473    0     0          0    502290 182444207751271 47285844887    0    0    0     0       0          0
1784782924 | enp139s0f0np0: 234152083977660 63183509120    0 2473    0     0          0    502290 182448834752795 47286955244    0    0    0     0       0          0
1784782925 | enp139s0f0np0: 234152091286930 63183546945    0 2473    0     0          0    502290 182453359897321 47288041138    0    0    0     0       0          0
1784782926 | enp139s0f0np0: 234152098595636 63183585687    0 2473    0     0          0    502290 182457834022913 47289114990    0    0    0     0       0          0
1784782927 | enp139s0f0np0: 234152105913262 63183623016    0 2473    0     0          0    502290 182462444594227 47290221421    0    0    0     0       0          0
1784782928 | enp139s0f0np0: 234152113304258 63183661744    0 2473    0     0          0    502291 182467009419821 47291316904    0    0    0     0       0          0
1784782929 | enp139s0f0np0: 234152120498806 63183700099    0 2473    0     0          0    502291 182471421017809 47292375681    0    0    0     0       0          0
1784782930 | enp139s0f0np0: 234152127866612 63183738284    0 2473    0     0          0    502291 182475996561011 47293473733    0    0    0     0       0          0
1784782931 | enp139s0f0np0: 234152135015218 63183775786    0 2473    0     0          0    502291 182480421433410 47294535727    0    0    0     0       0          0
1784782932 | enp139s0f0np0: 234152142309256 63183814250    0 2473    0     0          0    502291 182484922689700 47295615934    0    0    0     0       0          0
1784782933 | enp139s0f0np0: 234152149557031 63183851376    0 2473    0     0          0    502291 182489437232864 47296699341    0    0    0     0       0          0
1784782934 | enp139s0f0np0: 234152156979586 63183890660    0 2473    0     0          0    502291 182494026907396 47297800926    0    0    0     0       0          0
1784782935 | enp139s0f0np0: 234152164212364 63183927303    0 2473    0     0          0    502291 182498585272172 47298894910    0    0    0     0       0          0
1784782936 | enp139s0f0np0: 234152171616668 63183967549    0 2473    0     0          0    502291 182503093421760 47299976890    0    0    0     0       0          0
1784782937 | enp139s0f0np0: 234152178960265 63184007119    0 2473    0     0          0    502291 182507587574364 47301055491    0    0    0     0       0          0
1784782938 | enp139s0f0np0: 234152186164516 63184044148    0 2473    0     0          0    502291 182512078914022 47302133334    0    0    0     0       0          0
1784782939 | enp139s0f0np0: 234152193444357 63184082438    0 2473    0     0          0    502291 182516567387646 47303210557    0    0    0     0       0          0
1784782940 | enp139s0f0np0: 234152200661181 63184120078    0 2473    0     0          0    502291 182521068319218 47304290764    0    0    0     0       0          0
1784782941 | enp139s0f0np0: 234152207851237 63184157916    0 2473    0     0          0    502291 182525543660521 47305364831    0    0    0     0       0          0
1784782942 | enp139s0f0np0: 234152215346555 63184198050    0 2473    0     0          0    502291 182530166220851 47306474152    0    0    0     0       0          0
1784782943 | enp139s0f0np0: 234152222739441 63184236783    0 2473    0     0          0    502291 182534731314429 47307569600    0    0    0     0       0          0
1784782944 | enp139s0f0np0: 234152230106200 63184274483    0 2473    0     0          0    502291 182539380997129 47308685473    0    0    0     0       0          0
1784782945 | enp139s0f0np0: 234152237524963 63184313480    0 2473    0     0          0    502291 182543968078869 47309786395    0    0    0     0       0          0
1784782946 | enp139s0f0np0: 234152244803082 63184351035    0 2473    0     0          0    502291 182548511295495 47310876816    0    0    0     0       0          0
1784782947 | enp139s0f0np0: 234152252193760 63184390244    0 2473    0     0          0    502291 182553054835753 47311967222    0    0    0     0       0          0
1784782948 | enp139s0f0np0: 234152259552732 63184429743    0 2473    0     0          0    502291 182557563988249 47313049230    0    0    0     0       0          0
1784782949 | enp139s0f0np0: 234152264937423 63184459606    0 2473    0     0          0    502291 182560767220823 47313818559    0    0    0     0       0          0
1784782950 | enp139s0f0np0: 234152269843794 63184487530    0 2473    0     0          0    502291 182563704527941 47314524050    0    0    0     0       0          0
1784782951 | enp139s0f0np0: 234152277313913 63184527704    0 2473    0     0          0    502291 182568272215752 47315620301    0    0    0     0       0          0
1784782952 | enp139s0f0np0: 234152284632251 63184566356    0 2473    0     0          0    502291 182572784439512 47316703210    0    0    0     0       0          0
1784782953 | enp139s0f0np0: 234152291857700 63184603430    0 2473    0     0          0    502291 182577312223530 47317789738    0    0    0     0       0          0
1784782954 | enp139s0f0np0: 234152299096197 63184641086    0 2473    0     0          0    502291 182581812855628 47318869915    0    0    0     0       0          0
1784782955 | enp139s0f0np0: 234152306184451 63184678511    0 2473    0     0          0    502291 182586205579954 47319924156    0    0    0     0       0          0
1784782956 | enp139s0f0np0: 234152313311366 63184715222    0 2473    0     0          0    502291 182590659899130 47320993156    0    0    0     0       0          0
1784782957 | enp139s0f0np0: 234152320666957 63184753650    0 2473    0     0          0    502291 182595241176272 47322092476    0    0    0     0       0          0
1784782958 | enp139s0f0np0: 234152327823233 63184790753    0 2473    0     0          0    502292 182599707234760 47323164149    0    0    0     0       0          0
