1784694031 | enp139s0f0np0: 185467491304150 50554807166    0 2473    0     0          0    499328 126427820071706 32934933251    0    0    0     0       0          0
1784694032 | enp139s0f0np0: 185467931091942 50554916595    0 2473    0     0          0    499328 126428075098164 32935000573    0    0    0     0       0          0
1784694033 | enp139s0f0np0: 185470207508556 50555475762    0 2473    0     0          0    499328 126429302635467 32935319709    0    0    0     0       0          0
1784694034 | enp139s0f0np0: 185472486883917 50556035490    0 2473    0     0          0    499328 126430561721709 32935645987    0    0    0     0       0          0
1784694035 | enp139s0f0np0: 185474703989397 50556579866    0 2473    0     0          0    499328 126431808186942 32935968119    0    0    0     0       0          0
1784694036 | enp139s0f0np0: 185476971964481 50557136876    0 2473    0     0          0    499328 126432994434405 32936277143    0    0    0     0       0          0
1784694037 | enp139s0f0np0: 185479285654399 50557704777    0 2473    0     0          0    499328 126434238483220 32936600337    0    0    0     0       0          0
1784694038 | enp139s0f0np0: 185481573787981 50558265295    0 2473    0     0          0    499328 126435487395250 32936924309    0    0    0     0       0          0
1784694039 | enp139s0f0np0: 185483848833426 50558823249    0 2473    0     0          0    499328 126436808279148 32937265316    0    0    0     0       0          0
1784694040 | enp139s0f0np0: 185486125058113 50559381747    0 2473    0     0          0    499328 126438099902931 32937598775    0    0    0     0       0          0
1784694041 | enp139s0f0np0: 185488455212024 50559953957    0 2473    0     0          0    499328 126439369934892 32937928306    0    0    0     0       0          0
1784694042 | enp139s0f0np0: 185490692790106 50560503706    0 2473    0     0          0    499328 126440612837643 32938250638    0    0    0     0       0          0
1784694043 | enp139s0f0np0: 185492970483380 50561062479    0 2473    0     0          0    499328 126441878054998 32938578048    0    0    0     0       0          0
1784694044 | enp139s0f0np0: 185495281890415 50561629351    0 2473    0     0          0    499328 126443152447915 32938907438    0    0    0     0       0          0
1784694045 | enp139s0f0np0: 185497633269853 50562205667    0 2473    0     0          0    499328 126444495734098 32939253630    0    0    0     0       0          0
1784694046 | enp139s0f0np0: 185499880493156 50562757320    0 2473    0     0          0    499328 126445747808305 32939577840    0    0    0     0       0          0
1784694047 | enp139s0f0np0: 185502115342121 50563306549    0 2473    0     0          0    499328 126446980581670 32939897546    0    0    0     0       0          0
1784694048 | enp139s0f0np0: 185504309045373 50563846267    0 2473    0     0          0    499328 126448206820461 32940215634    0    0    0     0       0          0
1784694049 | enp139s0f0np0: 185506515005332 50564388576    0 2473    0     0          0    499328 126449418687090 32940530380    0    0    0     0       0          0
1784694050 | enp139s0f0np0: 185508778501899 50564944827    0 2473    0     0          0    499328 126450672124768 32940855256    0    0    0     0       0          0
1784694051 | enp139s0f0np0: 185511030997450 50565498762    0 2473    0     0          0    499328 126451957037569 32941188349    0    0    0     0       0          0
1784694052 | enp139s0f0np0: 185513342141623 50566066681    0 2473    0     0          0    499328 126453227756569 32941517551    0    0    0     0       0          0
1784694053 | enp139s0f0np0: 185515607902502 50566623517    0 2473    0     0          0    499328 126454465619991 32941838900    0    0    0     0       0          0
1784694054 | enp139s0f0np0: 185517755530910 50567152003    0 2473    0     0          0    499328 126455677055522 32942153244    0    0    0     0       0          0
1784694055 | enp139s0f0np0: 185519964935957 50567695577    0 2473    0     0          0    499328 126456847150823 32942457837    0    0    0     0       0          0
1784694056 | enp139s0f0np0: 185522203370850 50568246310    0 2473    0     0          0    499328 126458075889547 32942777022    0    0    0     0       0          0
1784694057 | enp139s0f0np0: 185524473687879 50568803882    0 2473    0     0          0    499328 126459332808689 32943102652    0    0    0     0       0          0
1784694058 | enp139s0f0np0: 185526687221527 50569348255    0 2473    0     0          0    499328 126460591986715 32943428920    0    0    0     0       0          0
1784694059 | enp139s0f0np0: 185528974609926 50569909720    0 2473    0     0          0    499328 126461778557692 32943738150    0    0    0     0       0          0
1784694060 | enp139s0f0np0: 185531257486214 50570469844    0 2473    0     0          0    499329 126462991835354 32944054233    0    0    0     0       0          0
1784694061 | enp139s0f0np0: 185533569258756 50571036810    0 2473    0     0          0    499329 126464266753388 32944384253    0    0    0     0       0          0
1784694062 | enp139s0f0np0: 185535751461570 50571572648    0 2473    0     0          0    499329 126465498472135 32944703057    0    0    0     0       0          0
1784694063 | enp139s0f0np0: 185538036860293 50572133843    0 2473    0     0          0    499329 126466748357411 32945028228    0    0    0     0       0          0
1784694064 | enp139s0f0np0: 185540401273764 50572714398    0 2473    0     0          0    499329 126468089891059 32945375542    0    0    0     0       0          0
1784694065 | enp139s0f0np0: 185542776305124 50573296953    0 2473    0     0          0    499329 126469396292614 32945713682    0    0    0     0       0          0
1784694066 | enp139s0f0np0: 185545218838643 50573895366    0 2473    0     0          0    499329 126470737579760 32946059972    0    0    0     0       0          0
1784694067 | enp139s0f0np0: 185547685598803 50574499473    0 2473    0     0          0    499329 126472061377729 32946402464    0    0    0     0       0          0
1784694068 | enp139s0f0np0: 185550050471565 50575079697    0 2473    0     0          0    499329 126473399714388 32946748322    0    0    0     0       0          0
1784694069 | enp139s0f0np0: 185552523644903 50575685067    0 2473    0     0          0    499329 126474720936733 32947090696    0    0    0     0       0          0
1784694070 | enp139s0f0np0: 185554687628770 50576219005    0 2473    0     0          0    499329 126476048262904 32947432644    0    0    0     0       0          0
1784694071 | enp139s0f0np0: 185557102120063 50576810752    0 2473    0     0          0    499329 126477287865717 32947755584    0    0    0     0       0          0
1784694072 | enp139s0f0np0: 185559350018808 50577362679    0 2473    0     0          0    499329 126478530759814 32948077134    0    0    0     0       0          0
1784694073 | enp139s0f0np0: 185561735063327 50577946742    0 2473    0     0          0    499329 126479854638018 32948420488    0    0    0     0       0          0
1784694074 | enp139s0f0np0: 185564071486602 50578520020    0 2473    0     0          0    499329 126481165576873 32948759642    0    0    0     0       0          0
1784694075 | enp139s0f0np0: 185566449443200 50579103072    0 2473    0     0          0    499329 126482454809636 32949094675    0    0    0     0       0          0
1784694076 | enp139s0f0np0: 185568819654388 50579684503    0 2473    0     0          0    499329 126483767545073 32949434914    0    0    0     0       0          0
1784694077 | enp139s0f0np0: 185571170513786 50580260882    0 2473    0     0          0    499329 126485084846115 32949774956    0    0    0     0       0          0
1784694078 | enp139s0f0np0: 185573524693627 50580838335    0 2473    0     0          0    499329 126486393818115 32950114537    0    0    0     0       0          0
1784694079 | enp139s0f0np0: 185575888824127 50581417885    0 2473    0     0          0    499329 126487673389037 32950446702    0    0    0     0       0          0
1784694080 | enp139s0f0np0: 185578227295016 50581991537    0 2473    0     0          0    499329 126488954117931 32950778552    0    0    0     0       0          0
1784694081 | enp139s0f0np0: 185580560591365 50582563401    0 2473    0     0          0    499329 126490233212224 32951110195    0    0    0     0       0          0
1784694082 | enp139s0f0np0: 185582894614102 50583136330    0 2473    0     0          0    499329 126491531112633 32951446860    0    0    0     0       0          0
1784694083 | enp139s0f0np0: 185585237102440 50583711494    0 2473    0     0          0    499329 126492793875952 32951775398    0    0    0     0       0          0
1784694084 | enp139s0f0np0: 185587551742657 50584279721    0 2473    0     0          0    499329 126494059799272 32952104899    0    0    0     0       0          0
1784694085 | enp139s0f0np0: 185589837788504 50584840625    0 2473    0     0          0    499329 126495358294023 32952440852    0    0    0     0       0          0
1784694086 | enp139s0f0np0: 185592038222100 50585381780    0 2473    0     0          0    499329 126496605557012 32952763724    0    0    0     0       0          0
1784694087 | enp139s0f0np0: 185594212581221 50585917811    0 2473    0     0          0    499329 126497864414016 32953090435    0    0    0     0       0          0
1784694088 | enp139s0f0np0: 185596423060883 50586461688    0 2473    0     0          0    499329 126499081184759 32953406633    0    0    0     0       0          0
1784694089 | enp139s0f0np0: 185598774409329 50587038517    0 2473    0     0          0    499329 126500330615028 32953730933    0    0    0     0       0          0
1784694090 | enp139s0f0np0: 185600990699350 50587583168    0 2473    0     0          0    499330 126501565758822 32954051081    0    0    0     0       0          0
1784694091 | enp139s0f0np0: 185603268236679 50588142266    0 2473    0     0          0    499330 126502840020781 32954380511    0    0    0     0       0          0
1784694092 | enp139s0f0np0: 185605547898550 50588701363    0 2473    0     0          0    499330 126504070130070 32954699761    0    0    0     0       0          0
1784694093 | enp139s0f0np0: 185607920372558 50589282750    0 2473    0     0          0    499330 126505340895230 32955029109    0    0    0     0       0          0
1784694094 | enp139s0f0np0: 185610183975044 50589838238    0 2473    0     0          0    499330 126506549105445 32955343455    0    0    0     0       0          0
1784694095 | enp139s0f0np0: 185612484250183 50590402492    0 2473    0     0          0    499330 126507751683341 32955656793    0    0    0     0       0          0
1784694096 | enp139s0f0np0: 185614747211938 50590957602    0 2473    0     0          0    499330 126508978170842 32955974697    0    0    0     0       0          0
1784694097 | enp139s0f0np0: 185617027815684 50591516936    0 2473    0     0          0    499330 126510156744910 32956281497    0    0    0     0       0          0
1784694098 | enp139s0f0np0: 185619283933685 50592070261    0 2473    0     0          0    499330 126511254773582 32956568990    0    0    0     0       0          0
1784694099 | enp139s0f0np0: 185621661135879 50592652527    0 2473    0     0          0    499330 126512346682681 32956855492    0    0    0     0       0          0
1784694100 | enp139s0f0np0: 185623895925399 50593201833    0 2473    0     0          0    499330 126513482602305 32957151397    0    0    0     0       0          0
1784694101 | enp139s0f0np0: 185625577570338 50593614574    0 2473    0     0          0    499330 126514292198327 32957363974    0    0    0     0       0          0
1784694102 | enp139s0f0np0: 185627925919315 50594189734    0 2473    0     0          0    499330 126515359747134 32957644149    0    0    0     0       0          0
1784694103 | enp139s0f0np0: 185630248721201 50594758978    0 2473    0     0          0    499330 126516448671261 32957930388    0    0    0     0       0          0
1784694104 | enp139s0f0np0: 185632470651294 50595305067    0 2473    0     0          0    499330 126517615359173 32958234578    0    0    0     0       0          0
1784694106 | enp139s0f0np0: 185634684788094 50595848577    0 2473    0     0          0    499330 126518870129027 32958558592    0    0    0     0       0          0
1784694107 | enp139s0f0np0: 185636924438529 50596398031    0 2473    0     0          0    499330 126520134358299 32958885503    0    0    0     0       0          0
1784694108 | enp139s0f0np0: 185639216921426 50596960725    0 2473    0     0          0    499330 126521403371701 32959213742    0    0    0     0       0          0
1784694109 | enp139s0f0np0: 185641426270442 50597503473    0 2473    0     0          0    499330 126522627348903 32959531123    0    0    0     0       0          0
1784694110 | enp139s0f0np0: 185643675460233 50598055635    0 2473    0     0          0    499330 126523823627707 32959842016    0    0    0     0       0          0
1784694111 | enp139s0f0np0: 185645922592635 50598607068    0 2473    0     0          0    499330 126525081778050 32960167238    0    0    0     0       0          0
1784694112 | enp139s0f0np0: 185648178714597 50599160697    0 2473    0     0          0    499330 126526331679058 32960490135    0    0    0     0       0          0
1784694113 | enp139s0f0np0: 185650302729627 50599684297    0 2473    0     0          0    499330 126527638415512 32960827589    0    0    0     0       0          0
1784694114 | enp139s0f0np0: 185652648329387 50600259093    0 2473    0     0          0    499330 126528917278011 32961158564    0    0    0     0       0          0
1784694115 | enp139s0f0np0: 185654827164847 50600794854    0 2473    0     0          0    499330 126530092535041 32961464046    0    0    0     0       0          0
1784694116 | enp139s0f0np0: 185657162870268 50601368116    0 2473    0     0          0    499330 126531350847519 32961790526    0    0    0     0       0          0
1784694117 | enp139s0f0np0: 185659502737972 50601942288    0 2473    0     0          0    499330 126532631019698 32962122250    0    0    0     0       0          0
1784694118 | enp139s0f0np0: 185661934817401 50602538229    0 2473    0     0          0    499330 126533947485760 32962463480    0    0    0     0       0          0
1784694119 | enp139s0f0np0: 185664211357636 50603096608    0 2473    0     0          0    499330 126535206233315 32962788369    0    0    0     0       0          0
1784694120 | enp139s0f0np0: 185666544215342 50603669096    0 2473    0     0          0    499330 126536483281234 32963119129    0    0    0     0       0          0
1784694121 | enp139s0f0np0: 185668800001626 50604223162    0 2473    0     0          0    499331 126537709539645 32963438830    0    0    0     0       0          0
1784694122 | enp139s0f0np0: 185670961526810 50604754565    0 2473    0     0          0    499331 126538946284414 32963758649    0    0    0     0       0          0
1784694123 | enp139s0f0np0: 185672907453967 50605235742    0 2473    0     0          0    499331 126540155832377 32964070583    0    0    0     0       0          0
1784694124 | enp139s0f0np0: 185675179972937 50605793621    0 2473    0     0          0    499331 126541402403321 32964393844    0    0    0     0       0          0
1784694125 | enp139s0f0np0: 185677398338245 50606338717    0 2473    0     0          0    499331 126542636192548 32964713615    0    0    0     0       0          0
1784694126 | enp139s0f0np0: 185679590208546 50606877588    0 2473    0     0          0    499331 126543870102762 32965033273    0    0    0     0       0          0
1784694127 | enp139s0f0np0: 185681771578825 50607414094    0 2473    0     0          0    499331 126545067403683 32965344371    0    0    0     0       0          0
1784694128 | enp139s0f0np0: 185683998615506 50607961423    0 2473    0     0          0    499331 126546303666989 32965664835    0    0    0     0       0          0
1784694129 | enp139s0f0np0: 185686232410913 50608510242    0 2473    0     0          0    499331 126547497724577 32965975547    0    0    0     0       0          0
1784694130 | enp139s0f0np0: 185688445967226 50609054080    0 2473    0     0          0    499331 126548728415684 32966294519    0    0    0     0       0          0
1784694131 | enp139s0f0np0: 185690689575173 50609605464    0 2473    0     0          0    499331 126549989485362 32966620748    0    0    0     0       0          0
1784694132 | enp139s0f0np0: 185692835460688 50610134316    0 2473    0     0          0    499331 126551234339981 32966943337    0    0    0     0       0          0
1784694133 | enp139s0f0np0: 185694963977662 50610658476    0 2473    0     0          0    499331 126552472241307 32967263174    0    0    0     0       0          0
1784694134 | enp139s0f0np0: 185697152693704 50611195990    0 2473    0     0          0    499331 126553704040676 32967582104    0    0    0     0       0          0
1784694135 | enp139s0f0np0: 185699412873766 50611750602    0 2473    0     0          0    499331 126554914731515 32967896358    0    0    0     0       0          0
1784694136 | enp139s0f0np0: 185701620014840 50612292731    0 2473    0     0          0    499331 126556089904356 32968202265    0    0    0     0       0          0
1784694137 | enp139s0f0np0: 185703830510439 50612835772    0 2473    0     0          0    499331 126557344438691 32968526721    0    0    0     0       0          0
1784694138 | enp139s0f0np0: 185706083742516 50613388948    0 2473    0     0          0    499331 126558644738709 32968862719    0    0    0     0       0          0
1784694139 | enp139s0f0np0: 185708316848820 50613937854    0 2473    0     0          0    499331 126559888739714 32969185785    0    0    0     0       0          0
1784694140 | enp139s0f0np0: 185710446833753 50614461732    0 2473    0     0          0    499331 126561091255214 32969497753    0    0    0     0       0          0
1784694141 | enp139s0f0np0: 185712406604353 50614946963    0 2473    0     0          0    499331 126562332758061 32969818346    0    0    0     0       0          0
1784694142 | enp139s0f0np0: 185714664098751 50615501564    0 2473    0     0          0    499331 126563533657381 32970131158    0    0    0     0       0          0
1784694143 | enp139s0f0np0: 185716921398993 50616056221    0 2473    0     0          0    499331 126564780398557 32970454914    0    0    0     0       0          0
1784694144 | enp139s0f0np0: 185719122251178 50616597354    0 2473    0     0          0    499331 126566021545693 32970776198    0    0    0     0       0          0
1784694145 | enp139s0f0np0: 185721291222087 50617130284    0 2473    0     0          0    499331 126567203481066 32971083040    0    0    0     0       0          0
1784694146 | enp139s0f0np0: 185723019104154 50617555189    0 2473    0     0          0    499331 126568188592888 32971338231    0    0    0     0       0          0
1784694147 | enp139s0f0np0: 185725305761517 50618116969    0 2473    0     0          0    499331 126569449642553 32971664871    0    0    0     0       0          0
1784694148 | enp139s0f0np0: 185727530128466 50618663696    0 2473    0     0          0    499331 126570680048041 32971984475    0    0    0     0       0          0
1784694149 | enp139s0f0np0: 185729513975221 50619154302    0 2473    0     0          0    499331 126571885794061 32972296279    0    0    0     0       0          0
1784694150 | enp139s0f0np0: 185731748748344 50619702799    0 2473    0     0          0    499331 126573139266642 32972620536    0    0    0     0       0          0
1784694151 | enp139s0f0np0: 185734001116162 50620255782    0 2473    0     0          0    499332 126574381849700 32972942734    0    0    0     0       0          0
1784694152 | enp139s0f0np0: 185736225785978 50620802372    0 2473    0     0          0    499332 126575582615157 32973254799    0    0    0     0       0          0
1784694153 | enp139s0f0np0: 185738473916962 50621354770    0 2473    0     0          0    499332 126576810688617 32973573524    0    0    0     0       0          0
1784694154 | enp139s0f0np0: 185740636253577 50621886325    0 2473    0     0          0    499332 126577996845460 32973881747    0    0    0     0       0          0
1784694155 | enp139s0f0np0: 185742989399207 50622462921    0 2473    0     0          0    499332 126579270089972 32974211857    0    0    0     0       0          0
1784694156 | enp139s0f0np0: 185745164568534 50622997009    0 2473    0     0          0    499332 126580482034760 32974525180    0    0    0     0       0          0
1784694157 | enp139s0f0np0: 185746977076177 50623445983    0 2473    0     0          0    499332 126581568910719 32974808222    0    0    0     0       0          0
1784694158 | enp139s0f0np0: 185749165271184 50623983685    0 2473    0     0          0    499332 126582751361092 32975115551    0    0    0     0       0          0
1784694159 | enp139s0f0np0: 185751351768087 50624520916    0 2473    0     0          0    499332 126583970011399 32975431121    0    0    0     0       0          0
1784694160 | enp139s0f0np0: 185753566164025 50625064712    0 2473    0     0          0    499332 126585183971581 32975746094    0    0    0     0       0          0
1784694161 | enp139s0f0np0: 185755695085322 50625588319    0 2473    0     0          0    499332 126586342542218 32976047197    0    0    0     0       0          0
1784694162 | enp139s0f0np0: 185757890147599 50626127699    0 2473    0     0          0    499332 126587533808191 32976356749    0    0    0     0       0          0
1784694163 | enp139s0f0np0: 185760166640866 50626686368    0 2473    0     0          0    499332 126588742416340 32976671538    0    0    0     0       0          0
1784694164 | enp139s0f0np0: 185762072574658 50627157741    0 2473    0     0          0    499332 126589876957991 32976966215    0    0    0     0       0          0
1784694165 | enp139s0f0np0: 185764307563595 50627706023    0 2473    0     0          0    499332 126591067190877 32977275114    0    0    0     0       0          0
1784694166 | enp139s0f0np0: 185766620805684 50628273568    0 2473    0     0          0    499332 126592263216117 32977587470    0    0    0     0       0          0
1784694167 | enp139s0f0np0: 185768826397525 50628814870    0 2473    0     0          0    499332 126593461645168 32977899003    0    0    0     0       0          0
1784694168 | enp139s0f0np0: 185771088099327 50629369787    0 2473    0     0          0    499332 126594660029110 32978210226    0    0    0     0       0          0
1784694169 | enp139s0f0np0: 185773310354339 50629915339    0 2473    0     0          0    499332 126595809759868 32978509950    0    0    0     0       0          0
1784694170 | enp139s0f0np0: 185775561531988 50630468323    0 2473    0     0          0    499332 126597018699211 32978824832    0    0    0     0       0          0
1784694171 | enp139s0f0np0: 185777701025617 50630994748    0 2473    0     0          0    499332 126598158218177 32979121866    0    0    0     0       0          0
1784694172 | enp139s0f0np0: 185779815965870 50631515877    0 2473    0     0          0    499332 126599289512529 32979417725    0    0    0     0       0          0
1784694173 | enp139s0f0np0: 185782148680948 50632086779    0 2473    0     0          0    499332 126600377331862 32979702314    0    0    0     0       0          0
1784694174 | enp139s0f0np0: 185784453510579 50632651474    0 2473    0     0          0    499332 126601478577901 32979990724    0    0    0     0       0          0
1784694175 | enp139s0f0np0: 185786721130295 50633207259    0 2473    0     0          0    499332 126602591503615 32980281330    0    0    0     0       0          0
1784694176 | enp139s0f0np0: 185789067745392 50633781899    0 2473    0     0          0    499332 126603693100015 32980569557    0    0    0     0       0          0
1784694177 | enp139s0f0np0: 185791364928277 50634344830    0 2473    0     0          0    499332 126604811775858 32980861557    0    0    0     0       0          0
1784694178 | enp139s0f0np0: 185793627372313 50634900194    0 2473    0     0          0    499332 126605935007739 32981155985    0    0    0     0       0          0
1784694179 | enp139s0f0np0: 185795459591646 50635353319    0 2473    0     0          0    499332 126607011688866 32981436104    0    0    0     0       0          0
1784694180 | enp139s0f0np0: 185797593292275 50635878078    0 2473    0     0          0    499332 126608237749775 32981753522    0    0    0     0       0          0
1784694181 | enp139s0f0np0: 185799731563877 50636404254    0 2473    0     0          0    499333 126609434405709 32982065080    0    0    0     0       0          0
1784694182 | enp139s0f0np0: 185801841733990 50636923592    0 2473    0     0          0    499333 126610625353708 32982374896    0    0    0     0       0          0
1784694183 | enp139s0f0np0: 185803992663407 50637452757    0 2473    0     0          0    499333 126611829437623 32982688330    0    0    0     0       0          0
1784694184 | enp139s0f0np0: 185806212278113 50637998609    0 2473    0     0          0    499333 126613077217600 32983011665    0    0    0     0       0          0
1784694185 | enp139s0f0np0: 185808320189549 50638517592    0 2473    0     0          0    499333 126614243293486 32983314776    0    0    0     0       0          0
1784694186 | enp139s0f0np0: 185810231990207 50638988915    0 2473    0     0          0    499333 126615340153880 32983599464    0    0    0     0       0          0
1784694187 | enp139s0f0np0: 185812467162781 50639538225    0 2473    0     0          0    499333 126616561281714 32983916564    0    0    0     0       0          0
1784694188 | enp139s0f0np0: 185814665552824 50640078492    0 2473    0     0          0    499333 126617798612314 32984236893    0    0    0     0       0          0
1784694189 | enp139s0f0np0: 185816927448046 50640634077    0 2473    0     0          0    499333 126619044941478 32984560087    0    0    0     0       0          0
1784694190 | enp139s0f0np0: 185819120011589 50641172951    0 2473    0     0          0    499333 126620267448051 32984877713    0    0    0     0       0          0
1784694191 | enp139s0f0np0: 185821367945810 50641725064    0 2473    0     0          0    499333 126621533321038 32985205934    0    0    0     0       0          0
1784694192 | enp139s0f0np0: 185823275706585 50642196882    0 2473    0     0          0    499333 126622644104259 32985495174    0    0    0     0       0          0
1784694193 | enp139s0f0np0: 185825528607647 50642749758    0 2473    0     0          0    499333 126623892210180 32985819950    0    0    0     0       0          0
1784694194 | enp139s0f0np0: 185827729352667 50643290643    0 2473    0     0          0    499333 126625106886198 32986134476    0    0    0     0       0          0
1784694195 | enp139s0f0np0: 185829941659981 50643834486    0 2473    0     0          0    499333 126626311645216 32986447887    0    0    0     0       0          0
1784694196 | enp139s0f0np0: 185831994912028 50644341178    0 2473    0     0          0    499333 126627559368057 32986770877    0    0    0     0       0          0
1784694197 | enp139s0f0np0: 185834165889611 50644874839    0 2473    0     0          0    499333 126628770028194 32987084970    0    0    0     0       0          0
1784694198 | enp139s0f0np0: 185835939559512 50645312872    0 2473    0     0          0    499333 126629777701115 32987347837    0    0    0     0       0          0
1784694199 | enp139s0f0np0: 185838258891192 50645882111    0 2473    0     0          0    499333 126631067623698 32987681205    0    0    0     0       0          0
1784694200 | enp139s0f0np0: 185840457171364 50646422457    0 2473    0     0          0    499333 126632273892529 32987993803    0    0    0     0       0          0
1784694201 | enp139s0f0np0: 185842684994629 50646969579    0 2473    0     0          0    499333 126633501938789 32988311705    0    0    0     0       0          0
1784694202 | enp139s0f0np0: 185844820724631 50647495276    0 2473    0     0          0    499333 126634757465177 32988636373    0    0    0     0       0          0
1784694203 | enp139s0f0np0: 185846973064871 50648024606    0 2473    0     0          0    499333 126635999669088 32988956981    0    0    0     0       0          0
1784694204 | enp139s0f0np0: 185849004880736 50648525072    0 2473    0     0          0    499333 126637147241327 32989255078    0    0    0     0       0          0
1784694205 | enp139s0f0np0: 185851169952528 50649057621    0 2473    0     0          0    499333 126638369084559 32989571468    0    0    0     0       0          0
1784694206 | enp139s0f0np0: 185853416935117 50649609441    0 2473    0     0          0    499333 126639619803221 32989894908    0    0    0     0       0          0
1784694207 | enp139s0f0np0: 185855476993332 50650116271    0 2473    0     0          0    499333 126640747267278 32990188807    0    0    0     0       0          0
1784694208 | enp139s0f0np0: 185857677638440 50650657032    0 2473    0     0          0    499333 126641992440569 32990511225    0    0    0     0       0          0
1784694209 | enp139s0f0np0: 185859723663162 50651162460    0 2473    0     0          0    499333 126643234765812 32990833714    0    0    0     0       0          0
1784694210 | enp139s0f0np0: 185861897968419 50651697775    0 2473    0     0          0    499333 126644427035141 32991145235    0    0    0     0       0          0
1784694211 | enp139s0f0np0: 185864101927029 50652239674    0 2473    0     0          0    499334 126645644021370 32991460993    0    0    0     0       0          0
1784694212 | enp139s0f0np0: 185866237838576 50652764914    0 2473    0     0          0    499334 126646869670726 32991778459    0    0    0     0       0          0
