1784750440 | enp139s0f0np0: 215226281650521 58302170881    0 2473    0     0          0    501208 162591504754814 42202417064    0    0    0     0       0          0
1784750441 | enp139s0f0np0: 215227832018199 58302548193    0 2473    0     0          0    501208 162591513971561 42202437869    0    0    0     0       0          0
1784750442 | enp139s0f0np0: 215231067944603 58303334893    0 2473    0     0          0    501208 162591533124093 42202480593    0    0    0     0       0          0
1784750443 | enp139s0f0np0: 215234255010176 58304109952    0 2473    0     0          0    501208 162591551906229 42202522457    0    0    0     0       0          0
1784750444 | enp139s0f0np0: 215237435772145 58304883455    0 2473    0     0          0    501208 162591570727105 42202564504    0    0    0     0       0          0
1784750445 | enp139s0f0np0: 215240736763930 58305685321    0 2473    0     0          0    501208 162591590194897 42202607418    0    0    0     0       0          0
1784750446 | enp139s0f0np0: 215244033162818 58306486404    0 2473    0     0          0    501208 162591609676391 42202651193    0    0    0     0       0          0
1784750447 | enp139s0f0np0: 215247327422703 58307286924    0 2473    0     0          0    501208 162591629144462 42202694696    0    0    0     0       0          0
1784750448 | enp139s0f0np0: 215250640292019 58308091655    0 2473    0     0          0    501208 162591648621520 42202737028    0    0    0     0       0          0
1784750449 | enp139s0f0np0: 215253911114639 58308886668    0 2473    0     0          0    501208 162591668047300 42202781252    0    0    0     0       0          0
1784750450 | enp139s0f0np0: 215257167106598 58309678075    0 2473    0     0          0    501208 162591687236282 42202823295    0    0    0     0       0          0
1784750451 | enp139s0f0np0: 215260379923782 58310459138    0 2473    0     0          0    501208 162591706207258 42202865390    0    0    0     0       0          0
1784750452 | enp139s0f0np0: 215263633357446 58311249528    0 2473    0     0          0    501208 162591725435875 42202908166    0    0    0     0       0          0
1784750453 | enp139s0f0np0: 215266916862094 58312047501    0 2473    0     0          0    501208 162591744810772 42202951354    0    0    0     0       0          0
1784750454 | enp139s0f0np0: 215270137009871 58312829659    0 2473    0     0          0    501208 162591763803872 42202993483    0    0    0     0       0          0
1784750455 | enp139s0f0np0: 215273381132672 58313617872    0 2473    0     0          0    501208 162591783014127 42203036855    0    0    0     0       0          0
1784750456 | enp139s0f0np0: 215276720508987 58314428815    0 2473    0     0          0    501208 162591802688201 42203079731    0    0    0     0       0          0
1784750457 | enp139s0f0np0: 215280054625394 58315238826    0 2473    0     0          0    501208 162591822425007 42203124164    0    0    0     0       0          0
1784750458 | enp139s0f0np0: 215283356987544 58316041051    0 2473    0     0          0    501208 162591841862792 42203166972    0    0    0     0       0          0
1784750459 | enp139s0f0np0: 215286628842094 58316835889    0 2473    0     0          0    501208 162591861181725 42203210095    0    0    0     0       0          0
1784750460 | enp139s0f0np0: 215289828271122 58317613823    0 2473    0     0          0    501208 162591880159352 42203252955    0    0    0     0       0          0
1784750461 | enp139s0f0np0: 215293071313952 58318402491    0 2473    0     0          0    501208 162591899341771 42203296308    0    0    0     0       0          0
1784750462 | enp139s0f0np0: 215296230714913 58319170856    0 2473    0     0          0    501208 162591918128389 42203339573    0    0    0     0       0          0
1784750463 | enp139s0f0np0: 215299477922803 58319960351    0 2473    0     0          0    501208 162591937356597 42203383179    0    0    0     0       0          0
1784750464 | enp139s0f0np0: 215302648330237 58320731178    0 2473    0     0          0    501208 162591956098785 42203425090    0    0    0     0       0          0
1784750465 | enp139s0f0np0: 215305885601607 58321517867    0 2473    0     0          0    501209 162591975215528 42203467288    0    0    0     0       0          0
1784750466 | enp139s0f0np0: 215309196782417 58322322195    0 2473    0     0          0    501209 162591994649127 42203508932    0    0    0     0       0          0
1784750467 | enp139s0f0np0: 215312430885616 58323108602    0 2473    0     0          0    501209 162592013832755 42203552645    0    0    0     0       0          0
1784750468 | enp139s0f0np0: 215315629626716 58323886215    0 2473    0     0          0    501209 162592032745464 42203595197    0    0    0     0       0          0
1784750469 | enp139s0f0np0: 215318975062297 58324699171    0 2473    0     0          0    501209 162592052540307 42203639619    0    0    0     0       0          0
1784750470 | enp139s0f0np0: 215322220539052 58325487802    0 2473    0     0          0    501209 162592071652597 42203681931    0    0    0     0       0          0
1784750471 | enp139s0f0np0: 215325434352769 58326269037    0 2473    0     0          0    501209 162592090726662 42203724970    0    0    0     0       0          0
1784750472 | enp139s0f0np0: 215328640297636 58327048325    0 2473    0     0          0    501209 162592109671326 42203767460    0    0    0     0       0          0
1784750473 | enp139s0f0np0: 215331967519672 58327856974    0 2473    0     0          0    501209 162592129370125 42203812299    0    0    0     0       0          0
1784750474 | enp139s0f0np0: 215335340170004 58328676295    0 2473    0     0          0    501209 162592149406194 42203858043    0    0    0     0       0          0
1784750475 | enp139s0f0np0: 215338636675527 58329477339    0 2473    0     0          0    501209 162592168825113 42203900596    0    0    0     0       0          0
1784750476 | enp139s0f0np0: 215341840035969 58330256210    0 2473    0     0          0    501209 162592187759544 42203942717    0    0    0     0       0          0
1784750477 | enp139s0f0np0: 215345007425527 58331026695    0 2473    0     0          0    501209 162592206497857 42203985485    0    0    0     0       0          0
1784750478 | enp139s0f0np0: 215348358077484 58331840460    0 2473    0     0          0    501209 162592226242062 42204028469    0    0    0     0       0          0
1784750479 | enp139s0f0np0: 215351693977894 58332651285    0 2473    0     0          0    501209 162592245820501 42204070686    0    0    0     0       0          0
1784750480 | enp139s0f0np0: 215354872554184 58333424328    0 2473    0     0          0    501209 162592264833142 42204115986    0    0    0     0       0          0
1784750481 | enp139s0f0np0: 215358111556896 58334211737    0 2473    0     0          0    501209 162592284018922 42204159348    0    0    0     0       0          0
1784750482 | enp139s0f0np0: 215361377926204 58335005417    0 2473    0     0          0    501209 162592303295522 42204201774    0    0    0     0       0          0
1784750483 | enp139s0f0np0: 215364645485391 58335799570    0 2473    0     0          0    501209 162592322524993 42204243988    0    0    0     0       0          0
1784750484 | enp139s0f0np0: 215367804384152 58336567573    0 2473    0     0          0    501209 162592341150004 42204285413    0    0    0     0       0          0
1784750485 | enp139s0f0np0: 215371009589492 58337346841    0 2473    0     0          0    501209 162592360054703 42204326910    0    0    0     0       0          0
1784750486 | enp139s0f0np0: 215374330419228 58338154085    0 2473    0     0          0    501209 162592379668920 42204370297    0    0    0     0       0          0
1784750487 | enp139s0f0np0: 215377618819966 58338953568    0 2473    0     0          0    501209 162592399119855 42204414192    0    0    0     0       0          0
1784750488 | enp139s0f0np0: 215380953601809 58339763880    0 2473    0     0          0    501209 162592418736221 42204456765    0    0    0     0       0          0
1784750489 | enp139s0f0np0: 215384262700716 58340568338    0 2473    0     0          0    501209 162592438338144 42204500838    0    0    0     0       0          0
1784750490 | enp139s0f0np0: 215387489860030 58341353178    0 2473    0     0          0    501209 162592457423442 42204544127    0    0    0     0       0          0
1784750491 | enp139s0f0np0: 215390791844392 58342156098    0 2473    0     0          0    501209 162592476861165 42204586480    0    0    0     0       0          0
1784750492 | enp139s0f0np0: 215394038175903 58342945437    0 2473    0     0          0    501209 162592495996598 42204628595    0    0    0     0       0          0
1784750493 | enp139s0f0np0: 215397298997686 58343738263    0 2473    0     0          0    501209 162592515267333 42204671369    0    0    0     0       0          0
1784750494 | enp139s0f0np0: 215400572801327 58344534012    0 2473    0     0          0    501209 162592534510059 42204713062    0    0    0     0       0          0
1784750495 | enp139s0f0np0: 215403778984938 58345313546    0 2473    0     0          0    501210 162592553393486 42204754764    0    0    0     0       0          0
1784750496 | enp139s0f0np0: 215407040511197 58346106323    0 2473    0     0          0    501210 162592572608131 42204797049    0    0    0     0       0          0
1784750497 | enp139s0f0np0: 215410297643765 58346897863    0 2473    0     0          0    501210 162592591812439 42204839518    0    0    0     0       0          0
1784750498 | enp139s0f0np0: 215413551291039 58347688754    0 2473    0     0          0    501210 162592610979210 42204881264    0    0    0     0       0          0
1784750499 | enp139s0f0np0: 215416743262943 58348464967    0 2473    0     0          0    501210 162592630039883 42204926178    0    0    0     0       0          0
1784750500 | enp139s0f0np0: 215419931769572 58349240329    0 2473    0     0          0    501210 162592648963239 42204969461    0    0    0     0       0          0
1784750501 | enp139s0f0np0: 215423169610178 58350026900    0 2473    0     0          0    501210 162592668007511 42205010820    0    0    0     0       0          0
1784750502 | enp139s0f0np0: 215426498920947 58350835997    0 2473    0     0          0    501210 162592687617777 42205053992    0    0    0     0       0          0
1784750503 | enp139s0f0np0: 215429676828300 58351608801    0 2473    0     0          0    501210 162592706495023 42205097404    0    0    0     0       0          0
1784750504 | enp139s0f0np0: 215432980376436 58352411786    0 2473    0     0          0    501210 162592725897639 42205139038    0    0    0     0       0          0
1784750505 | enp139s0f0np0: 215436167990025 58353187028    0 2473    0     0          0    501210 162592744753129 42205181322    0    0    0     0       0          0
1784750506 | enp139s0f0np0: 215439394504272 58353971113    0 2473    0     0          0    501210 162592763838373 42205224428    0    0    0     0       0          0
1784750507 | enp139s0f0np0: 215442668618326 58354766916    0 2473    0     0          0    501210 162592783212941 42205267830    0    0    0     0       0          0
1784750508 | enp139s0f0np0: 215445898885342 58355552283    0 2473    0     0          0    501210 162592802247945 42205310213    0    0    0     0       0          0
1784750509 | enp139s0f0np0: 215449052777339 58356319121    0 2473    0     0          0    501210 162592820944818 42205352030    0    0    0     0       0          0
1784750510 | enp139s0f0np0: 215452353399384 58357121235    0 2473    0     0          0    501210 162592840492004 42205396232    0    0    0     0       0          0
1784750511 | enp139s0f0np0: 215455551823655 58357899324    0 2473    0     0          0    501210 162592859652205 42205441979    0    0    0     0       0          0
1784750512 | enp139s0f0np0: 215458728078507 58358671706    0 2473    0     0          0    501210 162592878473165 42205484882    0    0    0     0       0          0
1784750513 | enp139s0f0np0: 215461799304105 58359419165    0 2473    0     0          0    501210 162592896699207 42205525900    0    0    0     0       0          0
1784750514 | enp139s0f0np0: 215465041042908 58360207031    0 2473    0     0          0    501210 162592915845166 42205568467    0    0    0     0       0          0
1784750515 | enp139s0f0np0: 215468267303352 58360991191    0 2473    0     0          0    501210 162592935060321 42205612828    0    0    0     0       0          0
1784750516 | enp139s0f0np0: 215471526947166 58361783252    0 2473    0     0          0    501210 162592954320997 42205656129    0    0    0     0       0          0
1784750517 | enp139s0f0np0: 215474759506503 58362568641    0 2473    0     0          0    501210 162592973448161 42205699116    0    0    0     0       0          0
1784750518 | enp139s0f0np0: 215478041147507 58363365901    0 2473    0     0          0    501210 162592992856771 42205743030    0    0    0     0       0          0
1784750519 | enp139s0f0np0: 215481369326806 58364173748    0 2473    0     0          0    501210 162593012386160 42205784283    0    0    0     0       0          0
1784750520 | enp139s0f0np0: 215484635484841 58364967642    0 2473    0     0          0    501210 162593031800759 42205829785    0    0    0     0       0          0
1784750521 | enp139s0f0np0: 215487852685014 58365750124    0 2473    0     0          0    501210 162593050980373 42205874660    0    0    0     0       0          0
1784750522 | enp139s0f0np0: 215491108816464 58366541358    0 2473    0     0          0    501210 162593070250024 42205917805    0    0    0     0       0          0
1784750523 | enp139s0f0np0: 215494425304278 58367346991    0 2473    0     0          0    501210 162593089786912 42205960767    0    0    0     0       0          0
1784750524 | enp139s0f0np0: 215497590285413 58368116879    0 2473    0     0          0    501210 162593108601149 42206003850    0    0    0     0       0          0
1784750525 | enp139s0f0np0: 215500809496483 58368899483    0 2473    0     0          0    501211 162593127648126 42206046772    0    0    0     0       0          0
1784750526 | enp139s0f0np0: 215503984202151 58369671747    0 2473    0     0          0    501211 162593146569358 42206090891    0    0    0     0       0          0
1784750527 | enp139s0f0np0: 215507365950502 58370493088    0 2473    0     0          0    501211 162593166499861 42206135104    0    0    0     0       0          0
1784750528 | enp139s0f0np0: 215510591363030 58371277197    0 2473    0     0          0    501211 162593185609429 42206178217    0    0    0     0       0          0
1784750529 | enp139s0f0np0: 215513851984385 58372069808    0 2473    0     0          0    501211 162593204861458 42206221004    0    0    0     0       0          0
1784750530 | enp139s0f0np0: 215517083197236 58372855212    0 2473    0     0          0    501211 162593223957441 42206263961    0    0    0     0       0          0
1784750531 | enp139s0f0np0: 215520379143595 58373656094    0 2473    0     0          0    501211 162593243285925 42206305338    0    0    0     0       0          0
1784750532 | enp139s0f0np0: 215523548979901 58374427046    0 2473    0     0          0    501211 162593261987915 42206346329    0    0    0     0       0          0
1784750533 | enp139s0f0np0: 215526817122474 58375221553    0 2473    0     0          0    501211 162593281231695 42206388270    0    0    0     0       0          0
1784750534 | enp139s0f0np0: 215530134836472 58376027628    0 2473    0     0          0    501211 162593300761172 42206431506    0    0    0     0       0          0
1784750535 | enp139s0f0np0: 215533385876381 58376817807    0 2473    0     0          0    501211 162593320002476 42206474163    0    0    0     0       0          0
1784750536 | enp139s0f0np0: 215536656344542 58377612903    0 2473    0     0          0    501211 162593339303672 42206517438    0    0    0     0       0          0
1784750537 | enp139s0f0np0: 215540007115312 58378426877    0 2473    0     0          0    501211 162593359087096 42206561073    0    0    0     0       0          0
1784750538 | enp139s0f0np0: 215543242297195 58379213275    0 2473    0     0          0    501211 162593378213613 42206604260    0    0    0     0       0          0
1784750539 | enp139s0f0np0: 215546550314340 58380017218    0 2473    0     0          0    501211 162593397864919 42206649084    0    0    0     0       0          0
1784750540 | enp139s0f0np0: 215549793804726 58380805569    0 2473    0     0          0    501211 162593416947126 42206690981    0    0    0     0       0          0
1784750541 | enp139s0f0np0: 215553098413052 58381608810    0 2473    0     0          0    501211 162593436534833 42206735116    0    0    0     0       0          0
1784750542 | enp139s0f0np0: 215556334709250 58382395745    0 2473    0     0          0    501211 162593455770788 42206779823    0    0    0     0       0          0
1784750543 | enp139s0f0np0: 215559613967605 58383192602    0 2473    0     0          0    501211 162593475158076 42206823011    0    0    0     0       0          0
1784750544 | enp139s0f0np0: 215562877655424 58383985500    0 2473    0     0          0    501211 162593494541586 42206867550    0    0    0     0       0          0
1784750545 | enp139s0f0np0: 215566113983437 58384772054    0 2473    0     0          0    501211 162593513709236 42206910825    0    0    0     0       0          0
1784750546 | enp139s0f0np0: 215569473418735 58385587928    0 2473    0     0          0    501211 162593533427618 42206953362    0    0    0     0       0          0
1784750547 | enp139s0f0np0: 215572690368522 58386370182    0 2473    0     0          0    501211 162593552447701 42206995682    0    0    0     0       0          0
1784750548 | enp139s0f0np0: 215575996994840 58387173609    0 2473    0     0          0    501211 162593571877523 42207037671    0    0    0     0       0          0
1784750549 | enp139s0f0np0: 215579273806800 58387970014    0 2473    0     0          0    501211 162593591216566 42207080840    0    0    0     0       0          0
1784750550 | enp139s0f0np0: 215582434267343 58388738465    0 2473    0     0          0    501211 162593609923467 42207122743    0    0    0     0       0          0
1784750551 | enp139s0f0np0: 215585658249931 58389522046    0 2473    0     0          0    501211 162593628970266 42207165220    0    0    0     0       0          0
1784750552 | enp139s0f0np0: 215588853480757 58390298768    0 2473    0     0          0    501211 162593647871513 42207207753    0    0    0     0       0          0
1784750553 | enp139s0f0np0: 215592019139802 58391068641    0 2473    0     0          0    501211 162593666684428 42207251112    0    0    0     0       0          0
1784750554 | enp139s0f0np0: 215595266952029 58391858067    0 2473    0     0          0    501211 162593685836489 42207293535    0    0    0     0       0          0
1784750555 | enp139s0f0np0: 215598559089148 58392658159    0 2473    0     0          0    501212 162593705264849 42207336535    0    0    0     0       0          0
1784750556 | enp139s0f0np0: 215601808298789 58393447855    0 2473    0     0          0    501212 162593724429689 42207378572    0    0    0     0       0          0
1784750557 | enp139s0f0np0: 215605126098687 58394254039    0 2473    0     0          0    501212 162593743991554 42207421807    0    0    0     0       0          0
1784750558 | enp139s0f0np0: 215608287192379 58395022488    0 2473    0     0          0    501212 162593762662516 42207463227    0    0    0     0       0          0
1784750559 | enp139s0f0np0: 215611545898837 58395814719    0 2473    0     0          0    501212 162593781873684 42207505871    0    0    0     0       0          0
1784750560 | enp139s0f0np0: 215614876815773 58396624518    0 2473    0     0          0    501212 162593801612006 42207550535    0    0    0     0       0          0
1784750561 | enp139s0f0np0: 215618259371195 58397446253    0 2473    0     0          0    501212 162593821641781 42207595873    0    0    0     0       0          0
1784750562 | enp139s0f0np0: 215621458191738 58398223730    0 2473    0     0          0    501212 162593840683990 42207640059    0    0    0     0       0          0
1784750563 | enp139s0f0np0: 215624722132028 58399016522    0 2473    0     0          0    501212 162593859898573 42207682090    0    0    0     0       0          0
1784750564 | enp139s0f0np0: 215627958979364 58399803102    0 2473    0     0          0    501212 162593879093016 42207725738    0    0    0     0       0          0
1784750565 | enp139s0f0np0: 215631216303052 58400594849    0 2473    0     0          0    501212 162593898362959 42207769041    0    0    0     0       0          0
1784750566 | enp139s0f0np0: 215634639768138 58401425847    0 2473    0     0          0    501212 162593918511263 42207812914    0    0    0     0       0          0
1784750567 | enp139s0f0np0: 215637605619919 58402148464    0 2473    0     0          0    501212 162593936547162 42207859891    0    0    0     0       0          0
1784750568 | enp139s0f0np0: 215640938398832 58402958070    0 2473    0     0          0    501212 162593956224502 42207903402    0    0    0     0       0          0
1784750569 | enp139s0f0np0: 215644115577183 58403730349    0 2473    0     0          0    501212 162593974936352 42207944570    0    0    0     0       0          0
1784750570 | enp139s0f0np0: 215647389328381 58404525717    0 2473    0     0          0    501212 162593994217015 42207986607    0    0    0     0       0          0
1784750571 | enp139s0f0np0: 215650540967465 58405292285    0 2473    0     0          0    501212 162594012862253 42208028634    0    0    0     0       0          0
1784750572 | enp139s0f0np0: 215653817102763 58406088773    0 2473    0     0          0    501212 162594032207072 42208071651    0    0    0     0       0          0
1784750573 | enp139s0f0np0: 215657033161432 58406870959    0 2473    0     0          0    501212 162594051148036 42208113313    0    0    0     0       0          0
1784750574 | enp139s0f0np0: 215660271336400 58407658263    0 2473    0     0          0    501212 162594070309913 42208156181    0    0    0     0       0          0
1784750575 | enp139s0f0np0: 215663537377614 58408451769    0 2473    0     0          0    501212 162594089425274 42208196458    0    0    0     0       0          0
1784750576 | enp139s0f0np0: 215666809198156 58409247312    0 2473    0     0          0    501212 162594108761101 42208239744    0    0    0     0       0          0
1784750577 | enp139s0f0np0: 215670078786863 58410042615    0 2473    0     0          0    501212 162594128129506 42208283404    0    0    0     0       0          0
1784750578 | enp139s0f0np0: 215673351906013 58410838544    0 2473    0     0          0    501212 162594147510513 42208327461    0    0    0     0       0          0
1784750579 | enp139s0f0np0: 215676546470747 58411615220    0 2473    0     0          0    501212 162594166412141 42208370084    0    0    0     0       0          0
1784750580 | enp139s0f0np0: 215679797741578 58412405665    0 2473    0     0          0    501212 162594185623736 42208412743    0    0    0     0       0          0
1784750581 | enp139s0f0np0: 215683013415425 58413187417    0 2473    0     0          0    501212 162594204586867 42208454613    0    0    0     0       0          0
1784750582 | enp139s0f0np0: 215686238766916 58413971569    0 2473    0     0          0    501212 162594223650184 42208497424    0    0    0     0       0          0
1784750583 | enp139s0f0np0: 215689505016869 58414765413    0 2473    0     0          0    501212 162594243008057 42208540993    0    0    0     0       0          0
1784750584 | enp139s0f0np0: 215692748515743 58415554369    0 2473    0     0          0    501212 162594262177963 42208583935    0    0    0     0       0          0
1784750585 | enp139s0f0np0: 215695992099510 58416342748    0 2473    0     0          0    501213 162594281347184 42208626892    0    0    0     0       0          0
1784750586 | enp139s0f0np0: 215699120730971 58417103928    0 2473    0     0          0    501213 162594299967872 42208670319    0    0    0     0       0          0
1784750587 | enp139s0f0np0: 215702390338056 58417898630    0 2473    0     0          0    501213 162594319383332 42208714501    0    0    0     0       0          0
1784750588 | enp139s0f0np0: 215705550360638 58418667585    0 2473    0     0          0    501213 162594338187833 42208758349    0    0    0     0       0          0
1784750589 | enp139s0f0np0: 215708837481728 58419466672    0 2473    0     0          0    501213 162594357524263 42208800292    0    0    0     0       0          0
1784750590 | enp139s0f0np0: 215712048744113 58420247305    0 2473    0     0          0    501213 162594376519058 42208843377    0    0    0     0       0          0
1784750591 | enp139s0f0np0: 215715284082028 58421034062    0 2473    0     0          0    501213 162594395674371 42208886421    0    0    0     0       0          0
1784750592 | enp139s0f0np0: 215718465289034 58421808153    0 2473    0     0          0    501213 162594414626074 42208930544    0    0    0     0       0          0
1784750593 | enp139s0f0np0: 215721579113200 58422565258    0 2473    0     0          0    501213 162594433161262 42208973776    0    0    0     0       0          0
1784750594 | enp139s0f0np0: 215724774233435 58423342332    0 2473    0     0          0    501213 162594452159812 42209017548    0    0    0     0       0          0
1784750595 | enp139s0f0np0: 215727984857962 58424123005    0 2473    0     0          0    501213 162594471142812 42209060627    0    0    0     0       0          0
1784750596 | enp139s0f0np0: 215731191167992 58424902339    0 2473    0     0          0    501213 162594490143192 42209103502    0    0    0     0       0          0
1784750597 | enp139s0f0np0: 215734245446871 58425645736    0 2473    0     0          0    501213 162594508481432 42209148312    0    0    0     0       0          0
1784750598 | enp139s0f0np0: 215737436940871 58426421629    0 2473    0     0          0    501213 162594527360448 42209190446    0    0    0     0       0          0
1784750599 | enp139s0f0np0: 215740626883309 58427197315    0 2473    0     0          0    501213 162594546221928 42209232722    0    0    0     0       0          0
1784750600 | enp139s0f0np0: 215743912188327 58427995704    0 2473    0     0          0    501213 162594565558738 42209275018    0    0    0     0       0          0
1784750601 | enp139s0f0np0: 215747129137263 58428777562    0 2473    0     0          0    501213 162594584497558 42209316287    0    0    0     0       0          0
1784750602 | enp139s0f0np0: 215750334697158 58429557175    0 2473    0     0          0    501213 162594603579711 42209360534    0    0    0     0       0          0
1784750603 | enp139s0f0np0: 215753641968219 58430361210    0 2473    0     0          0    501213 162594623128220 42209404571    0    0    0     0       0          0
1784750604 | enp139s0f0np0: 215756795820305 58431128675    0 2473    0     0          0    501213 162594641822649 42209446757    0    0    0     0       0          0
1784750605 | enp139s0f0np0: 215759950124970 58431895976    0 2473    0     0          0    501213 162594660632685 42209491054    0    0    0     0       0          0
1784750606 | enp139s0f0np0: 215763121508747 58432667461    0 2473    0     0          0    501213 162594679443643 42209534126    0    0    0     0       0          0
1784750607 | enp139s0f0np0: 215766347781683 58433451621    0 2473    0     0          0    501213 162594698540221 42209577244    0    0    0     0       0          0
1784750608 | enp139s0f0np0: 215769636226861 58434250631    0 2473    0     0          0    501213 162594718034760 42209621076    0    0    0     0       0          0
1784750609 | enp139s0f0np0: 215772922735404 58435049467    0 2473    0     0          0    501213 162594737465456 42209664947    0    0    0     0       0          0
1784750610 | enp139s0f0np0: 215776230314501 58435852775    0 2473    0     0          0    501213 162594756996603 42209707959    0    0    0     0       0          0
1784750611 | enp139s0f0np0: 215779422889480 58436628873    0 2473    0     0          0    501213 162594775801987 42209749577    0    0    0     0       0          0
1784750612 | enp139s0f0np0: 215782628851630 58437408239    0 2473    0     0          0    501213 162594794809124 42209792409    0    0    0     0       0          0
1784750613 | enp139s0f0np0: 215785928690315 58438209811    0 2473    0     0          0    501213 162594814196932 42209834742    0    0    0     0       0          0
1784750614 | enp139s0f0np0: 215789118156019 58438985304    0 2473    0     0          0    501213 162594833082215 42209876960    0    0    0     0       0          0
1784750615 | enp139s0f0np0: 215792366615927 58439774812    0 2473    0     0          0    501214 162594852169647 42209918607    0    0    0     0       0          0
1784750616 | enp139s0f0np0: 215795743454526 58440595106    0 2473    0     0          0    501214 162594872003229 42209961134    0    0    0     0       0          0
1784750617 | enp139s0f0np0: 215798988008170 58441384204    0 2473    0     0          0    501214 162594891171543 42210003853    0    0    0     0       0          0
1784750618 | enp139s0f0np0: 215802303586405 58442189672    0 2473    0     0          0    501214 162594910667868 42210045915    0    0    0     0       0          0
1784750619 | enp139s0f0np0: 215805581098650 58442986553    0 2473    0     0          0    501214 162594930055137 42210089598    0    0    0     0       0          0
1784750620 | enp139s0f0np0: 215808472951656 58443690194    0 2473    0     0          0    501214 162594947149559 42210128640    0    0    0     0       0          0
