hints = 1
Maintaining 128 concurrent writes of 262144 bytes to objects of size 262144 for up to 60 seconds or 0 objects
Object prefix: benchmark_data_oneasia-c1-cpu-node10_2315350
  sec Cur ops   started  finished  avg MB/s  cur MB/s last lat(s)  avg lat(s)
    0       0         0         0         0         0           -           0
    1     127     17439     17312   4327.75      4328  0.00573569  0.00735035
    2     128     35835     35707   4463.04   4598.75   0.0100553   0.0071476
    3     128     54740     54612   4550.65   4726.25  0.00653675   0.0070245
    4     128     73048     72920   4557.17      4577  0.00300765   0.0070107
    5     128     92061     91933   4596.32   4753.25  0.00593848  0.00695657
    6     128    110726    110598   4607.93   4666.25 0.000859525  0.00693416
    7     128    127768    127640   4558.26    4260.5  0.00261007  0.00701655
    8     127    146020    145893   4558.84   4563.25  0.00270724  0.00701483
    9     128    164150    164022   4555.84   4532.25  0.00836196  0.00702052
   10     128    183018    182890   4571.92      4717  0.00555433  0.00699651
   11     127    201625    201498   4579.16      4652    0.009113  0.00698508
   12     128    219671    219543   4573.48   4511.25  0.00589388  0.00699414
   13     128    238311    238183    4580.1      4660  0.00320711  0.00698333
   14     128    256710    256582   4581.48   4599.75  0.00609392  0.00698151
   15     128    274636    274508   4574.79    4481.5  0.00215606  0.00699248
   16     127    291279    291152   4548.91      4161   0.0125863  0.00703268
   17     128    308601    308473   4536.03   4330.25  0.00302294   0.0070515
   18     128    326015    325887   4525.88    4353.5  0.00302501  0.00706836
   19     128    344566    344438   4531.74   4637.75  0.00704375  0.00705953
2026-07-18T23:09:58.645273+0700 min lat: 0.000736216 max lat: 0.0418628 avg lat: 0.0070514
  sec Cur ops   started  finished  avg MB/s  cur MB/s last lat(s)  avg lat(s)
   20     128    363091    362963    4536.7   4631.25  0.00298157   0.0070514
   21     128    381154    381026   4535.68   4515.75  0.00218486  0.00705261
   22     128    399305    399177   4535.75   4537.75   0.0088283  0.00705356
   23     128    417799    417671   4539.55    4623.5  0.00128164  0.00704658
   24     127    435416    435289   4533.91    4404.5  0.00698688  0.00705553
   25     128    452733    452605    4525.7      4329  0.00165811  0.00706799
   26     128    471334    471206   4530.48   4650.25  0.00250652  0.00706176
   27     128    489984    489856   4535.36    4662.5  0.00733362  0.00705366
   28     128    508187    508059    4535.9   4550.75  0.00270168  0.00705302
   29     128    526886    526758   4540.68   4674.75  0.00421677   0.0070454
   30     128    543690    543562   4529.34      4201  0.00102639  0.00706328
   31     128    561014    560886   4522.94      4331  0.00149111  0.00707341
   32     128    579334    579206    4524.7      4580  0.00435791   0.0070705
   33     128    597353    597225   4524.09   4504.75  0.00269855  0.00707134
   34     128    614546    614418   4517.44   4298.25  0.00178318  0.00708192
   35     128    632685    632557   4517.92   4534.75  0.00400798  0.00708131
   36     128    651638    651510   4524.03   4738.25  0.00152821   0.0070715
   37     128    670122    669994   4526.64      4621  0.00108893   0.0070676
   38     128    688502    688374   4528.43      4595  0.00352657  0.00706505
   39     128    706419    706291   4527.16   4479.25  0.00543474   0.0070668
2026-07-18T23:10:18.646854+0700 min lat: 0.000703388 max lat: 0.0418628 avg lat: 0.00707014
  sec Cur ops   started  finished  avg MB/s  cur MB/s last lat(s)  avg lat(s)
   40     128    724233    724105   4525.31    4453.5  0.00207011  0.00707014
   41     128    740397    740269   4513.48      4041  0.00382967  0.00708853
   42     128    758095    757967   4511.36    4424.5  0.00395883  0.00709202
   43     128    776152    776024   4511.41   4514.25  0.00273231  0.00709189
   44     128    793679    793551   4508.46   4381.75   0.0015563  0.00709617
   45     128    811416    811288    4506.8   4434.25    0.010368  0.00709888
   46     128    829361    829233   4506.35   4486.25  0.00170706  0.00709964
   47     128    847884    847756   4508.99   4630.75  0.00412265  0.00709556
   48     128    866574    866446   4512.39    4672.5  0.00591761  0.00709026
   49     128    884892    884764   4513.76    4579.5  0.00584458  0.00708755
   50     128    902017    901889    4509.1   4281.25   0.0072879  0.00709548
   51     128    920079    919951   4509.22    4515.5  0.00476291  0.00709548
   52     128    938367    938239   4510.42      4572    0.010549  0.00709363
   53     128    957144    957016   4513.88   4694.25  0.00323183  0.00708755
   54     128    976062    975934   4517.86    4729.5  0.00277508  0.00708178
   55     128    995086    994958   4522.19      4756  0.00206723  0.00707504
   56     128   1012747   1012619   4520.27   4415.25  0.00364802  0.00707811
   57     128   1031200   1031072    4521.9   4613.25  0.00584457   0.0070754
   58     128   1049713   1049585   4523.73   4628.25  0.00150059  0.00707253
   59     127   1067196   1067069   4521.13      4371  0.00270092  0.00707582
Total time run:         60.0041
Total writes made:      1085212
Write size:             262144
Object size:            262144
Bandwidth (MB/sec):     4521.41
Stddev Bandwidth:       159.108
Max bandwidth (MB/sec): 4756
Min bandwidth (MB/sec): 4041
Average IOPS:           18085
Stddev IOPS:            636.431
Max IOPS:               19024
Min IOPS:               16164
Average Latency(s):     0.00707667
Stddev Latency(s):      0.00410574
Max latency(s):         0.0437054
Min latency(s):         0.000703388
