hints = 1
  sec Cur ops   started  finished  avg MB/s  cur MB/s last lat(s)  avg lat(s)
    0       0         0         0         0         0           -           0
    1      64       502       438   109.474     109.5    0.439264    0.118242
    2      64       951       887   110.856    112.25   0.0191685    0.129842
    3      64      1402      1338   111.483    112.75    0.352546    0.135641
    4      64      1854      1790   111.859       113  0.00669832    0.136228
    5      63      2304      2241   112.032    112.75   0.0136037    0.137336
    6      64      2748      2684   111.816    110.75   0.0228372     0.13862
    7      64      3195      3131   111.805    111.75    0.448335    0.138837
    8      64      3646      3582   111.922    112.75    0.343853     0.14003
    9      64      4098      4034   112.039       113   0.0124815    0.139594
   10      64      4550      4486   112.134       113    0.357744    0.140321
   11      64      5000      4936   112.166     112.5  0.00767688    0.140368
   12      64      5441      5377   112.005    110.25   0.0205162    0.140537
   13      64      5890      5826   112.023    112.25    0.325836    0.141097
   14      64      6340      6276   112.056     112.5    0.013869    0.140576
   15      64      6791      6727   112.101    112.75   0.0354606    0.140592
   16      64      7242      7178   112.141    112.75    0.374699    0.140972
   17      64      7691      7627   112.146    112.25    0.412023     0.14099
   18      64      8134      8070   112.068    110.75    0.480872    0.140997
   19      64      8582      8518   112.063       112  0.00764905    0.141173
2026-07-07T23:26:43.160965+0800 min lat: 0.00472327 max lat: 0.530322 avg lat: 0.141504
  sec Cur ops   started  finished  avg MB/s  cur MB/s last lat(s)  avg lat(s)
   20      64      9032      8968   112.084     112.5  0.00668172    0.141504
   21      64      9485      9421   112.139    113.25  0.00764338    0.141444
   22      64      9934      9870   112.143    112.25   0.0139707    0.141548
   23      64     10378     10314   112.093       111  0.00995319    0.141206
   24      64     10823     10759   112.057    111.25   0.0190056    0.141596
   25      64     11273     11209   112.074     112.5    0.394681     0.14156
   26      64     11724     11660     112.1    112.75   0.0180567    0.141685
   27      64     12176     12112   112.132       113    0.030938    0.141649
   28      64     12626     12562   112.145     112.5   0.0144096    0.141674
   29      64     13067     13003   112.079    110.25   0.0066422    0.141868
   30      64     13516     13452   112.084    112.25   0.0147066    0.141788
   31      64     13967     13903   112.105    112.75    0.432427    0.141696
   32      64     14418     14354   112.125    112.75    0.018877    0.141759
   33      64     14869     14805   112.143    112.75   0.0198177    0.141809
   34      64     15319     15255   112.153     112.5    0.424816    0.141733
   35      64     15759     15695   112.091       110    0.375991    0.141917
   36      64     16208     16144   112.095    112.25   0.0104499    0.141937
   37      64     16660     16596   112.119       113  0.00682312    0.141958
   38      64     17113     17049   112.149    113.25    0.534302    0.141768
   39      64     17564     17500   112.164    112.75  0.00883871    0.141856
2026-07-07T23:27:03.163821+0800 min lat: 0.00472327 max lat: 0.540389 avg lat: 0.142075
  sec Cur ops   started  finished  avg MB/s  cur MB/s last lat(s)  avg lat(s)
   40      64     18008     17944   112.134       111    0.363483    0.142075
   41      64     18453     18389   112.112    111.25  0.00707296    0.142013
   42      64     18902     18838   112.115    112.25   0.0186371     0.14201
   43      64     19355     19291   112.141    113.25    0.376756    0.142045
   44      64     19808     19744   112.166    113.25   0.0135958    0.141999
   45      64     20257     20193   112.168    112.25  0.00766556    0.142032
   46      64     20699     20635   112.131     110.5   0.0182682    0.141992
   47      63     21146     21083   112.128       112    0.370704    0.142098
   48      64     21598     21534   112.141    112.75    0.410714     0.14207
   49      64     22051     21987   112.163    113.25   0.0187073    0.142042
   50      64     22500     22436   112.164    112.25    0.339355    0.142109
   51      64     22948     22884   112.161       112  0.00878106    0.142111
   52      64     23391     23327   112.133    110.75    0.011092    0.142068
   53      64     23841     23777    112.14     112.5    0.417742    0.142103
   54      64     24290     24226   112.142    112.25   0.0158305    0.142093
   55      64     24744     24680   112.166     113.5  0.00735672    0.142123
   56      64     25194     25130   112.172     112.5   0.0109479    0.142053
   57      64     25638     25574   112.151       111    0.396151    0.142159
   58      64     26083     26019   112.135    111.25   0.0118408    0.142191
   59      64     26533     26469   112.141     112.5  0.00671271    0.142188
2026-07-07T23:27:23.166610+0800 min lat: 0.00472327 max lat: 0.540389 avg lat: 0.14218
  sec Cur ops   started  finished  avg MB/s  cur MB/s last lat(s)  avg lat(s)
   60      63     26985     26922   112.159    113.25  0.00660634     0.14218
   61      64     27437     27373   112.169    112.75  0.00683451    0.142197
   62      64     27889     27825   112.182       113    0.458474    0.142079
   63      64     28325     28261   112.131       109   0.0206504    0.142134
   64      64     28777     28713   112.144       113    0.013518    0.142262
   65      64     29228     29164   112.154    112.75  0.00742105    0.142227
   66      64     29679     29615   112.162    112.75    0.361577    0.142227
   67      64     30131     30067   112.175       113   0.0215131    0.142176
   68      64     30579     30515   112.172       112   0.0209371    0.142144
   69      64     31022     30958   112.151    110.75    0.011188    0.142185
   70      64     31471     31407   112.152    112.25    0.396688    0.142199
   71      64     31922     31858    112.16    112.75    0.014292    0.142212
   72      64     32374     32310   112.172       113   0.0126288    0.142163
   73      64     32825     32761   112.179    112.75   0.0089644     0.14224
   74      64     33267     33203   112.157     110.5    0.395474    0.142284
   75      64     33714     33650   112.151    111.75    0.380153    0.142248
   76      64     34165     34101   112.159    112.75   0.0066221    0.142236
   77      64     34616     34552   112.166    112.75  0.00891299    0.142207
   78      64     35068     35004   112.177       113   0.0141413    0.142275
   79      64     35520     35456   112.187       113   0.0288198    0.142186
2026-07-07T23:27:43.169311+0800 min lat: 0.00472327 max lat: 0.540389 avg lat: 0.142241
  sec Cur ops   started  finished  avg MB/s  cur MB/s last lat(s)  avg lat(s)
   80      64     35959     35895   112.156    109.75  0.00880383    0.142241
   81      64     36409     36345    112.16     112.5  0.00772937    0.142268
   82      64     36857     36793   112.158       112    0.396424    0.142262
   83      64     37310     37246   112.171    113.25   0.0152711    0.142245
   84      64     37761     37697   112.178    112.75  0.00974009    0.142227
   85      64     38205     38141   112.164       111     0.01377    0.142277
   86      64     38652     38588   112.159    111.75   0.0109519    0.142276
   87      64     39101     39037    112.16    112.25    0.353114    0.142326
   88      64     39554     39490   112.172    113.25  0.00828672    0.142306
   89      64     40002     39938    112.17       112   0.0115133    0.142211
   90      64     40456     40392   112.184     113.5  0.00761921    0.142297
   91      64     40895     40831   112.157    109.75   0.0127548    0.142326
   92      64     41345     41281   112.161     112.5    0.423548    0.142287
   93      64     41794     41730   112.162    112.25   0.0101085    0.142286
   94      64     42248     42184   112.176     113.5    0.410778    0.142269
   95      64     42698     42634   112.179     112.5   0.0143858    0.142321
   96      64     43149     43085   112.185    112.75    0.333678    0.142318
   97      64     43589     43525   112.162       110   0.0083628    0.142315
   98      64     44039     43975   112.166     112.5  0.00871036    0.142368
   99      64     44490     44426   112.171    112.75   0.0222477    0.142253
2026-07-07T23:28:03.171878+0800 min lat: 0.00472327 max lat: 0.540389 avg lat: 0.142298
  sec Cur ops   started  finished  avg MB/s  cur MB/s last lat(s)  avg lat(s)
  100      64     44941     44877   112.177    112.75   0.0091795    0.142298
  101      64     45393     45329   112.185       113   0.0112572    0.142324
  102      64     45841     45777   112.183       112    0.373967    0.142313
  103      64     46282     46218   112.164    110.25  0.00808058    0.142325
  104      64     46732     46668   112.167     112.5    0.375118     0.14235
  105      64     47184     47120   112.175       113   0.0171649    0.142276
  106      64     47635     47571    112.18    112.75   0.0117853     0.14234
  107      64     48086     48022   112.185    112.75   0.0119066    0.142278
  108      64     48527     48463   112.167    110.25    0.011066    0.142293
  109      64     48975     48911   112.166       112   0.0150288    0.142355
  110      64     49427     49363   112.173       113    0.423495    0.142339
  111      64     49880     49816   112.183    113.25    0.352779    0.142367
  112      64     50330     50266   112.185     112.5   0.0081115    0.142355
  113      64     50779     50715   112.186    112.25   0.0136688     0.14231
  114      64     51219     51155   112.166       110  0.00669274    0.142375
  115      64     51668     51604   112.167    112.25   0.0074792    0.142362
  116      64     52122     52058   112.178     113.5    0.331797    0.142386
  117      64     52572     52508   112.181     112.5    0.426582    0.142332
  118      64     53024     52960   112.188       113   0.0182911    0.142369
  119      64     53471     53407   112.184    111.75   0.0110458    0.142329
2026-07-07T23:28:23.174872+0800 min lat: 0.00472327 max lat: 0.540389 avg lat: 0.142377
  sec Cur ops   started  finished  avg MB/s  cur MB/s last lat(s)  avg lat(s)
  120      54     53904     53850   112.172    110.75     0.37475    0.142377
Total time run:       120.137
Total reads made:     53904
Read size:            262144
Object size:          262144
Bandwidth (MB/sec):   112.172
Average IOPS:         448
Stddev IOPS:          4.01939
Max IOPS:             454
Min IOPS:             436
Average Latency(s):   0.142496
Max latency(s):       0.540389
Min latency(s):       0.00472327
