hints = 1
Maintaining 64 concurrent writes of 4194304 bytes to objects of size 4194304 for up to 120 seconds or 0 objects
Object prefix: benchmark_data_tikv-node_755790
  sec Cur ops   started  finished  avg MB/s  cur MB/s last lat(s)  avg lat(s)
    0       0         0         0         0         0           -           0
    1      42        42         0         0         0           -           0
    2      63        64         1   1.99981         2     1.98116     1.98116
    3      63        85        22   29.3298        84     2.90741     2.46645
    4      63       103        40   39.9948        72     3.01745     2.67359
    5      63       105        42   33.5954         8     3.36483      2.7049
    6      63       108        45   29.9958        12     4.64069      2.8155
    7      63       113        50   28.5675        20     5.48548     3.05656
    8      63       120        57    28.496        28     6.28611     3.40875
    9      63       130        67   29.7736        40     6.75846     3.92091
   10      63       137        74   29.5959        28      7.5832      4.2399
   11      63       141        78   28.3596        16     8.36485     4.43765
   12      63       148        85   28.3293        28     9.04374     4.78348
   13      63       156        93   28.6114        32      9.4235     5.17062
   14      63       161        98    27.996        20      10.476     5.42494
   15      63       167       104   27.7294        24     10.9904     5.73165
   16      63       172       109   27.2461        20     9.41169     5.93217
   17      63       181       118   27.7607        36      9.3098     6.20646
   18      63       192       129   28.6626        44     9.10548     6.45065
   19      63       197       134   28.2065        20     9.36171     6.55626
2026-07-07T23:34:05.680667+0800 min lat: 1.98116 max lat: 10.9904 avg lat: 6.67824
  sec Cur ops   started  finished  avg MB/s  cur MB/s last lat(s)  avg lat(s)
   20      63       202       139    27.796        20     9.74604     6.67824
   21      63       209       146   27.8055        28     9.51214     6.81582
   22      63       215       152   27.6323        24     9.11398     6.91595
   23      63       221       158   27.4742        24     9.74949     7.02179
   24      63       229       166   27.6626        32      9.5299     7.14302
   25      63       236       173    27.676        28     9.77611     7.23561
   26      63       242       179   27.5344        24     9.64628     7.30761
   27      63       247       184   27.2553        20     9.23409     7.36668
   28      63       254       191   27.2817        28      10.156     7.47086
   29      63       263       200   27.5821        36     9.32254     7.57947
   30      63       268       205   27.3293        20     9.61706     7.62604
   31      63       269       206   26.5767         4     9.62501     7.63574
   32      63       278       215    26.871        36     10.5741     7.75295
   33      63       286       223   27.0263        32     9.57798     7.84294
   34      63       293       230   27.0548        28     9.90268     7.90654
   35      63       298       235   26.8531        20     10.6489     7.95752
   36      63       309       246   27.3293        44     9.32579     8.04642
   37      63       318       255   27.5635        36     8.67965     8.07398
   38      63       321       258   27.1538        12     9.50906     8.08896
   39      63       329       266    27.278        32     9.23549     8.13276
2026-07-07T23:34:25.683745+0800 min lat: 1.98116 max lat: 10.9904 avg lat: 8.15123
  sec Cur ops   started  finished  avg MB/s  cur MB/s last lat(s)  avg lat(s)
   40      63       336       273   27.2959        28      8.6918     8.15123
   41      63       341       278   27.1179        20     9.01279     8.16173
   42      63       350       287   27.3293        36     8.78736     8.18916
   43      63       356       293   27.2518        24     8.80615     8.20609
   44      63       360       297    26.996        16     8.52285     8.21242
   45      63       364       301   26.7516        16     9.37084     8.22375
   46      63       374       311   27.0395        40     9.68991     8.30376
   47      63       383       320     27.23        36     9.14241     8.33649
   48      63       385       322   26.8294         8     9.05416     8.34094
   49      63       394       331   27.0164        36     9.74268     8.37925
   50      63       405       342   27.3559        44     8.75745     8.40805
   51      63       409       346   27.1332        16     8.84988     8.41161
   52      63       412       349   26.8422        12     9.80485     8.42064
   53      63       419       356   26.8639        28     9.81331      8.4717
   54      63       428       365    27.033        36     8.75958     8.49489
   55      63       433       370   26.9051        20     9.29869     8.52986
   56      63       440       377   26.9246        28     9.90354     8.55119
   57      63       445       382    26.803        20     10.3609     8.57581
   58      63       453       390   26.8926        32       9.465     8.60156
   59      63       460       397   26.9113        28     9.48534     8.61771
2026-07-07T23:34:45.686622+0800 min lat: 1.98116 max lat: 19.7582 avg lat: 8.64086
  sec Cur ops   started  finished  avg MB/s  cur MB/s last lat(s)  avg lat(s)
   60      63       468       405    26.996        32     9.67599     8.64086
   61      63       476       413    27.078        32     8.83027     8.65228
   62      63       480       417   26.8993        16     9.42034     8.65983
   63      63       487       424   26.9167        28     9.30599     8.67014
   64      63       495       432    26.996        32     9.10567     8.67856
   65      63       497       434   26.7038         8     9.53567     8.68248
   66      63       504       441   26.7233        28      8.9744     8.69509
   67      63       513       450   26.8617        36     9.34018     8.70851
   68      63       519       456   26.8196        24     9.41577     8.71491
   69      63       523       460   26.6627        16     9.05046      8.7209
   70      63       533       470   26.8532        40      9.7375      8.7897
   71      63       539       476   26.8129        24     10.2794     8.80867
   72      63       542       479   26.6072        12     9.93851     8.81681
   73      63       552       489   26.7906        40     9.37477     8.83923
   74      63       558       495   26.7528        24       10.32     8.85572
   75      63       569       506   26.9827        44     8.80428     8.87146
   76      63       574       511   26.8908        20     9.14829     8.87496
   77      63       579       516   26.8013        20     9.74939     8.88064
   78      63       587       524   26.8678        32     9.56342     8.89207
   79      63       590       527   26.6796        12     9.36528     8.89388
2026-07-07T23:35:05.689565+0800 min lat: 1.98116 max lat: 20.2105 avg lat: 8.90627
  sec Cur ops   started  finished  avg MB/s  cur MB/s last lat(s)  avg lat(s)
   80      63       598       535   26.7461        32     9.40396     8.90627
   81      63       602       539   26.6134        16     9.72625     8.91219
   82      63       610       547    26.679        32     9.39355     8.92131
   83      63       616       553   26.6467        24      10.485     8.93636
   84      63       622       559   26.6151        24     10.0108     8.94673
   85      63       629       566   26.6314        28      10.095     8.95819
   86      63       636       573   26.6472        28      10.447     8.97725
   87      63       642       579   26.6168        24     10.2558     8.98972
   88      63       648       585    26.587        24     10.2717     9.00267
   89      63       655       592   26.6028        28     9.82643     9.01966
   90      63       660       597   26.5294        20     10.4606     9.03039
   91      63       664       601   26.4137        16     10.4037     9.04029
   92      63       671       608   26.4309        28     10.2511     9.05589
   93      63       674       611   26.2757        12     11.0845     9.06369
   94      63       686       623   26.5067        48     9.98775     9.08721
   95      63       690       627   26.3961        16     10.1705     9.09334
   96      63       694       631   26.2878        16     10.3653     9.10141
   97      63       706       643   26.5116        48     9.73461     9.12603
   98      63       711       648   26.4451        20       9.917     9.13199
   99      63       717       654   26.4204        24      10.005     9.13905
2026-07-07T23:35:25.692527+0800 min lat: 1.98116 max lat: 20.2105 avg lat: 9.14664
  sec Cur ops   started  finished  avg MB/s  cur MB/s last lat(s)  avg lat(s)
  100      63       722       659   26.3561        20      10.211     9.14664
  101      63       727       664   26.2931        20     9.96904     9.15289
  102      63       734       671   26.3098        28     9.91816      9.1608
  103      63       741       678   26.3262        28     9.51962     9.17983
  104      63       746       683   26.2653        20     10.0511      9.1852
  105      63       752       689   26.2437        24      9.6398     9.19179
  106      63       757       694   26.1848        20     9.20003      9.1938
  107      63       764       701   26.2017        28     10.1139     9.20083
  108      63       768       705   26.1072        16     9.95793     9.20584
  109      63       776       713   26.1613        32     9.72093     9.21181
  110      63       781       718   26.1052        20     9.44277     9.21345
  111      63       786       723   26.0502        20     9.64498     9.23034
  112      63       795       732    26.139        36     9.37995     9.23693
  113      63       802       739   26.1554        28     9.34403     9.25206
  114      63       803       740   25.9611         4     10.0387     9.25312
  115      63       808       745   25.9092        20     10.1907     9.25955
  116      63       818       755   26.0306        40     9.60852     9.30549
  117      63       825       762   26.0474        28     9.51199     9.31894
  118      63       831       768     26.03        24     9.86593     9.32262
  119      63       837       774    26.013        24     9.71917     9.33919
2026-07-07T23:35:45.695569+0800 min lat: 1.98116 max lat: 20.2105 avg lat: 9.35083
  sec Cur ops   started  finished  avg MB/s  cur MB/s last lat(s)  avg lat(s)
  120      63       843       780   25.9961        24     9.20243     9.35083
  121      23       844       821   27.1365       164     5.03956     9.18886
  122      16       844       828   27.1435        28     2.56673     9.14515
  123       6       844       838    27.248        40      5.2089     9.10177
Total time run:         123.575
Total writes made:      844
Write size:             4194304
Object size:            4194304
Bandwidth (MB/sec):     27.3194
Stddev Bandwidth:       17.089
Max bandwidth (MB/sec): 164
Min bandwidth (MB/sec): 0
Average IOPS:           6
Stddev IOPS:            4.27854
Max IOPS:               41
Min IOPS:               0
Average Latency(s):     9.11833
Stddev Latency(s):      2.50556
Max latency(s):         20.2105
Min latency(s):         1.17193
