hints = 1
Maintaining 64 concurrent writes of 262144 bytes to objects of size 262144 for up to 120 seconds or 0 objects
Object prefix: benchmark_data_tikv-node_642838
  sec Cur ops   started  finished  avg MB/s  cur MB/s last lat(s)  avg lat(s)
    0       0         0         0         0         0           -           0
    1      64       451       387   96.7369     96.75    0.058548    0.138779
    2      64       801       737   92.1123      87.5    0.379327    0.161282
    3      64      1146      1082    90.155     86.25   0.0312104    0.169054
    4      64      1529      1465    91.551     95.75    0.102284    0.169156
    5      64      1927      1863   93.1374      99.5   0.0334675     0.16777
    6      64      2243      2179     90.78        79    0.103147    0.164776
    7      64      2371      2307   82.3826        32    0.596441    0.188443
    8      64      2479      2415   75.4589        27     0.57155    0.205143
    9      64      2562      2498     69.38     20.75    0.868471    0.219206
   10      64      2668      2604   65.0915      26.5    0.644061    0.236236
   11      64      2802      2738   62.2193      33.5    0.952649    0.249608
   12      64      2908      2844   59.2423      26.5    0.605211    0.260335
   13      64      3023      2959   56.8964     28.75    0.922157    0.273367
   14      64      3136      3072   54.8499     28.25    0.423131    0.286381
   15      64      3232      3168   52.7929        24    0.739423    0.294598
   16      64      3336      3272    51.118        26     0.32267    0.303523
   17      64      3474      3410   50.1403      34.5    0.400262    0.314392
   18      64      3577      3513   48.7851     25.75    0.548035     0.32102
   19      64      3685      3621   47.6383        27    0.411083    0.330343
2026-07-07T23:12:44.518134+0800 min lat: 0.0123423 max lat: 2.86558 avg lat: 0.337559
  sec Cur ops   started  finished  avg MB/s  cur MB/s last lat(s)  avg lat(s)
   20      64      3781      3717   46.4563        24    0.516878    0.337559
   21      64      3904      3840   45.7081     30.75     0.45429    0.345987
   22      64      4012      3948   44.8575        27    0.354646     0.35004
   23      64      4138      4074   44.2766      31.5    0.361668    0.357027
   24      64      4237      4173   43.4628     24.75    0.625071    0.362905
   25      64      4336      4272   42.7142     24.75    0.424645     0.36854
   26      64      4467      4403   42.3307     32.75    0.561135    0.374639
   27      64      4585      4521   41.8554      29.5    0.636078    0.377905
   28      64      4684      4620   41.2445     24.75    0.668908    0.382285
   29      64      4788      4724   40.7187        26    0.715624    0.386683
   30      64      4896      4832   40.2613        27    0.643395    0.391993
   31      64      4994      4930   39.7528      24.5    0.549255    0.398215
   32      64      5088      5024   39.2448      23.5    0.752088    0.402637
   33      64      5237      5173   39.1842     37.25    0.675178    0.402761
   34      64      5344      5280   38.8184     26.75    0.510306     0.40853
   35      64      5458      5394   38.5235      28.5    0.608759    0.412174
   36      64      5571      5507    38.238     28.25    0.581317    0.414986
   37      64      5669      5605   37.8666      24.5    0.544779    0.419043
   38      64      5771      5707   37.5411      25.5    0.483617    0.422534
   39      64      5874      5810   37.2387     25.75    0.510699    0.425339
2026-07-07T23:13:04.520712+0800 min lat: 0.0123423 max lat: 2.86558 avg lat: 0.428692
  sec Cur ops   started  finished  avg MB/s  cur MB/s last lat(s)  avg lat(s)
   40      64      5992      5928   37.0451      29.5    0.588505    0.428692
   41      64      6096      6032   36.7756        26    0.686637    0.432431
   42      64      6193      6129   36.4773     24.25    0.472553    0.435059
   43      64      6302      6238   36.2626     27.25    0.580021    0.437488
   44      64      6415      6351   36.0804     28.25    0.651144    0.441127
   45      64      6512      6448   35.8175     24.25    0.742823    0.443486
   46      64      6623      6559    35.642     27.75     0.65588    0.445836
   47      64      6717      6653   35.3836      23.5    0.665936    0.448374
   48      64      6831      6767   35.2401      28.5    0.628298    0.451724
   49      64      6942      6878   35.0872     27.75    0.590736     0.45379
   50      64      7025      6961   34.8004     20.75    0.600829    0.455285
   51      64      7136      7072    34.662     27.75    0.483281    0.458069
   52      64      7242      7178    34.505      26.5     0.55023    0.460684
   53      64      7349      7285   34.3586     26.75    0.577144    0.462181
   54      64      7453      7389   34.2037        26    0.897109    0.464812
   55      64      7551      7487   34.0272      24.5    0.689944    0.467275
   56      64      7664      7600    33.924     28.25    0.556295    0.469298
   57      64      7764      7700   33.7674        25    0.526146    0.470581
   58      64      7867      7803   33.6291     25.75    0.564806    0.473084
   59      64      7977      7913   33.5251      27.5    0.472675    0.474765
2026-07-07T23:13:24.523557+0800 min lat: 0.0123423 max lat: 2.86558 avg lat: 0.476164
  sec Cur ops   started  finished  avg MB/s  cur MB/s last lat(s)  avg lat(s)
   60      64      8092      8028   33.4455     28.75     0.64773    0.476164
   61      64      8208      8144   33.3725        29    0.440973    0.478045
   62      64      8308      8244   33.2374        25    0.323395     0.47932
   63      64      8413      8349   33.1265     26.25    0.381112    0.480253
   64      64      8519      8455   33.0229      26.5    0.463917    0.481943
   65      64      8610      8546   32.8648     22.75    0.355186    0.483996
   66      64      8716      8652   32.7683      26.5    0.502895    0.486081
   67      64      8831      8767   32.7082     28.75    0.559717    0.487293
   68      64      8935      8871   32.6096        26    0.746021    0.489086
   69      64      9033      8969    32.492      24.5     0.62244    0.490402
   70      64      9146      9082   32.4314     28.25    0.643819    0.491674
   71      64      9243      9179   32.3161     24.25    0.505498    0.492253
   72      64      9358      9294   32.2665     28.75    0.736403    0.494488
   73      64      9463      9399    32.184     26.25    0.598737    0.495401
   74      64      9571      9507   32.1139        27     0.49728    0.496294
   75      64      9671      9607    32.019        25    0.680489    0.497715
   76      64      9769      9705     31.92      24.5     0.72078    0.498842
   77      64      9887      9823   31.8885      29.5    0.467349    0.499501
   78      64      9995      9931   31.8258        27    0.608487    0.500838
   79      64     10095     10031   31.7394        25    0.519794    0.501993
2026-07-07T23:13:44.526344+0800 min lat: 0.0123423 max lat: 2.86558 avg lat: 0.503102
  sec Cur ops   started  finished  avg MB/s  cur MB/s last lat(s)  avg lat(s)
   80      64     10196     10132   31.6582     25.25    0.586772    0.503102
   81      64     10311     10247   31.6222     28.75    0.515845    0.503841
   82      64     10406     10342   31.5262     23.75    0.558924    0.505555
   83      64     10524     10460   31.5017      29.5    0.565528    0.505969
   84      64     10623     10559   31.4213     24.75    0.375356     0.50625
   85      64     10733     10669   31.3751      27.5      0.5265    0.507546
   86      64     10839     10775   31.3184      26.5    0.642916    0.508897
   87      64     10938     10874   31.2428     24.75    0.558746    0.509815
   88      64     11059     10995   31.2315     30.25    0.481957    0.510448
   89      64     11163     11099   31.1727        26    0.544729    0.511638
   90      64     11264     11200   31.1068     25.25    0.625785    0.512513
   91      64     11378     11314   31.0781      28.5    0.498375     0.51299
   92      64     11491     11427   31.0474     28.25    0.400955    0.513929
   93      64     11590     11526   30.9796     24.75    0.674159     0.51471
   94      64     11697     11633   30.9346     26.75     0.51472    0.515253
   95      64     11811     11747   30.9089      28.5    0.505794     0.51575
   96      64     11916     11852   30.8603     26.25    0.468866    0.516652
   97      64     12024     11960   30.8205        27    0.729686    0.517736
   98      64     12129     12065   30.7738     26.25    0.661787    0.518154
   99      64     12223     12159   30.7003      23.5    0.619173     0.51891
2026-07-07T23:14:04.529259+0800 min lat: 0.0123423 max lat: 2.86558 avg lat: 0.519968
  sec Cur ops   started  finished  avg MB/s  cur MB/s last lat(s)  avg lat(s)
  100      64     12338     12274   30.6808     28.75      0.4813    0.519968
  101      64     12447     12383   30.6467     27.25    0.480037    0.520385
  102      64     12564     12500    30.633     29.25     0.45002    0.521129
  103      64     12662     12598   30.5734      24.5    0.589507    0.521976
  104      64     12777     12713   30.5559     28.75    0.725602    0.522655
  105      64     12895     12831   30.5458      29.5    0.526312    0.522589
  106      64     12990     12926   30.4816     23.75    0.611594    0.523488
  107      64     13081     13017   30.4093     22.75    0.826739    0.524379
  108      64     13194     13130   30.3893     28.25    0.507967    0.524966
  109      64     13315     13251    30.388     30.25    0.507698    0.525256
  110      64     13405     13341   30.3162      22.5    0.650079    0.526244
  111      64     13514     13450   30.2886     27.25    0.484487    0.526913
  112      64     13627     13563   30.2704     28.25    0.433229    0.527378
  113      64     13742     13678   30.2569     28.75    0.591871     0.52772
  114      64     13836     13772   30.1976      23.5    0.422349    0.528363
  115      64     13927     13863   30.1328     22.75    0.566064    0.529097
  116      64     14064     14000   30.1682     34.25    0.487175    0.529312
  117      64     14160     14096   30.1155        24      0.7349    0.529894
  118      64     14274     14210   30.1018      28.5    0.539908    0.530444
  119      64     14369     14305   30.0484     23.75    0.498628    0.530765
2026-07-07T23:14:24.531987+0800 min lat: 0.0123423 max lat: 2.86558 avg lat: 0.531111
  sec Cur ops   started  finished  avg MB/s  cur MB/s last lat(s)  avg lat(s)
  120      64     14485     14421   30.0396        29    0.625706    0.531111
Total time run:         120.202
Total writes made:      14485
Write size:             262144
Object size:            262144
Bandwidth (MB/sec):     30.1265
Stddev Bandwidth:       14.3384
Max bandwidth (MB/sec): 99.5
Min bandwidth (MB/sec): 20.75
Average IOPS:           120
Stddev IOPS:            57.3538
Max IOPS:               398
Min IOPS:               83
Average Latency(s):     0.53088
Stddev Latency(s):      0.218351
Max latency(s):         2.86558
Min latency(s):         0.0123423
