hints = 1
Maintaining 64 concurrent writes of 4194304 bytes to objects of size 4194304 for up to 120 seconds or 0 objects
Object prefix: benchmark_data_tikv-node_729702
  sec Cur ops   started  finished  avg MB/s  cur MB/s last lat(s)  avg lat(s)
    0       0         0         0         0         0           -           0
    1      42        42         0         0         0           -           0
    2      63        65         2   3.99946         4     1.93656     1.93554
    3      63        85        22   29.3292        80     2.91903     2.46665
    4      63       105        42   41.9939        80     3.06463     2.67994
    5      63       126        63   50.3924        84     3.12436     2.77949
    6      63       130        67   44.6599        16     3.83363     2.83134
    7      63       132        69   39.4226         8     4.77633     2.88571
    8      63       136        73   36.4944        16     5.47914     3.02101
    9      63       145        82   36.4388        36     6.06964     3.33651
   10      63       149        86   34.3947        16     6.64773     3.48358
   11      63       156        93    33.813        28     7.74975     3.78949
   12      63       164       101   33.6616        32     8.03475     4.11872
   13      63       173       110    33.841        36     8.67322     4.47589
   14      63       179       116   33.1378        24     9.25354     4.70332
   15      63       186       123    32.795        28     10.0034     4.99373
   16      63       189       126   31.4951        12     10.3548     5.12285
   17      63       198       135   31.7598        36     8.85884      5.4184
   18      63       203       140   31.1064        20     8.95985      5.5469
   19      63       210       147   30.9426        28     9.32111      5.7342
2026-07-07T23:29:10.317877+0800 min lat: 1.93451 max lat: 10.5346 avg lat: 5.84459
  sec Cur ops   started  finished  avg MB/s  cur MB/s last lat(s)  avg lat(s)
   20      63       215       152   30.3953        20     9.07397     5.84459
   21      63       224       161   30.6619        36     9.17018     6.08707
   22      63       233       170   30.9043        36     9.47443     6.36466
   23      63       236       173   30.0823        12     9.57554     6.41856
   24      63       242       179   29.8287        24     10.4974      6.5503
   25      63       251       188   30.0753        36     9.48729     6.70428
   26      63       256       193   29.6877        20     9.25214     6.77367
   27      63       266       203   30.0694        40      9.3724     6.90339
   28      63       272       209   29.8525        24     9.01427     6.96284
   29      63       277       214   29.5126        20     9.23884     7.01371
   30      63       287       224    29.862        40     9.02527     7.09807
   31      63       293       230   29.6727        24     9.33346     7.15523
   32      63       297       234   29.2454        16     9.66515      7.1972
   33      63       305       242   29.3287        32     8.81504     7.25765
   34      63       311       248   29.1719        24     9.68076     7.31464
   35      63       315       252   28.7955        16     9.63309     7.35326
   36      63       320       257    28.551        20     9.85065     7.39984
   37      63       332       269   29.0765        48     9.26684     7.54027
   38      63       334       271   28.5218         8     9.84889     7.55783
   39      63       344       281    28.816        40     9.96699     7.63912
2026-07-07T23:29:30.321103+0800 min lat: 1.93451 max lat: 19.4071 avg lat: 7.68409
  sec Cur ops   started  finished  avg MB/s  cur MB/s last lat(s)  avg lat(s)
   40      63       350       287   28.6955        24     9.60071     7.68409
   41      63       357       294   28.6784        28      9.9189     7.73545
   42      63       367       304   28.9478        40     9.47099     7.79195
   43      63       371       308   28.6466        16     9.41212     7.81448
   44      63       376       313     28.45        20     9.81496      7.8468
   45      63       388       325   28.8843        48     8.62701     7.89508
   46      63       396       333   28.9519        32     8.53905      7.9171
   47      63       400       337   28.6763        16     8.67862     7.92376
   48      63       404       341   28.4122        16     9.56216     7.94043
   49      63       410       347   28.3221        24      9.7278     7.96698
   50      63       425       362   28.9554        60     8.70917     8.00994
   51      63       427       364   28.5445         8      9.2125     8.01642
   52      63       429       366   28.1494         8     9.77557     8.02512
   53      63       439       376   28.3729        40     9.12893     8.06534
   54      63       447       384   28.4399        32     9.02758      8.1073
   55      63       457       394     28.65        40     9.71153      8.1493
   56      63       460       397   28.3526        12     9.89366     8.15964
   57      63       466       403   28.2762        24     9.34331     8.18484
   58      63       469       406   27.9955        12     9.26814     8.19319
   59      63       477       414   28.0633        32     9.73297     8.22507
2026-07-07T23:29:50.324357+0800 min lat: 1.93451 max lat: 19.4071 avg lat: 8.26869
  sec Cur ops   started  finished  avg MB/s  cur MB/s last lat(s)  avg lat(s)
   60      63       488       425   28.3288        44     9.92909     8.26869
   61      63       494       431   28.2578        24     8.85629     8.28786
   62      63       501       438   28.2536        28     9.02491     8.30229
   63      63       507       444    28.186        24      9.4125     8.31752
   64      63       510       447    27.933        12     9.66036       8.327
   65      63       520       457   28.1186        40     9.86361     8.35814
   66      63       526       463   28.0561        24     9.04337     8.37434
   67      63       531       468   27.9358        20     9.85813     8.38571
   68      63       535       472   27.7603        16     9.62144     8.39598
   69      63       542       479   27.7637        28     9.54288     8.41405
   70      63       549       486    27.767        28     10.0445     8.43752
   71      63       558       495   27.8829        36     9.79837     8.46483
   72      63       564       501   27.8289        24     9.64266     8.47775
   73      63       568       505   27.6668        16     9.75678      8.4894
   74      63       571       508   27.4551        12     10.4129     8.50064
   75      63       587       524   27.9422        64     9.40215     8.56007
   76      63       595       532   27.9955        32     9.01719     8.57236
   77      63       600       537   27.8917        20      8.7838      8.5746
   78      63       608       545   27.9443        32     8.82823     8.58096
   79      63       614       551   27.8943        24     8.91345     8.58424
2026-07-07T23:30:10.327494+0800 min lat: 1.93451 max lat: 20.2054 avg lat: 8.5895
  sec Cur ops   started  finished  avg MB/s  cur MB/s last lat(s)  avg lat(s)
   80      63       619       556   27.7956        20     9.47157      8.5895
   81      63       621       558   27.5512         8     9.82116     8.59322
   82      63       633       570   27.8005        48     8.85255     8.61272
   83      63       638       575   27.7064        20     8.73021     8.61413
   84      63       644       581   27.6623        24     9.38551     8.62131
   85      63       650       587   27.6191        24     9.99523     8.63314
   86      63       660       597    27.763        40     9.67771     8.65519
   87      63       667       604   27.7657        28     9.27004     8.66453
   88      63       669       606   27.5411         8     9.35314     8.66689
   89      63       681       618   27.7709        48     9.19321     8.68547
   90      63       684       621   27.5956        12     8.64544     8.68545
   91      63       688       625   27.4682        16     9.54214     8.68898
   92      63       700       637   27.6912        48     9.03395     8.70798
   93      63       703       640   27.5225        12      8.6484     8.72282
   94      63       709       646    27.485        24     9.83228     8.73303
   95      63       718       655   27.5746        36      9.2132     8.74478
   96      63       722       659    27.454        16     9.86395     8.75055
   97      63       732       669   27.5833        40     8.78684     8.77589
   98      63       740       677   27.6283        32     9.19336     8.77948
   99      63       743       680   27.4704        12     9.98503     8.78456
2026-07-07T23:30:30.330505+0800 min lat: 1.93451 max lat: 20.2054 avg lat: 8.79081
  sec Cur ops   started  finished  avg MB/s  cur MB/s last lat(s)  avg lat(s)
  100      63       750       687   27.4757        28     8.88042     8.79081
  101      63       756       693   27.4412        24     8.80496     8.79061
  102      63       765       702   27.5251        36     9.74071     8.80059
  103      63       769       706   27.4132        16     9.05617      8.8008
  104      63       777       714   27.4573        32     9.22764     8.80747
  105      63       789       726   27.6528        48     8.86072     8.83693
  106      63       792       729   27.5052        12     9.38801      8.8387
  107      63       795       732   27.3602        12     9.72904     8.84211
  108      63       803       740   27.4032        32     10.0724      8.8556
  109      63       809       746   27.3719        24     9.47328      8.8614
  110      63       821       758   27.5594        48      8.8024     8.87284
  111      63       827       764   27.5273        24      8.8944      8.8745
  112      63       836       773   27.6029        36     8.35569     8.87499
  113      63       840       777   27.5002        16     8.37278     8.87222
  114      63       845       782   27.4343        20     9.35467     8.87604
  115      63       851       788   27.4044        24     9.96256     8.88302
  116      63       859       796    27.444        32     9.32924     8.89244
  117      63       868       805   27.5171        36     8.76691     8.89374
  118      63       871       808   27.3856        12     9.49493       8.895
  119      63       879       816   27.4243        32     9.45951     8.90095
2026-07-07T23:30:50.333426+0800 min lat: 1.93451 max lat: 20.2054 avg lat: 8.7995
  sec Cur ops   started  finished  avg MB/s  cur MB/s last lat(s)  avg lat(s)
  120      25       886       861   28.6955       180     2.04403      8.7995
  121      19       886       867   28.6567        24     4.29097     8.76098
  122       1       886       885   29.0119        72     7.59146     8.66596
Total time run:         122.045
Total writes made:      886
Write size:             4194304
Object size:            4194304
Bandwidth (MB/sec):     29.0385
Stddev Bandwidth:       20.5145
Max bandwidth (MB/sec): 180
Min bandwidth (MB/sec): 0
Average IOPS:           7
Stddev IOPS:            5.12861
Max IOPS:               45
Min IOPS:               0
Average Latency(s):     8.65885
Stddev Latency(s):      2.39693
Max latency(s):         20.2054
Min latency(s):         1.75695
