hints = 1
Maintaining 64 concurrent writes of 262144 bytes to objects of size 262144 for up to 120 seconds or 0 objects
Object prefix: benchmark_data_tikv-node_668827
  sec Cur ops   started  finished  avg MB/s  cur MB/s last lat(s)  avg lat(s)
    0       0         0         0         0         0           -           0
    1      64       435       371   92.7361     92.75   0.0290669    0.141365
    2      64       819       755   94.3618        96    0.338661    0.153824
    3      64      1150      1086    90.488     82.75    0.394694    0.167837
    4      64      1236      1172   73.2401      21.5    0.562963    0.193226
    5      64      1357      1293   64.6411     30.25    0.613082     0.23009
    6      64      1468      1404   58.4921     27.75    0.662626    0.260483
    7      64      1562      1498   53.4927      23.5    0.492321    0.282697
    8      64      1676      1612   50.3682      28.5    0.579134    0.306196
    9      64      1792      1728   47.9937        29    0.552518    0.324828
   10      64      1892      1828    45.694        25    0.726864    0.339743
   11      64      1991      1927   43.7897     24.75    0.531421    0.353986
   12      64      2112      2048   42.6611     30.25     0.64607    0.365683
   13      64      2231      2167   41.6676     29.75    0.426164    0.377938
   14      64      2312      2248   40.1375     20.25    0.551816     0.38773
   15      64      2426      2362   39.3614      28.5    0.540041    0.397745
   16      64      2538      2474   38.6511        28    0.499477    0.404747
   17      64      2636      2572   37.8183      24.5    0.602502    0.414446
   18      64      2739      2675   37.1477     25.75    0.679174    0.422554
   19      64      2866      2802   36.8634     31.75    0.570475    0.429469
2026-07-07T23:17:37.392809+0800 min lat: 0.0139963 max lat: 0.968709 avg lat: 0.434775
  sec Cur ops   started  finished  avg MB/s  cur MB/s last lat(s)  avg lat(s)
   20      64      2972      2908   36.3451      26.5    0.527038    0.434775
   21      64      3068      3004   35.7571        24    0.601077    0.439895
   22      64      3181      3117   35.4156     28.25    0.619747    0.446152
   23      64      3294      3230   35.1039     28.25     0.49834    0.450182
   24      64      3395      3331   34.6932     25.25    0.531968    0.455087
   25      64      3488      3424   34.2353     23.25    0.610733    0.459801
   26      64      3602      3538   34.0146      28.5    0.584962    0.464951
   27      64      3714      3650   33.7918        28    0.619072    0.468368
   28      64      3801      3737   33.3616     21.75    0.576919    0.472032
   29      64      3912      3848   33.1679     27.75    0.696887    0.477176
   30      64      4027      3963   33.0205     28.75    0.434709    0.479234
   31      64      4136      4072   32.8342     27.25    0.614635    0.482033
   32      64      4234      4170   32.5737      24.5    0.537068    0.486358
   33      64      4344      4280   32.4198      27.5     0.51206    0.489523
   34      64      4461      4397   32.3265     29.25    0.354416    0.490732
   35      64      4548      4484   32.0242     21.75    0.597149     0.49313
   36      64      4652      4588   31.8568        26    0.645336    0.497342
   37      64      4765      4701   31.7592     28.25    0.665664    0.499208
   38      64      4869      4805   31.6076        26    0.706646    0.501278
   39      64      4997      4933   31.6175        32    0.460938    0.503797
2026-07-07T23:17:57.395572+0800 min lat: 0.0139963 max lat: 1.01553 avg lat: 0.505112
  sec Cur ops   started  finished  avg MB/s  cur MB/s last lat(s)  avg lat(s)
   40      64      5084      5020   31.3707     21.75    0.477031    0.505112
   41      64      5194      5130   31.2762      27.5    0.551695    0.506866
   42      64      5309      5245    31.216     28.75    0.556313    0.508714
   43      64      5417      5353   31.1178        27    0.589236     0.51122
   44      64      5520      5456   30.9957     25.75    0.674336     0.51258
   45      64      5639      5575    30.968     29.75    0.463995      0.5141
   46      64      5726      5662   30.7675     21.75    0.668036    0.516232
   47      64      5836      5772   30.6979      27.5    0.675335    0.517748
   48      64      5952      5888   30.6625        29    0.495171     0.51888
   49      64      6052      5988   30.5468        25    0.530066    0.520329
   50      64      6153      6089   30.4408     25.25    0.641368    0.521703
   51      64      6260      6196   30.3684     26.75    0.495719    0.523046
   52      64      6375      6311   30.3372     28.75    0.505804    0.524047
   53      64      6480      6416     30.26     26.25    0.566376    0.525895
   54      64      6588      6524   30.1996        27    0.436821     0.52726
   55      64      6701      6637   30.1641     28.25    0.684896    0.528039
   56      64      6799      6735   30.0629      24.5    0.618796    0.528972
   57      64      6912      6848    30.031     28.25    0.446832     0.53019
   58      64      7021      6957    29.983     27.25    0.488743    0.530729
   59      64      7148      7084   30.0129     31.75    0.656083     0.53204
2026-07-07T23:18:17.398332+0800 min lat: 0.0139963 max lat: 1.21159 avg lat: 0.532973
  sec Cur ops   started  finished  avg MB/s  cur MB/s last lat(s)  avg lat(s)
   60      64      7158      7094   29.5543       2.5     1.21054    0.532973
   61      64      7265      7201   29.5082     26.75    0.649374    0.539942
   62      64      7364      7300   29.4314     24.75    0.491842    0.540664
   63      64      7475      7411   29.4047     27.75    0.689972    0.541697
   64      64      7573      7509    29.328      24.5     0.55601    0.542348
   65      64      7688      7624   29.3191     28.75    0.497877    0.543775
   66      64      7797      7733   29.2877     27.25    0.532295     0.54436
   67      64      7898      7834   29.2273     25.25      0.5053    0.544897
   68      64      8006      7942   29.1945        27    0.582691    0.545621
   69      64      8114      8050   29.1627        27    0.632079    0.547015
   70      64      8215      8151   29.1068     25.25    0.608762    0.547403
   71      64      8328      8264   29.0946     28.25    0.567024    0.548021
   72      64      8415      8351   28.9926     21.75    0.595275    0.548965
   73      64      8526      8462   28.9755     27.75     0.52327    0.549804
   74      64      8635      8571   28.9521     27.25    0.567217    0.550004
   75      64      8744      8680   28.9294     27.25    0.576918    0.550477
   76      64      8850      8786   28.8974      26.5     0.51599    0.551368
   77      64      8961      8897   28.8824     27.75    0.481498    0.551922
   78      64      9075      9011   28.8775      28.5    0.726629    0.552327
   79      64      9178      9114   28.8378     25.75    0.489018    0.553367
2026-07-07T23:18:37.401051+0800 min lat: 0.0139963 max lat: 1.64831 avg lat: 0.553692
  sec Cur ops   started  finished  avg MB/s  cur MB/s last lat(s)  avg lat(s)
   80      64      9284      9220   28.8086      26.5    0.529231    0.553692
   81      64      9395      9331   28.7954     27.75    0.511866    0.553481
   82      64      9486      9422   28.7217     22.75    0.539192    0.553629
   83      64      9590      9526   28.6888        26    0.702356    0.554996
   84      64      9703      9639   28.6836     28.25    0.547538     0.55555
   85      64      9815      9751   28.6755        28    0.617034    0.555677
   86      64      9916      9852   28.6356     25.25    0.798431    0.556319
   87      64     10027      9963   28.6254     27.75    0.545676    0.556975
   88      64     10157     10093   28.6693      32.5    0.358444    0.556547
   89      64     10246     10182   28.5972     22.25    0.537171    0.557868
   90      64     10352     10288   28.5738      26.5    0.626843    0.558112
   91      64     10461     10397   28.5592     27.25    0.481655    0.558707
   92      64     10558     10494   28.5124     24.25    0.645366    0.558746
   93      64     10674     10610   28.5176        29    0.672769    0.559464
   94      64     10787     10723   28.5147     28.25     0.53668    0.559756
   95      64     10886     10822    28.475     24.75    0.645385     0.55981
   96      64     10985     10921   28.4362     24.75    0.526503    0.560171
   97      64     11096     11032   28.4291     27.75    0.594865    0.560699
   98      64     11207     11143   28.4221     27.75    0.458656    0.560975
   99      64     11319     11255   28.4178        28    0.539196    0.561251
2026-07-07T23:18:57.403851+0800 min lat: 0.0139963 max lat: 1.64831 avg lat: 0.561839
  sec Cur ops   started  finished  avg MB/s  cur MB/s last lat(s)  avg lat(s)
  100      64     11423     11359   28.3936        26    0.501749    0.561839
  101      64     11538     11474   28.3971     28.75    0.543077    0.562178
  102      64     11636     11572   28.3588      24.5    0.523075     0.56257
  103      64     11740     11676   28.3359        26    0.747766    0.563077
  104      64     11841     11777   28.3062     25.25    0.561559    0.563623
  105      64     11952     11888   28.3009     27.75    0.551304    0.563862
  106      64     12064     12000    28.298        28    0.644619    0.563967
  107      64     12166     12102   28.2718      25.5    0.535959    0.564441
  108      64     12266     12202   28.2415        25     0.62893    0.564757
  109      64     12399     12335   28.2874     33.25    0.249276    0.564691
  110      64     12491     12427   28.2393        23    0.644918    0.564705
  111      64     12615     12551   28.2642        31    0.513081      0.5649
  112      64     12718     12654   28.2417     25.75    0.532922    0.565346
  113      64     12833     12769   28.2461     28.75    0.516016     0.56532
  114      64     12927     12863   28.2045      23.5    0.634028    0.565589
  115      64     13032     12968   28.1874     26.25    0.719064    0.566063
  116      64     13145     13081   28.1879     28.25    0.660363    0.566303
  117      64     13259     13195   28.1906      28.5    0.478014    0.566394
  118      64     13349     13285   28.1423      22.5    0.638478    0.566878
  119      64     13473     13409   28.1663        31    0.475765    0.567223
2026-07-07T23:19:17.406546+0800 min lat: 0.0139963 max lat: 1.64831 avg lat: 0.566514
  sec Cur ops   started  finished  avg MB/s  cur MB/s last lat(s)  avg lat(s)
  120      64     13579     13515   28.1524      26.5    0.334808    0.566514
Total time run:         120.352
Total writes made:      13579
Write size:             262144
Object size:            262144
Bandwidth (MB/sec):     28.207
Stddev Bandwidth:       10.594
Max bandwidth (MB/sec): 96
Min bandwidth (MB/sec): 2.5
Average IOPS:           112
Stddev IOPS:            42.3759
Max IOPS:               384
Min IOPS:               10
Average Latency(s):     0.566899
Stddev Latency(s):      0.169328
Max latency(s):         1.64831
Min latency(s):         0.0139963
