1784779051 | enp139s0f0np0: 233209025158760 62930935026    0 2473    0     0          0    502161 181272382055999 46982151546    0    0    0     0       0          0
1784779052 | enp139s0f0np0: 233209109969174 62930968035    0 2473    0     0          0    502161 181273968437305 46982532775    0    0    0     0       0          0
1784779053 | enp139s0f0np0: 233209780474381 62931156159    0 2473    0     0          0    502161 181277111992221 46983294752    0    0    0     0       0          0
1784779054 | enp139s0f0np0: 233209932169500 62931218663    0 2473    0     0          0    502161 181279397331161 46983847683    0    0    0     0       0          0
1784779055 | enp139s0f0np0: 233210460107683 62931377122    0 2473    0     0          0    502161 181282489059414 46984597185    0    0    0     0       0          0
1784779056 | enp139s0f0np0: 233210662391294 62931453439    0 2473    0     0          0    502161 181285435721560 46985308117    0    0    0     0       0          0
1784779057 | enp139s0f0np0: 233211204237867 62931613211    0 2473    0     0          0    502162 181288678510187 46986092997    0    0    0     0       0          0
1784779058 | enp139s0f0np0: 233211585018926 62931730924    0 2473    0     0          0    502162 181291040960545 46986666248    0    0    0     0       0          0
1784779059 | enp139s0f0np0: 233211932730215 62931837692    0 2473    0     0          0    502162 181293034190611 46987150651    0    0    0     0       0          0
1784779060 | enp139s0f0np0: 233212431073702 62931987837    0 2473    0     0          0    502162 181296189608045 46987914440    0    0    0     0       0          0
1784779061 | enp139s0f0np0: 233212695041844 62932078665    0 2473    0     0          0    502162 181299126787432 46988623232    0    0    0     0       0          0
1784779062 | enp139s0f0np0: 233212833031464 62932134104    0 2473    0     0          0    502162 181301289485946 46989145135    0    0    0     0       0          0
1784779063 | enp139s0f0np0: 233213456141875 62932312725    0 2473    0     0          0    502162 181304362005038 46989889816    0    0    0     0       0          0
1784779064 | enp139s0f0np0: 233213461117646 62932338693    0 2473    0     0          0    502162 181307321839406 46990600891    0    0    0     0       0          0
1784779065 | enp139s0f0np0: 233213940725763 62932479840    0 2473    0     0          0    502162 181310502171943 46991369641    0    0    0     0       0          0
1784779066 | enp139s0f0np0: 233214272026539 62932585069    0 2473    0     0          0    502162 181312783905123 46991922801    0    0    0     0       0          0
1784779067 | enp139s0f0np0: 233214819490508 62932745851    0 2473    0     0          0    502162 181315749100132 46992642206    0    0    0     0       0          0
1784779068 | enp139s0f0np0: 233215047775911 62932828016    0 2473    0     0          0    502162 181318740959406 46993364217    0    0    0     0       0          0
1784779069 | enp139s0f0np0: 233215529849776 62932970298    0 2473    0     0          0    502162 181321351740226 46993998514    0    0    0     0       0          0
1784779070 | enp139s0f0np0: 233215904647505 62933086056    0 2473    0     0          0    502162 181324058444768 46994654548    0    0    0     0       0          0
1784779071 | enp139s0f0np0: 233216274808595 62933201121    0 2473    0     0          0    502162 181326611565637 46995273624    0    0    0     0       0          0
1784779072 | enp139s0f0np0: 233216773788585 62933347780    0 2473    0     0          0    502162 181329151475829 46995891637    0    0    0     0       0          0
1784779073 | enp139s0f0np0: 233217260964402 62933489822    0 2473    0     0          0    502162 181331155542012 46996381522    0    0    0     0       0          0
1784779074 | enp139s0f0np0: 233217471337123 62933559347    0 2473    0     0          0    502162 181333179657723 46996871477    0    0    0     0       0          0
1784779075 | enp139s0f0np0: 233217706226670 62933638608    0 2473    0     0          0    502162 181335553865865 46997444964    0    0    0     0       0          0
1784779076 | enp139s0f0np0: 233218174949267 62933774935    0 2473    0     0          0    502162 181337457276653 46997909557    0    0    0     0       0          0
1784779077 | enp139s0f0np0: 233218254615801 62933814372    0 2473    0     0          0    502162 181339458865962 46998392044    0    0    0     0       0          0
1784779078 | enp139s0f0np0: 233218306333697 62933845696    0 2473    0     0          0    502162 181341342964979 46998846151    0    0    0     0       0          0
1784779079 | enp139s0f0np0: 233218311240397 62933872437    0 2473    0     0          0    502162 181344179580173 46999527691    0    0    0     0       0          0
1784779080 | enp139s0f0np0: 233218313886255 62933889442    0 2473    0     0          0    502162 181345387036363 46999819040    0    0    0     0       0          0
1784779081 | enp139s0f0np0: 233218319643801 62933921459    0 2473    0     0          0    502162 181348791115376 47000635998    0    0    0     0       0          0
1784779082 | enp139s0f0np0: 233218392665335 62933966324    0 2473    0     0          0    502162 181351386914512 47001261199    0    0    0     0       0          0
1784779083 | enp139s0f0np0: 233218396971086 62933990466    0 2473    0     0          0    502162 181353829098672 47001847980    0    0    0     0       0          0
1784779084 | enp139s0f0np0: 233218398577320 62933999824    0 2473    0     0          0    502162 181354662932260 47002048594    0    0    0     0       0          0
1784779085 | enp139s0f0np0: 233218401411241 62934017428    0 2473    0     0          0    502162 181356108086932 47002396530    0    0    0     0       0          0
1784779086 | enp139s0f0np0: 233218402898428 62934026432    0 2473    0     0          0    502162 181356796083680 47002562420    0    0    0     0       0          0
1784779087 | enp139s0f0np0: 233218404947350 62934038219    0 2473    0     0          0    502163 181357702102580 47002781272    0    0    0     0       0          0
1784779088 | enp139s0f0np0: 233218436033530 62934056717    0 2473    0     0          0    502163 181358524562400 47002980671    0    0    0     0       0          0
1784779089 | enp139s0f0np0: 233218477262985 62934078506    0 2473    0     0          0    502163 181359506867860 47003217939    0    0    0     0       0          0
1784779090 | enp139s0f0np0: 233218479397759 62934090790    0 2473    0     0          0    502163 181360434953407 47003442335    0    0    0     0       0          0
1784779091 | enp139s0f0np0: 233218621222506 62934135322    0 2473    0     0          0    502163 181361262119798 47003644190    0    0    0     0       0          0
1784779092 | enp139s0f0np0: 233218688733776 62934167393    0 2473    0     0          0    502163 181362570787253 47003960623    0    0    0     0       0          0
1784779093 | enp139s0f0np0: 233218690305162 62934176864    0 2473    0     0          0    502163 181363362747421 47004151313    0    0    0     0       0          0
1784779094 | enp139s0f0np0: 233218761110416 62934208318    0 2473    0     0          0    502163 181364538109541 47004435728    0    0    0     0       0          0
1784779095 | enp139s0f0np0: 233218763015062 62934220038    0 2473    0     0          0    502163 181365450963543 47004655730    0    0    0     0       0          0
1784779096 | enp139s0f0np0: 233218833109695 62934247741    0 2473    0     0          0    502163 181366253918323 47004850548    0    0    0     0       0          0
1784779097 | enp139s0f0np0: 233218835033297 62934259473    0 2473    0     0          0    502163 181367148891875 47005066290    0    0    0     0       0          0
1784779098 | enp139s0f0np0: 233218836468969 62934267982    0 2473    0     0          0    502163 181367810663327 47005225706    0    0    0     0       0          0
1784779099 | enp139s0f0np0: 233218838421740 62934279774    0 2473    0     0          0    502163 181368754992473 47005453286    0    0    0     0       0          0
1784779100 | enp139s0f0np0: 233218839818215 62934288117    0 2473    0     0          0    502163 181369403988776 47005609613    0    0    0     0       0          0
1784779101 | enp139s0f0np0: 233218842357449 62934302903    0 2473    0     0          0    502163 181370574857314 47005891970    0    0    0     0       0          0
1784779102 | enp139s0f0np0: 233218843703067 62934310426    0 2473    0     0          0    502163 181371192512644 47006040850    0    0    0     0       0          0
1784779103 | enp139s0f0np0: 233218845577237 62934321582    0 2473    0     0          0    502163 181372086184812 47006256293    0    0    0     0       0          0
1784779104 | enp139s0f0np0: 233218846836546 62934328682    0 2473    0     0          0    502163 181372693310012 47006402551    0    0    0     0       0          0
1784779105 | enp139s0f0np0: 233218848851699 62934340469    0 2473    0     0          0    502163 181373657130102 47006634750    0    0    0     0       0          0
1784779106 | enp139s0f0np0: 233218850040461 62934347486    0 2473    0     0          0    502163 181374143793948 47006752268    0    0    0     0       0          0
1784779107 | enp139s0f0np0: 233218852221174 62934360339    0 2473    0     0          0    502163 181375154568426 47006995779    0    0    0     0       0          0
1784779108 | enp139s0f0np0: 233218853567914 62934367577    0 2473    0     0          0    502163 181375735145150 47007135914    0    0    0     0       0          0
1784779109 | enp139s0f0np0: 233218855595760 62934379597    0 2473    0     0          0    502163 181376659009772 47007358735    0    0    0     0       0          0
1784779110 | enp139s0f0np0: 233218857072204 62934388204    0 2473    0     0          0    502163 181377328063349 47007520038    0    0    0     0       0          0
1784779111 | enp139s0f0np0: 233218858361026 62934395930    0 2473    0     0          0    502163 181377904713755 47007659022    0    0    0     0       0          0
1784779112 | enp139s0f0np0: 233218860220237 62934406494    0 2473    0     0          0    502163 181378795754651 47007873588    0    0    0     0       0          0
1784779113 | enp139s0f0np0: 233218908209450 62934423419    0 2473    0     0          0    502163 181379190756225 47007969728    0    0    0     0       0          0
1784779114 | enp139s0f0np0: 233218931840946 62934441765    0 2473    0     0          0    502163 181380244010967 47008223804    0    0    0     0       0          0
1784779115 | enp139s0f0np0: 233218932878514 62934447535    0 2473    0     0          0    502163 181380675114821 47008327792    0    0    0     0       0          0
1784779116 | enp139s0f0np0: 233218934619089 62934458034    0 2473    0     0          0    502163 181381477826717 47008521303    0    0    0     0       0          0
1784779117 | enp139s0f0np0: 233218936244365 62934467664    0 2473    0     0          0    502164 181382246863469 47008706561    0    0    0     0       0          0
1784779118 | enp139s0f0np0: 233218937771420 62934476881    0 2473    0     0          0    502164 181382932670453 47008871781    0    0    0     0       0          0
1784779119 | enp139s0f0np0: 233219002276881 62934501959    0 2473    0     0          0    502164 181383613188537 47009036904    0    0    0     0       0          0
1784779120 | enp139s0f0np0: 233219098856967 62934533911    0 2473    0     0          0    502164 181384278007510 47009198838    0    0    0     0       0          0
1784779121 | enp139s0f0np0: 233219216201407 62934573366    0 2473    0     0          0    502164 181385244695200 47009434012    0    0    0     0       0          0
1784779122 | enp139s0f0np0: 233219285836889 62934596954    0 2473    0     0          0    502164 181385844115032 47009579786    0    0    0     0       0          0
1784779123 | enp139s0f0np0: 233219288060681 62934609246    0 2473    0     0          0    502164 181386670528032 47009780262    0    0    0     0       0          0
1784779124 | enp139s0f0np0: 233219289567896 62934617773    0 2473    0     0          0    502164 181387443797470 47009966472    0    0    0     0       0          0
1784779125 | enp139s0f0np0: 233219331913005 62934641175    0 2473    0     0          0    502164 181388525940512 47010227913    0    0    0     0       0          0
1784779126 | enp139s0f0np0: 233219361654891 62934656465    0 2473    0     0          0    502164 181389185136696 47010387086    0    0    0     0       0          0
1784779127 | enp139s0f0np0: 233219364133739 62934672279    0 2473    0     0          0    502164 181390401428826 47010679752    0    0    0     0       0          0
1784779128 | enp139s0f0np0: 233219365598490 62934680980    0 2473    0     0          0    502164 181391050409664 47010836021    0    0    0     0       0          0
1784779129 | enp139s0f0np0: 233219367701062 62934693980    0 2473    0     0          0    502164 181392007545295 47011066641    0    0    0     0       0          0
1784779130 | enp139s0f0np0: 233219369313324 62934703527    0 2473    0     0          0    502164 181392697664735 47011233068    0    0    0     0       0          0
1784779131 | enp139s0f0np0: 233219439181160 62934728790    0 2473    0     0          0    502164 181393272762967 47011373404    0    0    0     0       0          0
1784779132 | enp139s0f0np0: 233219440971515 62934739342    0 2473    0     0          0    502164 181394103669599 47011573510    0    0    0     0       0          0
1784779133 | enp139s0f0np0: 233219441757638 62934743559    0 2473    0     0          0    502164 181394392565047 47011643214    0    0    0     0       0          0
1784779134 | enp139s0f0np0: 233219443447350 62934754063    0 2473    0     0          0    502164 181395168298431 47011830091    0    0    0     0       0          0
1784779135 | enp139s0f0np0: 233219444251613 62934758636    0 2473    0     0          0    502164 181395465483985 47011901861    0    0    0     0       0          0
1784779136 | enp139s0f0np0: 233219445040951 62934763196    0 2473    0     0          0    502164 181395765085331 47011974185    0    0    0     0       0          0
1784779137 | enp139s0f0np0: 233219445826236 62934767808    0 2473    0     0          0    502164 181396078837463 47012049987    0    0    0     0       0          0
1784779138 | enp139s0f0np0: 233219518058768 62934792582    0 2473    0     0          0    502164 181396610800905 47012179782    0    0    0     0       0          0
1784779139 | enp139s0f0np0: 233219584764362 62934814508    0 2473    0     0          0    502164 181397065635549 47012290718    0    0    0     0       0          0
1784779140 | enp139s0f0np0: 233219654080033 62934836880    0 2473    0     0          0    502164 181397470321156 47012389668    0    0    0     0       0          0
1784779141 | enp139s0f0np0: 233219655332850 62934844879    0 2473    0     0          0    502164 181398062549260 47012532477    0    0    0     0       0          0
1784779142 | enp139s0f0np0: 233219657129395 62934855900    0 2473    0     0          0    502164 181398932705282 47012742078    0    0    0     0       0          0
1784779143 | enp139s0f0np0: 233219657616543 62934858376    0 2473    0     0          0    502164 181399101345232 47012782944    0    0    0     0       0          0
1784779144 | enp139s0f0np0: 233219659710568 62934870973    0 2473    0     0          0    502164 181400132840578 47013031285    0    0    0     0       0          0
1784779145 | enp139s0f0np0: 233219660696860 62934876803    0 2473    0     0          0    502164 181400588452160 47013141065    0    0    0     0       0          0
1784779146 | enp139s0f0np0: 233219730753750 62934903503    0 2473    0     0          0    502164 181401374915178 47013331916    0    0    0     0       0          0
1784779147 | enp139s0f0np0: 233219731922431 62934910543    0 2473    0     0          0    502165 181401937509732 47013467512    0    0    0     0       0          0
1784779148 | enp139s0f0np0: 233219732864432 62934915919    0 2473    0     0          0    502165 181402355264394 47013568248    0    0    0     0       0          0
1784779149 | enp139s0f0np0: 233219734549106 62934925741    0 2473    0     0          0    502165 181403079559708 47013743214    0    0    0     0       0          0
1784779150 | enp139s0f0np0: 233219736071599 62934934558    0 2473    0     0          0    502165 181403821849999 47013922132    0    0    0     0       0          0
1784779151 | enp139s0f0np0: 233219738542892 62934949524    0 2473    0     0          0    502165 181404995441669 47014205076    0    0    0     0       0          0
1784779152 | enp139s0f0np0: 233219741676062 62934969287    0 2473    0     0          0    502165 181406537291545 47014576446    0    0    0     0       0          0
1784779153 | enp139s0f0np0: 233219744176964 62934984153    0 2473    0     0          0    502165 181407651271365 47014845361    0    0    0     0       0          0
1784779154 | enp139s0f0np0: 233219746677482 62934999070    0 2473    0     0          0    502165 181408921855410 47015151353    0    0    0     0       0          0
1784779155 | enp139s0f0np0: 233219747951933 62935006547    0 2473    0     0          0    502165 181409561501998 47015305417    0    0    0     0       0          0
1784779156 | enp139s0f0np0: 233219749668492 62935017457    0 2473    0     0          0    502165 181410423357755 47015513062    0    0    0     0       0          0
1784779157 | enp139s0f0np0: 233219750613608 62935022626    0 2473    0     0          0    502165 181410853365597 47015616694    0    0    0     0       0          0
1784779158 | enp139s0f0np0: 233219752317312 62935033101    0 2473    0     0          0    502165 181411697355077 47015820092    0    0    0     0       0          0
1784779159 | enp139s0f0np0: 233219753158945 62935038035    0 2473    0     0          0    502165 181412060154003 47015907616    0    0    0     0       0          0
1784779160 | enp139s0f0np0: 233219754901923 62935048398    0 2473    0     0          0    502165 181412861313510 47016100878    0    0    0     0       0          0
1784779161 | enp139s0f0np0: 233219755810060 62935053690    0 2473    0     0          0    502165 181413314235066 47016210023    0    0    0     0       0          0
1784779162 | enp139s0f0np0: 233219851017382 62935087076    0 2473    0     0          0    502165 181414112602924 47016404386    0    0    0     0       0          0
1784779163 | enp139s0f0np0: 233219895933326 62935107312    0 2473    0     0          0    502165 181414831849486 47016578879    0    0    0     0       0          0
1784779164 | enp139s0f0np0: 233219896954866 62935113373    0 2473    0     0          0    502165 181415282450656 47016687634    0    0    0     0       0          0
1784779165 | enp139s0f0np0: 233219898834963 62935125201    0 2473    0     0          0    502165 181416200359180 47016908838    0    0    0     0       0          0
1784779166 | enp139s0f0np0: 233219899136469 62935126866    0 2473    0     0          0    502165 181416305747034 47016934362    0    0    0     0       0          0
1784779167 | enp139s0f0np0: 233219922480547 62935141051    0 2473    0     0          0    502165 181417005514882 47017103390    0    0    0     0       0          0
1784779168 | enp139s0f0np0: 233219970257709 62935160463    0 2473    0     0          0    502165 181417664560178 47017263098    0    0    0     0       0          0
1784779169 | enp139s0f0np0: 233220039208433 62935180807    0 2473    0     0          0    502165 181417912393950 47017324250    0    0    0     0       0          0
1784779170 | enp139s0f0np0: 233220040759515 62935190448    0 2473    0     0          0    502165 181418653075825 47017502792    0    0    0     0       0          0
1784779171 | enp139s0f0np0: 233220042040253 62935198358    0 2473    0     0          0    502165 181419272281161 47017652032    0    0    0     0       0          0
1784779172 | enp139s0f0np0: 233220042446123 62935200555    0 2473    0     0          0    502165 181419412828037 47017686080    0    0    0     0       0          0
1784779173 | enp139s0f0np0: 233220066187308 62935212606    0 2473    0     0          0    502165 181419889519420 47017801595    0    0    0     0       0          0
1784779174 | enp139s0f0np0: 233220250235648 62935267523    0 2473    0     0          0    502165 181420696117213 47017999522    0    0    0     0       0          0
1784779175 | enp139s0f0np0: 233220250901178 62935271390    0 2473    0     0          0    502165 181420984795329 47018069248    0    0    0     0       0          0
1784779176 | enp139s0f0np0: 233220252211439 62935279036    0 2473    0     0          0    502165 181421496189767 47018193079    0    0    0     0       0          0
1784779177 | enp139s0f0np0: 233220322344792 62935306109    0 2473    0     0          0    502166 181422193474615 47018363256    0    0    0     0       0          0
1784779178 | enp139s0f0np0: 233220330992523 62935311999    0 2473    0     0          0    502166 181422463732480 47018428641    0    0    0     0       0          0
1784779179 | enp139s0f0np0: 233220392885686 62935336207    0 2473    0     0          0    502166 181423186646475 47018604077    0    0    0     0       0          0
1784779180 | enp139s0f0np0: 233220394675338 62935347010    0 2473    0     0          0    502166 181424018175318 47018804511    0    0    0     0       0          0
1784779181 | enp139s0f0np0: 233220396065588 62935355431    0 2473    0     0          0    502166 181424648006004 47018956332    0    0    0     0       0          0
1784779182 | enp139s0f0np0: 233220397824162 62935366103    0 2473    0     0          0    502166 181425468577072 47019154120    0    0    0     0       0          0
1784779183 | enp139s0f0np0: 233220399434932 62935375500    0 2473    0     0          0    502166 181426191559482 47019328483    0    0    0     0       0          0
1784779184 | enp139s0f0np0: 233220469526756 62935402629    0 2473    0     0          0    502166 181426976952756 47019519152    0    0    0     0       0          0
1784779185 | enp139s0f0np0: 233220472594915 62935421985    0 2473    0     0          0    502166 181428570695132 47019902687    0    0    0     0       0          0
1784779186 | enp139s0f0np0: 233220473912939 62935429870    0 2473    0     0          0    502166 181429175856672 47020048450    0    0    0     0       0          0
1784779187 | enp139s0f0np0: 233220475795056 62935441755    0 2473    0     0          0    502166 181430033753208 47020255246    0    0    0     0       0          0
1784779188 | enp139s0f0np0: 233220477234436 62935450458    0 2473    0     0          0    502166 181430683597026 47020411939    0    0    0     0       0          0
1784779189 | enp139s0f0np0: 233220478835154 62935460276    0 2473    0     0          0    502166 181431400401356 47020584772    0    0    0     0       0          0
1784779190 | enp139s0f0np0: 233220480414664 62935470109    0 2473    0     0          0    502166 181432125708939 47020759544    0    0    0     0       0          0
1784779191 | enp139s0f0np0: 233220481915228 62935479089    0 2473    0     0          0    502166 181432765180761 47020913766    0    0    0     0       0          0
1784779192 | enp139s0f0np0: 233220483226012 62935486036    0 2473    0     0          0    502166 181433156148609 47021009033    0    0    0     0       0          0
1784779193 | enp139s0f0np0: 233220520539900 62935504912    0 2473    0     0          0    502166 181433838436063 47021174977    0    0    0     0       0          0
1784779194 | enp139s0f0np0: 233220554192284 62935517276    0 2473    0     0          0    502166 181434152037467 47021251313    0    0    0     0       0          0
1784779195 | enp139s0f0np0: 233220555929476 62935527847    0 2473    0     0          0    502166 181434943517789 47021442096    0    0    0     0       0          0
1784779196 | enp139s0f0np0: 233220557142147 62935535303    0 2473    0     0          0    502166 181435464493679 47021567692    0    0    0     0       0          0
1784779197 | enp139s0f0np0: 233220558615240 62935544029    0 2473    0     0          0    502166 181436112472603 47021723927    0    0    0     0       0          0
1784779198 | enp139s0f0np0: 233220560153347 62935553164    0 2473    0     0          0    502166 181436807944957 47021891625    0    0    0     0       0          0
1784779200 | enp139s0f0np0: 233220560659669 62935555549    0 2473    0     0          0    502166 181436959478051 47021928253    0    0    0     0       0          0
1784779201 | enp139s0f0np0: 233220562092225 62935564458    0 2473    0     0          0    502166 181437582885084 47022078649    0    0    0     0       0          0
1784779202 | enp139s0f0np0: 233220563750827 62935575000    0 2473    0     0          0    502166 181438303190996 47022252417    0    0    0     0       0          0
1784779203 | enp139s0f0np0: 233220571795435 62935586549    0 2473    0     0          0    502166 181438998394336 47022420319    0    0    0     0       0          0
1784779204 | enp139s0f0np0: 233220635466161 62935612192    0 2473    0     0          0    502166 181439729902404 47022597798    0    0    0     0       0          0
1784779205 | enp139s0f0np0: 233220705281567 62935637566    0 2473    0     0          0    502166 181440356348644 47022750385    0    0    0     0       0          0
1784779206 | enp139s0f0np0: 233220706916536 62935646679    0 2473    0     0          0    502166 181441084959530 47022926187    0    0    0     0       0          0
1784779207 | enp139s0f0np0: 233220741582948 62935660672    0 2473    0     0          0    502166 181441497273748 47023026390    0    0    0     0       0          0
1784779208 | enp139s0f0np0: 233220778573558 62935682348    0 2473    0     0          0    502167 181442566186278 47023284920    0    0    0     0       0          0
1784779209 | enp139s0f0np0: 233220779620151 62935687886    0 2473    0     0          0    502167 181442989055260 47023386996    0    0    0     0       0          0
1784779210 | enp139s0f0np0: 233220781288637 62935698236    0 2473    0     0          0    502167 181443744740264 47023569041    0    0    0     0       0          0
1784779211 | enp139s0f0np0: 233220782210140 62935703298    0 2473    0     0          0    502167 181444101443017 47023655158    0    0    0     0       0          0
1784779212 | enp139s0f0np0: 233220783646784 62935712089    0 2473    0     0          0    502167 181444741918655 47023809562    0    0    0     0       0          0
1784779213 | enp139s0f0np0: 233220785539432 62935722381    0 2473    0     0          0    502167 181445489406079 47023990405    0    0    0     0       0          0
1784779214 | enp139s0f0np0: 233220842287935 62935744616    0 2473    0     0          0    502167 181446136291617 47024147524    0    0    0     0       0          0
1784779215 | enp139s0f0np0: 233220857050693 62935758118    0 2473    0     0          0    502167 181446848993843 47024319775    0    0    0     0       0          0
1784779216 | enp139s0f0np0: 233220947056795 62935789728    0 2473    0     0          0    502167 181447540973138 47024488302    0    0    0     0       0          0
1784779217 | enp139s0f0np0: 233220997023641 62935811245    0 2473    0     0          0    502167 181448223630427 47024654114    0    0    0     0       0          0
1784779218 | enp139s0f0np0: 233220998385521 62935819402    0 2473    0     0          0    502167 181448795016215 47024791850    0    0    0     0       0          0
1784779219 | enp139s0f0np0: 233221000098255 62935829710    0 2473    0     0          0    502167 181449539863447 47024971554    0    0    0     0       0          0
1784779220 | enp139s0f0np0: 233221053497214 62935850779    0 2473    0     0          0    502167 181450133842685 47025115640    0    0    0     0       0          0
1784779221 | enp139s0f0np0: 233221137310754 62935882083    0 2473    0     0          0    502167 181450981307682 47025321361    0    0    0     0       0          0
1784779222 | enp139s0f0np0: 233221141456354 62935891770    0 2473    0     0          0    502167 181451663745164 47025485807    0    0    0     0       0          0
1784779223 | enp139s0f0np0: 233221142891692 62935900337    0 2473    0     0          0    502167 181452268808018 47025631784    0    0    0     0       0          0
1784779224 | enp139s0f0np0: 233221212854756 62935926664    0 2473    0     0          0    502167 181452952379358 47025797962    0    0    0     0       0          0
1784779225 | enp139s0f0np0: 233221214724295 62935938512    0 2473    0     0          0    502167 181453830177624 47026009403    0    0    0     0       0          0
1784779226 | enp139s0f0np0: 233221216276054 62935947951    0 2473    0     0          0    502167 181454522190518 47026176309    0    0    0     0       0          0
1784779227 | enp139s0f0np0: 233221217747680 62935957164    0 2473    0     0          0    502167 181455172546564 47026333108    0    0    0     0       0          0
1784779228 | enp139s0f0np0: 233221219086553 62935965184    0 2473    0     0          0    502167 181455770117364 47026477248    0    0    0     0       0          0
1784779229 | enp139s0f0np0: 233221220749971 62935975542    0 2473    0     0          0    502167 181456576765632 47026671643    0    0    0     0       0          0
1784779230 | enp139s0f0np0: 233221221996819 62935982667    0 2473    0     0          0    502167 181457107201016 47026799773    0    0    0     0       0          0
1784779231 | enp139s0f0np0: 233221291952984 62936009543    0 2473    0     0          0    502167 181457836303129 47026976967    0    0    0     0       0          0
1784779232 | enp139s0f0np0: 233221293792342 62936019384    0 2473    0     0          0    502167 181458414220481 47027117951    0    0    0     0       0          0
1784779233 | enp139s0f0np0: 233221294120390 62936020569    0 2473    0     0          0    502167 181458455491461 47027128449    0    0    0     0       0          0
1784779234 | enp139s0f0np0: 233221294272719 62936020786    0 2473    0     0          0    502167 181458455556909 47027128653    0    0    0     0       0          0
1784779235 | enp139s0f0np0: 233221294444322 62936021087    0 2473    0     0          0    502167 181458455652345 47027128959    0    0    0     0       0          0
1784779236 | enp139s0f0np0: 233221294977105 62936022683    0 2473    0     0          0    502167 181458456205617 47027130576    0    0    0     0       0          0
1784779237 | enp139s0f0np0: 233221295110897 62936022879    0 2473    0     0          0    502167 181458456266397 47027130770    0    0    0     0       0          0
1784779238 | enp139s0f0np0: 233221370721915 62936043445    0 2473    0     0          0    502168 181458531868430 47027151404    0    0    0     0       0          0
1784779239 | enp139s0f0np0: 233221432737969 62936059824    0 2473    0     0          0    502168 181458593843981 47027167855    0    0    0     0       0          0
1784779240 | enp139s0f0np0: 233221511724112 62936081088    0 2473    0     0          0    502168 181458672854631 47027189148    0    0    0     0       0          0
1784779241 | enp139s0f0np0: 233221638768750 62936114435    0 2473    0     0          0    502168 181458799955462 47027222696    0    0    0     0       0          0
1784779242 | enp139s0f0np0: 233221638915676 62936114672    0 2473    0     0          0    502168 181458800033444 47027222950    0    0    0     0       0          0
1784779243 | enp139s0f0np0: 233221639066477 62936114940    0 2473    0     0          0    502168 181458800121434 47027223252    0    0    0     0       0          0
1784779244 | enp139s0f0np0: 233221639222820 62936115225    0 2473    0     0          0    502168 181458800219258 47027223589    0    0    0     0       0          0
1784779245 | enp139s0f0np0: 233221639363675 62936115529    0 2473    0     0          0    502168 181458800327558 47027223937    0    0    0     0       0          0
1784779246 | enp139s0f0np0: 233221708039449 62936133681    0 2473    0     0          0    502168 181458869025384 47027242218    0    0    0     0       0          0
1784779247 | enp139s0f0np0: 233221708382819 62936134545    0 2473    0     0          0    502168 181458869336886 47027243106    0    0    0     0       0          0
1784779248 | enp139s0f0np0: 233221708564840 62936134926    0 2473    0     0          0    502168 181458869455134 47027243483    0    0    0     0       0          0
1784779249 | enp139s0f0np0: 233221708669428 62936135132    0 2473    0     0          0    502168 181458869515728 47027243686    0    0    0     0       0          0
1784779250 | enp139s0f0np0: 233221708807812 62936135378    0 2473    0     0          0    502168 181458869584668 47027243917    0    0    0     0       0          0
1784779251 | enp139s0f0np0: 233221708921619 62936135555    0 2473    0     0          0    502168 181458869624529 47027244070    0    0    0     0       0          0
1784779252 | enp139s0f0np0: 233221709076388 62936135901    0 2473    0     0          0    502168 181458869736261 47027244426    0    0    0     0       0          0
1784779253 | enp139s0f0np0: 233221709170348 62936136090    0 2473    0     0          0    502168 181458869783535 47027244593    0    0    0     0       0          0
1784779254 | enp139s0f0np0: 233221710789497 62936136819    0 2473    0     0          0    502168 181458871228745 47027245299    0    0    0     0       0          0
1784779255 | enp139s0f0np0: 233221778017774 62936154546    0 2473    0     0          0    502168 181458938522731 47027263050    0    0    0     0       0          0
1784779256 | enp139s0f0np0: 233221778137555 62936154773    0 2473    0     0          0    502168 181458938590435 47027263283    0    0    0     0       0          0
1784779257 | enp139s0f0np0: 233221846779158 62936172788    0 2473    0     0          0    502168 181459007210799 47027281382    0    0    0     0       0          0
1784779258 | enp139s0f0np0: 233221846883569 62936172967    0 2473    0     0          0    502168 181459007262417 47027281563    0    0    0     0       0          0
1784779259 | enp139s0f0np0: 233221846995089 62936173184    0 2473    0     0          0    502168 181459007327133 47027281787    0    0    0     0       0          0
1784779260 | enp139s0f0np0: 233221847127537 62936173436    0 2473    0     0          0    502168 181459007403027 47027282056    0    0    0     0       0          0
1784779261 | enp139s0f0np0: 233221847257995 62936173707    0 2473    0     0          0    502168 181459007481072 47027282316    0    0    0     0       0          0
1784779262 | enp139s0f0np0: 233221847386446 62936173857    0 2473    0     0          0    502168 181459007514156 47027282439    0    0    0     0       0          0
1784779263 | enp139s0f0np0: 233221847522216 62936174048    0 2473    0     0          0    502168 181459007557416 47027282597    0    0    0     0       0          0
1784779264 | enp139s0f0np0: 233221847640644 62936174255    0 2473    0     0          0    502168 181459007608626 47027282777    0    0    0     0       0          0
1784779265 | enp139s0f0np0: 233221909104787 62936190540    0 2473    0     0          0    502168 181459069053382 47027299244    0    0    0     0       0          0
1784779266 | enp139s0f0np0: 233221984977643 62936210429    0 2473    0     0          0    502168 181459144912238 47027319385    0    0    0     0       0          0
1784779267 | enp139s0f0np0: 233221985104119 62936210626    0 2473    0     0          0    502168 181459144965980 47027319576    0    0    0     0       0          0
1784779268 | enp139s0f0np0: 233221985287806 62936210910    0 2473    0     0          0    502169 181459145044862 47027319854    0    0    0     0       0          0
1784779269 | enp139s0f0np0: 233221985391267 62936211081    0 2473    0     0          0    502169 181459145085818 47027320003    0    0    0     0       0          0
1784779270 | enp139s0f0np0: 233221985608377 62936211480    0 2473    0     0          0    502169 181459145163422 47027320272    0    0    0     0       0          0
1784779271 | enp139s0f0np0: 233221985775236 62936211732    0 2473    0     0          0    502169 181459145184101 47027320352    0    0    0     0       0          0
1784779272 | enp139s0f0np0: 233221985944615 62936212003    0 2473    0     0          0    502169 181459145212511 47027320456    0    0    0     0       0          0
1784779273 | enp139s0f0np0: 233221986127657 62936212258    0 2473    0     0          0    502169 181459145225387 47027320506    0    0    0     0       0          0
1784779274 | enp139s0f0np0: 233221986366686 62936212664    0 2473    0     0          0    502169 181459145297213 47027320760    0    0    0     0       0          0
1784779275 | enp139s0f0np0: 233221997570017 62936215951    0 2473    0     0          0    502169 181459156098849 47027323864    0    0    0     0       0          0
1784779276 | enp139s0f0np0: 233222055326133 62936231380    0 2473    0     0          0    502169 181459214047731 47027339246    0    0    0     0       0          0
1784779277 | enp139s0f0np0: 233222055555018 62936231836    0 2473    0     0          0    502169 181459214144715 47027339574    0    0    0     0       0          0
1784779278 | enp139s0f0np0: 233222055788603 62936232316    0 2473    0     0          0    502169 181459214251947 47027339924    0    0    0     0       0          0
1784779279 | enp139s0f0np0: 233222055983029 62936232697    0 2473    0     0          0    502169 181459214320245 47027340166    0    0    0     0       0          0
1784779280 | enp139s0f0np0: 233222056174086 62936233026    0 2473    0     0          0    502169 181459214368203 47027340333    0    0    0     0       0          0
1784779281 | enp139s0f0np0: 233222056429378 62936233487    0 2473    0     0          0    502169 181459214466468 47027340661    0    0    0     0       0          0
1784779282 | enp139s0f0np0: 233222056655013 62936233880    0 2473    0     0          0    502169 181459214540124 47027340922    0    0    0     0       0          0
1784779283 | enp139s0f0np0: 233222056937948 62936234384    0 2473    0     0          0    502169 181459214655456 47027341317    0    0    0     0       0          0
1784779284 | enp139s0f0np0: 233222107355249 62936248327    0 2473    0     0          0    502169 181459264730314 47027355050    0    0    0     0       0          0
1784779285 | enp139s0f0np0: 233222126771352 62936255831    0 2473    0     0          0    502169 181459284359032 47027362432    0    0    0     0       0          0
1784779286 | enp139s0f0np0: 233222127353978 62936257328    0 2473    0     0          0    502169 181459284835474 47027363753    0    0    0     0       0          0
1784779287 | enp139s0f0np0: 233222127610376 62936257820    0 2473    0     0          0    502169 181459284940402 47027364077    0    0    0     0       0          0
1784779288 | enp139s0f0np0: 233222265083937 62936294485    0 2473    0     0          0    502169 181459422368856 47027400623    0    0    0     0       0          0
1784779289 | enp139s0f0np0: 233222443054283 62936341925    0 2473    0     0          0    502169 181459600358754 47027447855    0    0    0     0       0          0
1784779290 | enp139s0f0np0: 233222471538403 62936350209    0 2473    0     0          0    502169 181459628761122 47027455972    0    0    0     0       0          0
1784779291 | enp139s0f0np0: 233222471845401 62936350868    0 2473    0     0          0    502169 181459628931639 47027456519    0    0    0     0       0          0
1784779292 | enp139s0f0np0: 233222472295652 62936351904    0 2473    0     0          0    502169 181459629253497 47027457441    0    0    0     0       0          0
1784779293 | enp139s0f0np0: 233222472959716 62936353713    0 2473    0     0          0    502169 181459629824043 47027459128    0    0    0     0       0          0
1784779294 | enp139s0f0np0: 233222669019033 62936405484    0 2473    0     0          0    502169 181459825341145 47027510594    0    0    0     0       0          0
1784779295 | enp139s0f0np0: 233222778310012 62936435506    0 2473    0     0          0    502169 181459934928525 47027540656    0    0    0     0       0          0
1784779296 | enp139s0f0np0: 233222886263245 62936466788    0 2473    0     0          0    502169 181460043259819 47027572062    0    0    0     0       0          0
1784779297 | enp139s0f0np0: 233222970427118 62936493972    0 2473    0     0          0    502169 181460127672873 47027599160    0    0    0     0       0          0
1784779298 | enp139s0f0np0: 233223348250833 62936596464    0 2473    0     0          0    502170 181460505586574 47027701315    0    0    0     0       0          0
1784779299 | enp139s0f0np0: 233223470446272 62936629111    0 2473    0     0          0    502170 181460628009955 47027733978    0    0    0     0       0          0
1784779300 | enp139s0f0np0: 233223506894847 62936639144    0 2473    0     0          0    502170 181460664327121 47027743901    0    0    0     0       0          0
1784779301 | enp139s0f0np0: 233223712955395 62936693899    0 2473    0     0          0    502170 181460870494636 47027798907    0    0    0     0       0          0
1784779302 | enp139s0f0np0: 233223713468067 62936695309    0 2473    0     0          0    502170 181460870934430 47027800254    0    0    0     0       0          0
1784779303 | enp139s0f0np0: 233223714055619 62936696845    0 2473    0     0          0    502170 181460871426472 47027801687    0    0    0     0       0          0
1784779304 | enp139s0f0np0: 233223714800776 62936698976    0 2473    0     0          0    502170 181460872106866 47027803692    0    0    0     0       0          0
1784779305 | enp139s0f0np0: 233223783944086 62936718475    0 2473    0     0          0    502170 181460941228346 47027823217    0    0    0     0       0          0
1784779306 | enp139s0f0np0: 233223784601664 62936720445    0 2473    0     0          0    502170 181460941877708 47027825114    0    0    0     0       0          0
1784779307 | enp139s0f0np0: 233223785145238 62936722009    0 2473    0     0          0    502170 181460942361422 47027826572    0    0    0     0       0          0
1784779308 | enp139s0f0np0: 233223785767190 62936723762    0 2473    0     0          0    502170 181460942922548 47027828265    0    0    0     0       0          0
1784779309 | enp139s0f0np0: 233223989570581 62936779344    0 2473    0     0          0    502170 181461146605824 47027883786    0    0    0     0       0          0
1784779310 | enp139s0f0np0: 233224266848558 62936852839    0 2473    0     0          0    502170 181461424299954 47027957127    0    0    0     0       0          0
1784779311 | enp139s0f0np0: 233224267060733 62936853181    0 2473    0     0          0    502170 181461424361205 47027957350    0    0    0     0       0          0
1784779312 | enp139s0f0np0: 233224336142352 62936871796    0 2473    0     0          0    502170 181461493384103 47027975916    0    0    0     0       0          0
1784779313 | enp139s0f0np0: 233224473309440 62936908545    0 2473    0     0          0    502170 181461630600417 47028012603    0    0    0     0       0          0
1784779314 | enp139s0f0np0: 233224474285453 62936911524    0 2473    0     0          0    502170 181461631635891 47028015617    0    0    0     0       0          0
1784779315 | enp139s0f0np0: 233224474873821 62936913198    0 2473    0     0          0    502170 181461632198337 47028017330    0    0    0     0       0          0
