1784745272 | enp139s0f0np0: 212072426338085 57467196855    0 2473    0     0          0    501035 158286742587494 41095450077    0    0    0     0       0          0
1784745273 | enp139s0f0np0: 212074071969991 57467597236    0 2473    0     0          0    501035 158286752168075 41095469142    0    0    0     0       0          0
1784745274 | enp139s0f0np0: 212077485791990 57468427531    0 2473    0     0          0    501035 158286772208857 41095511863    0    0    0     0       0          0
1784745275 | enp139s0f0np0: 212081124972994 57469311783    0 2473    0     0          0    501036 158286793422841 41095555362    0    0    0     0       0          0
1784745276 | enp139s0f0np0: 212084643263402 57470166347    0 2473    0     0          0    501036 158286813957583 41095597994    0    0    0     0       0          0
1784745277 | enp139s0f0np0: 212088148494051 57471018410    0 2473    0     0          0    501036 158286834486720 41095641663    0    0    0     0       0          0
1784745278 | enp139s0f0np0: 212091604950574 57471858895    0 2473    0     0          0    501036 158286854817677 41095685608    0    0    0     0       0          0
1784745279 | enp139s0f0np0: 212095108083179 57472710300    0 2473    0     0          0    501036 158286875333963 41095729000    0    0    0     0       0          0
1784745280 | enp139s0f0np0: 212098566538005 57473551253    0 2473    0     0          0    501036 158286895655912 41095773267    0    0    0     0       0          0
1784745281 | enp139s0f0np0: 212101959034332 57474376334    0 2473    0     0          0    501036 158286915546771 41095815805    0    0    0     0       0          0
1784745282 | enp139s0f0np0: 212105388015305 57475210124    0 2473    0     0          0    501036 158286935863182 41095861376    0    0    0     0       0          0
1784745283 | enp139s0f0np0: 212108898433730 57476063507    0 2473    0     0          0    501036 158286956572181 41095907476    0    0    0     0       0          0
1784745284 | enp139s0f0np0: 212112362062389 57476905949    0 2473    0     0          0    501036 158286976967642 41095951908    0    0    0     0       0          0
1784745285 | enp139s0f0np0: 212115719928967 57477722567    0 2473    0     0          0    501036 158286996815646 41095996298    0    0    0     0       0          0
1784745286 | enp139s0f0np0: 212119191110219 57478566699    0 2473    0     0          0    501036 158287017349300 41096042216    0    0    0     0       0          0
1784745287 | enp139s0f0np0: 212122645394764 57479406198    0 2473    0     0          0    501036 158287037604046 41096085547    0    0    0     0       0          0
1784745288 | enp139s0f0np0: 212126140175386 57480255821    0 2473    0     0          0    501036 158287058051154 41096128530    0    0    0     0       0          0
1784745289 | enp139s0f0np0: 212129603181992 57481097901    0 2473    0     0          0    501036 158287078435308 41096173023    0    0    0     0       0          0
1784745290 | enp139s0f0np0: 212132983028256 57481920219    0 2473    0     0          0    501036 158287098357754 41096217082    0    0    0     0       0          0
1784745291 | enp139s0f0np0: 212136462144614 57482766482    0 2473    0     0          0    501036 158287118803103 41096260865    0    0    0     0       0          0
1784745292 | enp139s0f0np0: 212139886897672 57483599473    0 2473    0     0          0    501036 158287139056693 41096306468    0    0    0     0       0          0
1784745293 | enp139s0f0np0: 212143267751541 57484421680    0 2473    0     0          0    501036 158287159004117 41096350663    0    0    0     0       0          0
1784745294 | enp139s0f0np0: 212146659348353 57485246722    0 2473    0     0          0    501036 158287179040046 41096395793    0    0    0     0       0          0
1784745295 | enp139s0f0np0: 212150110117163 57486085832    0 2473    0     0          0    501036 158287199366598 41096440218    0    0    0     0       0          0
1784745296 | enp139s0f0np0: 212153457060327 57486900041    0 2473    0     0          0    501036 158287219232214 41096485554    0    0    0     0       0          0
1784745297 | enp139s0f0np0: 212156857823904 57487727160    0 2473    0     0          0    501036 158287239358482 41096530742    0    0    0     0       0          0
1784745298 | enp139s0f0np0: 212160270010636 57488557054    0 2473    0     0          0    501036 158287259489482 41096575267    0    0    0     0       0          0
1784745299 | enp139s0f0np0: 212163670842932 57489384040    0 2473    0     0          0    501036 158287279541105 41096619356    0    0    0     0       0          0
1784745300 | enp139s0f0np0: 212167014131240 57490197619    0 2473    0     0          0    501036 158287299448137 41096666088    0    0    0     0       0          0
1784745301 | enp139s0f0np0: 212170412922131 57491024427    0 2473    0     0          0    501036 158287319607005 41096711715    0    0    0     0       0          0
1784745302 | enp139s0f0np0: 212173814725005 57491851774    0 2473    0     0          0    501036 158287339768145 41096757422    0    0    0     0       0          0
1784745303 | enp139s0f0np0: 212177184145885 57492671313    0 2473    0     0          0    501036 158287359705261 41096802188    0    0    0     0       0          0
1784745304 | enp139s0f0np0: 212180552119800 57493490686    0 2473    0     0          0    501036 158287379656276 41096847484    0    0    0     0       0          0
1784745305 | enp139s0f0np0: 212183963150854 57494320238    0 2473    0     0          0    501037 158287399775722 41096891962    0    0    0     0       0          0
1784745306 | enp139s0f0np0: 212187324221690 57495137964    0 2473    0     0          0    501037 158287419695073 41096936825    0    0    0     0       0          0
1784745307 | enp139s0f0np0: 212190768095925 57495975512    0 2473    0     0          0    501037 158287440074362 41096982945    0    0    0     0       0          0
1784745308 | enp139s0f0np0: 212194183214209 57496806129    0 2473    0     0          0    501037 158287460202344 41097027485    0    0    0     0       0          0
1784745309 | enp139s0f0np0: 212197528287324 57497620114    0 2473    0     0          0    501037 158287480085014 41097072955    0    0    0     0       0          0
1784745310 | enp139s0f0np0: 212200971110293 57498457726    0 2473    0     0          0    501037 158287500547022 41097120735    0    0    0     0       0          0
1784745311 | enp139s0f0np0: 212204417137154 57499295569    0 2473    0     0          0    501037 158287520860541 41097165151    0    0    0     0       0          0
1784745312 | enp139s0f0np0: 212207772725929 57500112170    0 2473    0     0          0    501037 158287540670887 41097209206    0    0    0     0       0          0
1784745313 | enp139s0f0np0: 212211151474696 57500934264    0 2473    0     0          0    501037 158287560644257 41097253952    0    0    0     0       0          0
1784745314 | enp139s0f0np0: 212214467863168 57501741025    0 2473    0     0          0    501037 158287580065447 41097295083    0    0    0     0       0          0
1784745315 | enp139s0f0np0: 212217761359994 57502542364    0 2473    0     0          0    501037 158287599640152 41097340124    0    0    0     0       0          0
1784745316 | enp139s0f0np0: 212221134684977 57503362756    0 2473    0     0          0    501037 158287619613602 41097385595    0    0    0     0       0          0
1784745317 | enp139s0f0np0: 212224567201018 57504197352    0 2473    0     0          0    501037 158287639976214 41097431760    0    0    0     0       0          0
1784745318 | enp139s0f0np0: 212227940857510 57505018176    0 2473    0     0          0    501037 158287659979788 41097477063    0    0    0     0       0          0
1784745319 | enp139s0f0np0: 212231273372876 57505829298    0 2473    0     0          0    501037 158287679828988 41097523734    0    0    0     0       0          0
1784745320 | enp139s0f0np0: 212234540730118 57506624377    0 2473    0     0          0    501037 158287699309982 41097569169    0    0    0     0       0          0
1784745321 | enp139s0f0np0: 212237828589221 57507424559    0 2473    0     0          0    501037 158287718850353 41097614554    0    0    0     0       0          0
1784745322 | enp139s0f0np0: 212241260026017 57508259052    0 2473    0     0          0    501037 158287739098793 41097659466    0    0    0     0       0          0
1784745323 | enp139s0f0np0: 212244656782821 57509085382    0 2473    0     0          0    501037 158287759208254 41097704802    0    0    0     0       0          0
1784745324 | enp139s0f0np0: 212248023828044 57509904710    0 2473    0     0          0    501037 158287779305592 41097752277    0    0    0     0       0          0
1784745325 | enp139s0f0np0: 212251411059508 57510728876    0 2473    0     0          0    501037 158287799333870 41097797256    0    0    0     0       0          0
1784745326 | enp139s0f0np0: 212254694108349 57511527881    0 2473    0     0          0    501037 158287818788818 41097841631    0    0    0     0       0          0
1784745327 | enp139s0f0np0: 212257850113079 57512296151    0 2473    0     0          0    501037 158287837764869 41097887579    0    0    0     0       0          0
1784745328 | enp139s0f0np0: 212261108717252 57513089039    0 2473    0     0          0    501037 158287857178363 41097933208    0    0    0     0       0          0
1784745329 | enp139s0f0np0: 212264552800403 57513926347    0 2473    0     0          0    501037 158287877503983 41097978286    0    0    0     0       0          0
1784745330 | enp139s0f0np0: 212267911815730 57514743668    0 2473    0     0          0    501037 158287897459899 41098024014    0    0    0     0       0          0
1784745331 | enp139s0f0np0: 212271264819005 57515559551    0 2473    0     0          0    501037 158287917404665 41098070089    0    0    0     0       0          0
1784745332 | enp139s0f0np0: 212274652704572 57516383620    0 2473    0     0          0    501037 158287937473325 41098115545    0    0    0     0       0          0
1784745333 | enp139s0f0np0: 212278064867211 57517213143    0 2473    0     0          0    501037 158287957625683 41098160490    0    0    0     0       0          0
1784745334 | enp139s0f0np0: 212281441831094 57518034592    0 2473    0     0          0    501037 158287977646143 41098206262    0    0    0     0       0          0
1784745335 | enp139s0f0np0: 212284768146880 57518843647    0 2473    0     0          0    501038 158287997353694 41098250665    0    0    0     0       0          0
1784745336 | enp139s0f0np0: 212288108255247 57519656618    0 2473    0     0          0    501038 158288017151901 41098295776    0    0    0     0       0          0
1784745337 | enp139s0f0np0: 212291417020880 57520461089    0 2473    0     0          0    501038 158288036595661 41098337846    0    0    0     0       0          0
1784745338 | enp139s0f0np0: 212294751998435 57521272586    0 2473    0     0          0    501038 158288056442597 41098384160    0    0    0     0       0          0
1784745339 | enp139s0f0np0: 212298068172714 57522079263    0 2473    0     0          0    501038 158288076020432 41098427607    0    0    0     0       0          0
1784745340 | enp139s0f0np0: 212301516899529 57522917675    0 2473    0     0          0    501038 158288096349528 41098472059    0    0    0     0       0          0
1784745341 | enp139s0f0np0: 212304860732831 57523731014    0 2473    0     0          0    501038 158288116184490 41098517664    0    0    0     0       0          0
1784745342 | enp139s0f0np0: 212308244325354 57524553925    0 2473    0     0          0    501038 158288136266519 41098563253    0    0    0     0       0          0
1784745343 | enp139s0f0np0: 212311544617080 57525356886    0 2473    0     0          0    501038 158288155919447 41098609429    0    0    0     0       0          0
1784745344 | enp139s0f0np0: 212314847147480 57526160607    0 2473    0     0          0    501038 158288175630595 41098655761    0    0    0     0       0          0
1784745345 | enp139s0f0np0: 212318151082234 57526964516    0 2473    0     0          0    501038 158288195246982 41098700913    0    0    0     0       0          0
1784745346 | enp139s0f0np0: 212321455395829 57527768562    0 2473    0     0          0    501038 158288214900485 41098746098    0    0    0     0       0          0
1784745347 | enp139s0f0np0: 212324686293569 57528554951    0 2473    0     0          0    501038 158288234227743 41098792394    0    0    0     0       0          0
1784745348 | enp139s0f0np0: 212327829207507 57529320686    0 2473    0     0          0    501038 158288253010344 41098836579    0    0    0     0       0          0
1784745349 | enp139s0f0np0: 212331153450898 57530129090    0 2473    0     0          0    501038 158288272796815 41098882250    0    0    0     0       0          0
1784745350 | enp139s0f0np0: 212334484937323 57530938995    0 2473    0     0          0    501038 158288292468402 41098925770    0    0    0     0       0          0
1784745351 | enp139s0f0np0: 212337804076959 57531746245    0 2473    0     0          0    501038 158288312234486 41098971655    0    0    0     0       0          0
1784745352 | enp139s0f0np0: 212341211017496 57532574562    0 2473    0     0          0    501038 158288332271765 41099015133    0    0    0     0       0          0
1784745353 | enp139s0f0np0: 212344332723688 57533334787    0 2473    0     0          0    501038 158288351130864 41099062488    0    0    0     0       0          0
1784745354 | enp139s0f0np0: 212347445762728 57534093466    0 2473    0     0          0    501038 158288369958058 41099110247    0    0    0     0       0          0
1784745355 | enp139s0f0np0: 212350715558088 57534889508    0 2473    0     0          0    501038 158288389532523 41099157325    0    0    0     0       0          0
1784745356 | enp139s0f0np0: 212354086924824 57535709460    0 2473    0     0          0    501038 158288409552397 41099203063    0    0    0     0       0          0
1784745357 | enp139s0f0np0: 212357363559635 57536506695    0 2473    0     0          0    501038 158288429157710 41099249979    0    0    0     0       0          0
1784745358 | enp139s0f0np0: 212360673250216 57537311704    0 2473    0     0          0    501038 158288448836675 41099295910    0    0    0     0       0          0
1784745359 | enp139s0f0np0: 212364179648515 57538163838    0 2473    0     0          0    501038 158288469495903 41099340754    0    0    0     0       0          0
1784745360 | enp139s0f0np0: 212367570574745 57538988708    0 2473    0     0          0    501038 158288489581751 41099386890    0    0    0     0       0          0
1784745361 | enp139s0f0np0: 212371066971682 57539838831    0 2473    0     0          0    501038 158288510175782 41099431672    0    0    0     0       0          0
1784745362 | enp139s0f0np0: 212374535545708 57540682311    0 2473    0     0          0    501038 158288530639368 41099476600    0    0    0     0       0          0
1784745363 | enp139s0f0np0: 212377995514192 57541523629    0 2473    0     0          0    501038 158288550939802 41099520454    0    0    0     0       0          0
1784745364 | enp139s0f0np0: 212381390585922 57542349414    0 2473    0     0          0    501039 158288570993440 41099565112    0    0    0     0       0          0
1784745365 | enp139s0f0np0: 212384772264333 57543171898    0 2473    0     0          0    501039 158288591109146 41099611461    0    0    0     0       0          0
1784745366 | enp139s0f0np0: 212388209076513 57544007417    0 2473    0     0          0    501039 158288611255830 41099654578    0    0    0     0       0          0
1784745367 | enp139s0f0np0: 212391555118702 57544821374    0 2473    0     0          0    501039 158288631056526 41099698801    0    0    0     0       0          0
1784745368 | enp139s0f0np0: 212394992745594 57545656898    0 2473    0     0          0    501039 158288651283220 41099742944    0    0    0     0       0          0
1784745369 | enp139s0f0np0: 212398230426892 57546444762    0 2473    0     0          0    501039 158288670560375 41099788450    0    0    0     0       0          0
1784745370 | enp139s0f0np0: 212401767066247 57547304099    0 2473    0     0          0    501039 158288691407398 41099833495    0    0    0     0       0          0
1784745371 | enp139s0f0np0: 212405237090371 57548147793    0 2473    0     0          0    501039 158288711855304 41099878744    0    0    0     0       0          0
1784745372 | enp139s0f0np0: 212408637098954 57548974447    0 2473    0     0          0    501039 158288731985965 41099924085    0    0    0     0       0          0
1784745373 | enp139s0f0np0: 212412095486101 57549815362    0 2473    0     0          0    501039 158288752427623 41099970134    0    0    0     0       0          0
1784745374 | enp139s0f0np0: 212415528002315 57550650116    0 2473    0     0          0    501039 158288772707041 41100015247    0    0    0     0       0          0
1784745375 | enp139s0f0np0: 212418947783214 57551481594    0 2473    0     0          0    501039 158288792900053 41100059734    0    0    0     0       0          0
1784745376 | enp139s0f0np0: 212422394621228 57552319667    0 2473    0     0          0    501039 158288813280508 41100105624    0    0    0     0       0          0
1784745377 | enp139s0f0np0: 212425887296728 57553168718    0 2473    0     0          0    501039 158288833908954 41100151699    0    0    0     0       0          0
1784745378 | enp139s0f0np0: 212429344934455 57554009449    0 2473    0     0          0    501039 158288854240498 41100195570    0    0    0     0       0          0
1784745379 | enp139s0f0np0: 212432678610332 57554820196    0 2473    0     0          0    501039 158288874040530 41100241367    0    0    0     0       0          0
1784745380 | enp139s0f0np0: 212436059916404 57555642648    0 2473    0     0          0    501039 158288893897559 41100284200    0    0    0     0       0          0
1784745381 | enp139s0f0np0: 212439421116617 57556460165    0 2473    0     0          0    501039 158288913624105 41100326523    0    0    0     0       0          0
1784745382 | enp139s0f0np0: 212442793843165 57557280353    0 2473    0     0          0    501039 158288933551668 41100370541    0    0    0     0       0          0
1784745383 | enp139s0f0np0: 212446157840511 57558098632    0 2473    0     0          0    501039 158288953412888 41100414632    0    0    0     0       0          0
1784745384 | enp139s0f0np0: 212449515419823 57558915182    0 2473    0     0          0    501039 158288973174972 41100457709    0    0    0     0       0          0
1784745385 | enp139s0f0np0: 212452901287572 57559738523    0 2473    0     0          0    501039 158288993188607 41100502944    0    0    0     0       0          0
1784745386 | enp139s0f0np0: 212456300906867 57560565289    0 2473    0     0          0    501039 158289013328620 41100548410    0    0    0     0       0          0
1784745387 | enp139s0f0np0: 212459741990317 57561401961    0 2473    0     0          0    501039 158289033583005 41100592564    0    0    0     0       0          0
1784745388 | enp139s0f0np0: 212463046088652 57562205647    0 2473    0     0          0    501039 158289053094873 41100636109    0    0    0     0       0          0
1784745389 | enp139s0f0np0: 212466361275154 57563012146    0 2473    0     0          0    501039 158289072804464 41100681583    0    0    0     0       0          0
1784745390 | enp139s0f0np0: 212469709517154 57563827128    0 2473    0     0          0    501039 158289092728680 41100727970    0    0    0     0       0          0
1784745391 | enp139s0f0np0: 212473039706216 57564636826    0 2473    0     0          0    501039 158289112230090 41100769049    0    0    0     0       0          0
1784745392 | enp139s0f0np0: 212476172089095 57565399516    0 2473    0     0          0    501039 158289130964691 41100813749    0    0    0     0       0          0
1784745393 | enp139s0f0np0: 212479310908346 57566164381    0 2473    0     0          0    501039 158289149966975 41100862118    0    0    0     0       0          0
1784745394 | enp139s0f0np0: 212482548105936 57566952356    0 2473    0     0          0    501040 158289169271931 41100907396    0    0    0     0       0          0
1784745395 | enp139s0f0np0: 212485840965544 57567753610    0 2473    0     0          0    501040 158289188853382 41100952789    0    0    0     0       0          0
1784745396 | enp139s0f0np0: 212489261688702 57568585417    0 2473    0     0          0    501040 158289209098822 41100998266    0    0    0     0       0          0
1784745397 | enp139s0f0np0: 212492619956734 57569402577    0 2473    0     0          0    501040 158289229021955 41101043827    0    0    0     0       0          0
1784745398 | enp139s0f0np0: 212495995301617 57570223602    0 2473    0     0          0    501040 158289248935258 41101087963    0    0    0     0       0          0
1784745399 | enp139s0f0np0: 212499407054442 57571053340    0 2473    0     0          0    501040 158289269034935 41101132247    0    0    0     0       0          0
1784745400 | enp139s0f0np0: 212502808637028 57571880254    0 2473    0     0          0    501040 158289289119975 41101176960    0    0    0     0       0          0
1784745401 | enp139s0f0np0: 212506220627761 57572709937    0 2473    0     0          0    501040 158289309423007 41101223885    0    0    0     0       0          0
1784745402 | enp139s0f0np0: 212509588123744 57573529257    0 2473    0     0          0    501040 158289329394915 41101269276    0    0    0     0       0          0
1784745403 | enp139s0f0np0: 212513099483302 57574382811    0 2473    0     0          0    501040 158289350090070 41101314743    0    0    0     0       0          0
1784745404 | enp139s0f0np0: 212516368261784 57575178473    0 2473    0     0          0    501040 158289369575264 41101360626    0    0    0     0       0          0
1784745405 | enp139s0f0np0: 212519521717019 57575946745    0 2473    0     0          0    501040 158289388623187 41101408222    0    0    0     0       0          0
1784745406 | enp139s0f0np0: 212522789643311 57576742443    0 2473    0     0          0    501040 158289408152625 41101454810    0    0    0     0       0          0
1784745407 | enp139s0f0np0: 212526071118892 57577541100    0 2473    0     0          0    501040 158289427786397 41101502024    0    0    0     0       0          0
1784745409 | enp139s0f0np0: 212529304701046 57578328116    0 2473    0     0          0    501040 158289447010865 41101546514    0    0    0     0       0          0
1784745410 | enp139s0f0np0: 212532527588763 57579112382    0 2473    0     0          0    501040 158289466133179 41101589868    0    0    0     0       0          0
1784745411 | enp139s0f0np0: 212535933412579 57579940081    0 2473    0     0          0    501040 158289486119043 41101632788    0    0    0     0       0          0
1784745412 | enp139s0f0np0: 212539309884842 57580761699    0 2473    0     0          0    501040 158289506219094 41101679577    0    0    0     0       0          0
1784745413 | enp139s0f0np0: 212542856244921 57581623668    0 2473    0     0          0    501040 158289527013999 41101723899    0    0    0     0       0          0
1784745414 | enp139s0f0np0: 212546208546914 57582439306    0 2473    0     0          0    501040 158289546884032 41101768968    0    0    0     0       0          0
1784745415 | enp139s0f0np0: 212549611935274 57583267051    0 2473    0     0          0    501040 158289566837503 41101811723    0    0    0     0       0          0
1784745416 | enp139s0f0np0: 212553176591144 57584133600    0 2473    0     0          0    501040 158289587897387 41101858225    0    0    0     0       0          0
1784745417 | enp139s0f0np0: 212556615914422 57584969546    0 2473    0     0          0    501040 158289608174630 41101903078    0    0    0     0       0          0
1784745418 | enp139s0f0np0: 212560138024529 57585825611    0 2473    0     0          0    501040 158289628755908 41101946327    0    0    0     0       0          0
1784745419 | enp139s0f0np0: 212563559771140 57586657809    0 2473    0     0          0    501040 158289649013510 41101991812    0    0    0     0       0          0
1784745420 | enp139s0f0np0: 212566907350494 57587471555    0 2473    0     0          0    501040 158289668752121 41102035582    0    0    0     0       0          0
1784745421 | enp139s0f0np0: 212570299473890 57588296629    0 2473    0     0          0    501040 158289688795165 41102080048    0    0    0     0       0          0
1784745422 | enp139s0f0np0: 212573744160311 57589134514    0 2473    0     0          0    501040 158289709062796 41102124294    0    0    0     0       0          0
1784745423 | enp139s0f0np0: 212577154628197 57589963400    0 2473    0     0          0    501040 158289729043059 41102166758    0    0    0     0       0          0
1784745424 | enp139s0f0np0: 212580617821001 57590805451    0 2473    0     0          0    501040 158289749399197 41102210980    0    0    0     0       0          0
1784745425 | enp139s0f0np0: 212583816499133 57591584178    0 2473    0     0          0    501041 158289768481578 41102256135    0    0    0     0       0          0
1784745426 | enp139s0f0np0: 212587313035174 57592434222    0 2473    0     0          0    501041 158289789025183 41102299967    0    0    0     0       0          0
1784745427 | enp139s0f0np0: 212590828374033 57593288256    0 2473    0     0          0    501041 158289809687790 41102345104    0    0    0     0       0          0
1784745428 | enp139s0f0np0: 212594299444423 57594131665    0 2473    0     0          0    501041 158289830101493 41102389450    0    0    0     0       0          0
1784745429 | enp139s0f0np0: 212597576921477 57594929267    0 2473    0     0          0    501041 158289849571577 41102433837    0    0    0     0       0          0
1784745430 | enp139s0f0np0: 212600799929390 57595713611    0 2473    0     0          0    501041 158289868849182 41102480182    0    0    0     0       0          0
1784745431 | enp139s0f0np0: 212604207194544 57596542176    0 2473    0     0          0    501041 158289889023363 41102525249    0    0    0     0       0          0
1784745432 | enp139s0f0np0: 212607627063080 57597373545    0 2473    0     0          0    501041 158289909240846 41102570200    0    0    0     0       0          0
1784745433 | enp139s0f0np0: 212611079940544 57598212920    0 2473    0     0          0    501041 158289929597339 41102615812    0    0    0     0       0          0
1784745434 | enp139s0f0np0: 212614512540898 57599047495    0 2473    0     0          0    501041 158289949862425 41102660653    0    0    0     0       0          0
1784745435 | enp139s0f0np0: 212617942358061 57599881159    0 2473    0     0          0    501041 158289970138104 41102706270    0    0    0     0       0          0
1784745436 | enp139s0f0np0: 212621339160166 57600706698    0 2473    0     0          0    501041 158289990327003 41102752170    0    0    0     0       0          0
1784745437 | enp139s0f0np0: 212624776005134 57601541768    0 2473    0     0          0    501041 158290010660717 41102798212    0    0    0     0       0          0
1784745438 | enp139s0f0np0: 212628055824449 57602339339    0 2473    0     0          0    501041 158290030206556 41102843710    0    0    0     0       0          0
1784745439 | enp139s0f0np0: 212631483506569 57603172630    0 2473    0     0          0    501041 158290050522760 41102889916    0    0    0     0       0          0
1784745440 | enp139s0f0np0: 212634901907485 57604003769    0 2473    0     0          0    501041 158290070769123 41102935797    0    0    0     0       0          0
1784745441 | enp139s0f0np0: 212638284002550 57604825877    0 2473    0     0          0    501041 158290090629185 41102978767    0    0    0     0       0          0
1784745442 | enp139s0f0np0: 212641701467022 57605656930    0 2473    0     0          0    501041 158290110909590 41103025137    0    0    0     0       0          0
1784745443 | enp139s0f0np0: 212645193042483 57606505569    0 2473    0     0          0    501041 158290131352221 41103067926    0    0    0     0       0          0
1784745444 | enp139s0f0np0: 212648568689981 57607326356    0 2473    0     0          0    501041 158290151182168 41103111089    0    0    0     0       0          0
1784745445 | enp139s0f0np0: 212652082872607 57608180148    0 2473    0     0          0    501041 158290171802953 41103154623    0    0    0     0       0          0
1784745446 | enp139s0f0np0: 212655589426616 57609032515    0 2473    0     0          0    501041 158290192260614 41103197421    0    0    0     0       0          0
1784745447 | enp139s0f0np0: 212659112756094 57609889149    0 2473    0     0          0    501041 158290212932909 41103241959    0    0    0     0       0          0
1784745448 | enp139s0f0np0: 212662708894349 57610762718    0 2473    0     0          0    501041 158290234044784 41103287023    0    0    0     0       0          0
1784745449 | enp139s0f0np0: 212666152106749 57611599594    0 2473    0     0          0    501041 158290254133046 41103328441    0    0    0     0       0          0
1784745450 | enp139s0f0np0: 212669576659265 57612432153    0 2473    0     0          0    501041 158290274222443 41103371445    0    0    0     0       0          0
1784745451 | enp139s0f0np0: 212672945722421 57613251454    0 2473    0     0          0    501041 158290294086690 41103415314    0    0    0     0       0          0
1784745452 | enp139s0f0np0: 212676434937634 57614099527    0 2473    0     0          0    501041 158290314534361 41103458781    0    0    0     0       0          0
1784745453 | enp139s0f0np0: 212679419350255 57614826207    0 2473    0     0          0    501041 158290332288545 41103500555    0    0    0     0       0          0
