hints = 1
  sec Cur ops   started  finished  avg MB/s  cur MB/s last lat(s)  avg lat(s)
    0       0         0         0         0         0           -           0
    1      16     12562     12546   3135.95    3136.5  0.00119493  0.00125109
    2      16     25187     25171   3145.95   3156.25    0.001105  0.00124778
    3      16     37569     37553   3129.05    3095.5  0.00124599  0.00125482
    4      15     49873     49858   3115.79   3076.25  0.00170132  0.00126042
    5      16     62367     62351   3117.24   3123.25  0.00115698  0.00125995
    6      16     74651     74635    3109.5      3071  0.00117572  0.00126318
    7      15     86991     86976   3105.98   3085.25  0.00113003  0.00126466
    8      16     99162     99146   3098.01    3042.5  0.00130764  0.00126805
    9      16    111329    111313   3091.73   3041.75  0.00150098  0.00127067
   10      16    123831    123815   3095.08    3125.5  0.00129955   0.0012693
   11      16    135870    135854    3087.3   3009.75  0.00117461  0.00127257
   12      16    148089    148073   3084.56   3054.75 0.000938484  0.00127388
   13      16    160466    160450   3085.28   3094.25 0.000785464  0.00127353
   14      15    172328    172313   3076.72   2965.75  0.00113468  0.00127712
   15      15    184761    184746    3078.8   3108.25  0.00107169   0.0012762
   16      16    197371    197355   3083.38   3152.25  0.00115706  0.00127427
   17      16    209929    209913   3086.67    3139.5  0.00137135   0.0012729
   18      16    222124    222108   3084.55   3048.75  0.00100494  0.00127376
   19      16    234767    234751   3088.55   3160.75  0.00107647  0.00127205
2026-07-18T23:44:50.043970+0700 min lat: 0.000588569 max lat: 0.0592782 avg lat: 0.00127449
  sec Cur ops   started  finished  avg MB/s  cur MB/s last lat(s)  avg lat(s)
   20      16    246617    246601   3082.23    2962.5 0.000702581  0.00127449
   21      16    259072    259056   3083.72   3113.75  0.00108455  0.00127406
   22      16    271389    271373    3083.5   3079.25  0.00108798  0.00127414
   23      15    283857    283842   3084.96   3117.25  0.00163498  0.00127355
   24      16    296483    296467   3087.92   3156.25  0.00215582   0.0012723
   25      15    308573    308558    3085.3   3022.75  0.00104614  0.00127343
   26      16    320913    320897   3085.27   3084.75  0.00162041  0.00127344
   27      16    333088    333072   3083.72   3043.75  0.00072563  0.00127409
   28      16    345238    345222   3082.07    3037.5  0.00113815   0.0012748
   29      15    357852    357837   3084.53   3153.75   0.0012205  0.00127376
   30      16    370064    370048   3083.46   3052.75 0.000863017   0.0012742
   31      16    382393    382377   3083.42   3082.25   0.0010515  0.00127422
   32      16    394896    394880   3084.73   3125.75  0.00127457  0.00127367
   33      16    407517    407501   3086.86   3155.25  0.00191639  0.00127279
   34      16    419996    419980   3087.82   3119.75  0.00114352  0.00127238
   35      16    432265    432249   3087.23   3067.25  0.00161924  0.00127264
   36      15    444541    444526   3086.72   3069.25  0.00132956  0.00127283
   37      16    457066    457050   3087.91      3131 0.000978564  0.00127229
   38      16    469444    469428   3088.08    3094.5   0.0010302   0.0012722
   39      16    481927    481911   3088.91   3120.75   0.0018039  0.00127187
2026-07-18T23:45:10.045487+0700 min lat: 0.00057353 max lat: 0.0592782 avg lat: 0.00127233
  sec Cur ops   started  finished  avg MB/s  cur MB/s last lat(s)  avg lat(s)
   40      15    494118    494103   3087.88      3048  0.00155609  0.00127233
   41      16    506611    506595   3088.73      3123    0.001469  0.00127199
   42      16    519165    519149   3089.91    3138.5  0.00166623   0.0012715
   43      16    531796    531780   3091.49   3157.75  0.00193552  0.00127083
   44      16    543866    543850    3089.8    3017.5  0.00114221  0.00127162
   45      16    555929    555913   3088.15   3015.75  0.00187451  0.00127229
   46      16    568210    568194   3087.76   3070.25 0.000845703  0.00127244
   47      16    580995    580979   3090.06   3196.25 0.000980768  0.00127148
   48      15    593864    593849   3092.71    3217.5  0.00145135  0.00127037
   49      16    606454    606438   3093.82   3147.25  0.00126111  0.00126991
   50      16    618918    618902   3094.26      3116  0.00094847  0.00126972
   51      16    631771    631755   3096.59   3213.25  0.00142623  0.00126875
   52      15    644807    644792   3099.71   3259.25   0.0018092  0.00126746
   53      16    657446    657430   3100.83    3159.5  0.00191448  0.00126697
   54      16    670207    670191   3102.48   3190.25 0.000824767  0.00126627
   55      16    682790    682774   3103.27   3145.75 0.000692197  0.00126591
   56      16    695994    695978   3106.79      3301  0.00182225  0.00126443
   57      16    709281    709265   3110.56   3321.75  0.00127137  0.00126278
   58      16    722057    722041   3111.99      3194 0.000820696  0.00126218
   59      16    734912    734896   3113.71   3213.75 0.000796724   0.0012615
Total time run:       60.0019
Total reads made:     747680
Read size:            262144
Object size:          262144
Bandwidth (MB/sec):   3115.24
Average IOPS:         12460
Stddev IOPS:          288.825
Max IOPS:             13287
Min IOPS:             11850
Average Latency(s):   0.00126089
Max latency(s):       0.0592782
Min latency(s):       0.00056639
