hints = 1
Maintaining 16 concurrent writes of 262144 bytes to objects of size 262144 for up to 60 seconds or 0 objects
Object prefix: benchmark_data_oneasia-c1-cpu-node10_2309067
  sec Cur ops   started  finished  avg MB/s  cur MB/s last lat(s)  avg lat(s)
    0       0         0         0         0         0           -           0
    1      15     11650     11635    2908.6   2908.75  0.00102428  0.00137361
    2      16     23589     23573   2946.42    2984.5  0.00104854  0.00135642
    3      16     35643     35627    2968.7    3013.5  0.00136536  0.00134637
    4      16     47585     47569   2972.83    2985.5  0.00113038  0.00134452
    5      16     59513     59497   2974.61      2982  0.00163316   0.0013438
    6      16     71388     71372   2973.59   2968.75  0.00113519  0.00134432
    7      15     83300     83285   2974.22   2978.25  0.00126941  0.00134406
    8      16     95168     95152   2973.26   2966.75  0.00119891  0.00134449
    9      16    107106    107090   2974.48    2984.5  0.00114287  0.00134397
   10      16    119195    119179   2979.23   3022.25  0.00102462  0.00134182
   11      16    131231    131215   2981.92      3009  0.00113403  0.00134064
   12      16    143148    143132   2981.68   2979.25  0.00116155  0.00134073
   13      16    155106    155090   2982.26    2989.5  0.00160472  0.00134049
   14      16    166163    166147   2966.67   2764.25  0.00109515  0.00134754
   15      15    178044    178029   2966.91    2970.5  0.00139319  0.00134743
   16      16    190036    190020   2968.82   2997.75  0.00123845  0.00134658
   17      16    202099    202083   2971.56   3015.75  0.00174748  0.00134532
   18      16    213875    213859   2970.02      2944  0.00147724  0.00134602
   19      16    225867    225851   2971.47      2998  0.00159629  0.00134536
2026-07-18T23:04:57.975845+0700 min lat: 0.000710834 max lat: 0.0168358 avg lat: 0.00134495
  sec Cur ops   started  finished  avg MB/s  cur MB/s last lat(s)  avg lat(s)
   20      16    237828    237812    2972.4   2990.25  0.00103346  0.00134495
   21      16    249709    249693   2972.28   2970.25  0.00118419  0.00134499
   22      15    261615    261600   2972.48   2976.75   0.0015093  0.00134492
   23      16    273544    273528   2972.88      2982 0.000916126  0.00134474
   24      16    285535    285519   2973.91   2997.75  0.00128366  0.00134428
   25      16    297326    297310   2972.85   2947.75  0.00157134  0.00134476
   26      16    309225    309209   2972.91   2974.75 0.000917866  0.00134473
   27      16    320332    320316   2965.64   2776.75  0.00114784  0.00134803
   28      16    331984    331968   2963.75      2913  0.00109452   0.0013489
   29      16    343848    343832   2963.82      2966 0.000990818  0.00134885
   30      16    355833    355817    2964.9   2996.25  0.00101776  0.00134838
   31      16    367696    367680   2964.92   2965.75   0.0011675  0.00134837
   32      15    379533    379518   2964.74    2959.5  0.00107438  0.00134845
   33      16    391362    391346    2964.5      2957  0.00139449  0.00134856
   34      16    403089    403073   2963.53   2931.75  0.00125424    0.001349
   35      16    414974    414958   2963.75   2971.25  0.00108286   0.0013489
   36      16    426889    426873   2964.16   2978.75  0.00108671  0.00134871
   37      16    438787    438771   2964.43    2974.5  0.00122268  0.00134859
   38      16    450713    450697   2964.87    2981.5   0.0010872  0.00134838
   39      16    462676    462660   2965.53   2990.75  0.00120822  0.00134809
2026-07-18T23:05:17.977357+0700 min lat: 0.000710834 max lat: 0.0168358 avg lat: 0.00134873
  sec Cur ops   started  finished  avg MB/s  cur MB/s last lat(s)  avg lat(s)
   40      16    474312    474296   2964.11      2909  0.00100867  0.00134873
   41      16    485823    485807      2962   2877.75   0.0010159  0.00134969
   42      16    497713    497697   2962.25    2972.5  0.00112394  0.00134957
   43      15    509375    509360   2961.16   2915.75  0.00110891  0.00135007
   44      16    520566    520550   2957.44    2797.5  0.00109517  0.00135177
   45      16    532277    532261   2956.77   2927.75 0.000979975  0.00135207
   46      16    544237    544221   2957.49      2990  0.00123184  0.00135175
   47      16    556208    556192   2958.24   2992.75  0.00148011  0.00135141
   48      16    568242    568226   2959.28    3008.5  0.00117963  0.00135093
   49      16    580210    580194   2959.94      2992  0.00185342  0.00135062
   50      16    592232    592216   2960.85    3005.5  0.00152437  0.00135022
   51      16    604227    604211   2961.59   2998.75  0.00110391  0.00134988
   52      16    616155    616139   2961.98      2982  0.00121492   0.0013497
   53      16    627943    627927   2961.69      2947 0.000827199  0.00134983
   54      16    639551    639535   2960.58      2902  0.00104221  0.00135034
   55      16    650931    650915   2958.48      2845  0.00105836   0.0013513
   56      16    662675    662659   2958.07      2936  0.00115172  0.00135149
   57      16    674454    674438   2957.83   2944.75 0.000961621   0.0013516
   58      16    686399    686383   2958.32   2986.25 0.000943322  0.00135138
   59      16    698393    698377      2959    2998.5  0.00100411  0.00135107
Total time run:         60.0006
Total writes made:      710367
Write size:             262144
Object size:            262144
Bandwidth (MB/sec):     2959.83
Stddev Bandwidth:       54.4794
Max bandwidth (MB/sec): 3022.25
Min bandwidth (MB/sec): 2764.25
Average IOPS:           11839
Stddev IOPS:            217.918
Max IOPS:               12089
Min IOPS:               11057
Average Latency(s):     0.0013507
Stddev Latency(s):      0.000491467
Max latency(s):         0.0185435
Min latency(s):         0.000703063
