hints = 1
Maintaining 16 concurrent writes of 262144 bytes to objects of size 262144 for up to 60 seconds or 0 objects
Object prefix: benchmark_data_tikv-node_763856
  sec Cur ops   started  finished  avg MB/s  cur MB/s last lat(s)  avg lat(s)
    0       0         0         0         0         0           -           0
    1      16       458       442   110.479     110.5   0.0185569   0.0352839
    2      16       822       806   100.732        91   0.0195055   0.0383391
    3      16      1046      1030   85.8182        56   0.0776667    0.045483
    4      16      1347      1331   83.1721     75.25   0.0158792   0.0477686
    5      16      1674      1658   82.8849     81.75   0.0386362   0.0478467
    6      16      1891      1875   78.1111     54.25      0.0197   0.0509358
    7      16      2129      2113   75.4512      59.5   0.0234346   0.0528702
    8      16      2398      2382   74.4247     67.25   0.0757368   0.0534713
    9      16      2621      2605   72.3488     55.75   0.0963698   0.0552322
   10      16      2829      2813   70.3131        52   0.0518014    0.056504
   11      16      3067      3051   69.3292      59.5   0.0130499   0.0576093
   12      16      3260      3244   67.5719     48.25   0.0217215   0.0590252
   13      16      3473      3457   66.4696     53.25   0.0735036   0.0598821
   14      16      3704      3688   65.8461     57.75   0.0235969    0.060596
   15      16      3913      3897   64.9391     52.25    0.116653   0.0614091
   16      16      4363      4347   67.9105     112.5   0.0148766   0.0588069
   17      16      4628      4612   67.8122     66.25   0.0362596   0.0588418
   18      16      4847      4831   67.0862     54.75   0.0362248   0.0594423
   19      16      5059      5043   66.3444        53   0.0233179   0.0599895
2026-07-07T09:05:08.332252+0800 min lat: 0.00769763 max lat: 0.198125 avg lat: 0.0600595
  sec Cur ops   started  finished  avg MB/s  cur MB/s last lat(s)  avg lat(s)
   20      16      5335      5319   66.4766        69   0.0164613   0.0600595
   21      16      5546      5530   65.8224     52.75   0.0307117   0.0605719
   22      16      5772      5756   65.3983      56.5   0.0413252   0.0609401
   23      16      6016      6000   65.2066        61    0.022382    0.061199
   24      16      6230      6214   64.7185      53.5   0.0237275   0.0615936
   25      16      6450      6434   64.3294        55    0.080829   0.0620046
   26      16      6684      6668   64.1048      58.5   0.0226144   0.0622708
   27      16      6984      6968   64.5079        75   0.0295381   0.0618795
   28      16      7199      7183   64.1234     53.75   0.0452231   0.0621963
   29      16      7432      7416   63.9205     58.25   0.0192853   0.0625349
   30      16      7658      7642   63.6729      56.5   0.0152358    0.062787
   31      16      7946      7930   63.9411        72   0.0207126   0.0624646
   32      16      8158      8142   63.5989        53   0.0316496   0.0627696
   33      16      8386      8370   63.3987        57   0.0853072   0.0629584
   34      16      8623      8607   63.2764     59.25   0.0163647   0.0631732
   35      16      9068      9052   64.6465    111.25   0.0165166   0.0618223
   36      16      9280      9264   64.3228        53    0.014708   0.0621055
   37      16      9513      9497   64.1583     58.25   0.0559755   0.0622186
   38      16      9825      9809   64.5223        78   0.0433959   0.0619434
   39      16     10115     10099   64.7265      72.5    0.037185   0.0617301
2026-07-07T09:05:28.335569+0800 min lat: 0.00743411 max lat: 0.203195 avg lat: 0.0619691
  sec Cur ops   started  finished  avg MB/s  cur MB/s last lat(s)  avg lat(s)
   40      16     10342     10326   64.5268     56.75   0.0713188   0.0619691
   41      16     10562     10546   64.2942        55   0.0172767   0.0621149
   42      16     10928     10912   64.9416      91.5   0.0152762   0.0615388
   43      16     11325     11309   65.7391     99.25   0.0212927    0.060792
   44      16     11537     11521   65.4494        53   0.0206329   0.0610029
   45      16     11772     11756   65.3003     58.75    0.105535   0.0612433
   46      16     12180     12164   66.0977       102   0.0273083   0.0604816
   47      16     12424     12408   65.9891        61   0.0908722   0.0605427
   48      16     12653     12637   65.8068     57.25   0.0638802    0.060722
   49      16     12922     12906    65.836     67.25    0.020448   0.0607215
   50      16     13328     13312    66.549     101.5   0.0231567   0.0600802
   51      16     13552     13536    66.342        56   0.0313456   0.0602364
   52      16     13777     13761   66.1478     56.25    0.020358    0.060431
   53      16     14006     13990   65.9797     57.25   0.0709899   0.0606062
   54      16     14287     14271   66.0586     70.25   0.0466796   0.0604351
   55      16     14521     14505   65.9209      58.5   0.0936615   0.0606472
   56      16     14745     14729   65.7436        56   0.0182422   0.0607719
   57      16     15074     15058    66.033     82.25   0.0192676   0.0605186
   58      16     15386     15370   66.2391        78   0.0239287   0.0603467
   59      16     15603     15587   66.0357     54.25     0.01491    0.060542
2026-07-07T09:05:48.338830+0800 min lat: 0.00743411 max lat: 0.203195 avg lat: 0.0607039
  sec Cur ops   started  finished  avg MB/s  cur MB/s last lat(s)  avg lat(s)
   60      16     15819     15803    65.835        54   0.0164564   0.0607039
Total time run:         60.0479
Total writes made:      15819
Write size:             262144
Object size:            262144
Bandwidth (MB/sec):     65.8599
Stddev Bandwidth:       16.7452
Max bandwidth (MB/sec): 112.5
Min bandwidth (MB/sec): 48.25
Average IOPS:           263
Stddev IOPS:            66.9809
Max IOPS:               450
Min IOPS:               193
Average Latency(s):     0.0607232
Stddev Latency(s):      0.0322702
Max latency(s):         0.203195
Min latency(s):         0.00743411
Cleaning up (deleting benchmark objects)
Removed 15819 objects
Clean up completed and total clean up time :3.59913
