1784776398 | enp139s0f0np0: 230423304549212 62214999441    0 2473    0     0          0    502073 178923605052705 46367058609    0    0    0     0       0          0
1784776399 | enp139s0f0np0: 230423304647518 62214999621    0 2473    0     0          0    502073 178923605052846 46367058611    0    0    0     0       0          0
1784776400 | enp139s0f0np0: 230423304738318 62214999781    0 2473    0     0          0    502073 178923605052846 46367058611    0    0    0     0       0          0
1784776401 | enp139s0f0np0: 230423304818738 62214999945    0 2473    0     0          0    502073 178923605052846 46367058611    0    0    0     0       0          0
1784776402 | enp139s0f0np0: 230423304907592 62215000112    0 2473    0     0          0    502073 178923605052846 46367058611    0    0    0     0       0          0
1784776403 | enp139s0f0np0: 230423305001240 62215000268    0 2473    0     0          0    502073 178923605052846 46367058611    0    0    0     0       0          0
1784776404 | enp139s0f0np0: 230423305075053 62215000454    0 2473    0     0          0    502073 178923605053074 46367058613    0    0    0     0       0          0
1784776405 | enp139s0f0np0: 230423305164746 62215000611    0 2473    0     0          0    502073 178923605053074 46367058613    0    0    0     0       0          0
1784776406 | enp139s0f0np0: 230423305323115 62215000813    0 2473    0     0          0    502073 178923605053074 46367058613    0    0    0     0       0          0
1784776407 | enp139s0f0np0: 230423305428205 62215000988    0 2473    0     0          0    502073 178923605053074 46367058613    0    0    0     0       0          0
1784776408 | enp139s0f0np0: 230423305576669 62215001189    0 2473    0     0          0    502073 178923605053074 46367058613    0    0    0     0       0          0
1784776409 | enp139s0f0np0: 230423305672769 62215001281    0 2473    0     0          0    502073 178923605053215 46367058615    0    0    0     0       0          0
1784776410 | enp139s0f0np0: 230423305772071 62215001356    0 2473    0     0          0    502073 178923605053215 46367058615    0    0    0     0       0          0
1784776411 | enp139s0f0np0: 230423307069920 62215010634    0 2473    0     0          0    502073 178924194247219 46367200470    0    0    0     0       0          0
1784776412 | enp139s0f0np0: 230423308742043 62215022509    0 2473    0     0          0    502073 178924960009183 46367384783    0    0    0     0       0          0
1784776413 | enp139s0f0np0: 230423310492416 62215035109    0 2473    0     0          0    502073 178925746029283 46367573987    0    0    0     0       0          0
1784776414 | enp139s0f0np0: 230423312175481 62215047541    0 2473    0     0          0    502073 178926503537401 46367756323    0    0    0     0       0          0
1784776415 | enp139s0f0np0: 230423316571829 62215073304    0 2473    0     0          0    502073 178929011910903 46368358876    0    0    0     0       0          0
1784776416 | enp139s0f0np0: 230423322396589 62215105822    0 2473    0     0          0    502073 178932489903807 46369193719    0    0    0     0       0          0
1784776417 | enp139s0f0np0: 230423329488476 62215143037    0 2473    0     0          0    502073 178936864993913 46370243467    0    0    0     0       0          0
1784776418 | enp139s0f0np0: 230423336541343 62215179839    0 2473    0     0          0    502074 178941249728639 46371295641    0    0    0     0       0          0
1784776419 | enp139s0f0np0: 230423343600491 62215218310    0 2473    0     0          0    502074 178945536026682 46372324327    0    0    0     0       0          0
1784776420 | enp139s0f0np0: 230423350717067 62215255264    0 2473    0     0          0    502074 178949927649178 46373377988    0    0    0     0       0          0
1784776421 | enp139s0f0np0: 230423357621630 62215292004    0 2473    0     0          0    502074 178954191528748 46374400956    0    0    0     0       0          0
1784776422 | enp139s0f0np0: 230423364776408 62215330202    0 2473    0     0          0    502074 178958553962212 46375447744    0    0    0     0       0          0
1784776423 | enp139s0f0np0: 230423367799687 62215348136    0 2473    0     0          0    502074 178960145115046 46375830656    0    0    0     0       0          0
1784776424 | enp139s0f0np0: 230423374919760 62215387475    0 2473    0     0          0    502074 178964421549726 46376856927    0    0    0     0       0          0
1784776425 | enp139s0f0np0: 230423382188077 62215427163    0 2473    0     0          0    502074 178968775569874 46377901621    0    0    0     0       0          0
1784776426 | enp139s0f0np0: 230423389443064 62215467655    0 2473    0     0          0    502074 178973100131376 46378939334    0    0    0     0       0          0
1784776427 | enp139s0f0np0: 230423396697532 62215508472    0 2473    0     0          0    502074 178977384968344 46379967536    0    0    0     0       0          0
1784776428 | enp139s0f0np0: 230423403702615 62215547147    0 2473    0     0          0    502074 178981561838182 46380969845    0    0    0     0       0          0
1784776429 | enp139s0f0np0: 230423410881076 62215586267    0 2473    0     0          0    502074 178985860494157 46382001355    0    0    0     0       0          0
1784776430 | enp139s0f0np0: 230423418169678 62215626717    0 2473    0     0          0    502074 178990178790169 46383037494    0    0    0     0       0          0
1784776431 | enp139s0f0np0: 230423425391011 62215666837    0 2473    0     0          0    502074 178994462144783 46384065213    0    0    0     0       0          0
1784776432 | enp139s0f0np0: 230423432673672 62215706855    0 2473    0     0          0    502074 178998816108453 46385109994    0    0    0     0       0          0
1784776433 | enp139s0f0np0: 230423437556272 62215734185    0 2473    0     0          0    502074 179001640405653 46385788132    0    0    0     0       0          0
1784776434 | enp139s0f0np0: 230423442318042 62215761580    0 2473    0     0          0    502074 179004361209339 46386441697    0    0    0     0       0          0
1784776435 | enp139s0f0np0: 230423449574520 62215801235    0 2473    0     0          0    502074 179008700929725 46387483134    0    0    0     0       0          0
1784776436 | enp139s0f0np0: 230423456949542 62215842059    0 2473    0     0          0    502074 179013092697605 46388536906    0    0    0     0       0          0
1784776437 | enp139s0f0np0: 230423464166444 62215881569    0 2473    0     0          0    502074 179017415615669 46389574317    0    0    0     0       0          0
1784776438 | enp139s0f0np0: 230423471396203 62215921496    0 2473    0     0          0    502074 179021707503751 46390604271    0    0    0     0       0          0
1784776439 | enp139s0f0np0: 230423478726337 62215962265    0 2473    0     0          0    502074 179026045352808 46391645194    0    0    0     0       0          0
1784776440 | enp139s0f0np0: 230423485851724 62216001547    0 2473    0     0          0    502074 179030283050806 46392662166    0    0    0     0       0          0
1784776441 | enp139s0f0np0: 230423493093448 62216040778    0 2473    0     0          0    502074 179034646734602 46393709162    0    0    0     0       0          0
1784776442 | enp139s0f0np0: 230423500253726 62216080393    0 2473    0     0          0    502074 179038929043320 46394736736    0    0    0     0       0          0
1784776443 | enp139s0f0np0: 230423507512674 62216120255    0 2473    0     0          0    502074 179043243930802 46395772196    0    0    0     0       0          0
1784776444 | enp139s0f0np0: 230423511931030 62216144510    0 2473    0     0          0    502074 179045791940560 46396384188    0    0    0     0       0          0
1784776445 | enp139s0f0np0: 230423517589808 62216176876    0 2473    0     0          0    502074 179049080475578 46397173731    0    0    0     0       0          0
1784776446 | enp139s0f0np0: 230423524827377 62216217059    0 2473    0     0          0    502074 179053390276490 46398208010    0    0    0     0       0          0
1784776447 | enp139s0f0np0: 230423531921396 62216255827    0 2473    0     0          0    502075 179057629091988 46399225269    0    0    0     0       0          0
1784776448 | enp139s0f0np0: 230423539205926 62216295295    0 2473    0     0          0    502075 179062010332364 46400276524    0    0    0     0       0          0
1784776449 | enp139s0f0np0: 230423546401819 62216334721    0 2473    0     0          0    502075 179066327235969 46401312394    0    0    0     0       0          0
1784776450 | enp139s0f0np0: 230423553510983 62216373296    0 2473    0     0          0    502075 179070594310769 46402336256    0    0    0     0       0          0
1784776451 | enp139s0f0np0: 230423560778171 62216413229    0 2473    0     0          0    502075 179074922823141 46403374705    0    0    0     0       0          0
1784776452 | enp139s0f0np0: 230423568026925 62216453689    0 2473    0     0          0    502075 179079234714561 46404409254    0    0    0     0       0          0
1784776453 | enp139s0f0np0: 230423575345707 62216494099    0 2473    0     0          0    502075 179083594607885 46405455440    0    0    0     0       0          0
1784776454 | enp139s0f0np0: 230423580830759 62216524980    0 2473    0     0          0    502075 179086755671245 46406214213    0    0    0     0       0          0
1784776455 | enp139s0f0np0: 230423585427078 62216551930    0 2473    0     0          0    502075 179089315357415 46406829280    0    0    0     0       0          0
1784776456 | enp139s0f0np0: 230423592792854 62216592934    0 2473    0     0          0    502075 179093680587567 46407876786    0    0    0     0       0          0
1784776457 | enp139s0f0np0: 230423600169162 62216632813    0 2473    0     0          0    502075 179098113586895 46408940512    0    0    0     0       0          0
1784776458 | enp139s0f0np0: 230423607651259 62216673633    0 2473    0     0          0    502075 179102583550473 46410012846    0    0    0     0       0          0
1784776459 | enp139s0f0np0: 230423615044712 62216714579    0 2473    0     0          0    502075 179106948065010 46411060085    0    0    0     0       0          0
1784776460 | enp139s0f0np0: 230423622605966 62216756596    0 2473    0     0          0    502075 179111384251912 46412124589    0    0    0     0       0          0
1784776461 | enp139s0f0np0: 230423629942426 62216796675    0 2473    0     0          0    502075 179115748342972 46413171687    0    0    0     0       0          0
1784776462 | enp139s0f0np0: 230423637196507 62216836727    0 2473    0     0          0    502075 179120065389564 46414207632    0    0    0     0       0          0
1784776463 | enp139s0f0np0: 230423644405183 62216875860    0 2473    0     0          0    502075 179124374546680 46415241672    0    0    0     0       0          0
1784776464 | enp139s0f0np0: 230423649681174 62216903776    0 2473    0     0          0    502075 179127527437746 46415998765    0    0    0     0       0          0
1784776465 | enp139s0f0np0: 230423654737472 62216930364    0 2473    0     0          0    502075 179130598917572 46416736508    0    0    0     0       0          0
1784776466 | enp139s0f0np0: 230423662154356 62216970755    0 2473    0     0          0    502075 179135072173930 46417809859    0    0    0     0       0          0
1784776467 | enp139s0f0np0: 230423669342879 62217010076    0 2473    0     0          0    502075 179139388331038 46418845613    0    0    0     0       0          0
1784776468 | enp139s0f0np0: 230423676634631 62217047386    0 2473    0     0          0    502075 179143906675982 46419929795    0    0    0     0       0          0
1784776469 | enp139s0f0np0: 230423683695840 62217083570    0 2473    0     0          0    502075 179148291655785 46420982029    0    0    0     0       0          0
1784776470 | enp139s0f0np0: 230423690931137 62217123363    0 2473    0     0          0    502075 179152641952575 46422025781    0    0    0     0       0          0
1784776471 | enp139s0f0np0: 230423698146870 62217161975    0 2473    0     0          0    502075 179157013255575 46423074770    0    0    0     0       0          0
1784776472 | enp139s0f0np0: 230423705388249 62217201437    0 2473    0     0          0    502075 179161352165151 46424115853    0    0    0     0       0          0
1784776473 | enp139s0f0np0: 230423712722840 62217242951    0 2473    0     0          0    502075 179165663527099 46425150334    0    0    0     0       0          0
1784776474 | enp139s0f0np0: 230423717217378 62217270117    0 2473    0     0          0    502075 179168160240227 46425750055    0    0    0     0       0          0
1784776475 | enp139s0f0np0: 230423722987708 62217303733    0 2473    0     0          0    502075 179171529082311 46426558864    0    0    0     0       0          0
1784776476 | enp139s0f0np0: 230423730303372 62217342397    0 2473    0     0          0    502075 179176034989585 46427639839    0    0    0     0       0          0
1784776477 | enp139s0f0np0: 230423737315822 62217378929    0 2473    0     0          0    502076 179180352231453 46428675914    0    0    0     0       0          0
1784776478 | enp139s0f0np0: 230423744481816 62217416985    0 2473    0     0          0    502076 179184737414789 46429728198    0    0    0     0       0          0
1784776479 | enp139s0f0np0: 230423751846340 62217457063    0 2473    0     0          0    502076 179189168897260 46430791348    0    0    0     0       0          0
1784776480 | enp139s0f0np0: 230423759040834 62217495128    0 2473    0     0          0    502076 179193534676656 46431838998    0    0    0     0       0          0
1784776481 | enp139s0f0np0: 230423766386412 62217535573    0 2473    0     0          0    502076 179197931795324 46432894095    0    0    0     0       0          0
1784776482 | enp139s0f0np0: 230423773484853 62217575102    0 2473    0     0          0    502076 179202169151774 46433910812    0    0    0     0       0          0
1784776483 | enp139s0f0np0: 230423780507366 62217612186    0 2473    0     0          0    502076 179206458778394 46434940203    0    0    0     0       0          0
1784776484 | enp139s0f0np0: 230423783461282 62217629743    0 2473    0     0          0    502076 179208066109538 46435326785    0    0    0     0       0          0
1784776485 | enp139s0f0np0: 230423790218799 62217663901    0 2473    0     0          0    502076 179212316270896 46436346823    0    0    0     0       0          0
1784776486 | enp139s0f0np0: 230423797196749 62217698294    0 2473    0     0          0    502076 179216740190128 46437408398    0    0    0     0       0          0
1784776487 | enp139s0f0np0: 230423804161680 62217735731    0 2473    0     0          0    502076 179220979018440 46438425645    0    0    0     0       0          0
1784776488 | enp139s0f0np0: 230423811080703 62217773071    0 2473    0     0          0    502076 179225176652308 46439433086    0    0    0     0       0          0
1784776489 | enp139s0f0np0: 230423818274073 62217811335    0 2473    0     0          0    502076 179229541461753 46440480286    0    0    0     0       0          0
1784776490 | enp139s0f0np0: 230423825402395 62217850686    0 2473    0     0          0    502076 179233812172011 46441505025    0    0    0     0       0          0
1784776491 | enp139s0f0np0: 230423832709617 62217890613    0 2473    0     0          0    502076 179238200412607 46442557998    0    0    0     0       0          0
1784776492 | enp139s0f0np0: 230423840133545 62217932344    0 2473    0     0          0    502076 179242603451401 46443614356    0    0    0     0       0          0
1784776493 | enp139s0f0np0: 230423845139648 62217961584    0 2473    0     0          0    502076 179245450277473 46444297882    0    0    0     0       0          0
1784776494 | enp139s0f0np0: 230423849946559 62217989602    0 2473    0     0          0    502076 179248224638945 46444964276    0    0    0     0       0          0
1784776495 | enp139s0f0np0: 230423857292222 62218029596    0 2473    0     0          0    502076 179252627668951 46446020707    0    0    0     0       0          0
1784776496 | enp139s0f0np0: 230423864644862 62218070442    0 2473    0     0          0    502076 179257004307959 46447070968    0    0    0     0       0          0
1784776497 | enp139s0f0np0: 230423871892804 62218111703    0 2473    0     0          0    502076 179261303209133 46448102422    0    0    0     0       0          0
1784776498 | enp139s0f0np0: 230423879192884 62218151897    0 2473    0     0          0    502076 179265674394291 46449151305    0    0    0     0       0          0
1784776499 | enp139s0f0np0: 230423886451204 62218192181    0 2473    0     0          0    502076 179270028159112 46450195901    0    0    0     0       0          0
1784776500 | enp139s0f0np0: 230423893766508 62218231934    0 2473    0     0          0    502076 179274424261840 46451250777    0    0    0     0       0          0
1784776501 | enp139s0f0np0: 230423901012050 62218272346    0 2473    0     0          0    502076 179278749239988 46452288528    0    0    0     0       0          0
1784776502 | enp139s0f0np0: 230423908345857 62218313169    0 2473    0     0          0    502076 179283088791244 46453329700    0    0    0     0       0          0
1784776503 | enp139s0f0np0: 230423911349616 62218332138    0 2473    0     0          0    502076 179284660394000 46453707873    0    0    0     0       0          0
1784776504 | enp139s0f0np0: 230423918010545 62218369097    0 2473    0     0          0    502076 179288668099092 46454669684    0    0    0     0       0          0
1784776505 | enp139s0f0np0: 230423925017101 62218406143    0 2473    0     0          0    502076 179292972686152 46455702621    0    0    0     0       0          0
1784776506 | enp139s0f0np0: 230423931582021 62218436269    0 2473    0     0          0    502076 179297281908722 46456736710    0    0    0     0       0          0
1784776507 | enp139s0f0np0: 230423938772031 62218474055    0 2473    0     0          0    502077 179301709496308 46457799130    0    0    0     0       0          0
1784776508 | enp139s0f0np0: 230423946068392 62218512788    0 2473    0     0          0    502077 179306185023546 46458872980    0    0    0     0       0          0
1784776509 | enp139s0f0np0: 230423953429857 62218553348    0 2473    0     0          0    502077 179310632527005 46459940231    0    0    0     0       0          0
1784776510 | enp139s0f0np0: 230423960899536 62218594165    0 2473    0     0          0    502077 179315088851387 46461009477    0    0    0     0       0          0
1784776511 | enp139s0f0np0: 230423964554961 62218614894    0 2473    0     0          0    502077 179317167331235 46461509099    0    0    0     0       0          0
1784776512 | enp139s0f0np0: 230423970982608 62218651488    0 2473    0     0          0    502077 179320964817829 46462420649    0    0    0     0       0          0
1784776513 | enp139s0f0np0: 230423978508553 62218693223    0 2473    0     0          0    502077 179325433228687 46463492907    0    0    0     0       0          0
1784776514 | enp139s0f0np0: 230423985735316 62218732661    0 2473    0     0          0    502077 179329772029807 46464533904    0    0    0     0       0          0
1784776515 | enp139s0f0np0: 230423993124989 62218773310    0 2473    0     0          0    502077 179334193034665 46465594657    0    0    0     0       0          0
1784776516 | enp139s0f0np0: 230424000341864 62218810634    0 2473    0     0          0    502077 179338611354385 46466654909    0    0    0     0       0          0
1784776517 | enp139s0f0np0: 230424007861000 62218852270    0 2473    0     0          0    502077 179343111588103 46467734588    0    0    0     0       0          0
1784776518 | enp139s0f0np0: 230424015310784 62218893475    0 2473    0     0          0    502077 179347520258804 46468792553    0    0    0     0       0          0
1784776519 | enp139s0f0np0: 230424022676307 62218934546    0 2473    0     0          0    502077 179351885621392 46469839974    0    0    0     0       0          0
1784776520 | enp139s0f0np0: 230424026801139 62218958314    0 2473    0     0          0    502077 179354175768646 46470390247    0    0    0     0       0          0
1784776521 | enp139s0f0np0: 230424032859059 62218990736    0 2473    0     0          0    502077 179357847607730 46471271773    0    0    0     0       0          0
1784776522 | enp139s0f0np0: 230424040014522 62219028124    0 2473    0     0          0    502077 179362283052984 46472336028    0    0    0     0       0          0
1784776523 | enp139s0f0np0: 230424047147492 62219065133    0 2473    0     0          0    502077 179366609752480 46473374318    0    0    0     0       0          0
1784776524 | enp139s0f0np0: 230424054323866 62219103131    0 2473    0     0          0    502077 179371010135502 46474430206    0    0    0     0       0          0
1784776525 | enp139s0f0np0: 230424061507848 62219141422    0 2473    0     0          0    502077 179375370754130 46475476393    0    0    0     0       0          0
1784776526 | enp139s0f0np0: 230424068582646 62219177863    0 2473    0     0          0    502077 179379751203866 46476527394    0    0    0     0       0          0
1784776527 | enp139s0f0np0: 230424075784686 62219215969    0 2473    0     0          0    502077 179384128901822 46477577827    0    0    0     0       0          0
1784776528 | enp139s0f0np0: 230424083088467 62219254898    0 2473    0     0          0    502077 179388554829589 46478639903    0    0    0     0       0          0
1784776529 | enp139s0f0np0: 230424086685745 62219275889    0 2473    0     0          0    502077 179390515880737 46479111358    0    0    0     0       0          0
1784776530 | enp139s0f0np0: 230424093045001 62219310098    0 2473    0     0          0    502077 179394358227987 46480033526    0    0    0     0       0          0
1784776531 | enp139s0f0np0: 230424100390456 62219349599    0 2473    0     0          0    502077 179398831635073 46481106863    0    0    0     0       0          0
1784776532 | enp139s0f0np0: 230424107591313 62219389276    0 2473    0     0          0    502077 179403144066105 46482141634    0    0    0     0       0          0
1784776533 | enp139s0f0np0: 230424114948231 62219429539    0 2473    0     0          0    502077 179407563249747 46483202102    0    0    0     0       0          0
1784776534 | enp139s0f0np0: 230424122278799 62219470424    0 2473    0     0          0    502077 179411923013129 46484248203    0    0    0     0       0          0
1784776535 | enp139s0f0np0: 230424129522983 62219509486    0 2473    0     0          0    502077 179416298192967 46485297955    0    0    0     0       0          0
1784776536 | enp139s0f0np0: 230424136755155 62219548586    0 2473    0     0          0    502077 179420660605327 46486344647    0    0    0     0       0          0
1784776537 | enp139s0f0np0: 230424142661670 62219579964    0 2473    0     0          0    502078 179424217867101 46487198180    0    0    0     0       0          0
1784776538 | enp139s0f0np0: 230424145636224 62219598503    0 2473    0     0          0    502078 179425834704736 46487586796    0    0    0     0       0          0
1784776539 | enp139s0f0np0: 230424152789403 62219638222    0 2473    0     0          0    502078 179430095203384 46488609279    0    0    0     0       0          0
1784776540 | enp139s0f0np0: 230424160046984 62219677373    0 2473    0     0          0    502078 179434448911376 46489653957    0    0    0     0       0          0
1784776541 | enp139s0f0np0: 230424167452553 62219717630    0 2473    0     0          0    502078 179438872624732 46490715447    0    0    0     0       0          0
1784776542 | enp139s0f0np0: 230424174852309 62219758922    0 2473    0     0          0    502078 179443267408374 46491770016    0    0    0     0       0          0
1784776543 | enp139s0f0np0: 230424182076410 62219798169    0 2473    0     0          0    502078 179447582838304 46492805532    0    0    0     0       0          0
1784776544 | enp139s0f0np0: 230424189322893 62219837903    0 2473    0     0          0    502078 179451877075420 46493836019    0    0    0     0       0          0
1784776545 | enp139s0f0np0: 230424196367172 62219874664    0 2473    0     0          0    502078 179456187284858 46494870301    0    0    0     0       0          0
1784776546 | enp139s0f0np0: 230424201934286 62219903635    0 2473    0     0          0    502078 179459587157758 46495686580    0    0    0     0       0          0
1784776547 | enp139s0f0np0: 230424206594797 62219930815    0 2473    0     0          0    502078 179462286486700 46496335028    0    0    0     0       0          0
1784776548 | enp139s0f0np0: 230424213659991 62219967404    0 2473    0     0          0    502078 179466624074855 46497375975    0    0    0     0       0          0
1784776549 | enp139s0f0np0: 230424220930765 62220007146    0 2473    0     0          0    502078 179470982105697 46498421781    0    0    0     0       0          0
1784776550 | enp139s0f0np0: 230424228150370 62220046731    0 2473    0     0          0    502078 179475249087285 46499445910    0    0    0     0       0          0
1784776551 | enp139s0f0np0: 230424235501283 62220087980    0 2473    0     0          0    502078 179479567462885 46500482106    0    0    0     0       0          0
1784776552 | enp139s0f0np0: 230424242678249 62220126509    0 2473    0     0          0    502078 179483940973171 46501531573    0    0    0     0       0          0
1784776553 | enp139s0f0np0: 230424249670035 62220163018    0 2473    0     0          0    502078 179488264735911 46502569114    0    0    0     0       0          0
1784776554 | enp139s0f0np0: 230424256764978 62220200352    0 2473    0     0          0    502078 179492619596037 46503614190    0    0    0     0       0          0
1784776555 | enp139s0f0np0: 230424261614116 62220229716    0 2473    0     0          0    502078 179495274688493 46504252166    0    0    0     0       0          0
1784776556 | enp139s0f0np0: 230424267660909 62220264389    0 2473    0     0          0    502078 179498781019645 46505094089    0    0    0     0       0          0
1784776557 | enp139s0f0np0: 230424274973173 62220305072    0 2473    0     0          0    502078 179503138401113 46506139672    0    0    0     0       0          0
1784776558 | enp139s0f0np0: 230424282229830 62220345327    0 2473    0     0          0    502078 179507468709896 46507178855    0    0    0     0       0          0
1784776559 | enp139s0f0np0: 230424289603949 62220385795    0 2473    0     0          0    502078 179511869687532 46508234856    0    0    0     0       0          0
1784776560 | enp139s0f0np0: 230424297004978 62220427107    0 2473    0     0          0    502078 179516295721162 46509296857    0    0    0     0       0          0
1784776561 | enp139s0f0np0: 230424304351641 62220467278    0 2473    0     0          0    502078 179520726050432 46510359898    0    0    0     0       0          0
1784776562 | enp139s0f0np0: 230424311524464 62220506837    0 2473    0     0          0    502078 179525009733396 46511387878    0    0    0     0       0          0
1784776563 | enp139s0f0np0: 230424317348209 62220539601    0 2473    0     0          0    502078 179528399386832 46512201594    0    0    0     0       0          0
1784776564 | enp139s0f0np0: 230424322123058 62220568078    0 2473    0     0          0    502078 179531105932176 46512851793    0    0    0     0       0          0
1784776565 | enp139s0f0np0: 230424329420894 62220607926    0 2473    0     0          0    502078 179535517854958 46513910365    0    0    0     0       0          0
1784776566 | enp139s0f0np0: 230424336647681 62220647853    0 2473    0     0          0    502078 179539830878186 46514945212    0    0    0     0       0          0
1784776567 | enp139s0f0np0: 230424343845074 62220687335    0 2473    0     0          0    502079 179544155245972 46515982817    0    0    0     0       0          0
1784776568 | enp139s0f0np0: 230424351217077 62220728169    0 2473    0     0          0    502079 179548575862853 46517043436    0    0    0     0       0          0
1784776569 | enp139s0f0np0: 230424358676945 62220769769    0 2473    0     0          0    502079 179553027775203 46518111540    0    0    0     0       0          0
1784776570 | enp139s0f0np0: 230424365730539 62220808983    0 2473    0     0          0    502079 179557233884827 46519120872    0    0    0     0       0          0
1784776571 | enp139s0f0np0: 230424372074905 62220844996    0 2473    0     0          0    502079 179560908633357 46520002939    0    0    0     0       0          0
1784776572 | enp139s0f0np0: 230424375935113 62220868554    0 2473    0     0          0    502079 179563059691077 46520519935    0    0    0     0       0          0
1784776573 | enp139s0f0np0: 230424383217403 62220909383    0 2473    0     0          0    502079 179567404672661 46521562486    0    0    0     0       0          0
1784776574 | enp139s0f0np0: 230424390496774 62220949259    0 2473    0     0          0    502079 179571785114377 46522613570    0    0    0     0       0          0
1784776575 | enp139s0f0np0: 230424397459857 62220984316    0 2473    0     0          0    502079 179576128798301 46523655817    0    0    0     0       0          0
1784776576 | enp139s0f0np0: 230424404344331 62221018901    0 2473    0     0          0    502079 179580453373013 46524693524    0    0    0     0       0          0
1784776577 | enp139s0f0np0: 230424411741765 62221057711    0 2473    0     0          0    502079 179585014638931 46525787923    0    0    0     0       0          0
1784776578 | enp139s0f0np0: 230424418722130 62221093398    0 2473    0     0          0    502079 179589380120582 46526835468    0    0    0     0       0          0
1784776579 | enp139s0f0np0: 230424425573053 62221126310    0 2473    0     0          0    502079 179593775601210 46527890139    0    0    0     0       0          0
1784776580 | enp139s0f0np0: 230424429282001 62221147030    0 2473    0     0          0    502079 179595897070642 46528400075    0    0    0     0       0          0
1784776581 | enp139s0f0np0: 230424435375771 62221179338    0 2473    0     0          0    502079 179599597540964 46529288389    0    0    0     0       0          0
1784776582 | enp139s0f0np0: 230424442436870 62221214785    0 2473    0     0          0    502079 179604026683826 46530351248    0    0    0     0       0          0
1784776583 | enp139s0f0np0: 230424449569401 62221252532    0 2473    0     0          0    502079 179608382333248 46531396558    0    0    0     0       0          0
1784776584 | enp139s0f0np0: 230424456559661 62221289435    0 2473    0     0          0    502079 179612660235560 46532423299    0    0    0     0       0          0
1784776585 | enp139s0f0np0: 230424463516021 62221324950    0 2473    0     0          0    502079 179617000472988 46533464822    0    0    0     0       0          0
1784776586 | enp139s0f0np0: 230424470639634 62221363195    0 2473    0     0          0    502079 179621363507450 46534511819    0    0    0     0       0          0
1784776587 | enp139s0f0np0: 230424477770108 62221401427    0 2473    0     0          0    502079 179625714146622 46535555839    0    0    0     0       0          0
1784776588 | enp139s0f0np0: 230424482052554 62221425477    0 2473    0     0          0    502079 179628216810841 46536156879    0    0    0     0       0          0
1784776589 | enp139s0f0np0: 230424487614515 62221456331    0 2473    0     0          0    502079 179631530366191 46536952411    0    0    0     0       0          0
1784776590 | enp139s0f0np0: 230424492085757 62221479482    0 2473    0     0          0    502079 179634209274035 46537595178    0    0    0     0       0          0
