1784790490 | enp139s0f0np0: 240346099462975 64794169981    0 2473    0     0          0    502543 189216317344703 49027421445    0    0    0     0       0          0
1784790491 | enp139s0f0np0: 240347193983201 64794444427    0 2473    0     0          0    502543 189216927038818 49027582231    0    0    0     0       0          0
1784790492 | enp139s0f0np0: 240349956205569 64795122132    0 2473    0     0          0    502543 189218434610381 49027966615    0    0    0     0       0          0
1784790493 | enp139s0f0np0: 240352595081312 64795770410    0 2473    0     0          0    502543 189219888773366 49028339530    0    0    0     0       0          0
1784790494 | enp139s0f0np0: 240355331593756 64796442314    0 2473    0     0          0    502543 189221313712341 49028705473    0    0    0     0       0          0
1784790495 | enp139s0f0np0: 240358026113418 64797104736    0 2473    0     0          0    502543 189222773878770 49029080346    0    0    0     0       0          0
1784790496 | enp139s0f0np0: 240360692002192 64797760270    0 2473    0     0          0    502543 189224231970890 49029453745    0    0    0     0       0          0
1784790497 | enp139s0f0np0: 240363274300761 64798396102    0 2473    0     0          0    502543 189225671983367 49029823642    0    0    0     0       0          0
1784790498 | enp139s0f0np0: 240366065449574 64799080935    0 2473    0     0          0    502543 189227130616034 49030197988    0    0    0     0       0          0
1784790499 | enp139s0f0np0: 240368592582829 64799703620    0 2473    0     0          0    502543 189228534091541 49030558923    0    0    0     0       0          0
1784790500 | enp139s0f0np0: 240371180420110 64800341226    0 2473    0     0          0    502543 189229949486829 49030922586    0    0    0     0       0          0
1784790501 | enp139s0f0np0: 240373686437656 64800958951    0 2473    0     0          0    502543 189231323685327 49031276938    0    0    0     0       0          0
1784790502 | enp139s0f0np0: 240376515163829 64801653325    0 2473    0     0          0    502543 189232778886847 49031651502    0    0    0     0       0          0
1784790503 | enp139s0f0np0: 240379310203266 64802339465    0 2473    0     0          0    502543 189234190667132 49032014594    0    0    0     0       0          0
1784790504 | enp139s0f0np0: 240381913083533 64802980003    0 2473    0     0          0    502543 189235540687621 49032363452    0    0    0     0       0          0
1784790505 | enp139s0f0np0: 240384757426625 64803678494    0 2473    0     0          0    502543 189237015721173 49032740955    0    0    0     0       0          0
1784790506 | enp139s0f0np0: 240387608921804 64804377426    0 2473    0     0          0    502543 189238527694729 49033128798    0    0    0     0       0          0
1784790507 | enp139s0f0np0: 240390211978196 64805017943    0 2473    0     0          0    502543 189239866615729 49033474288    0    0    0     0       0          0
1784790508 | enp139s0f0np0: 240392950616445 64805690920    0 2473    0     0          0    502543 189241344178498 49033854078    0    0    0     0       0          0
1784790509 | enp139s0f0np0: 240395720769046 64806371399    0 2473    0     0          0    502543 189242773039903 49034222042    0    0    0     0       0          0
1784790510 | enp139s0f0np0: 240398555129923 64807066775    0 2473    0     0          0    502543 189244218256913 49034594035    0    0    0     0       0          0
1784790511 | enp139s0f0np0: 240401425379932 64807770453    0 2473    0     0          0    502543 189245642347254 49034960388    0    0    0     0       0          0
1784790512 | enp139s0f0np0: 240404101573413 64808427898    0 2473    0     0          0    502543 189246989479734 49035308661    0    0    0     0       0          0
1784790513 | enp139s0f0np0: 240406246078714 64808956241    0 2473    0     0          0    502543 189248073058712 49035590972    0    0    0     0       0          0
1784790514 | enp139s0f0np0: 240408875325269 64809603157    0 2473    0     0          0    502543 189249347458611 49035922340    0    0    0     0       0          0
1784790515 | enp139s0f0np0: 240411546871542 64810260521    0 2473    0     0          0    502543 189250687880591 49036268488    0    0    0     0       0          0
1784790516 | enp139s0f0np0: 240414319466860 64810941487    0 2473    0     0          0    502543 189252135510599 49036639916    0    0    0     0       0          0
1784790517 | enp139s0f0np0: 240417261977378 64811661982    0 2473    0     0          0    502543 189253591522816 49037013772    0    0    0     0       0          0
1784790518 | enp139s0f0np0: 240420076895779 64812353099    0 2473    0     0          0    502544 189255019930573 49037381502    0    0    0     0       0          0
1784790519 | enp139s0f0np0: 240422666310454 64812990969    0 2473    0     0          0    502544 189256351440929 49037726049    0    0    0     0       0          0
1784790520 | enp139s0f0np0: 240425315457844 64813642930    0 2473    0     0          0    502544 189257705695038 49038075537    0    0    0     0       0          0
1784790521 | enp139s0f0np0: 240428114104151 64814330543    0 2473    0     0          0    502544 189259161980422 49038450402    0    0    0     0       0          0
1784790522 | enp139s0f0np0: 240430702613417 64814968525    0 2473    0     0          0    502544 189260482506091 49038792705    0    0    0     0       0          0
1784790523 | enp139s0f0np0: 240433367231778 64815623226    0 2473    0     0          0    502544 189261824136041 49039139856    0    0    0     0       0          0
1784790524 | enp139s0f0np0: 240436101906332 64816295367    0 2473    0     0          0    502544 189263240141710 49039503367    0    0    0     0       0          0
1784790525 | enp139s0f0np0: 240438780937945 64816954628    0 2473    0     0          0    502544 189264578759460 49039850546    0    0    0     0       0          0
1784790526 | enp139s0f0np0: 240441503112194 64817624183    0 2473    0     0          0    502544 189265944428302 49040206042    0    0    0     0       0          0
1784790527 | enp139s0f0np0: 240444143238798 64818273640    0 2473    0     0          0    502544 189267296069433 49040555050    0    0    0     0       0          0
1784790528 | enp139s0f0np0: 240446499168202 64818853905    0 2473    0     0          0    502544 189268494459521 49040866130    0    0    0     0       0          0
1784790529 | enp139s0f0np0: 240449047128507 64819479694    0 2473    0     0          0    502544 189269711848215 49041181521    0    0    0     0       0          0
1784790530 | enp139s0f0np0: 240451708357443 64820133744    0 2473    0     0          0    502544 189271106781065 49041540810    0    0    0     0       0          0
1784790531 | enp139s0f0np0: 240454331804757 64820779079    0 2473    0     0          0    502544 189272459731642 49041890168    0    0    0     0       0          0
1784790532 | enp139s0f0np0: 240457076326362 64821453182    0 2473    0     0          0    502544 189273847286189 49042247135    0    0    0     0       0          0
1784790533 | enp139s0f0np0: 240459727571246 64822105519    0 2473    0     0          0    502544 189275280969290 49042616086    0    0    0     0       0          0
1784790534 | enp139s0f0np0: 240462409605157 64822765082    0 2473    0     0          0    502544 189276695067658 49042979599    0    0    0     0       0          0
1784790535 | enp139s0f0np0: 240465157209901 64823440342    0 2473    0     0          0    502544 189278067233079 49043336076    0    0    0     0       0          0
1784790536 | enp139s0f0np0: 240467799352237 64824091090    0 2473    0     0          0    502544 189279361318977 49043671386    0    0    0     0       0          0
1784790537 | enp139s0f0np0: 240470588116375 64824775735    0 2473    0     0          0    502544 189280775315998 49044034967    0    0    0     0       0          0
1784790538 | enp139s0f0np0: 240473217458286 64825422996    0 2473    0     0          0    502544 189282118427044 49044382602    0    0    0     0       0          0
1784790539 | enp139s0f0np0: 240475870292889 64826075717    0 2473    0     0          0    502544 189283404964960 49044716005    0    0    0     0       0          0
1784790540 | enp139s0f0np0: 240478082461508 64826619770    0 2473    0     0          0    502544 189284486585260 49044996097    0    0    0     0       0          0
1784790541 | enp139s0f0np0: 240480777745665 64827282727    0 2473    0     0          0    502544 189285821534300 49045341552    0    0    0     0       0          0
1784790542 | enp139s0f0np0: 240483375115592 64827922359    0 2473    0     0          0    502544 189287042440972 49045660478    0    0    0     0       0          0
1784790543 | enp139s0f0np0: 240486248517728 64828626284    0 2473    0     0          0    502544 189288355182002 49045999683    0    0    0     0       0          0
1784790544 | enp139s0f0np0: 240489286679129 64829369649    0 2473    0     0          0    502544 189289661360316 49046338711    0    0    0     0       0          0
1784790545 | enp139s0f0np0: 240492366821829 64830122419    0 2473    0     0          0    502544 189290918205632 49046665067    0    0    0     0       0          0
1784790546 | enp139s0f0np0: 240495394254750 64830862594    0 2473    0     0          0    502544 189292219561218 49047001267    0    0    0     0       0          0
1784790547 | enp139s0f0np0: 240498046601670 64831514906    0 2473    0     0          0    502544 189293528310386 49047340404    0    0    0     0       0          0
1784790548 | enp139s0f0np0: 240500857675129 64832205302    0 2473    0     0          0    502545 189294946693550 49047705299    0    0    0     0       0          0
1784790549 | enp139s0f0np0: 240503039632108 64832742996    0 2473    0     0          0    502545 189296130226691 49048010137    0    0    0     0       0          0
1784790550 | enp139s0f0np0: 240505955439955 64833458559    0 2473    0     0          0    502545 189297619166596 49048390788    0    0    0     0       0          0
1784790551 | enp139s0f0np0: 240508865288568 64834172207    0 2473    0     0          0    502545 189299082428937 49048765555    0    0    0     0       0          0
1784790552 | enp139s0f0np0: 240511727778958 64834874898    0 2473    0     0          0    502545 189300578947647 49049148812    0    0    0     0       0          0
1784790553 | enp139s0f0np0: 240514401647345 64835532569    0 2473    0     0          0    502545 189301925833579 49049497447    0    0    0     0       0          0
1784790554 | enp139s0f0np0: 240517080431897 64836191522    0 2473    0     0          0    502545 189303245331613 49049838848    0    0    0     0       0          0
1784790555 | enp139s0f0np0: 240519777616754 64836854185    0 2473    0     0          0    502545 189304573307951 49050181324    0    0    0     0       0          0
1784790556 | enp139s0f0np0: 240522466869014 64837515043    0 2473    0     0          0    502545 189305902932704 49050526322    0    0    0     0       0          0
1784790557 | enp139s0f0np0: 240524549529779 64838027916    0 2473    0     0          0    502545 189306926775549 49050793401    0    0    0     0       0          0
1784790558 | enp139s0f0np0: 240527396145818 64838726607    0 2473    0     0          0    502545 189308334835749 49051156629    0    0    0     0       0          0
1784790559 | enp139s0f0np0: 240529986335180 64839364520    0 2473    0     0          0    502545 189309624732333 49051490667    0    0    0     0       0          0
1784790560 | enp139s0f0np0: 240532678872388 64840026974    0 2473    0     0          0    502545 189311004862422 49051847602    0    0    0     0       0          0
1784790561 | enp139s0f0np0: 240535487131431 64840716832    0 2473    0     0          0    502545 189312450211288 49052217854    0    0    0     0       0          0
1784790562 | enp139s0f0np0: 240538132216051 64841368090    0 2473    0     0          0    502545 189313829137239 49052573275    0    0    0     0       0          0
1784790563 | enp139s0f0np0: 240540700240377 64842000793    0 2473    0     0          0    502545 189315134520785 49052911917    0    0    0     0       0          0
1784790564 | enp139s0f0np0: 240542829983251 64842525236    0 2473    0     0          0    502545 189316219626854 49053193023    0    0    0     0       0          0
1784790565 | enp139s0f0np0: 240545515534773 64843186164    0 2473    0     0          0    502545 189317575319154 49053544968    0    0    0     0       0          0
1784790566 | enp139s0f0np0: 240548150879989 64843835005    0 2473    0     0          0    502545 189318859251220 49053879037    0    0    0     0       0          0
1784790567 | enp139s0f0np0: 240550923550819 64844516380    0 2473    0     0          0    502545 189320238637126 49054234184    0    0    0     0       0          0
1784790568 | enp139s0f0np0: 240553651408823 64845186855    0 2473    0     0          0    502545 189321628813841 49054592985    0    0    0     0       0          0
1784790569 | enp139s0f0np0: 240556577107783 64845905347    0 2473    0     0          0    502545 189323088545368 49054968019    0    0    0     0       0          0
1784790570 | enp139s0f0np0: 240558757155361 64846442129    0 2473    0     0          0    502545 189324209174445 49055257391    0    0    0     0       0          0
1784790571 | enp139s0f0np0: 240561335902176 64847077602    0 2473    0     0          0    502545 189325524054897 49055597947    0    0    0     0       0          0
1784790572 | enp139s0f0np0: 240563930203638 64847717617    0 2473    0     0          0    502545 189326948885203 49055964311    0    0    0     0       0          0
1784790573 | enp139s0f0np0: 240566468760396 64848343365    0 2473    0     0          0    502545 189328307091016 49056315459    0    0    0     0       0          0
1784790574 | enp139s0f0np0: 240569042536356 64848977389    0 2473    0     0          0    502545 189329620448617 49056655290    0    0    0     0       0          0
1784790575 | enp139s0f0np0: 240571737463704 64849640914    0 2473    0     0          0    502545 189330978518863 49057006137    0    0    0     0       0          0
1784790576 | enp139s0f0np0: 240573817289417 64850152759    0 2473    0     0          0    502545 189331997756640 49057270032    0    0    0     0       0          0
1784790577 | enp139s0f0np0: 240576582032313 64850832447    0 2473    0     0          0    502545 189333416819903 49057634781    0    0    0     0       0          0
1784790578 | enp139s0f0np0: 240579169308783 64851470198    0 2473    0     0          0    502546 189334795033282 49057990376    0    0    0     0       0          0
1784790579 | enp139s0f0np0: 240581757635891 64852107498    0 2473    0     0          0    502546 189336105940855 49058329903    0    0    0     0       0          0
1784790580 | enp139s0f0np0: 240584347993464 64852745650    0 2473    0     0          0    502546 189337456225773 49058678871    0    0    0     0       0          0
1784790581 | enp139s0f0np0: 240586976170729 64853392593    0 2473    0     0          0    502546 189338817775934 49059030718    0    0    0     0       0          0
1784790582 | enp139s0f0np0: 240589183056799 64853935191    0 2473    0     0          0    502546 189339892176326 49059310494    0    0    0     0       0          0
1784790583 | enp139s0f0np0: 240591831774904 64854586772    0 2473    0     0          0    502546 189341201898309 49059650654    0    0    0     0       0          0
1784790584 | enp139s0f0np0: 240594439282592 64855228346    0 2473    0     0          0    502546 189342474192596 49059981105    0    0    0     0       0          0
1784790585 | enp139s0f0np0: 240596991951956 64855857095    0 2473    0     0          0    502546 189343756558766 49060314024    0    0    0     0       0          0
1784790586 | enp139s0f0np0: 240599587918114 64856496371    0 2473    0     0          0    502546 189345051325931 49060650104    0    0    0     0       0          0
1784790587 | enp139s0f0np0: 240601638923272 64857001941    0 2473    0     0          0    502546 189346098331286 49060921834    0    0    0     0       0          0
1784790588 | enp139s0f0np0: 240604335956434 64857664787    0 2473    0     0          0    502546 189347434239762 49061267085    0    0    0     0       0          0
1784790589 | enp139s0f0np0: 240606937058826 64858305356    0 2473    0     0          0    502546 189348710446242 49061599050    0    0    0     0       0          0
1784790590 | enp139s0f0np0: 240609606156375 64858961737    0 2473    0     0          0    502546 189350015631416 49061937051    0    0    0     0       0          0
1784790591 | enp139s0f0np0: 240612228804348 64859607651    0 2473    0     0          0    502546 189351265192334 49062263161    0    0    0     0       0          0
1784790592 | enp139s0f0np0: 240614385476935 64860139573    0 2473    0     0          0    502546 189352354920337 49062546941    0    0    0     0       0          0
1784790593 | enp139s0f0np0: 240617095946927 64860806234    0 2473    0     0          0    502546 189353678736395 49062890243    0    0    0     0       0          0
1784790594 | enp139s0f0np0: 240619725599861 64861452991    0 2473    0     0          0    502546 189354945835437 49063220336    0    0    0     0       0          0
1784790595 | enp139s0f0np0: 240622486582053 64862131082    0 2473    0     0          0    502546 189356273669464 49063563632    0    0    0     0       0          0
1784790596 | enp139s0f0np0: 240625215375097 64862801451    0 2473    0     0          0    502546 189357569180606 49063899510    0    0    0     0       0          0
1784790597 | enp139s0f0np0: 240627361731049 64863329791    0 2473    0     0          0    502546 189358599334760 49064168681    0    0    0     0       0          0
1784790598 | enp139s0f0np0: 240630259342355 64864039811    0 2473    0     0          0    502546 189359862002144 49064497355    0    0    0     0       0          0
1784790599 | enp139s0f0np0: 240633005383424 64864713917    0 2473    0     0          0    502546 189361061215152 49064811088    0    0    0     0       0          0
1784790600 | enp139s0f0np0: 240635971070346 64865439999    0 2473    0     0          0    502546 189362382199504 49065152188    0    0    0     0       0          0
1784790601 | enp139s0f0np0: 240638721463112 64866115136    0 2473    0     0          0    502546 189363631003888 49065477064    0    0    0     0       0          0
1784790602 | enp139s0f0np0: 240641000087553 64866677076    0 2473    0     0          0    502546 189364768396286 49065773125    0    0    0     0       0          0
1784790603 | enp139s0f0np0: 240643611216256 64867319595    0 2473    0     0          0    502546 189366075331120 49066110941    0    0    0     0       0          0
1784790604 | enp139s0f0np0: 240646327847589 64867986701    0 2473    0     0          0    502546 189367358886684 49066444386    0    0    0     0       0          0
1784790605 | enp139s0f0np0: 240649120558057 64868672275    0 2473    0     0          0    502546 189368800825955 49066815129    0    0    0     0       0          0
1784790606 | enp139s0f0np0: 240651762302245 64869322568    0 2473    0     0          0    502546 189370086816995 49067148520    0    0    0     0       0          0
1784790607 | enp139s0f0np0: 240654409311806 64869973937    0 2473    0     0          0    502546 189371411346666 49067491014    0    0    0     0       0          0
1784790608 | enp139s0f0np0: 240657057203663 64870626016    0 2473    0     0          0    502547 189372747435751 49067837148    0    0    0     0       0          0
1784790609 | enp139s0f0np0: 240659649728200 64871264526    0 2473    0     0          0    502547 189374083363487 49068183162    0    0    0     0       0          0
1784790610 | enp139s0f0np0: 240662323966118 64871922289    0 2473    0     0          0    502547 189375448033331 49068535635    0    0    0     0       0          0
1784790611 | enp139s0f0np0: 240664865509273 64872549425    0 2473    0     0          0    502547 189376779633113 49068880304    0    0    0     0       0          0
1784790612 | enp139s0f0np0: 240667385175283 64873170455    0 2473    0     0          0    502547 189378101567865 49069222291    0    0    0     0       0          0
1784790613 | enp139s0f0np0: 240670057341238 64873827592    0 2473    0     0          0    502547 189379452161836 49069573341    0    0    0     0       0          0
1784790614 | enp139s0f0np0: 240672479994628 64874423457    0 2473    0     0          0    502547 189380638967435 49069881288    0    0    0     0       0          0
1784790615 | enp139s0f0np0: 240674980407340 64875039909    0 2473    0     0          0    502547 189381887019188 49070206549    0    0    0     0       0          0
1784790616 | enp139s0f0np0: 240677628470061 64875691645    0 2473    0     0          0    502547 189383228871161 49070554096    0    0    0     0       0          0
1784790617 | enp139s0f0np0: 240680296064234 64876347528    0 2473    0     0          0    502547 189384585457422 49070904698    0    0    0     0       0          0
1784790618 | enp139s0f0np0: 240682970765632 64877005470    0 2473    0     0          0    502547 189385934472108 49071253347    0    0    0     0       0          0
1784790619 | enp139s0f0np0: 240685482978240 64877624378    0 2473    0     0          0    502547 189387163593686 49071573570    0    0    0     0       0          0
1784790620 | enp139s0f0np0: 240688062804091 64878259919    0 2473    0     0          0    502547 189388474937231 49071914072    0    0    0     0       0          0
1784790621 | enp139s0f0np0: 240690307465775 64878812680    0 2473    0     0          0    502547 189389654315184 49072218147    0    0    0     0       0          0
1784790622 | enp139s0f0np0: 240692931940319 64879458274    0 2473    0     0          0    502547 189390963402149 49072557395    0    0    0     0       0          0
1784790623 | enp139s0f0np0: 240695593696986 64880113008    0 2473    0     0          0    502547 189392327890952 49072909970    0    0    0     0       0          0
1784790624 | enp139s0f0np0: 240698171981595 64880748348    0 2473    0     0          0    502547 189393651512685 49073252861    0    0    0     0       0          0
1784790625 | enp139s0f0np0: 240700851512047 64881408021    0 2473    0     0          0    502547 189394966052153 49073594044    0    0    0     0       0          0
1784790626 | enp139s0f0np0: 240703500164050 64882060381    0 2473    0     0          0    502547 189396287716371 49073937705    0    0    0     0       0          0
1784790627 | enp139s0f0np0: 240706134889297 64882707925    0 2473    0     0          0    502547 189397654411124 49074290371    0    0    0     0       0          0
1784790628 | enp139s0f0np0: 240708776992412 64883358190    0 2473    0     0          0    502547 189398984532994 49074634730    0    0    0     0       0          0
1784790629 | enp139s0f0np0: 240711426797438 64884010052    0 2473    0     0          0    502547 189400284763658 49074971970    0    0    0     0       0          0
1784790630 | enp139s0f0np0: 240714025764419 64884650375    0 2473    0     0          0    502547 189401623948079 49075318463    0    0    0     0       0          0
1784790631 | enp139s0f0np0: 240716612259207 64885287555    0 2473    0     0          0    502547 189402910120291 49075653664    0    0    0     0       0          0
1784790632 | enp139s0f0np0: 240719232248485 64885932668    0 2473    0     0          0    502547 189404238388190 49075998411    0    0    0     0       0          0
1784790633 | enp139s0f0np0: 240721764747987 64886557718    0 2473    0     0          0    502547 189405555432543 49076339963    0    0    0     0       0          0
1784790634 | enp139s0f0np0: 240724382782089 64887202729    0 2473    0     0          0    502547 189406860228993 49076678933    0    0    0     0       0          0
1784790635 | enp139s0f0np0: 240727038634736 64887856715    0 2473    0     0          0    502547 189408181633256 49077021719    0    0    0     0       0          0
1784790636 | enp139s0f0np0: 240729507165514 64888466422    0 2473    0     0          0    502547 189409467285307 49077356028    0    0    0     0       0          0
1784790637 | enp139s0f0np0: 240732062660604 64889097246    0 2473    0     0          0    502547 189410725701923 49077684710    0    0    0     0       0          0
1784790638 | enp139s0f0np0: 240734678330741 64889741494    0 2473    0     0          0    502548 189412007643416 49078017359    0    0    0     0       0          0
1784790639 | enp139s0f0np0: 240737296573199 64890386186    0 2473    0     0          0    502548 189413271910777 49078347293    0    0    0     0       0          0
1784790640 | enp139s0f0np0: 240739883035730 64891023571    0 2473    0     0          0    502548 189414575803781 49078686197    0    0    0     0       0          0
1784790641 | enp139s0f0np0: 240742522003238 64891673134    0 2473    0     0          0    502548 189415887014426 49079025577    0    0    0     0       0          0
1784790642 | enp139s0f0np0: 240745172207621 64892325672    0 2473    0     0          0    502548 189417242334969 49079374785    0    0    0     0       0          0
1784790643 | enp139s0f0np0: 240747934975252 64893005013    0 2473    0     0          0    502548 189418629553655 49079732737    0    0    0     0       0          0
1784790644 | enp139s0f0np0: 240750541137007 64893646659    0 2473    0     0          0    502548 189419937480756 49080071862    0    0    0     0       0          0
1784790645 | enp139s0f0np0: 240753233822389 64894308991    0 2473    0     0          0    502548 189421286088832 49080420386    0    0    0     0       0          0
1784790646 | enp139s0f0np0: 240755874516651 64894959617    0 2473    0     0          0    502548 189422659137281 49080776040    0    0    0     0       0          0
1784790647 | enp139s0f0np0: 240758472029886 64895599167    0 2473    0     0          0    502548 189423997750372 49081122239    0    0    0     0       0          0
1784790648 | enp139s0f0np0: 240761095376810 64896244640    0 2473    0     0          0    502548 189425259279389 49081450118    0    0    0     0       0          0
1784790649 | enp139s0f0np0: 240763756410737 64896899224    0 2473    0     0          0    502548 189426553248729 49081786023    0    0    0     0       0          0
1784790650 | enp139s0f0np0: 240766424767761 64897555579    0 2473    0     0          0    502548 189427840719598 49082120238    0    0    0     0       0          0
1784790651 | enp139s0f0np0: 240769082348656 64898209282    0 2473    0     0          0    502548 189429081096354 49082443989    0    0    0     0       0          0
1784790653 | enp139s0f0np0: 240771859032482 64898890960    0 2473    0     0          0    502548 189430310839701 49082764839    0    0    0     0       0          0
1784790654 | enp139s0f0np0: 240774494582605 64899538898    0 2473    0     0          0    502548 189431487820150 49083072608    0    0    0     0       0          0
1784790655 | enp139s0f0np0: 240777135108632 64900187954    0 2473    0     0          0    502548 189432662592426 49083381139    0    0    0     0       0          0
1784790656 | enp139s0f0np0: 240779781471492 64900839268    0 2473    0     0          0    502548 189433911382842 49083706833    0    0    0     0       0          0
1784790657 | enp139s0f0np0: 240782462248322 64901498548    0 2473    0     0          0    502548 189435181413216 49084037031    0    0    0     0       0          0
1784790658 | enp139s0f0np0: 240785077014689 64902141829    0 2473    0     0          0    502548 189436436976427 49084363966    0    0    0     0       0          0
1784790659 | enp139s0f0np0: 240787868036839 64902827686    0 2473    0     0          0    502548 189437787286224 49084713748    0    0    0     0       0          0
1784790660 | enp139s0f0np0: 240790450493007 64903462732    0 2473    0     0          0    502548 189439024954470 49085035434    0    0    0     0       0          0
1784790661 | enp139s0f0np0: 240793111564660 64904117398    0 2473    0     0          0    502548 189440310446350 49085368871    0    0    0     0       0          0
1784790662 | enp139s0f0np0: 240795503735445 64904707020    0 2473    0     0          0    502548 189441466142842 49085671106    0    0    0     0       0          0
1784790663 | enp139s0f0np0: 240798255831865 64905383638    0 2473    0     0          0    502548 189442851992736 49086029414    0    0    0     0       0          0
1784790664 | enp139s0f0np0: 240800874174206 64906028211    0 2473    0     0          0    502548 189444150777030 49086366427    0    0    0     0       0          0
1784790665 | enp139s0f0np0: 240803069087958 64906570032    0 2473    0     0          0    502548 189445237191901 49086650535    0    0    0     0       0          0
1784790666 | enp139s0f0np0: 240805810280640 64907243569    0 2473    0     0          0    502548 189446624190805 49087008526    0    0    0     0       0          0
1784790667 | enp139s0f0np0: 240808445402242 64907892028    0 2473    0     0          0    502548 189447987372068 49087360587    0    0    0     0       0          0
1784790668 | enp139s0f0np0: 240810587127869 64908419736    0 2473    0     0          0    502548 189449040245234 49087635166    0    0    0     0       0          0
1784790669 | enp139s0f0np0: 240813007950723 64909015641    0 2473    0     0          0    502549 189450301825376 49087961036    0    0    0     0       0          0
1784790670 | enp139s0f0np0: 240815567786849 64909645577    0 2473    0     0          0    502549 189451595359599 49088296002    0    0    0     0       0          0
1784790671 | enp139s0f0np0: 240817587407060 64910143219    0 2473    0     0          0    502549 189452564046943 49088549896    0    0    0     0       0          0
