hints = 1
  sec Cur ops   started  finished  avg MB/s  cur MB/s last lat(s)  avg lat(s)
    0       0         0         0         0         0           -           0
    1    4095     11784      7689   1922.03   1922.25    0.308186    0.364982
    2    4095     24284     20189   2523.37      3125    0.320279    0.341277
    3    4095     37169     33074   2755.91   3221.25    0.314529    0.332708
    4    4095     50127     46032   2876.73    3239.5    0.317717    0.327621
    5    4095     62826     58731   2936.27   3174.75    0.329602    0.326354
    6    4095     75875     71780   2990.55   3262.25     0.32071    0.324321
    7    4095     88845     84750    3026.5    3242.5     0.31782    0.322761
    8    4095    102067     97972   3061.34    3305.5    0.314047    0.321136
    9    4095    114877    110782   3076.96    3202.5    0.316729    0.320638
   10    4095    128022    123927   3097.86   3286.25    0.309249    0.319961
   11    4095    140685    136590   3104.01   3165.75    0.327414    0.320346
   12    4095    153386    149291   3109.92   3175.25    0.316917    0.320546
   13    4095    166364    162269   3120.25    3244.5    0.306135    0.320263
   14    4095    179491    175396   3131.76   3281.75    0.305315    0.319629
   15    4095    192826    188731    3145.2   3333.75    0.307636    0.318786
   16    4095    205613    201518   3148.41   3196.75    0.333615    0.318633
   17    4095    218329    214234   3150.19      3179    0.337008     0.31873
   18    4095    231601    227506    3159.5      3318    0.305453    0.318452
   19    4095    244040    239945   3156.86   3109.75    0.320286    0.318882
2026-07-19T00:09:53.454243+0700 min lat: 0.292279 max lat: 0.416097 avg lat: 0.318612
  sec Cur ops   started  finished  avg MB/s  cur MB/s last lat(s)  avg lat(s)
   20    4095    257178    253083   3163.23    3284.5    0.309806    0.318612
   21    4095    270249    266154    3168.2   3267.75    0.302258    0.318419
   22    4095    283221    279126   3171.58      3243    0.328345     0.31801
   23    4095    295812    291717   3170.54   3147.75    0.324661    0.318454
   24    4095    308946    304851   3175.23    3283.5    0.326844    0.318031
   25    4095    322341    318246   3182.16   3348.75    0.299661    0.317743
   26    4095    335338    331243   3184.73   3249.25    0.307859    0.317603
   27    4095    348220    344125   3186.04    3220.5    0.307439    0.317643
   28    4095    361556    357461   3191.32      3334     0.30294    0.317255
   29    4095    374495    370400   3192.81   3234.75    0.310087    0.317226
   30    4095    387415    383320   3194.04      3230    0.313066    0.317216
   31    4095    400531    396436   3196.76      3279     0.31049    0.317001
   32    4095    413209    409114    3195.9    3169.5    0.324421    0.317207
   33    4095    426464    422369   3199.46   3313.75     0.30194    0.317012
   34    4096    439533    435437   3201.43      3267    0.312396    0.316887
   35    4095    452316    448221   3201.25      3196     0.31627    0.316929
   36    4095    465621    461526   3204.71   3326.25    0.321311    0.316617
   37    4095    478441    474346   3204.71      3205    0.303599    0.316789
   38    4095    491470    487375   3206.09   3257.25    0.306609    0.316736
   39    4095    504461    500366   3207.15   3247.75    0.317285    0.316667
2026-07-19T00:10:13.456376+0700 min lat: 0.292279 max lat: 0.416097 avg lat: 0.316607
  sec Cur ops   started  finished  avg MB/s  cur MB/s last lat(s)  avg lat(s)
   40    4095    517495    513400   3208.42    3258.5    0.326952    0.316607
   41    4095    530442    526347    3209.1   3236.75    0.307625    0.316592
   42    4095    543379    539284    3209.7   3234.25    0.323951    0.316469
   43    4095    556359    552264   3210.52      3245    0.320106    0.316499
   44    4095    569612    565517   3212.84   3313.25     0.30061    0.316435
   45    4095    582603    578508   3213.61   3247.75     0.31826     0.31635
   46    4095    595712    591617   3214.99   3277.25    0.312372    0.316284
   47    4095    608532    604437   3214.77      3205    0.307708    0.316373
   48    4095    622079    617984   3218.35   3386.75    0.308302     0.31606
   49    4095    635167    631072   3219.44      3272    0.313465     0.31597
   50    4095    647931    643836   3218.87      3191    0.317683    0.316069
   51    4095    661027    656932   3219.94      3274    0.325665    0.315934
   52    4095    674175    670080   3221.23      3287    0.323015    0.315867
   53    4095    686957    682862   3220.74    3195.5    0.321708    0.316002
   54    4095    699876    695781   3220.89   3229.75    0.311167    0.316025
   55    4095    712498    708403    3219.7    3155.5    0.316629    0.316178
   56    4095    725372    721277   3219.67    3218.5    0.305972    0.316239
   57    4095    738348    734253    3220.1      3244    0.312201    0.316207
   58    4095    751372    747277   3220.71      3256    0.323535    0.316129
   59    4095    764437    760342   3221.48   3266.25    0.305492    0.316144
2026-07-19T00:10:33.458112+0700 min lat: 0.292279 max lat: 0.416097 avg lat: 0.316016
  sec Cur ops   started  finished  avg MB/s  cur MB/s last lat(s)  avg lat(s)
   60    3802    777474    773672   3223.32    3332.5    0.300969    0.316016
Total time run:       60.1182
Total reads made:     777474
Read size:            262144
Object size:          262144
Bandwidth (MB/sec):   3233.1
Average IOPS:         12932
Stddev IOPS:          719.6
Max IOPS:             13547
Min IOPS:             7689
Average Latency(s):   0.315527
Max latency(s):       0.416097
Min latency(s):       0.118238
