1784692387 | enp139s0f0np0: 183815840942357 50133360216    0 2473    0     0          0    499273 125655298214535 32715456364    0    0    0     0       0          0
1784692388 | enp139s0f0np0: 183815841050317 50133360293    0 2473    0     0          0    499273 125655298214535 32715456364    0    0    0     0       0          0
1784692389 | enp139s0f0np0: 183815841128589 50133360370    0 2473    0     0          0    499273 125655298214535 32715456364    0    0    0     0       0          0
1784692390 | enp139s0f0np0: 183815841204530 50133360451    0 2473    0     0          0    499273 125655298214535 32715456364    0    0    0     0       0          0
1784692391 | enp139s0f0np0: 183815841284788 50133360523    0 2473    0     0          0    499273 125655298214535 32715456364    0    0    0     0       0          0
1784692392 | enp139s0f0np0: 183815841390469 50133360711    0 2473    0     0          0    499273 125655298214535 32715456364    0    0    0     0       0          0
1784692393 | enp139s0f0np0: 183815841548631 50133360912    0 2473    0     0          0    499273 125655298214535 32715456364    0    0    0     0       0          0
1784692394 | enp139s0f0np0: 183815841658382 50133361091    0 2473    0     0          0    499273 125655298214535 32715456364    0    0    0     0       0          0
1784692395 | enp139s0f0np0: 183815841791335 50133361284    0 2473    0     0          0    499273 125655298214763 32715456366    0    0    0     0       0          0
1784692396 | enp139s0f0np0: 183815841901515 50133361475    0 2473    0     0          0    499273 125655298214763 32715456366    0    0    0     0       0          0
1784692397 | enp139s0f0np0: 183815842027304 50133361669    0 2473    0     0          0    499273 125655298214904 32715456368    0    0    0     0       0          0
1784692398 | enp139s0f0np0: 183815842124281 50133361854    0 2473    0     0          0    499273 125655298214904 32715456368    0    0    0     0       0          0
1784692399 | enp139s0f0np0: 183815842255002 50133362040    0 2473    0     0          0    499273 125655298214904 32715456368    0    0    0     0       0          0
1784692400 | enp139s0f0np0: 183815843157164 50133368046    0 2473    0     0          0    499273 125655676429616 32715547422    0    0    0     0       0          0
1784692401 | enp139s0f0np0: 183815844715364 50133379001    0 2473    0     0          0    499273 125656379508790 32715716605    0    0    0     0       0          0
1784692402 | enp139s0f0np0: 183815846439945 50133390750    0 2473    0     0          0    499273 125657148735608 32715901714    0    0    0     0       0          0
1784692403 | enp139s0f0np0: 183815848038230 50133402147    0 2473    0     0          0    499273 125657876889350 32716076971    0    0    0     0       0          0
1784692404 | enp139s0f0np0: 183815850573396 50133417929    0 2473    0     0          0    499273 125659213272338 32716398239    0    0    0     0       0          0
1784692405 | enp139s0f0np0: 183815854348201 50133438685    0 2473    0     0          0    499273 125661435806982 32716932365    0    0    0     0       0          0
1784692406 | enp139s0f0np0: 183815859628790 50133464652    0 2473    0     0          0    499273 125664775184994 32717733905    0    0    0     0       0          0
1784692407 | enp139s0f0np0: 183815864651715 50133488893    0 2473    0     0          0    499273 125667985053119 32718504346    0    0    0     0       0          0
1784692408 | enp139s0f0np0: 183815870219795 50133515906    0 2473    0     0          0    499273 125671500288731 32719348039    0    0    0     0       0          0
1784692409 | enp139s0f0np0: 183815876113105 50133544704    0 2473    0     0          0    499273 125675244312843 32720246643    0    0    0     0       0          0
1784692410 | enp139s0f0np0: 183815881927790 50133572665    0 2473    0     0          0    499273 125678946600277 32721135180    0    0    0     0       0          0
1784692411 | enp139s0f0np0: 183815887774398 50133600941    0 2473    0     0          0    499274 125682650948931 32722024280    0    0    0     0       0          0
1784692412 | enp139s0f0np0: 183815893633746 50133628675    0 2473    0     0          0    499274 125686411486127 32722926708    0    0    0     0       0          0
1784692413 | enp139s0f0np0: 183815899448401 50133656212    0 2473    0     0          0    499274 125690160515179 32723826523    0    0    0     0       0          0
1784692414 | enp139s0f0np0: 183815903311599 50133676276    0 2473    0     0          0    499274 125692485666303 32724385220    0    0    0     0       0          0
1784692415 | enp139s0f0np0: 183815908794771 50133701428    0 2473    0     0          0    499274 125696068533801 32725245143    0    0    0     0       0          0
1784692416 | enp139s0f0np0: 183815914574385 50133728266    0 2473    0     0          0    499274 125699800416861 32726140851    0    0    0     0       0          0
1784692417 | enp139s0f0np0: 183815920062181 50133754155    0 2473    0     0          0    499274 125703310866166 32726983405    0    0    0     0       0          0
1784692418 | enp139s0f0np0: 183815925740125 50133780416    0 2473    0     0          0    499274 125706982872770 32727864641    0    0    0     0       0          0
1784692419 | enp139s0f0np0: 183815931421519 50133807184    0 2473    0     0          0    499274 125710645220478 32728743647    0    0    0     0       0          0
1784692420 | enp139s0f0np0: 183815937210362 50133834703    0 2473    0     0          0    499274 125714311677756 32729623584    0    0    0     0       0          0
1784692421 | enp139s0f0np0: 183815943029800 50133862819    0 2473    0     0          0    499274 125718038166848 32730517843    0    0    0     0       0          0
1784692422 | enp139s0f0np0: 183815948818298 50133890349    0 2473    0     0          0    499274 125721715307254 32731400357    0    0    0     0       0          0
1784692423 | enp139s0f0np0: 183815954528357 50133917667    0 2473    0     0          0    499274 125725402232174 32732285325    0    0    0     0       0          0
1784692424 | enp139s0f0np0: 183815960369659 50133945651    0 2473    0     0          0    499274 125729108805524 32733174961    0    0    0     0       0          0
1784692425 | enp139s0f0np0: 183815966070019 50133972886    0 2473    0     0          0    499274 125732704600546 32734037936    0    0    0     0       0          0
1784692426 | enp139s0f0np0: 183815971881939 50134000423    0 2473    0     0          0    499274 125736410546106 32734927369    0    0    0     0       0          0
1784692427 | enp139s0f0np0: 183815977383238 50134027026    0 2473    0     0          0    499274 125739840181225 32735750515    0    0    0     0       0          0
1784692428 | enp139s0f0np0: 183815980449309 50134044742    0 2473    0     0          0    499274 125741540845013 32736159467    0    0    0     0       0          0
1784692429 | enp139s0f0np0: 183815986211545 50134071278    0 2473    0     0          0    499274 125745244980993 32737048379    0    0    0     0       0          0
1784692430 | enp139s0f0np0: 183815991942094 50134098158    0 2473    0     0          0    499274 125748907185415 32737927288    0    0    0     0       0          0
1784692431 | enp139s0f0np0: 183815997723813 50134125568    0 2473    0     0          0    499274 125752577798493 32738808238    0    0    0     0       0          0
1784692432 | enp139s0f0np0: 183816003534018 50134153299    0 2473    0     0          0    499274 125756250528477 32739689652    0    0    0     0       0          0
1784692433 | enp139s0f0np0: 183816009268837 50134180660    0 2473    0     0          0    499274 125759900381047 32740565523    0    0    0     0       0          0
1784692434 | enp139s0f0np0: 183816014995016 50134207477    0 2473    0     0          0    499274 125763535069315 32741437912    0    0    0     0       0          0
1784692435 | enp139s0f0np0: 183816020744554 50134235008    0 2473    0     0          0    499274 125767183145819 32742313562    0    0    0     0       0          0
1784692436 | enp139s0f0np0: 183816026639501 50134263379    0 2473    0     0          0    499274 125770947759187 32743217154    0    0    0     0       0          0
1784692437 | enp139s0f0np0: 183816032472366 50134291914    0 2473    0     0          0    499274 125774636369056 32744102434    0    0    0     0       0          0
1784692438 | enp139s0f0np0: 183816038130383 50134318870    0 2473    0     0          0    499274 125778290706620 32744979386    0    0    0     0       0          0
1784692439 | enp139s0f0np0: 183816044022246 50134346726    0 2473    0     0          0    499274 125782064783460 32745885093    0    0    0     0       0          0
1784692440 | enp139s0f0np0: 183816049818259 50134374557    0 2473    0     0          0    499275 125785773670052 32746775322    0    0    0     0       0          0
1784692441 | enp139s0f0np0: 183816054104221 50134395730    0 2473    0     0          0    499275 125788432268738 32747413574    0    0    0     0       0          0
1784692442 | enp139s0f0np0: 183816058092703 50134416655    0 2473    0     0          0    499275 125790875093380 32748000374    0    0    0     0       0          0
1784692443 | enp139s0f0np0: 183816063639328 50134443543    0 2473    0     0          0    499275 125794367151708 32748838488    0    0    0     0       0          0
1784692444 | enp139s0f0np0: 183816069375394 50134471472    0 2473    0     0          0    499275 125798036028922 32749719091    0    0    0     0       0          0
1784692445 | enp139s0f0np0: 183816075281082 50134499912    0 2473    0     0          0    499275 125801771236708 32750615562    0    0    0     0       0          0
1784692446 | enp139s0f0np0: 183816081124005 50134527775    0 2473    0     0          0    499275 125805487923710 32751507513    0    0    0     0       0          0
1784692447 | enp139s0f0np0: 183816086963918 50134555912    0 2473    0     0          0    499275 125809195180367 32752397132    0    0    0     0       0          0
1784692448 | enp139s0f0np0: 183816092953700 50134584461    0 2473    0     0          0    499275 125813023021041 32753315738    0    0    0     0       0          0
1784692449 | enp139s0f0np0: 183816098986036 50134613941    0 2473    0     0          0    499275 125816855385611 32754235484    0    0    0     0       0          0
1784692450 | enp139s0f0np0: 183816104950659 50134642946    0 2473    0     0          0    499275 125820667274325 32755150424    0    0    0     0       0          0
1784692451 | enp139s0f0np0: 183816110904611 50134672057    0 2473    0     0          0    499275 125824429839935 32756053451    0    0    0     0       0          0
1784692452 | enp139s0f0np0: 183816116916086 50134702162    0 2473    0     0          0    499275 125828216600263 32756962301    0    0    0     0       0          0
1784692453 | enp139s0f0np0: 183816122844957 50134730954    0 2473    0     0          0    499275 125831981743607 32757865969    0    0    0     0       0          0
1784692454 | enp139s0f0np0: 183816127852488 50134755752    0 2473    0     0          0    499275 125835120819109 32758619395    0    0    0     0       0          0
1784692455 | enp139s0f0np0: 183816131277914 50134774688    0 2473    0     0          0    499275 125837166273437 32759111048    0    0    0     0       0          0
1784692456 | enp139s0f0np0: 183816137303216 50134804142    0 2473    0     0          0    499275 125840973555245 32760024802    0    0    0     0       0          0
1784692457 | enp139s0f0np0: 183816143214242 50134832525    0 2473    0     0          0    499275 125844762992420 32760934251    0    0    0     0       0          0
1784692458 | enp139s0f0np0: 183816149118957 50134861097    0 2473    0     0          0    499275 125848538016978 32761840259    0    0    0     0       0          0
1784692459 | enp139s0f0np0: 183816154969453 50134889756    0 2473    0     0          0    499275 125852266805402 32762735124    0    0    0     0       0          0
1784692460 | enp139s0f0np0: 183816160884589 50134918412    0 2473    0     0          0    499275 125856011301242 32763633864    0    0    0     0       0          0
1784692461 | enp139s0f0np0: 183816166840275 50134947803    0 2473    0     0          0    499275 125859777727146 32764537816    0    0    0     0       0          0
1784692462 | enp139s0f0np0: 183816172303745 50134974471    0 2473    0     0          0    499275 125863238918234 32765368525    0    0    0     0       0          0
1784692463 | enp139s0f0np0: 183816178178557 50135003262    0 2473    0     0          0    499275 125866979320956 32766266259    0    0    0     0       0          0
1784692464 | enp139s0f0np0: 183816183987237 50135031380    0 2473    0     0          0    499275 125870708894258 32767161409    0    0    0     0       0          0
1784692465 | enp139s0f0np0: 183816189751941 50135059737    0 2473    0     0          0    499275 125874375560280 32768041473    0    0    0     0       0          0
1784692466 | enp139s0f0np0: 183816195489465 50135087626    0 2473    0     0          0    499275 125878017870992 32768915580    0    0    0     0       0          0
1784692467 | enp139s0f0np0: 183816201328715 50135116128    0 2473    0     0          0    499275 125881746453937 32769810484    0    0    0     0       0          0
1784692468 | enp139s0f0np0: 183816206959846 50135143721    0 2473    0     0          0    499275 125885331864033 32770671138    0    0    0     0       0          0
1784692469 | enp139s0f0np0: 183816212923808 50135172816    0 2473    0     0          0    499275 125889103937283 32771576401    0    0    0     0       0          0
1784692470 | enp139s0f0np0: 183816218809183 50135201307    0 2473    0     0          0    499276 125892903505455 32772488204    0    0    0     0       0          0
1784692471 | enp139s0f0np0: 183816224596946 50135229608    0 2473    0     0          0    499276 125896587301061 32773372334    0    0    0     0       0          0
1784692472 | enp139s0f0np0: 183816230386105 50135257989    0 2473    0     0          0    499276 125900246325039 32774250588    0    0    0     0       0          0
1784692473 | enp139s0f0np0: 183816235952719 50135285075    0 2473    0     0          0    499276 125903804782729 32775104671    0    0    0     0       0          0
1784692474 | enp139s0f0np0: 183816241664615 50135312608    0 2473    0     0          0    499276 125907500591621 32775991629    0    0    0     0       0          0
1784692475 | enp139s0f0np0: 183816247463745 50135340830    0 2473    0     0          0    499276 125911238548471 32776888833    0    0    0     0       0          0
1784692476 | enp139s0f0np0: 183816253291063 50135368633    0 2473    0     0          0    499276 125915016768733 32777795554    0    0    0     0       0          0
1784692477 | enp139s0f0np0: 183816259194553 50135397453    0 2473    0     0          0    499276 125918793193230 32778701963    0    0    0     0       0          0
1784692478 | enp139s0f0np0: 183816264697977 50135424835    0 2473    0     0          0    499276 125922293372338 32779542128    0    0    0     0       0          0
1784692479 | enp139s0f0np0: 183816269042894 50135446923    0 2473    0     0          0    499276 125924952840898 32780180686    0    0    0     0       0          0
1784692480 | enp139s0f0np0: 183816272963286 50135467542    0 2473    0     0          0    499276 125927355266462 32780757803    0    0    0     0       0          0
1784692481 | enp139s0f0np0: 183816278779964 50135495552    0 2473    0     0          0    499276 125931025945192 32781638805    0    0    0     0       0          0
1784692482 | enp139s0f0np0: 183816284633846 50135523645    0 2473    0     0          0    499276 125934752675696 32782533157    0    0    0     0       0          0
1784692483 | enp139s0f0np0: 183816290233076 50135550327    0 2473    0     0          0    499276 125938337750294 32783393557    0    0    0     0       0          0
1784692484 | enp139s0f0np0: 183816295867345 50135577559    0 2473    0     0          0    499276 125941921073046 32784253574    0    0    0     0       0          0
1784692485 | enp139s0f0np0: 183816301561158 50135605380    0 2473    0     0          0    499276 125945539452602 32785122079    0    0    0     0       0          0
1784692486 | enp139s0f0np0: 183816307353359 50135633031    0 2473    0     0          0    499276 125949228893104 32786007601    0    0    0     0       0          0
1784692487 | enp139s0f0np0: 183816313051604 50135660639    0 2473    0     0          0    499276 125952869884805 32786881402    0    0    0     0       0          0
1784692488 | enp139s0f0np0: 183816318790636 50135688953    0 2473    0     0          0    499276 125956484348889 32787748884    0    0    0     0       0          0
1784692489 | enp139s0f0np0: 183816324602708 50135716841    0 2473    0     0          0    499276 125960184956805 32788636985    0    0    0     0       0          0
1784692490 | enp139s0f0np0: 183816330473345 50135745597    0 2473    0     0          0    499276 125963909369727 32789530849    0    0    0     0       0          0
1784692491 | enp139s0f0np0: 183816336449172 50135774716    0 2473    0     0          0    499276 125967686071033 32790437269    0    0    0     0       0          0
1784692492 | enp139s0f0np0: 183816339631892 50135792149    0 2473    0     0          0    499276 125969490413287 32790870973    0    0    0     0       0          0
1784692493 | enp139s0f0np0: 183816344944242 50135818660    0 2473    0     0          0    499276 125972829904509 32791672549    0    0    0     0       0          0
1784692494 | enp139s0f0np0: 183816350876597 50135847216    0 2473    0     0          0    499276 125976598780407 32792577092    0    0    0     0       0          0
1784692495 | enp139s0f0np0: 183816356639695 50135875519    0 2473    0     0          0    499276 125980237985711 32793450498    0    0    0     0       0          0
1784692496 | enp139s0f0np0: 183816362442432 50135903747    0 2473    0     0          0    499276 125983931203970 32794336843    0    0    0     0       0          0
1784692497 | enp139s0f0np0: 183816368309658 50135932071    0 2473    0     0          0    499276 125987653417178 32795230155    0    0    0     0       0          0
1784692498 | enp139s0f0np0: 183816374212034 50135960555    0 2473    0     0          0    499276 125991430293254 32796136601    0    0    0     0       0          0
1784692499 | enp139s0f0np0: 183816380176278 50135989454    0 2473    0     0          0    499276 125995211998312 32797044214    0    0    0     0       0          0
1784692500 | enp139s0f0np0: 183816385878174 50136016900    0 2473    0     0          0    499277 125998823797804 32797911094    0    0    0     0       0          0
1784692501 | enp139s0f0np0: 183816391651084 50136044942    0 2473    0     0          0    499277 126002503933616 32798794300    0    0    0     0       0          0
1784692502 | enp139s0f0np0: 183816397509248 50136073463    0 2473    0     0          0    499277 126006225286032 32799687426    0    0    0     0       0          0
1784692503 | enp139s0f0np0: 183816403472990 50136102723    0 2473    0     0          0    499277 126009965624554 32800585130    0    0    0     0       0          0
1784692504 | enp139s0f0np0: 183816406914669 50136121306    0 2473    0     0          0    499277 126011945462648 32801060956    0    0    0     0       0          0
1784692505 | enp139s0f0np0: 183816411813252 50136145979    0 2473    0     0          0    499277 126015019601946 32801799016    0    0    0     0       0          0
1784692506 | enp139s0f0np0: 183816417600204 50136173602    0 2473    0     0          0    499277 126018699467589 32802682108    0    0    0     0       0          0
1784692507 | enp139s0f0np0: 183816423295305 50136200614    0 2473    0     0          0    499277 126022360545221 32803560813    0    0    0     0       0          0
1784692508 | enp139s0f0np0: 183816429074400 50136229248    0 2473    0     0          0    499277 126026000985137 32804434620    0    0    0     0       0          0
1784692509 | enp139s0f0np0: 183816434958351 50136257852    0 2473    0     0          0    499277 126029715908725 32805326337    0    0    0     0       0          0
1784692510 | enp139s0f0np0: 183816440818251 50136286141    0 2473    0     0          0    499277 126033397849779 32806210001    0    0    0     0       0          0
1784692511 | enp139s0f0np0: 183816446740760 50136314767    0 2473    0     0          0    499277 126037138109439 32807107659    0    0    0     0       0          0
1784692512 | enp139s0f0np0: 183816452643779 50136343618    0 2473    0     0          0    499277 126040838610867 32807995763    0    0    0     0       0          0
1784692513 | enp139s0f0np0: 183816458508082 50136372569    0 2473    0     0          0    499277 126044538534437 32808883747    0    0    0     0       0          0
1784692514 | enp139s0f0np0: 183816464253646 50136400385    0 2473    0     0          0    499277 126048161889185 32809753338    0    0    0     0       0          0
1784692515 | enp139s0f0np0: 183816470156712 50136429179    0 2473    0     0          0    499277 126051831424157 32810634066    0    0    0     0       0          0
1784692516 | enp139s0f0np0: 183816475965758 50136457242    0 2473    0     0          0    499277 126055485490126 32811511086    0    0    0     0       0          0
1784692517 | enp139s0f0np0: 183816481921044 50136486713    0 2473    0     0          0    499277 126059173492416 32812396281    0    0    0     0       0          0
1784692518 | enp139s0f0np0: 183816487732632 50136515546    0 2473    0     0          0    499277 126062814994430 32813270310    0    0    0     0       0          0
1784692519 | enp139s0f0np0: 183816493626734 50136544491    0 2473    0     0          0    499277 126066508672678 32814156802    0    0    0     0       0          0
1784692520 | enp139s0f0np0: 183816499165075 50136572100    0 2473    0     0          0    499277 126069919383922 32814975496    0    0    0     0       0          0
1784692521 | enp139s0f0np0: 183816502023039 50136588335    0 2473    0     0          0    499277 126071514621368 32815359167    0    0    0     0       0          0
1784692522 | enp139s0f0np0: 183816507906441 50136617811    0 2473    0     0          0    499277 126075184499770 32816239974    0    0    0     0       0          0
1784692523 | enp139s0f0np0: 183816513781960 50136646351    0 2473    0     0          0    499277 126078862976102 32817122844    0    0    0     0       0          0
1784692524 | enp139s0f0np0: 183816519550238 50136674444    0 2473    0     0          0    499277 126082521526066 32818000930    0    0    0     0       0          0
1784692525 | enp139s0f0np0: 183816525452860 50136703055    0 2473    0     0          0    499277 126086243199142 32818894217    0    0    0     0       0          0
1784692526 | enp139s0f0np0: 183816531342863 50136731884    0 2473    0     0          0    499277 126089966204955 32819787813    0    0    0     0       0          0
1784692527 | enp139s0f0np0: 183816537227628 50136760284    0 2473    0     0          0    499277 126093682846445 32820679811    0    0    0     0       0          0
1784692528 | enp139s0f0np0: 183816543179105 50136789152    0 2473    0     0          0    499277 126097436532027 32821580684    0    0    0     0       0          0
1784692529 | enp139s0f0np0: 183816549086297 50136817560    0 2473    0     0          0    499277 126101170749165 32822476906    0    0    0     0       0          0
1784692530 | enp139s0f0np0: 183816554955014 50136846270    0 2473    0     0          0    499278 126104905942127 32823373360    0    0    0     0       0          0
1784692531 | enp139s0f0np0: 183816560771784 50136874782    0 2473    0     0          0    499278 126108590624961 32824257644    0    0    0     0       0          0
1784692532 | enp139s0f0np0: 183816565072322 50136897554    0 2473    0     0          0    499278 126111140161499 32824870057    0    0    0     0       0          0
1784692533 | enp139s0f0np0: 183816569341125 50136919085    0 2473    0     0          0    499278 126113818832855 32825513326    0    0    0     0       0          0
1784692534 | enp139s0f0np0: 183816575138530 50136947315    0 2473    0     0          0    499278 126117528713665 32826403671    0    0    0     0       0          0
1784692535 | enp139s0f0np0: 183816581005151 50136975761    0 2473    0     0          0    499278 126121255117579 32827297993    0    0    0     0       0          0
1784692536 | enp139s0f0np0: 183816586729813 50137002877    0 2473    0     0          0    499278 126124939535518 32828182243    0    0    0     0       0          0
1784692537 | enp139s0f0np0: 183816592677317 50137031802    0 2473    0     0          0    499278 126128710024290 32829087190    0    0    0     0       0          0
1784692538 | enp139s0f0np0: 183816598600266 50137060759    0 2473    0     0          0    499278 126132478916250 32829991735    0    0    0     0       0          0
1784692539 | enp139s0f0np0: 183816604510802 50137089549    0 2473    0     0          0    499278 126136238005644 32830894000    0    0    0     0       0          0
1784692540 | enp139s0f0np0: 183816610424281 50137118054    0 2473    0     0          0    499278 126140014572336 32831800472    0    0    0     0       0          0
1784692541 | enp139s0f0np0: 183816616359424 50137147332    0 2473    0     0          0    499278 126143795516364 32832707955    0    0    0     0       0          0
1784692542 | enp139s0f0np0: 183816622346627 50137176744    0 2473    0     0          0    499278 126147595552678 32833620046    0    0    0     0       0          0
1784692543 | enp139s0f0np0: 183816626830143 50137199312    0 2473    0     0          0    499278 126150354980086 32834282677    0    0    0     0       0          0
1784692544 | enp139s0f0np0: 183816631059585 50137221561    0 2473    0     0          0    499278 126152943702356 32834904390    0    0    0     0       0          0
1784692545 | enp139s0f0np0: 183816636700861 50137250174    0 2473    0     0          0    499278 126156497630530 32835757454    0    0    0     0       0          0
1784692546 | enp139s0f0np0: 183816642547801 50137279876    0 2473    0     0          0    499278 126160146773589 32836633357    0    0    0     0       0          0
1784692547 | enp139s0f0np0: 183816648306110 50137308725    0 2473    0     0          0    499278 126163732347983 32837493994    0    0    0     0       0          0
1784692548 | enp139s0f0np0: 183816653949440 50137337526    0 2473    0     0          0    499278 126167265567555 32838342147    0    0    0     0       0          0
1784692549 | enp139s0f0np0: 183816659514131 50137365331    0 2473    0     0          0    499278 126170780733347 32839185931    0    0    0     0       0          0
1784692550 | enp139s0f0np0: 183816665137921 50137393743    0 2473    0     0          0    499278 126174272450921 32840024008    0    0    0     0       0          0
1784692551 | enp139s0f0np0: 183816670839286 50137421922    0 2473    0     0          0    499278 126177905743617 32840896080    0    0    0     0       0          0
1784692552 | enp139s0f0np0: 183816676548091 50137450018    0 2473    0     0          0    499278 126181517278445 32841762927    0    0    0     0       0          0
1784692553 | enp139s0f0np0: 183816682284097 50137477977    0 2473    0     0          0    499278 126185165077277 32842638348    0    0    0     0       0          0
1784692554 | enp139s0f0np0: 183816687216751 50137502536    0 2473    0     0          0    499278 126188247183931 32843378226    0    0    0     0       0          0
1784692555 | enp139s0f0np0: 183816690590401 50137520471    0 2473    0     0          0    499278 126190293711481 32843870027    0    0    0     0       0          0
1784692556 | enp139s0f0np0: 183816696397746 50137548550    0 2473    0     0          0    499278 126194024981014 32844765542    0    0    0     0       0          0
1784692557 | enp139s0f0np0: 183816702139569 50137576645    0 2473    0     0          0    499278 126197722142276 32845652899    0    0    0     0       0          0
1784692558 | enp139s0f0np0: 183816707771817 50137603861    0 2473    0     0          0    499278 126201323726012 32846517272    0    0    0     0       0          0
1784692559 | enp139s0f0np0: 183816713551103 50137631379    0 2473    0     0          0    499278 126205060652264 32847414034    0    0    0     0       0          0
1784692560 | enp139s0f0np0: 183816719356524 50137659209    0 2473    0     0          0    499279 126208802551892 32848312059    0    0    0     0       0          0
1784692561 | enp139s0f0np0: 183816725212530 50137687637    0 2473    0     0          0    499279 126212560581956 32849213973    0    0    0     0       0          0
1784692562 | enp139s0f0np0: 183816730997545 50137715413    0 2473    0     0          0    499279 126216297998016 32850110937    0    0    0     0       0          0
1784692563 | enp139s0f0np0: 183816736792856 50137742780    0 2473    0     0          0    499279 126220059683182 32851013704    0    0    0     0       0          0
1784692564 | enp139s0f0np0: 183816742427261 50137770040    0 2473    0     0          0    499279 126223680530242 32851882653    0    0    0     0       0          0
1784692565 | enp139s0f0np0: 183816747219867 50137793968    0 2473    0     0          0    499279 126226709866718 32852610030    0    0    0     0       0          0
1784692566 | enp139s0f0np0: 183816751539452 50137815759    0 2473    0     0          0    499279 126229459544367 32853270409    0    0    0     0       0          0
1784692567 | enp139s0f0np0: 183816757289625 50137843590    0 2473    0     0          0    499279 126233149893391 32854156086    0    0    0     0       0          0
1784692568 | enp139s0f0np0: 183816763065537 50137871177    0 2473    0     0          0    499279 126236840634159 32855041836    0    0    0     0       0          0
1784692569 | enp139s0f0np0: 183816768885408 50137899475    0 2473    0     0          0    499279 126240533245593 32855928090    0    0    0     0       0          0
1784692570 | enp139s0f0np0: 183816774692203 50137927541    0 2473    0     0          0    499279 126244238923123 32856817439    0    0    0     0       0          0
1784692571 | enp139s0f0np0: 183816780504108 50137955227    0 2473    0     0          0    499279 126247965121395 32857711681    0    0    0     0       0          0
1784692572 | enp139s0f0np0: 183816786252691 50137982788    0 2473    0     0          0    499279 126251643862535 32858594586    0    0    0     0       0          0
1784692573 | enp139s0f0np0: 183816792121130 50138011168    0 2473    0     0          0    499279 126255402630401 32859496693    0    0    0     0       0          0
1784692574 | enp139s0f0np0: 183816797627344 50138037225    0 2473    0     0          0    499279 126258919526819 32860340743    0    0    0     0       0          0
1784692575 | enp139s0f0np0: 183816803527876 50138065564    0 2473    0     0          0    499279 126262678686627 32861242926    0    0    0     0       0          0
1784692576 | enp139s0f0np0: 183816806710313 50138082818    0 2473    0     0          0    499279 126264531114034 32861688173    0    0    0     0       0          0
1784692577 | enp139s0f0np0: 183816811877257 50138108410    0 2473    0     0          0    499279 126267795993560 32862471903    0    0    0     0       0          0
1784692578 | enp139s0f0np0: 183816817347436 50138133664    0 2473    0     0          0    499279 126271302027296 32863313342    0    0    0     0       0          0
1784692579 | enp139s0f0np0: 183816822457873 50138157375    0 2473    0     0          0    499279 126274564517144 32864096246    0    0    0     0       0          0
