1784725355 | enp139s0f0np0: 203035154382523 55093619578    0 2473    0     0          0    500372 145519485016124 37846726999    0    0    0     0       0          0
1784725356 | enp139s0f0np0: 203035254446811 55093653159    0 2473    0     0          0    500372 145521047176731 37847102556    0    0    0     0       0          0
1784725357 | enp139s0f0np0: 203035912259716 55093831087    0 2473    0     0          0    500372 145523148240242 37847615214    0    0    0     0       0          0
1784725358 | enp139s0f0np0: 203036294278963 55093946712    0 2473    0     0          0    500372 145525714118457 37848237509    0    0    0     0       0          0
1784725359 | enp139s0f0np0: 203036730611442 55094077879    0 2473    0     0          0    500372 145528311195900 37848868164    0    0    0     0       0          0
1784725360 | enp139s0f0np0: 203036903964800 55094133293    0 2473    0     0          0    500372 145529622624455 37849185964    0    0    0     0       0          0
1784725361 | enp139s0f0np0: 203037477229972 55094297734    0 2473    0     0          0    500372 145532535555343 37849892644    0    0    0     0       0          0
1784725362 | enp139s0f0np0: 203037583774521 55094344512    0 2473    0     0          0    500372 145534704332033 37850416068    0    0    0     0       0          0
1784725363 | enp139s0f0np0: 203038105955059 55094497393    0 2473    0     0          0    500372 145537874481831 37851183533    0    0    0     0       0          0
1784725364 | enp139s0f0np0: 203038334203773 55094566307    0 2473    0     0          0    500372 145539570306391 37851593864    0    0    0     0       0          0
1784725365 | enp139s0f0np0: 203038444266860 55094618511    0 2473    0     0          0    500372 145542663310937 37852337720    0    0    0     0       0          0
1784725366 | enp139s0f0np0: 203039073292754 55094793872    0 2473    0     0          0    500372 145545777117657 37853091995    0    0    0     0       0          0
1784725367 | enp139s0f0np0: 203039115815175 55094826323    0 2473    0     0          0    500372 145548116195188 37853654675    0    0    0     0       0          0
1784725368 | enp139s0f0np0: 203039593460755 55094965601    0 2473    0     0          0    500372 145550529172565 37854241038    0    0    0     0       0          0
1784725369 | enp139s0f0np0: 203039997543598 55095086101    0 2473    0     0          0    500372 145553099165687 37854863580    0    0    0     0       0          0
1784725370 | enp139s0f0np0: 203040251298727 55095173188    0 2473    0     0          0    500372 145556277131294 37855629619    0    0    0     0       0          0
1784725371 | enp139s0f0np0: 203040758763650 55095316428    0 2473    0     0          0    500372 145558757260092 37856231580    0    0    0     0       0          0
1784725372 | enp139s0f0np0: 203040871025837 55095365184    0 2473    0     0          0    500372 145561123984378 37856801563    0    0    0     0       0          0
1784725373 | enp139s0f0np0: 203041493377340 55095537657    0 2473    0     0          0    500372 145563925283910 37857481499    0    0    0     0       0          0
1784725374 | enp139s0f0np0: 203041607575446 55095588107    0 2473    0     0          0    500372 145566030448621 37857989723    0    0    0     0       0          0
1784725375 | enp139s0f0np0: 203042196338158 55095754241    0 2473    0     0          0    500372 145568695228298 37858637678    0    0    0     0       0          0
1784725376 | enp139s0f0np0: 203042505217785 55095850969    0 2473    0     0          0    500372 145570630440679 37859108371    0    0    0     0       0          0
1784725377 | enp139s0f0np0: 203042789091475 55095945224    0 2473    0     0          0    500372 145574195147285 37859967064    0    0    0     0       0          0
1784725378 | enp139s0f0np0: 203043274814775 55096084384    0 2473    0     0          0    500372 145576580119406 37860546862    0    0    0     0       0          0
1784725379 | enp139s0f0np0: 203043872793023 55096245105    0 2473    0     0          0    500372 145577807454818 37860851719    0    0    0     0       0          0
1784725380 | enp139s0f0np0: 203044118469092 55096316650    0 2473    0     0          0    500372 145578582355911 37861043479    0    0    0     0       0          0
1784725381 | enp139s0f0np0: 203044143862078 55096327571    0 2473    0     0          0    500372 145578911494139 37861123477    0    0    0     0       0          0
1784725382 | enp139s0f0np0: 203044144820831 55096333250    0 2473    0     0          0    500372 145579316792539 37861221291    0    0    0     0       0          0
1784725383 | enp139s0f0np0: 203044146375445 55096342546    0 2473    0     0          0    500373 145580011272381 37861388942    0    0    0     0       0          0
1784725384 | enp139s0f0np0: 203044147693288 55096349685    0 2473    0     0          0    500373 145580473885114 37861501250    0    0    0     0       0          0
1784725385 | enp139s0f0np0: 203044149686192 55096360654    0 2473    0     0          0    500373 145581297472957 37861700677    0    0    0     0       0          0
1784725386 | enp139s0f0np0: 203044151943268 55096375213    0 2473    0     0          0    500373 145582416257955 37861969985    0    0    0     0       0          0
1784725387 | enp139s0f0np0: 203044153019694 55096381597    0 2473    0     0          0    500373 145582936654199 37862095278    0    0    0     0       0          0
1784725388 | enp139s0f0np0: 203044154152764 55096388945    0 2473    0     0          0    500373 145583461459835 37862221735    0    0    0     0       0          0
1784725389 | enp139s0f0np0: 203044155117432 55096394960    0 2473    0     0          0    500373 145583866277127 37862319420    0    0    0     0       0          0
1784725390 | enp139s0f0np0: 203044156619318 55096404289    0 2473    0     0          0    500373 145584520067248 37862477294    0    0    0     0       0          0
1784725391 | enp139s0f0np0: 203044157598339 55096410629    0 2473    0     0          0    500373 145584967961596 37862585378    0    0    0     0       0          0
1784725392 | enp139s0f0np0: 203044295488406 55096451506    0 2473    0     0          0    500373 145585486084756 37862712915    0    0    0     0       0          0
1784725393 | enp139s0f0np0: 203044296667185 55096459156    0 2473    0     0          0    500373 145586018908076 37862841388    0    0    0     0       0          0
1784725394 | enp139s0f0np0: 203044297631585 55096465231    0 2473    0     0          0    500373 145586423446708 37862939128    0    0    0     0       0          0
1784725395 | enp139s0f0np0: 203044299101907 55096474094    0 2473    0     0          0    500373 145586992648000 37863076908    0    0    0     0       0          0
1784725396 | enp139s0f0np0: 203044299943734 55096478762    0 2473    0     0          0    500373 145587285169306 37863147863    0    0    0     0       0          0
1784725397 | enp139s0f0np0: 203044300941935 55096484820    0 2473    0     0          0    500373 145587695250092 37863246952    0    0    0     0       0          0
1784725398 | enp139s0f0np0: 203044301942542 55096491475    0 2473    0     0          0    500373 145588147654112 37863356029    0    0    0     0       0          0
1784725399 | enp139s0f0np0: 203044302786704 55096496426    0 2473    0     0          0    500373 145588488606616 37863438346    0    0    0     0       0          0
1784725400 | enp139s0f0np0: 203044303615100 55096501354    0 2473    0     0          0    500373 145588810100625 37863516028    0    0    0     0       0          0
1784725401 | enp139s0f0np0: 203044305135543 55096510959    0 2473    0     0          0    500373 145589467394847 37863674518    0    0    0     0       0          0
1784725402 | enp139s0f0np0: 203044426521811 55096551345    0 2473    0     0          0    500373 145590264074976 37863869354    0    0    0     0       0          0
1784725403 | enp139s0f0np0: 203044582235908 55096599314    0 2473    0     0          0    500373 145591002140133 37864050017    0    0    0     0       0          0
1784725404 | enp139s0f0np0: 203044583685257 55096608204    0 2473    0     0          0    500373 145591558518777 37864184669    0    0    0     0       0          0
1784725405 | enp139s0f0np0: 203044585057164 55096617239    0 2473    0     0          0    500373 145592173266259 37864332931    0    0    0     0       0          0
1784725406 | enp139s0f0np0: 203044586457935 55096626024    0 2473    0     0          0    500373 145592748898247 37864471988    0    0    0     0       0          0
1784725407 | enp139s0f0np0: 203044587923965 55096635088    0 2473    0     0          0    500373 145593349762445 37864617190    0    0    0     0       0          0
1784725408 | enp139s0f0np0: 203044588743197 55096639639    0 2473    0     0          0    500373 145593705709201 37864703090    0    0    0     0       0          0
1784725409 | enp139s0f0np0: 203044590120768 55096647949    0 2473    0     0          0    500373 145594326690843 37864852816    0    0    0     0       0          0
1784725410 | enp139s0f0np0: 203044591057420 55096653783    0 2473    0     0          0    500373 145594690887524 37864940872    0    0    0     0       0          0
1784725411 | enp139s0f0np0: 203044592499524 55096663128    0 2473    0     0          0    500373 145595314331916 37865091297    0    0    0     0       0          0
1784725412 | enp139s0f0np0: 203044593318783 55096668254    0 2473    0     0          0    500373 145595655534718 37865173625    0    0    0     0       0          0
1784725413 | enp139s0f0np0: 203044594483921 55096675821    0 2473    0     0          0    500374 145596170355502 37865297752    0    0    0     0       0          0
1784725414 | enp139s0f0np0: 203044595215947 55096680512    0 2473    0     0          0    500374 145596479782482 37865372380    0    0    0     0       0          0
1784725415 | enp139s0f0np0: 203044596159253 55096686504    0 2473    0     0          0    500374 145596877377814 37865468256    0    0    0     0       0          0
1784725416 | enp139s0f0np0: 203044597700348 55096696461    0 2473    0     0          0    500374 145597566472756 37865634375    0    0    0     0       0          0
1784725417 | enp139s0f0np0: 203044598526323 55096701539    0 2473    0     0          0    500374 145597897874408 37865714374    0    0    0     0       0          0
1784725418 | enp139s0f0np0: 203044600088023 55096711874    0 2473    0     0          0    500374 145598582343104 37865879393    0    0    0     0       0          0
1784725419 | enp139s0f0np0: 203044601084904 55096717852    0 2473    0     0          0    500374 145598991823724 37865978148    0    0    0     0       0          0
1784725420 | enp139s0f0np0: 203044628390401 55096733375    0 2473    0     0          0    500374 145599585733770 37866121857    0    0    0     0       0          0
1784725421 | enp139s0f0np0: 203044672154385 55096752190    0 2473    0     0          0    500374 145600149267471 37866258517    0    0    0     0       0          0
1784725422 | enp139s0f0np0: 203044673268649 55096759480    0 2473    0     0          0    500374 145600616667981 37866371372    0    0    0     0       0          0
1784725423 | enp139s0f0np0: 203044674224714 55096765485    0 2473    0     0          0    500374 145601023738961 37866469560    0    0    0     0       0          0
1784725424 | enp139s0f0np0: 203044743396978 55096787010    0 2473    0     0          0    500374 145601339058701 37866546940    0    0    0     0       0          0
1784725425 | enp139s0f0np0: 203044744052751 55096790801    0 2473    0     0          0    500374 145601600773493 37866610130    0    0    0     0       0          0
1784725426 | enp139s0f0np0: 203044745410701 55096799079    0 2473    0     0          0    500374 145602191707845 37866752766    0    0    0     0       0          0
1784725427 | enp139s0f0np0: 203044815237238 55096824839    0 2473    0     0          0    500374 145602817948317 37866905280    0    0    0     0       0          0
1784725428 | enp139s0f0np0: 203044816707706 55096833391    0 2473    0     0          0    500374 145603407598751 37867047845    0    0    0     0       0          0
1784725429 | enp139s0f0np0: 203044955309615 55096877856    0 2473    0     0          0    500374 145604147316445 37867229235    0    0    0     0       0          0
1784725430 | enp139s0f0np0: 203044956771639 55096886021    0 2473    0     0          0    500374 145604733277978 37867370913    0    0    0     0       0          0
1784725431 | enp139s0f0np0: 203044958227037 55096893299    0 2473    0     0          0    500374 145605234650810 37867492737    0    0    0     0       0          0
1784725432 | enp139s0f0np0: 203044959758777 55096902704    0 2473    0     0          0    500374 145605867775884 37867645679    0    0    0     0       0          0
1784725433 | enp139s0f0np0: 203044960618214 55096907985    0 2473    0     0          0    500374 145606201248430 37867726207    0    0    0     0       0          0
1784725434 | enp139s0f0np0: 203044987599826 55096922720    0 2473    0     0          0    500374 145606742924172 37867857465    0    0    0     0       0          0
1784725435 | enp139s0f0np0: 203045031164085 55096938053    0 2473    0     0          0    500374 145607073882566 37867938173    0    0    0     0       0          0
1784725436 | enp139s0f0np0: 203045031563106 55096940116    0 2473    0     0          0    500374 145607209403742 37867970929    0    0    0     0       0          0
1784725437 | enp139s0f0np0: 203045100979173 55096962866    0 2473    0     0          0    500374 145607628812864 37868073496    0    0    0     0       0          0
1784725438 | enp139s0f0np0: 203045102334757 55096971272    0 2473    0     0          0    500374 145608201547252 37868211639    0    0    0     0       0          0
1784725439 | enp139s0f0np0: 203045103469473 55096977632    0 2473    0     0          0    500374 145608598079612 37868307578    0    0    0     0       0          0
1784725440 | enp139s0f0np0: 203045172830525 55097000134    0 2473    0     0          0    500374 145608997996105 37868405433    0    0    0     0       0          0
1784725441 | enp139s0f0np0: 203045173944266 55097006414    0 2473    0     0          0    500374 145609367708471 37868495230    0    0    0     0       0          0
1784725442 | enp139s0f0np0: 203045174557997 55097009770    0 2473    0     0          0    500374 145609575013065 37868545351    0    0    0     0       0          0
1784725443 | enp139s0f0np0: 203045175581327 55097014369    0 2473    0     0          0    500375 145609769779329 37868593787    0    0    0     0       0          0
1784725444 | enp139s0f0np0: 203045176821661 55097021867    0 2473    0     0          0    500375 145610261699667 37868712676    0    0    0     0       0          0
1784725445 | enp139s0f0np0: 203045177773427 55097027587    0 2473    0     0          0    500375 145610645673469 37868805354    0    0    0     0       0          0
1784725446 | enp139s0f0np0: 203045210424333 55097040234    0 2473    0     0          0    500375 145610991845731 37868889617    0    0    0     0       0          0
1784725447 | enp139s0f0np0: 203045248274743 55097056700    0 2473    0     0          0    500375 145611512798809 37869016146    0    0    0     0       0          0
1784725448 | enp139s0f0np0: 203045249180073 55097062367    0 2473    0     0          0    500375 145611893751977 37869108116    0    0    0     0       0          0
1784725449 | enp139s0f0np0: 203045388572455 55097111459    0 2473    0     0          0    500375 145613149254175 37869413164    0    0    0     0       0          0
1784725450 | enp139s0f0np0: 203045459663041 55097145106    0 2473    0     0          0    500375 145614323566496 37869698171    0    0    0     0       0          0
1784725451 | enp139s0f0np0: 203045477713386 55097165090    0 2473    0     0          0    500375 145615369901371 37869951461    0    0    0     0       0          0
1784725452 | enp139s0f0np0: 203045563895758 55097195249    0 2473    0     0          0    500375 145615997237546 37870104615    0    0    0     0       0          0
1784725453 | enp139s0f0np0: 203045655531141 55097229031    0 2473    0     0          0    500375 145616759424934 37870290649    0    0    0     0       0          0
1784725454 | enp139s0f0np0: 203045672132667 55097241442    0 2473    0     0          0    500375 145617333619342 37870429597    0    0    0     0       0          0
1784725455 | enp139s0f0np0: 203045673891944 55097251925    0 2473    0     0          0    500375 145618046336630 37870601884    0    0    0     0       0          0
1784725456 | enp139s0f0np0: 203045674842461 55097257868    0 2473    0     0          0    500375 145618428905726 37870694296    0    0    0     0       0          0
1784725457 | enp139s0f0np0: 203045676484978 55097268217    0 2473    0     0          0    500375 145619141991230 37870866291    0    0    0     0       0          0
1784725458 | enp139s0f0np0: 203045814382018 55097308413    0 2473    0     0          0    500375 145619570300666 37870972516    0    0    0     0       0          0
1784725459 | enp139s0f0np0: 203045815083702 55097312766    0 2473    0     0          0    500375 145619853328960 37871040815    0    0    0     0       0          0
1784725460 | enp139s0f0np0: 203045816387651 55097320275    0 2473    0     0          0    500375 145620302043157 37871149751    0    0    0     0       0          0
1784725461 | enp139s0f0np0: 203045817174875 55097324801    0 2473    0     0          0    500375 145620604592631 37871222858    0    0    0     0       0          0
1784725462 | enp139s0f0np0: 203045818231123 55097330880    0 2473    0     0          0    500375 145621024834259 37871324418    0    0    0     0       0          0
1784725463 | enp139s0f0np0: 203045819563468 55097339073    0 2473    0     0          0    500375 145621583764907 37871459395    0    0    0     0       0          0
1784725464 | enp139s0f0np0: 203045820319886 55097343444    0 2473    0     0          0    500375 145621884688669 37871532039    0    0    0     0       0          0
1784725465 | enp139s0f0np0: 203045863526986 55097361127    0 2473    0     0          0    500375 145622406759315 37871659016    0    0    0     0       0          0
1784725466 | enp139s0f0np0: 203045890844558 55097372744    0 2473    0     0          0    500375 145622752042329 37871742976    0    0    0     0       0          0
1784725467 | enp139s0f0np0: 203045891748013 55097377904    0 2473    0     0          0    500375 145623092318005 37871825259    0    0    0     0       0          0
1784725468 | enp139s0f0np0: 203045961728843 55097404167    0 2473    0     0          0    500375 145623706061240 37871975126    0    0    0     0       0          0
1784725469 | enp139s0f0np0: 203045963016015 55097411424    0 2473    0     0          0    500375 145624152211903 37872083477    0    0    0     0       0          0
1784725470 | enp139s0f0np0: 203045963607685 55097414635    0 2473    0     0          0    500375 145624350991324 37872131590    0    0    0     0       0          0
1784725471 | enp139s0f0np0: 203045979472014 55097423621    0 2473    0     0          0    500375 145624697666772 37872215744    0    0    0     0       0          0
1784725472 | enp139s0f0np0: 203046034257525 55097445401    0 2473    0     0          0    500375 145625302368300 37872362614    0    0    0     0       0          0
1784725473 | enp139s0f0np0: 203046074724970 55097462538    0 2473    0     0          0    500376 145625854562188 37872496460    0    0    0     0       0          0
1784725474 | enp139s0f0np0: 203046105342299 55097479290    0 2473    0     0          0    500376 145626566248404 37872668530    0    0    0     0       0          0
1784725475 | enp139s0f0np0: 203046106434899 55097486365    0 2473    0     0          0    500376 145627050432036 37872785366    0    0    0     0       0          0
1784725476 | enp139s0f0np0: 203046107853217 55097495350    0 2473    0     0          0    500376 145627700503234 37872942066    0    0    0     0       0          0
1784725477 | enp139s0f0np0: 203046109300470 55097504395    0 2473    0     0          0    500376 145628315406100 37873090598    0    0    0     0       0          0
1784725478 | enp139s0f0np0: 203046110730166 55097512218    0 2473    0     0          0    500376 145628857577088 37873222029    0    0    0     0       0          0
1784725479 | enp139s0f0np0: 203046180834768 55097539903    0 2473    0     0          0    500376 145629616653837 37873406714    0    0    0     0       0          0
1784725480 | enp139s0f0np0: 203046206674667 55097556524    0 2473    0     0          0    500376 145630322659494 37873578262    0    0    0     0       0          0
1784725481 | enp139s0f0np0: 203046252507973 55097576542    0 2473    0     0          0    500376 145630937638713 37873727872    0    0    0     0       0          0
1784725482 | enp139s0f0np0: 203046253462316 55097582347    0 2473    0     0          0    500376 145631339128991 37873824778    0    0    0     0       0          0
1784725483 | enp139s0f0np0: 203046323417907 55097608750    0 2473    0     0          0    500376 145631983291245 37873981836    0    0    0     0       0          0
1784725484 | enp139s0f0np0: 203046392824209 55097632046    0 2473    0     0          0    500376 145632421389799 37874089103    0    0    0     0       0          0
1784725486 | enp139s0f0np0: 203046393372451 55097635197    0 2473    0     0          0    500376 145632643620881 37874142771    0    0    0     0       0          0
1784725487 | enp139s0f0np0: 203046501142866 55097667429    0 2473    0     0          0    500376 145633054591039 37874244003    0    0    0     0       0          0
1784725488 | enp139s0f0np0: 203046600913789 55097700790    0 2473    0     0          0    500376 145633665746753 37874393634    0    0    0     0       0          0
1784725489 | enp139s0f0np0: 203046602129757 55097708420    0 2473    0     0          0    500376 145634185994669 37874519236    0    0    0     0       0          0
1784725490 | enp139s0f0np0: 203046603335065 55097715614    0 2473    0     0          0    500376 145634648437293 37874631129    0    0    0     0       0          0
1784725491 | enp139s0f0np0: 203046604280281 55097721585    0 2473    0     0          0    500376 145635032632710 37874723957    0    0    0     0       0          0
1784725492 | enp139s0f0np0: 203046622323891 55097736284    0 2473    0     0          0    500376 145635727293005 37874892319    0    0    0     0       0          0
1784725493 | enp139s0f0np0: 203046725180496 55097769551    0 2473    0     0          0    500376 145636296025422 37875031754    0    0    0     0       0          0
1784725494 | enp139s0f0np0: 203046745307894 55097781069    0 2473    0     0          0    500376 145636760724345 37875144509    0    0    0     0       0          0
1784725495 | enp139s0f0np0: 203046746643062 55097788894    0 2473    0     0          0    500376 145637218903846 37875255837    0    0    0     0       0          0
1784725496 | enp139s0f0np0: 203046747536424 55097794312    0 2473    0     0          0    500376 145637557514344 37875337751    0    0    0     0       0          0
1784725497 | enp139s0f0np0: 203046749430961 55097805403    0 2473    0     0          0    500376 145638345495590 37875528274    0    0    0     0       0          0
1784725498 | enp139s0f0np0: 203046750365364 55097810693    0 2473    0     0          0    500376 145638680405212 37875609363    0    0    0     0       0          0
1784725499 | enp139s0f0np0: 203046775022519 55097824822    0 2473    0     0          0    500376 145639134008701 37875721281    0    0    0     0       0          0
1784725500 | enp139s0f0np0: 203046822042931 55097846438    0 2473    0     0          0    500376 145639872306070 37875900213    0    0    0     0       0          0
1784725501 | enp139s0f0np0: 203046823282273 55097853631    0 2473    0     0          0    500376 145640415722653 37876031327    0    0    0     0       0          0
1784725502 | enp139s0f0np0: 203046824309485 55097859408    0 2473    0     0          0    500376 145640830884937 37876131648    0    0    0     0       0          0
1784725503 | enp139s0f0np0: 203046825740654 55097867842    0 2473    0     0          0    500376 145641544946083 37876303561    0    0    0     0       0          0
1784725504 | enp139s0f0np0: 203046826964626 55097875143    0 2473    0     0          0    500377 145642078741903 37876432276    0    0    0     0       0          0
1784725505 | enp139s0f0np0: 203046828524079 55097884822    0 2473    0     0          0    500377 145642763015437 37876597335    0    0    0     0       0          0
1784725506 | enp139s0f0np0: 203046829576561 55097891324    0 2473    0     0          0    500377 145643182710481 37876698790    0    0    0     0       0          0
1784725507 | enp139s0f0np0: 203046861103834 55097905192    0 2473    0     0          0    500377 145643599857493 37876800207    0    0    0     0       0          0
1784725508 | enp139s0f0np0: 203046968755241 55097939481    0 2473    0     0          0    500377 145644145121043 37876933940    0    0    0     0       0          0
1784725509 | enp139s0f0np0: 203046969409123 55097943231    0 2473    0     0          0    500377 145644400694703 37876995655    0    0    0     0       0          0
1784725510 | enp139s0f0np0: 203046970413364 55097949321    0 2473    0     0          0    500377 145644820074621 37877096882    0    0    0     0       0          0
1784725511 | enp139s0f0np0: 203046991947693 55097961658    0 2473    0     0          0    500377 145645300751660 37877213592    0    0    0     0       0          0
1784725512 | enp139s0f0np0: 203047041166679 55097980315    0 2473    0     0          0    500377 145645776506060 37877329371    0    0    0     0       0          0
1784725513 | enp139s0f0np0: 203047042183286 55097986186    0 2473    0     0          0    500377 145646188331380 37877428876    0    0    0     0       0          0
1784725514 | enp139s0f0np0: 203047111967210 55098011446    0 2473    0     0          0    500377 145646815745678 37877581437    0    0    0     0       0          0
1784725515 | enp139s0f0np0: 203047113125644 55098018301    0 2473    0     0          0    500377 145647287399616 37877695246    0    0    0     0       0          0
1784725516 | enp139s0f0np0: 203047182790734 55098043024    0 2473    0     0          0    500377 145647837529366 37877829312    0    0    0     0       0          0
1784725517 | enp139s0f0np0: 203047249834359 55098068786    0 2473    0     0          0    500377 145648529056702 37877997437    0    0    0     0       0          0
1784725518 | enp139s0f0np0: 203047322270165 55098093241    0 2473    0     0          0    500377 145648985001640 37878108908    0    0    0     0       0          0
1784725519 | enp139s0f0np0: 203047335273703 55098103940    0 2473    0     0          0    500377 145649518315958 37878237756    0    0    0     0       0          0
1784725520 | enp139s0f0np0: 203047461583205 55098142539    0 2473    0     0          0    500377 145650061967892 37878371259    0    0    0     0       0          0
1784725521 | enp139s0f0np0: 203047462623655 55098148755    0 2473    0     0          0    500377 145650470283059 37878469860    0    0    0     0       0          0
1784725522 | enp139s0f0np0: 203047463930794 55098156707    0 2473    0     0          0    500377 145651016919617 37878601767    0    0    0     0       0          0
1784725523 | enp139s0f0np0: 203047464898619 55098162234    0 2473    0     0          0    500377 145651385644243 37878690838    0    0    0     0       0          0
1784725524 | enp139s0f0np0: 203047465875961 55098167879    0 2473    0     0          0    500377 145651750951553 37878779227    0    0    0     0       0          0
1784725525 | enp139s0f0np0: 203047535466729 55098192112    0 2473    0     0          0    500377 145652236806847 37878897904    0    0    0     0       0          0
1784725526 | enp139s0f0np0: 203047536842642 55098200362    0 2473    0     0          0    500377 145652774335459 37879027900    0    0    0     0       0          0
1784725527 | enp139s0f0np0: 203047538307891 55098209895    0 2473    0     0          0    500377 145653391886847 37879176849    0    0    0     0       0          0
1784725528 | enp139s0f0np0: 203047540068203 55098221071    0 2473    0     0          0    500377 145654205639705 37879372927    0    0    0     0       0          0
1784725529 | enp139s0f0np0: 203047541133219 55098227336    0 2473    0     0          0    500377 145654626971185 37879474649    0    0    0     0       0          0
1784725530 | enp139s0f0np0: 203047543020190 55098238443    0 2473    0     0          0    500377 145655434868197 37879669726    0    0    0     0       0          0
1784725531 | enp139s0f0np0: 203047566772485 55098251284    0 2473    0     0          0    500377 145655974691782 37879800402    0    0    0     0       0          0
1784725532 | enp139s0f0np0: 203047614333782 55098272930    0 2473    0     0          0    500377 145656732778482 37879983836    0    0    0     0       0          0
1784725533 | enp139s0f0np0: 203047615582458 55098280269    0 2473    0     0          0    500378 145657276259978 37880115060    0    0    0     0       0          0
1784725534 | enp139s0f0np0: 203047616408158 55098285382    0 2473    0     0          0    500378 145657637439154 37880202170    0    0    0     0       0          0
1784725535 | enp139s0f0np0: 203047617032983 55098289065    0 2473    0     0          0    500378 145657880214296 37880260819    0    0    0     0       0          0
1784725536 | enp139s0f0np0: 203047617925876 55098294222    0 2473    0     0          0    500378 145658245678720 37880348982    0    0    0     0       0          0
1784725537 | enp139s0f0np0: 203047618124977 55098294923    0 2473    0     0          0    500378 145658288386544 37880359383    0    0    0     0       0          0
1784725538 | enp139s0f0np0: 203047618274201 55098295082    0 2473    0     0          0    500378 145658288430554 37880359542    0    0    0     0       0          0
1784725539 | enp139s0f0np0: 203047618469062 55098295263    0 2473    0     0          0    500378 145658288472026 37880359704    0    0    0     0       0          0
1784725540 | enp139s0f0np0: 203047618667776 55098295448    0 2473    0     0          0    500378 145658288520986 37880359881    0    0    0     0       0          0
1784725541 | enp139s0f0np0: 203047618832004 55098295614    0 2473    0     0          0    500378 145658288566061 37880360056    0    0    0     0       0          0
1784725542 | enp139s0f0np0: 203047619006857 55098295803    0 2473    0     0          0    500378 145658288615855 37880360239    0    0    0     0       0          0
1784725543 | enp139s0f0np0: 203047619180396 55098295982    0 2473    0     0          0    500378 145658288665355 37880360419    0    0    0     0       0          0
1784725544 | enp139s0f0np0: 203047619374979 55098296308    0 2473    0     0          0    500378 145658288772750 37880360757    0    0    0     0       0          0
1784725545 | enp139s0f0np0: 203047619571072 55098296642    0 2473    0     0          0    500378 145658288881561 37880361065    0    0    0     0       0          0
1784725546 | enp139s0f0np0: 203047619762807 55098296791    0 2473    0     0          0    500378 145658288917315 37880361187    0    0    0     0       0          0
1784725547 | enp139s0f0np0: 203047619895281 55098296908    0 2473    0     0          0    500378 145658288948647 37880361299    0    0    0     0       0          0
1784725548 | enp139s0f0np0: 203047620041875 55098297051    0 2473    0     0          0    500378 145658288989723 37880361455    0    0    0     0       0          0
1784725549 | enp139s0f0np0: 203047620310039 55098297644    0 2473    0     0          0    500378 145658289218467 37880362051    0    0    0     0       0          0
1784725550 | enp139s0f0np0: 203047620617687 55098298280    0 2473    0     0          0    500378 145658289459883 37880362695    0    0    0     0       0          0
1784725551 | enp139s0f0np0: 203047620741142 55098298389    0 2473    0     0          0    500378 145658289486918 37880362805    0    0    0     0       0          0
1784725552 | enp139s0f0np0: 203047620822392 55098298468    0 2473    0     0          0    500378 145658289504450 37880362873    0    0    0     0       0          0
1784725553 | enp139s0f0np0: 203047620931458 55098298596    0 2473    0     0          0    500378 145658289539876 37880363007    0    0    0     0       0          0
1784725554 | enp139s0f0np0: 203047621038629 55098298744    0 2473    0     0          0    500378 145658289578760 37880363160    0    0    0     0       0          0
1784725555 | enp139s0f0np0: 203047621184595 55098298915    0 2473    0     0          0    500378 145658289611460 37880363288    0    0    0     0       0          0
1784725556 | enp139s0f0np0: 203047621318968 55098299108    0 2473    0     0          0    500378 145658289657168 37880363463    0    0    0     0       0          0
1784725557 | enp139s0f0np0: 203047621461402 55098299317    0 2473    0     0          0    500378 145658289712040 37880363663    0    0    0     0       0          0
1784725558 | enp139s0f0np0: 203047621601189 55098299505    0 2473    0     0          0    500378 145658289759844 37880363849    0    0    0     0       0          0
1784725559 | enp139s0f0np0: 203047621737077 55098299690    0 2473    0     0          0    500378 145658289804674 37880364021    0    0    0     0       0          0
1784725560 | enp139s0f0np0: 203047621898867 55098299937    0 2473    0     0          0    500378 145658289870886 37880364253    0    0    0     0       0          0
1784725561 | enp139s0f0np0: 203047622062945 55098300198    0 2473    0     0          0    500378 145658289944697 37880364512    0    0    0     0       0          0
1784725562 | enp139s0f0np0: 203047622385116 55098300938    0 2473    0     0          0    500378 145658290208903 37880365222    0    0    0     0       0          0
1784725563 | enp139s0f0np0: 203047691017158 55098318939    0 2473    0     0          0    500379 145658358809161 37880383217    0    0    0     0       0          0
1784725564 | enp139s0f0np0: 203047691192084 55098319215    0 2473    0     0          0    500379 145658358882981 37880383476    0    0    0     0       0          0
1784725565 | enp139s0f0np0: 203047691320294 55098319415    0 2473    0     0          0    500379 145658358939017 37880383683    0    0    0     0       0          0
1784725566 | enp139s0f0np0: 203047691472027 55098319680    0 2473    0     0          0    500379 145658359013033 37880383932    0    0    0     0       0          0
1784725567 | enp139s0f0np0: 203047691601778 55098319882    0 2473    0     0          0    500379 145658359065619 37880384123    0    0    0     0       0          0
1784725568 | enp139s0f0np0: 203047691713253 55098320074    0 2473    0     0          0    500379 145658359113557 37880384285    0    0    0     0       0          0
1784725569 | enp139s0f0np0: 203047691973102 55098320651    0 2473    0     0          0    500379 145658359301849 37880384806    0    0    0     0       0          0
1784725570 | enp139s0f0np0: 203047692110647 55098320879    0 2473    0     0          0    500379 145658359365935 37880385021    0    0    0     0       0          0
1784725571 | enp139s0f0np0: 203047692242798 55098321117    0 2473    0     0          0    500379 145658359436314 37880385264    0    0    0     0       0          0
1784725572 | enp139s0f0np0: 203047711944177 55098326514    0 2473    0     0          0    500379 145658378813644 37880390598    0    0    0     0       0          0
1784725573 | enp139s0f0np0: 203047761103373 55098339630    0 2473    0     0          0    500379 145658428202412 37880403750    0    0    0     0       0          0
1784725574 | enp139s0f0np0: 203047761258954 55098339941    0 2473    0     0          0    500379 145658428298088 37880404070    0    0    0     0       0          0
1784725575 | enp139s0f0np0: 203047761420841 55098340282    0 2473    0     0          0    500379 145658428403592 37880404399    0    0    0     0       0          0
1784725576 | enp139s0f0np0: 203047761629081 55098340696    0 2473    0     0          0    500379 145658428505490 37880404720    0    0    0     0       0          0
1784725577 | enp139s0f0np0: 203047830374375 55098358981    0 2473    0     0          0    500379 145658497193002 37880422995    0    0    0     0       0          0
1784725578 | enp139s0f0np0: 203047830615199 55098359444    0 2473    0     0          0    500379 145658497295902 37880423326    0    0    0     0       0          0
1784725579 | enp139s0f0np0: 203047830785391 55098359784    0 2473    0     0          0    500379 145658497358914 37880423519    0    0    0     0       0          0
1784725580 | enp139s0f0np0: 203047899446509 55098377860    0 2473    0     0          0    500379 145658565943004 37880441481    0    0    0     0       0          0
1784725581 | enp139s0f0np0: 203047899605209 55098378134    0 2473    0     0          0    500379 145658565979535 37880441625    0    0    0     0       0          0
1784725582 | enp139s0f0np0: 203047899761160 55098378506    0 2473    0     0          0    500379 145658566052663 37880441861    0    0    0     0       0          0
1784725583 | enp139s0f0np0: 203047960826152 55098395145    0 2473    0     0          0    500379 145658627091201 37880458464    0    0    0     0       0          0
1784725584 | enp139s0f0np0: 203048205321630 55098459488    0 2473    0     0          0    500379 145658871714153 37880522476    0    0    0     0       0          0
1784725585 | enp139s0f0np0: 203048243269078 55098470001    0 2473    0     0          0    500379 145658909671039 37880532822    0    0    0     0       0          0
1784725586 | enp139s0f0np0: 203048243442520 55098470365    0 2473    0     0          0    500379 145658909739379 37880533075    0    0    0     0       0          0
1784725587 | enp139s0f0np0: 203048243794432 55098471350    0 2473    0     0          0    500379 145658910033221 37880533949    0    0    0     0       0          0
1784725588 | enp139s0f0np0: 203048312500998 55098489550    0 2473    0     0          0    500379 145658978679069 37880552100    0    0    0     0       0          0
1784725589 | enp139s0f0np0: 203048312662771 55098489890    0 2473    0     0          0    500379 145658978739787 37880552318    0    0    0     0       0          0
1784725590 | enp139s0f0np0: 203048312847884 55098490199    0 2473    0     0          0    500379 145658978785275 37880552486    0    0    0     0       0          0
1784725591 | enp139s0f0np0: 203048313063472 55098490589    0 2473    0     0          0    500379 145658978856950 37880552746    0    0    0     0       0          0
1784725592 | enp139s0f0np0: 203048313236970 55098490976    0 2473    0     0          0    500379 145658978932968 37880553019    0    0    0     0       0          0
1784725593 | enp139s0f0np0: 203048313405074 55098491302    0 2473    0     0          0    500380 145658978987662 37880553218    0    0    0     0       0          0
1784725594 | enp139s0f0np0: 203048382093486 55098509465    0 2473    0     0          0    500380 145659047729992 37880571299    0    0    0     0       0          0
1784725595 | enp139s0f0np0: 203048382274728 55098509730    0 2473    0     0          0    500380 145659047757560 37880571407    0    0    0     0       0          0
1784725596 | enp139s0f0np0: 203048382417604 55098510003    0 2473    0     0          0    500380 145659047788806 37880571532    0    0    0     0       0          0
1784725597 | enp139s0f0np0: 203048382631607 55098510455    0 2473    0     0          0    500380 145659047888408 37880571863    0    0    0     0       0          0
1784725598 | enp139s0f0np0: 203048382821563 55098510781    0 2473    0     0          0    500380 145659047951348 37880572086    0    0    0     0       0          0
1784725599 | enp139s0f0np0: 203048382999879 55098511104    0 2473    0     0          0    500380 145659048020276 37880572322    0    0    0     0       0          0
1784725600 | enp139s0f0np0: 203048383250799 55098511447    0 2473    0     0          0    500380 145659048085046 37880572552    0    0    0     0       0          0
1784725601 | enp139s0f0np0: 203048383450016 55098511833    0 2473    0     0          0    500380 145659048173135 37880572845    0    0    0     0       0          0
1784725602 | enp139s0f0np0: 203048383649085 55098512209    0 2473    0     0          0    500380 145659048248993 37880573112    0    0    0     0       0          0
1784725603 | enp139s0f0np0: 203048383856354 55098512619    0 2473    0     0          0    500380 145659048343025 37880573433    0    0    0     0       0          0
1784725604 | enp139s0f0np0: 203048384575426 55098514702    0 2473    0     0          0    500380 145659049057570 37880575409    0    0    0     0       0          0
1784725605 | enp139s0f0np0: 203048385004079 55098515730    0 2473    0     0          0    500380 145659049372033 37880576332    0    0    0     0       0          0
1784725606 | enp139s0f0np0: 203048385517221 55098517121    0 2473    0     0          0    500380 145659049826143 37880577622    0    0    0     0       0          0
1784725607 | enp139s0f0np0: 203048385901068 55098517951    0 2473    0     0          0    500380 145659050069105 37880578336    0    0    0     0       0          0
1784725608 | enp139s0f0np0: 203048386169878 55098518388    0 2473    0     0          0    500380 145659050165343 37880578657    0    0    0     0       0          0
1784725609 | enp139s0f0np0: 203048386369345 55098518697    0 2473    0     0          0    500380 145659050213605 37880578830    0    0    0     0       0          0
1784725610 | enp139s0f0np0: 203048386564159 55098519009    0 2473    0     0          0    500380 145659050264779 37880579011    0    0    0     0       0          0
1784725611 | enp139s0f0np0: 203048455294278 55098537233    0 2473    0     0          0    500380 145659118907756 37880597164    0    0    0     0       0          0
1784725612 | enp139s0f0np0: 203048455485667 55098537609    0 2473    0     0          0    500380 145659118989850 37880597446    0    0    0     0       0          0
1784725613 | enp139s0f0np0: 203048524350264 55098556260    0 2473    0     0          0    500380 145659187789852 37880615980    0    0    0     0       0          0
1784725614 | enp139s0f0np0: 203048524723928 55098557143    0 2473    0     0          0    500380 145659188046360 37880616743    0    0    0     0       0          0
1784725615 | enp139s0f0np0: 203048594025307 55098577384    0 2473    0     0          0    500380 145659257404052 37880636957    0    0    0     0       0          0
1784725616 | enp139s0f0np0: 203048709103492 55098608674    0 2473    0     0          0    500380 145659372467096 37880668011    0    0    0     0       0          0
1784725617 | enp139s0f0np0: 203048828618387 55098641453    0 2473    0     0          0    500380 145659491960328 37880700766    0    0    0     0       0          0
1784725618 | enp139s0f0np0: 203049143852608 55098724408    0 2473    0     0          0    500380 145659807281360 37880783199    0    0    0     0       0          0
1784725619 | enp139s0f0np0: 203049144496240 55098726184    0 2473    0     0          0    500380 145659807858932 37880784869    0    0    0     0       0          0
1784725620 | enp139s0f0np0: 203049144890582 55098727018    0 2473    0     0          0    500380 145659808144166 37880785691    0    0    0     0       0          0
1784725621 | enp139s0f0np0: 203049145080214 55098727278    0 2473    0     0          0    500380 145659808222315 37880785970    0    0    0     0       0          0
1784725622 | enp139s0f0np0: 203049145224092 55098727363    0 2473    0     0          0    500380 145659808233645 37880786016    0    0    0     0       0          0
1784725623 | enp139s0f0np0: 203049145941173 55098729377    0 2473    0     0          0    500381 145659808932823 37880788074    0    0    0     0       0          0
1784725624 | enp139s0f0np0: 203049214589422 55098747439    0 2473    0     0          0    500381 145659877536191 37880806077    0    0    0     0       0          0
1784725625 | enp139s0f0np0: 203049214742491 55098747640    0 2473    0     0          0    500381 145659877591075 37880806278    0    0    0     0       0          0
1784725626 | enp139s0f0np0: 203049214935896 55098747877    0 2473    0     0          0    500381 145659877660173 37880806516    0    0    0     0       0          0
1784725627 | enp139s0f0np0: 203049215136421 55098748099    0 2473    0     0          0    500381 145659877722715 37880806740    0    0    0     0       0          0
1784725628 | enp139s0f0np0: 203049215316586 55098748364    0 2473    0     0          0    500381 145659877803595 37880807030    0    0    0     0       0          0
1784725629 | enp139s0f0np0: 203049215429270 55098748525    0 2473    0     0          0    500381 145659877853343 37880807210    0    0    0     0       0          0
1784725630 | enp139s0f0np0: 203049215591672 55098748755    0 2473    0     0          0    500381 145659877924419 37880807460    0    0    0     0       0          0
1784725631 | enp139s0f0np0: 203049215739158 55098749027    0 2473    0     0          0    500381 145659878010132 37880807761    0    0    0     0       0          0
1784725632 | enp139s0f0np0: 203049215880218 55098749253    0 2473    0     0          0    500381 145659878085644 37880808025    0    0    0     0       0          0
1784725633 | enp139s0f0np0: 203049216086612 55098749532    0 2473    0     0          0    500381 145659878171678 37880808331    0    0    0     0       0          0
1784725634 | enp139s0f0np0: 203049216204254 55098749710    0 2473    0     0          0    500381 145659878232582 37880808556    0    0    0     0       0          0
1784725635 | enp139s0f0np0: 203049216413417 55098750033    0 2473    0     0          0    500381 145659878337394 37880808904    0    0    0     0       0          0
1784725636 | enp139s0f0np0: 203049216627550 55098750461    0 2473    0     0          0    500381 145659878477300 37880809355    0    0    0     0       0          0
1784725637 | enp139s0f0np0: 203049216821837 55098750753    0 2473    0     0          0    500381 145659878570998 37880809674    0    0    0     0       0          0
1784725638 | enp139s0f0np0: 203049217102039 55098751448    0 2473    0     0          0    500381 145659878810620 37880810437    0    0    0     0       0          0
1784725639 | enp139s0f0np0: 203049285837212 55098769810    0 2473    0     0          0    500381 145659947547388 37880828822    0    0    0     0       0          0
1784725640 | enp139s0f0np0: 203049286131334 55098770534    0 2473    0     0          0    500381 145659947801346 37880829605    0    0    0     0       0          0
1784725641 | enp139s0f0np0: 203049286325555 55098770895    0 2473    0     0          0    500381 145659947924157 37880829994    0    0    0     0       0          0
1784725642 | enp139s0f0np0: 203049286702542 55098771888    0 2473    0     0          0    500381 145659948252531 37880831009    0    0    0     0       0          0
1784725643 | enp139s0f0np0: 203049424604659 55098810208    0 2473    0     0          0    500381 145660086283571 37880869269    0    0    0     0       0          0
1784725644 | enp139s0f0np0: 203049597378520 55098857313    0 2473    0     0          0    500381 145660259020356 37880916252    0    0    0     0       0          0
1784725645 | enp139s0f0np0: 203050112010427 55098994722    0 2473    0     0          0    500381 145660774282597 37881052940    0    0    0     0       0          0
1784725646 | enp139s0f0np0: 203050112413036 55098995890    0 2473    0     0          0    500381 145660774675603 37881054111    0    0    0     0       0          0
1784725647 | enp139s0f0np0: 203050113395124 55098998844    0 2473    0     0          0    500381 145660775696875 37881057072    0    0    0     0       0          0
1784725648 | enp139s0f0np0: 203050264798726 55099040330    0 2473    0     0          0    500381 145660926973257 37881098367    0    0    0     0       0          0
1784725649 | enp139s0f0np0: 203050420553692 55099084687    0 2473    0     0          0    500381 145661082625243 37881142441    0    0    0     0       0          0
1784725650 | enp139s0f0np0: 203050500708173 55099109163    0 2473    0     0          0    500381 145661163523767 37881167078    0    0    0     0       0          0
1784725651 | enp139s0f0np0: 203050871203105 55099207618    0 2473    0     0          0    500381 145661534362112 37881265196    0    0    0     0       0          0
1784725652 | enp139s0f0np0: 203050995523295 55099244372    0 2473    0     0          0    500381 145661658396063 37881301787    0    0    0     0       0          0
1784725653 | enp139s0f0np0: 203051143342900 55099286072    0 2473    0     0          0    500382 145661806907590 37881343615    0    0    0     0       0          0
1784725654 | enp139s0f0np0: 203051289320139 55099328571    0 2473    0     0          0    500382 145661952927029 37881386024    0    0    0     0       0          0
