hints = 1
Maintaining 128 concurrent writes of 262144 bytes to objects of size 262144 for up to 60 seconds or 0 objects
Object prefix: benchmark_data_oneasia-c1-cpu-node10_2418915
  sec Cur ops   started  finished  avg MB/s  cur MB/s last lat(s)  avg lat(s)
    0       0         0         0         0         0           -           0
    1     128     16526     16398   4099.28    4099.5  0.00332233  0.00775792
    2     128     33601     33473   4183.84   4268.75   0.0143233  0.00764098
    3     128     50305     50177   4181.13      4176  0.00193816  0.00762836
    4     128     67080     66952   4184.21   4193.75  0.00500953  0.00763408
    5     128     83707     83579   4178.66   4156.75  0.00611807   0.0076495
    6     127    100441    100314   4179.45   4183.75  0.00343662  0.00764803
    7     128    117083    116955   4176.66   4160.25  0.00445759   0.0076559
    8     128    133561    133433   4169.48    4119.5   0.0241302  0.00766092
    9     128    149898    149770   4159.98   4084.25  0.00355579  0.00768419
   10     127    166376    166249   4155.92   4119.75   0.0187481  0.00769332
   11     128    182656    182528   4148.06   4069.75   0.0117855  0.00771073
   12     128    199208    199080    4147.2      4138  0.00561493  0.00771152
   13     128    215682    215554   4144.97    4118.5  0.00173257  0.00771529
   14     128    232315    232187   4145.89   4158.25  0.00245814  0.00771273
   15     128    249008    248880   4147.69   4173.25  0.00608483  0.00771019
   16     128    265492    265364      4146      4121  0.00199592  0.00771248
   17     128    281082    280954   4131.36    3897.5   0.0136389  0.00774336
   18     128    297470    297342   4129.43      4097  0.00101106   0.0077458
   19     128    313954    313826   4128.97      4121  0.00205001  0.00774767
2026-07-19T00:26:15.080319+0700 min lat: 0.000711561 max lat: 0.0448827 avg lat: 0.00775948
  sec Cur ops   started  finished  avg MB/s  cur MB/s last lat(s)  avg lat(s)
   20     128    329927    329799   4122.16   3993.25  0.00772484  0.00775948
   21     128    346218    346090    4119.8   4072.75  0.00486377  0.00776501
   22     128    362818    362690   4121.15      4150  0.00111406  0.00776319
   23     128    379254    379126   4120.61      4109  0.00219624    0.007763
   24     128    396330    396202   4126.78      4269  0.00271305  0.00775117
   25     127    411704    411577   4115.45   3843.75  0.00477158  0.00777289
   26     128    427489    427361   4108.92      3946  0.00220039  0.00778434
   27     128    443557    443429    4105.5      4017  0.00160746  0.00779306
   28     128    459679    459551   4102.81    4030.5  0.00461125  0.00779681
   29     128    476084    475956   4102.75   4101.25  0.00364932  0.00779747
   30     128    492859    492731   4105.77   4193.75  0.00430019  0.00779196
   31     128    509794    509666   4109.89   4233.75   0.0032056  0.00778423
   32     128    526961    526833   4115.56   4291.75   0.0032279  0.00777379
   33     128    543277    543149   4114.45      4079  0.00407822  0.00777579
   34     128    560275    560147   4118.41    4249.5  0.00751118  0.00776837
   35     128    577209    577081   4121.69    4233.5  0.00801448  0.00776198
   36     128    594280    594152   4125.74   4267.75  0.00188275   0.0077539
   37     128    611233    611105   4128.77   4238.25   0.0218217  0.00774939
   38     128    628051    627923   4130.75    4204.5  0.00415659  0.00774535
   39     128    645164    645036   4134.53   4278.25   0.0024936  0.00773806
2026-07-19T00:26:35.081843+0700 min lat: 0.000711561 max lat: 0.0457435 avg lat: 0.00773162
  sec Cur ops   started  finished  avg MB/s  cur MB/s last lat(s)  avg lat(s)
   40     128    662223    662095   4137.77   4264.75  0.00164533  0.00773162
   41     128    679278    679150   4140.84   4263.75   0.0010673  0.00772616
   42     128    696115    695987   4142.46   4209.25  0.00297894  0.00772326
   43     128    712839    712711   4143.35      4181  0.00188007  0.00772065
   44     128    730082    729954   4147.14   4310.75  0.00222701  0.00771448
   45     128    746772    746644    4147.7    4172.5  0.00265689  0.00771332
   46     128    763312    763184   4147.42      4135  0.00939836   0.0077141
   47     128    780030    779902   4148.09    4179.5  0.00714002  0.00771257
   48     128    796718    796590   4148.59      4172  0.00187657  0.00771194
   49     127    812662    812535   4145.26   3986.25  0.00422018  0.00771804
   50     128    829477    829349   4146.42    4203.5   0.0018485  0.00771607
   51     128    846222    846094    4147.2   4186.25 0.000967307  0.00771396
   52     128    862259    862131   4144.54   4009.25  0.00134306  0.00771759
   53     127    879377    879250   4147.08   4279.75   0.0051543  0.00771419
   54     128    896464    896336   4149.38    4271.5  0.00404808  0.00771025
   55     128    913813    913685   4152.79   4337.25   0.0178438  0.00770397
   56     127    930920    930793      4155      4277   0.0116258  0.00769995
   57     128    947883    947755    4156.5    4240.5  0.00525142  0.00769723
   58     128    964991    964863   4158.57      4277  0.00914049  0.00769353
   59     128    981925    981797   4159.83    4233.5  0.00265886  0.00769146
2026-07-19T00:26:55.083397+0700 min lat: 0.000711561 max lat: 0.0546239 avg lat: 0.00768632
  sec Cur ops   started  finished  avg MB/s  cur MB/s last lat(s)  avg lat(s)
   60       2    999135    999133   4162.73      4334   0.0059051  0.00768632
Total time run:         60.0047
Total writes made:      999135
Write size:             262144
Object size:            262144
Bandwidth (MB/sec):     4162.73
Stddev Bandwidth:       105.629
Max bandwidth (MB/sec): 4337.25
Min bandwidth (MB/sec): 3843.75
Average IOPS:           16650
Stddev IOPS:            422.514
Max IOPS:               17349
Min IOPS:               15375
Average Latency(s):     0.00768631
Stddev Latency(s):      0.00631421
Max latency(s):         0.0546239
Min latency(s):         0.000711561
