1784751126 | enp139s0f0np0: 216712186864708 58668677337    0 2473    0     0          0    501231 163201078683046 42367498422    0    0    0     0       0          0
1784751127 | enp139s0f0np0: 216712978900720 58668880800    0 2473    0     0          0    501231 163201897185496 42367709661    0    0    0     0       0          0
1784751128 | enp139s0f0np0: 216714811637543 58669339279    0 2473    0     0          0    501231 163203705906965 42368168050    0    0    0     0       0          0
1784751129 | enp139s0f0np0: 216716654855247 58669801553    0 2473    0     0          0    501231 163205549091646 42368635216    0    0    0     0       0          0
1784751130 | enp139s0f0np0: 216718507212110 58670266016    0 2473    0     0          0    501231 163207325642680 42369085952    0    0    0     0       0          0
1784751131 | enp139s0f0np0: 216720348437732 58670728213    0 2473    0     0          0    501231 163209188894251 42369557882    0    0    0     0       0          0
1784751132 | enp139s0f0np0: 216722096875529 58671168075    0 2473    0     0          0    501231 163210986042912 42370014879    0    0    0     0       0          0
1784751133 | enp139s0f0np0: 216723916387174 58671624235    0 2473    0     0          0    501231 163212847594539 42370485524    0    0    0     0       0          0
1784751134 | enp139s0f0np0: 216725723524293 58672078357    0 2473    0     0          0    501231 163214648140286 42370943083    0    0    0     0       0          0
1784751135 | enp139s0f0np0: 216727546151894 58672536216    0 2473    0     0          0    501231 163216468145931 42371405834    0    0    0     0       0          0
1784751136 | enp139s0f0np0: 216729431825350 58673008942    0 2473    0     0          0    501231 163218402811505 42371894513    0    0    0     0       0          0
1784751137 | enp139s0f0np0: 216731269751560 58673469371    0 2473    0     0          0    501231 163220273726783 42372366869    0    0    0     0       0          0
1784751138 | enp139s0f0np0: 216733093779410 58673927137    0 2473    0     0          0    501231 163222080120240 42372825109    0    0    0     0       0          0
1784751139 | enp139s0f0np0: 216734888552318 58674377996    0 2473    0     0          0    501231 163223921788682 42373292409    0    0    0     0       0          0
1784751140 | enp139s0f0np0: 216736678979826 58674828364    0 2473    0     0          0    501231 163225707541390 42373747465    0    0    0     0       0          0
1784751141 | enp139s0f0np0: 216738531556036 58675293400    0 2473    0     0          0    501231 163227565910675 42374218805    0    0    0     0       0          0
1784751142 | enp139s0f0np0: 216740417063305 58675765103    0 2473    0     0          0    501231 163229420848132 42374688021    0    0    0     0       0          0
1784751143 | enp139s0f0np0: 216742265615644 58676228378    0 2473    0     0          0    501231 163231251423310 42375152740    0    0    0     0       0          0
1784751144 | enp139s0f0np0: 216744111802736 58676691672    0 2473    0     0          0    501231 163233060584824 42375612497    0    0    0     0       0          0
1784751145 | enp139s0f0np0: 216745947740749 58677152569    0 2473    0     0          0    501231 163234893706798 42376077099    0    0    0     0       0          0
1784751146 | enp139s0f0np0: 216747738294051 58677602627    0 2473    0     0          0    501231 163236680266015 42376531082    0    0    0     0       0          0
1784751147 | enp139s0f0np0: 216749556278316 58678059566    0 2473    0     0          0    501231 163238507504151 42376994783    0    0    0     0       0          0
1784751148 | enp139s0f0np0: 216751227453792 58678479477    0 2473    0     0          0    501231 163240150920063 42377412430    0    0    0     0       0          0
1784751149 | enp139s0f0np0: 216752960571433 58678914567    0 2473    0     0          0    501231 163241898348851 42377855382    0    0    0     0       0          0
1784751150 | enp139s0f0np0: 216754846910149 58679386850    0 2473    0     0          0    501231 163243773136024 42378330091    0    0    0     0       0          0
1784751151 | enp139s0f0np0: 216756761756507 58679865432    0 2473    0     0          0    501231 163245589960739 42378791270    0    0    0     0       0          0
1784751152 | enp139s0f0np0: 216758593168031 58680324160    0 2473    0     0          0    501231 163247422019159 42379255023    0    0    0     0       0          0
1784751153 | enp139s0f0np0: 216760430742781 58680784790    0 2473    0     0          0    501231 163249247783592 42379718305    0    0    0     0       0          0
1784751154 | enp139s0f0np0: 216762196888419 58681228348    0 2473    0     0          0    501231 163251018927352 42380169205    0    0    0     0       0          0
1784751155 | enp139s0f0np0: 216764020620843 58681685832    0 2473    0     0          0    501232 163252864466655 42380635645    0    0    0     0       0          0
1784751156 | enp139s0f0np0: 216765846617517 58682143570    0 2473    0     0          0    501232 163254677881770 42381095705    0    0    0     0       0          0
1784751157 | enp139s0f0np0: 216767652451755 58682596871    0 2473    0     0          0    501232 163256448551059 42381546349    0    0    0     0       0          0
1784751158 | enp139s0f0np0: 216769465600281 58683052729    0 2473    0     0          0    501232 163258306767637 42382017472    0    0    0     0       0          0
1784751159 | enp139s0f0np0: 216771204936472 58683490065    0 2473    0     0          0    501232 163260030366807 42382456174    0    0    0     0       0          0
1784751160 | enp139s0f0np0: 216773010284704 58683943499    0 2473    0     0          0    501232 163261845122913 42382916897    0    0    0     0       0          0
1784751161 | enp139s0f0np0: 216774816462207 58684396002    0 2473    0     0          0    501232 163263683441228 42383382220    0    0    0     0       0          0
1784751162 | enp139s0f0np0: 216776611732215 58684846552    0 2473    0     0          0    501232 163265449698487 42383831483    0    0    0     0       0          0
1784751163 | enp139s0f0np0: 216778417678237 58685299521    0 2473    0     0          0    501232 163267246265219 42384286995    0    0    0     0       0          0
1784751164 | enp139s0f0np0: 216780189413116 58685744991    0 2473    0     0          0    501232 163269006434523 42384735551    0    0    0     0       0          0
1784751165 | enp139s0f0np0: 216781903290576 58686176888    0 2473    0     0          0    501232 163270732748427 42385176661    0    0    0     0       0          0
1784751166 | enp139s0f0np0: 216783578682483 58686599119    0 2473    0     0          0    501232 163272446114410 42385613780    0    0    0     0       0          0
1784751167 | enp139s0f0np0: 216785326995155 58687037820    0 2473    0     0          0    501232 163274204593273 42386059771    0    0    0     0       0          0
1784751168 | enp139s0f0np0: 216787168509395 58687499303    0 2473    0     0          0    501232 163276041609134 42386525729    0    0    0     0       0          0
1784751169 | enp139s0f0np0: 216789019447262 58687963174    0 2473    0     0          0    501232 163277861161528 42386987789    0    0    0     0       0          0
1784751170 | enp139s0f0np0: 216790723472867 58688390983    0 2473    0     0          0    501232 163279543018285 42387415892    0    0    0     0       0          0
1784751171 | enp139s0f0np0: 216792566330506 58688852161    0 2473    0     0          0    501232 163281396428372 42387884638    0    0    0     0       0          0
1784751172 | enp139s0f0np0: 216794348751654 58689299032    0 2473    0     0          0    501232 163283198661753 42388341914    0    0    0     0       0          0
1784751173 | enp139s0f0np0: 216796008814128 58689717776    0 2473    0     0          0    501232 163284872346636 42388770030    0    0    0     0       0          0
1784751174 | enp139s0f0np0: 216797786360482 58690164274    0 2473    0     0          0    501232 163286684209992 42389230343    0    0    0     0       0          0
1784751175 | enp139s0f0np0: 216799569145709 58690612140    0 2473    0     0          0    501232 163288435713947 42389675771    0    0    0     0       0          0
1784751176 | enp139s0f0np0: 216801459997539 58691084757    0 2473    0     0          0    501232 163290260119653 42390137780    0    0    0     0       0          0
1784751177 | enp139s0f0np0: 216803354320004 58691558888    0 2473    0     0          0    501232 163292130124943 42390610768    0    0    0     0       0          0
1784751178 | enp139s0f0np0: 216805039778195 58691984089    0 2473    0     0          0    501232 163293832836310 42391046062    0    0    0     0       0          0
1784751179 | enp139s0f0np0: 216806843658881 58692436904    0 2473    0     0          0    501232 163295621290573 42391501214    0    0    0     0       0          0
1784751180 | enp139s0f0np0: 216808682906481 58692897857    0 2473    0     0          0    501232 163297488759091 42391973415    0    0    0     0       0          0
1784751181 | enp139s0f0np0: 216810508035503 58693355768    0 2473    0     0          0    501232 163299313733352 42392436489    0    0    0     0       0          0
1784751182 | enp139s0f0np0: 216812321264233 58693811896    0 2473    0     0          0    501232 163301163421250 42392905006    0    0    0     0       0          0
1784751183 | enp139s0f0np0: 216813979544212 58694231216    0 2473    0     0          0    501232 163302862079338 42393338392    0    0    0     0       0          0
1784751184 | enp139s0f0np0: 216815783966879 58694684197    0 2473    0     0          0    501232 163304666295247 42393797134    0    0    0     0       0          0
1784751185 | enp139s0f0np0: 216817527869504 58695123376    0 2473    0     0          0    501233 163306395606019 42394238517    0    0    0     0       0          0
1784751186 | enp139s0f0np0: 216819323071499 58695574172    0 2473    0     0          0    501233 163308154282111 42394686636    0    0    0     0       0          0
1784751187 | enp139s0f0np0: 216821118664076 58696025060    0 2473    0     0          0    501233 163309925828599 42395136958    0    0    0     0       0          0
1784751188 | enp139s0f0np0: 216822828473545 58696455838    0 2473    0     0          0    501233 163311669516418 42395580962    0    0    0     0       0          0
1784751189 | enp139s0f0np0: 216824641698876 58696910729    0 2473    0     0          0    501233 163313513326649 42396047702    0    0    0     0       0          0
1784751190 | enp139s0f0np0: 216826461358455 58697367075    0 2473    0     0          0    501233 163315340021786 42396510949    0    0    0     0       0          0
1784751191 | enp139s0f0np0: 216828287066857 58697825042    0 2473    0     0          0    501233 163317209401599 42396983168    0    0    0     0       0          0
1784751192 | enp139s0f0np0: 216830013971959 58698260098    0 2473    0     0          0    501233 163318912083032 42397418359    0    0    0     0       0          0
1784751193 | enp139s0f0np0: 216831815594554 58698713034    0 2473    0     0          0    501233 163320725075343 42397879083    0    0    0     0       0          0
1784751194 | enp139s0f0np0: 216833399317387 58699111251    0 2473    0     0          0    501233 163322281927351 42398275623    0    0    0     0       0          0
1784751195 | enp139s0f0np0: 216835085803385 58699534817    0 2473    0     0          0    501233 163324016403633 42398714739    0    0    0     0       0          0
1784751196 | enp139s0f0np0: 216836788884040 58699964165    0 2473    0     0          0    501233 163325753158566 42399156633    0    0    0     0       0          0
1784751197 | enp139s0f0np0: 216838579865271 58700414287    0 2473    0     0          0    501233 163327580030608 42399620469    0    0    0     0       0          0
1784751198 | enp139s0f0np0: 216840331336916 58700854760    0 2473    0     0          0    501233 163329272509946 42400052826    0    0    0     0       0          0
1784751199 | enp139s0f0np0: 216842156122941 58701312518    0 2473    0     0          0    501233 163331069190593 42400509194    0    0    0     0       0          0
1784751200 | enp139s0f0np0: 216843880940141 58701746949    0 2473    0     0          0    501233 163332780467129 42400946161    0    0    0     0       0          0
1784751201 | enp139s0f0np0: 216845634057693 58702187895    0 2473    0     0          0    501233 163334571934154 42401401495    0    0    0     0       0          0
1784751202 | enp139s0f0np0: 216847032573053 58702541633    0 2473    0     0          0    501233 163336004769972 42401766849    0    0    0     0       0          0
1784751203 | enp139s0f0np0: 216848855908979 58702999253    0 2473    0     0          0    501233 163337748841255 42402210547    0    0    0     0       0          0
1784751204 | enp139s0f0np0: 216850615169834 58703442531    0 2473    0     0          0    501233 163339445995655 42402645068    0    0    0     0       0          0
1784751205 | enp139s0f0np0: 216852492102677 58703912538    0 2473    0     0          0    501233 163341248329700 42403103237    0    0    0     0       0          0
1784751206 | enp139s0f0np0: 216854144796835 58704329741    0 2473    0     0          0    501233 163342954061003 42403538397    0    0    0     0       0          0
1784751207 | enp139s0f0np0: 216855776015798 58704741537    0 2473    0     0          0    501233 163344607947192 42403960841    0    0    0     0       0          0
1784751208 | enp139s0f0np0: 216857525493126 58705181752    0 2473    0     0          0    501233 163346351186389 42404404871    0    0    0     0       0          0
1784751209 | enp139s0f0np0: 216859310622339 58705629616    0 2473    0     0          0    501233 163348091654791 42404847708    0    0    0     0       0          0
1784751210 | enp139s0f0np0: 216861002055935 58706054568    0 2473    0     0          0    501233 163349825457202 42405286782    0    0    0     0       0          0
1784751211 | enp139s0f0np0: 216862672317919 58706476167    0 2473    0     0          0    501233 163351458091014 42405704858    0    0    0     0       0          0
1784751212 | enp139s0f0np0: 216864426667397 58706917510    0 2473    0     0          0    501233 163353209069694 42406150253    0    0    0     0       0          0
1784751213 | enp139s0f0np0: 216866036128099 58707322951    0 2473    0     0          0    501233 163354853024342 42406568652    0    0    0     0       0          0
1784751214 | enp139s0f0np0: 216867754304947 58707755998    0 2473    0     0          0    501233 163356530011224 42406997658    0    0    0     0       0          0
1784751215 | enp139s0f0np0: 216869551971144 58708207668    0 2473    0     0          0    501234 163358370987050 42407464379    0    0    0     0       0          0
1784751216 | enp139s0f0np0: 216871241286101 58708632941    0 2473    0     0          0    501234 163360091844039 42407901750    0    0    0     0       0          0
1784751217 | enp139s0f0np0: 216872911235107 58709054332    0 2473    0     0          0    501234 163361778884056 42408333173    0    0    0     0       0          0
1784751218 | enp139s0f0np0: 216874689331058 58709500293    0 2473    0     0          0    501234 163363546707765 42408783274    0    0    0     0       0          0
1784751219 | enp139s0f0np0: 216876112492647 58709857929    0 2473    0     0          0    501234 163364953536614 42409142462    0    0    0     0       0          0
1784751220 | enp139s0f0np0: 216877787475943 58710280187    0 2473    0     0          0    501234 163366613432632 42409566722    0    0    0     0       0          0
1784751221 | enp139s0f0np0: 216879588836673 58710731311    0 2473    0     0          0    501234 163368442392500 42410030317    0    0    0     0       0          0
1784751222 | enp139s0f0np0: 216881259473955 58711152293    0 2473    0     0          0    501234 163370119541849 42410457952    0    0    0     0       0          0
1784751223 | enp139s0f0np0: 216882928441460 58711573725    0 2473    0     0          0    501234 163371781428144 42410883126    0    0    0     0       0          0
1784751224 | enp139s0f0np0: 216884693689870 58712017065    0 2473    0     0          0    501234 163373586413665 42411340680    0    0    0     0       0          0
1784751225 | enp139s0f0np0: 216886116926912 58712375383    0 2473    0     0          0    501234 163375035118883 42411709060    0    0    0     0       0          0
1784751226 | enp139s0f0np0: 216887727838432 58712783276    0 2473    0     0          0    501234 163376669595414 42412128247    0    0    0     0       0          0
1784751227 | enp139s0f0np0: 216889477622785 58713222912    0 2473    0     0          0    501234 163378438575850 42412577261    0    0    0     0       0          0
1784751228 | enp139s0f0np0: 216891135524076 58713641156    0 2473    0     0          0    501234 163380163658075 42413016502    0    0    0     0       0          0
1784751229 | enp139s0f0np0: 216892746348255 58714048771    0 2473    0     0          0    501234 163381776145214 42413431050    0    0    0     0       0          0
1784751230 | enp139s0f0np0: 216894530060175 58714496850    0 2473    0     0          0    501234 163383591355203 42413891709    0    0    0     0       0          0
1784751231 | enp139s0f0np0: 216896181821098 58714913026    0 2473    0     0          0    501234 163385228908489 42414309760    0    0    0     0       0          0
1784751232 | enp139s0f0np0: 216897837314651 58715331708    0 2473    0     0          0    501234 163386877879396 42414732164    0    0    0     0       0          0
1784751233 | enp139s0f0np0: 216899556125140 58715764179    0 2473    0     0          0    501234 163388615975765 42415174981    0    0    0     0       0          0
1784751234 | enp139s0f0np0: 216901089363807 58716151922    0 2473    0     0          0    501234 163390187464705 42415576469    0    0    0     0       0          0
1784751235 | enp139s0f0np0: 216902806045637 58716584347    0 2473    0     0          0    501234 163391859533051 42416003795    0    0    0     0       0          0
1784751236 | enp139s0f0np0: 216904365322590 58716977667    0 2473    0     0          0    501234 163393405847856 42416399552    0    0    0     0       0          0
1784751237 | enp139s0f0np0: 216906003955670 58717391711    0 2473    0     0          0    501234 163395013662904 42416811628    0    0    0     0       0          0
1784751238 | enp139s0f0np0: 216907806742020 58717844453    0 2473    0     0          0    501234 163396825981638 42417271645    0    0    0     0       0          0
1784751239 | enp139s0f0np0: 216909407325671 58718246974    0 2473    0     0          0    501234 163398450701202 42417684485    0    0    0     0       0          0
1784751240 | enp139s0f0np0: 216911077592621 58718669140    0 2473    0     0          0    501234 163400089281166 42418105495    0    0    0     0       0          0
1784751241 | enp139s0f0np0: 216912856931872 58719115978    0 2473    0     0          0    501234 163401851051944 42418553752    0    0    0     0       0          0
1784751242 | enp139s0f0np0: 216914352255380 58719493035    0 2473    0     0          0    501234 163403315182839 42418928559    0    0    0     0       0          0
1784751243 | enp139s0f0np0: 216916127455036 58719939069    0 2473    0     0          0    501234 163405087667705 42419379381    0    0    0     0       0          0
1784751244 | enp139s0f0np0: 216917745862792 58720345447    0 2473    0     0          0    501234 163406679059648 42419784217    0    0    0     0       0          0
1784751245 | enp139s0f0np0: 216919421446574 58720769002    0 2473    0     0          0    501235 163408396502557 42420222401    0    0    0     0       0          0
1784751246 | enp139s0f0np0: 216921152539716 58721204087    0 2473    0     0          0    501235 163410184148909 42420675405    0    0    0     0       0          0
1784751247 | enp139s0f0np0: 216922668382889 58721588199    0 2473    0     0          0    501235 163411677924290 42421059921    0    0    0     0       0          0
1784751248 | enp139s0f0np0: 216924500615161 58722047391    0 2473    0     0          0    501235 163413494556202 42421520757    0    0    0     0       0          0
1784751249 | enp139s0f0np0: 216926028532422 58722432347    0 2473    0     0          0    501235 163415021845130 42421909700    0    0    0     0       0          0
1784751250 | enp139s0f0np0: 216927760081116 58722868211    0 2473    0     0          0    501235 163416784420558 42422358506    0    0    0     0       0          0
1784751251 | enp139s0f0np0: 216929265915807 58723248322    0 2473    0     0          0    501235 163418312794687 42422748616    0    0    0     0       0          0
1784751252 | enp139s0f0np0: 216930915895455 58723665339    0 2473    0     0          0    501235 163419947662305 42423167664    0    0    0     0       0          0
1784751253 | enp139s0f0np0: 216932669539607 58724105805    0 2473    0     0          0    501235 163421723484573 42423619028    0    0    0     0       0          0
1784751254 | enp139s0f0np0: 216934151530343 58724480537    0 2473    0     0          0    501235 163423160752769 42423987951    0    0    0     0       0          0
1784751255 | enp139s0f0np0: 216935945440603 58724930610    0 2473    0     0          0    501235 163424922635911 42424434638    0    0    0     0       0          0
1784751256 | enp139s0f0np0: 216937459773145 58725312298    0 2473    0     0          0    501235 163426419498837 42424817348    0    0    0     0       0          0
1784751257 | enp139s0f0np0: 216939065574732 58725719043    0 2473    0     0          0    501235 163428079634658 42425242348    0    0    0     0       0          0
1784751258 | enp139s0f0np0: 216940543665921 58726091524    0 2473    0     0          0    501235 163429565285324 42425621916    0    0    0     0       0          0
1784751259 | enp139s0f0np0: 216942111930404 58726488838    0 2473    0     0          0    501235 163431190354575 42426038784    0    0    0     0       0          0
1784751260 | enp139s0f0np0: 216943896212394 58726937342    0 2473    0     0          0    501235 163432985020277 42426494759    0    0    0     0       0          0
1784751261 | enp139s0f0np0: 216945348298534 58727305696    0 2473    0     0          0    501235 163434414047898 42426863575    0    0    0     0       0          0
1784751262 | enp139s0f0np0: 216947076203319 58727740221    0 2473    0     0          0    501235 163436158963070 42427307435    0    0    0     0       0          0
1784751263 | enp139s0f0np0: 216948477398998 58728095263    0 2473    0     0          0    501235 163437588119668 42427674995    0    0    0     0       0          0
1784751264 | enp139s0f0np0: 216950264727490 58728544176    0 2473    0     0          0    501235 163439345670879 42428122351    0    0    0     0       0          0
1784751265 | enp139s0f0np0: 216951702228493 58728908493    0 2473    0     0          0    501235 163440765988038 42428487519    0    0    0     0       0          0
1784751266 | enp139s0f0np0: 216953475443834 58729353324    0 2473    0     0          0    501235 163442533336080 42428936876    0    0    0     0       0          0
1784751267 | enp139s0f0np0: 216954920474978 58729717593    0 2473    0     0          0    501235 163443985037346 42429306387    0    0    0     0       0          0
1784751268 | enp139s0f0np0: 216956630873692 58730148929    0 2473    0     0          0    501235 163445732188450 42429752049    0    0    0     0       0          0
1784751269 | enp139s0f0np0: 216958078754348 58730515029    0 2473    0     0          0    501235 163447174901254 42430120934    0    0    0     0       0          0
1784751270 | enp139s0f0np0: 216959685171104 58730921711    0 2473    0     0          0    501235 163448793988870 42430536464    0    0    0     0       0          0
1784751271 | enp139s0f0np0: 216961319106029 58731332527    0 2473    0     0          0    501235 163450435286281 42430953690    0    0    0     0       0          0
1784751272 | enp139s0f0np0: 216962828558401 58731714185    0 2473    0     0          0    501235 163451974342501 42431347149    0    0    0     0       0          0
1784751273 | enp139s0f0np0: 216964549583969 58732147827    0 2473    0     0          0    501235 163453735304088 42431795482    0    0    0     0       0          0
1784751274 | enp139s0f0np0: 216965786293035 58732460657    0 2473    0     0          0    501235 163454947851742 42432106313    0    0    0     0       0          0
1784751275 | enp139s0f0np0: 216967521070046 58732897519    0 2473    0     0          0    501236 163456671658579 42432546546    0    0    0     0       0          0
1784751276 | enp139s0f0np0: 216968775150833 58733216512    0 2473    0     0          0    501236 163457934360251 42432872661    0    0    0     0       0          0
1784751277 | enp139s0f0np0: 216970519133916 58733655130    0 2473    0     0          0    501236 163459684887134 42433318381    0    0    0     0       0          0
1784751278 | enp139s0f0np0: 216971826653737 58733985540    0 2473    0     0          0    501236 163461026834568 42433660675    0    0    0     0       0          0
1784751279 | enp139s0f0np0: 216973600650288 58734431392    0 2473    0     0          0    501236 163462786228188 42434107962    0    0    0     0       0          0
1784751280 | enp139s0f0np0: 216974920173304 58734764174    0 2473    0     0          0    501236 163464063869007 42434434910    0    0    0     0       0          0
1784751281 | enp139s0f0np0: 216976680576981 58735207496    0 2473    0     0          0    501236 163465860893695 42434891969    0    0    0     0       0          0
1784751282 | enp139s0f0np0: 216978066757007 58735557493    0 2473    0     0          0    501236 163467231748609 42435241836    0    0    0     0       0          0
1784751283 | enp139s0f0np0: 216979871683342 58736010350    0 2473    0     0          0    501236 163469026536386 42435697794    0    0    0     0       0          0
1784751284 | enp139s0f0np0: 216981225058031 58736352228    0 2473    0     0          0    501236 163470426121266 42436054185    0    0    0     0       0          0
1784751285 | enp139s0f0np0: 216982976921947 58736793266    0 2473    0     0          0    501236 163472186354764 42436502131    0    0    0     0       0          0
1784751286 | enp139s0f0np0: 216984128653338 58737083322    0 2473    0     0          0    501236 163473362640880 42436800722    0    0    0     0       0          0
1784751288 | enp139s0f0np0: 216985887741259 58737525911    0 2473    0     0          0    501236 163475153077311 42437255535    0    0    0     0       0          0
1784751289 | enp139s0f0np0: 216987037932156 58737816209    0 2473    0     0          0    501236 163476310577028 42437551713    0    0    0     0       0          0
1784751290 | enp139s0f0np0: 216988836504533 58738266833    0 2473    0     0          0    501236 163478111254369 42438008067    0    0    0     0       0          0
1784751291 | enp139s0f0np0: 216990169577782 58738604372    0 2473    0     0          0    501236 163479445316700 42438350523    0    0    0     0       0          0
1784751292 | enp139s0f0np0: 216991901102961 58739040144    0 2473    0     0          0    501236 163481160954891 42438787795    0    0    0     0       0          0
1784751293 | enp139s0f0np0: 216993220102901 58739375151    0 2473    0     0          0    501236 163482536808452 42439140696    0    0    0     0       0          0
1784751294 | enp139s0f0np0: 216994954170282 58739811194    0 2473    0     0          0    501236 163484273383514 42439582654    0    0    0     0       0          0
1784751295 | enp139s0f0np0: 216995963220447 58740066617    0 2473    0     0          0    501236 163485306217719 42439847126    0    0    0     0       0          0
1784751296 | enp139s0f0np0: 216997616275754 58740483707    0 2473    0     0          0    501236 163486957722739 42440268550    0    0    0     0       0          0
1784751297 | enp139s0f0np0: 216998864592785 58740800497    0 2473    0     0          0    501236 163488212049108 42440590642    0    0    0     0       0          0
1784751298 | enp139s0f0np0: 217000580926205 58741233083    0 2473    0     0          0    501236 163489934493268 42441029464    0    0    0     0       0          0
1784751299 | enp139s0f0np0: 217001948191209 58741578785    0 2473    0     0          0    501236 163491275794925 42441373992    0    0    0     0       0          0
1784751300 | enp139s0f0np0: 217003642810429 58742005401    0 2473    0     0          0    501236 163492988182777 42441810507    0    0    0     0       0          0
1784751301 | enp139s0f0np0: 217004979187771 58742343180    0 2473    0     0          0    501236 163494281644038 42442142683    0    0    0     0       0          0
1784751302 | enp139s0f0np0: 217006563765114 58742742977    0 2473    0     0          0    501236 163495858762645 42442547124    0    0    0     0       0          0
1784751303 | enp139s0f0np0: 217008062220376 58743120273    0 2473    0     0          0    501236 163497362023224 42442930546    0    0    0     0       0          0
1784751304 | enp139s0f0np0: 217009552400496 58743496357    0 2473    0     0          0    501236 163498869142710 42443315697    0    0    0     0       0          0
1784751305 | enp139s0f0np0: 217010985277384 58743857520    0 2473    0     0          0    501236 163500327575956 42443686874    0    0    0     0       0          0
1784751306 | enp139s0f0np0: 217012225515745 58744171430    0 2473    0     0          0    501237 163501596522900 42444011792    0    0    0     0       0          0
1784751307 | enp139s0f0np0: 217013912496510 58744596233    0 2473    0     0          0    501237 163503264963001 42444436651    0    0    0     0       0          0
