1784695019 | enp139s0f0np0: 186658322275774 50850604228    0 2473    0     0          0    499360 127276388396943 33152497335    0    0    0     0       0          0
1784695020 | enp139s0f0np0: 186658443093895 50850643469    0 2473    0     0          0    499360 127277619407112 33152794382    0    0    0     0       0          0
1784695021 | enp139s0f0np0: 186658754748242 50850735925    0 2473    0     0          0    499361 127279821639585 33153326554    0    0    0     0       0          0
1784695022 | enp139s0f0np0: 186659084574695 50850839243    0 2473    0     0          0    499361 127282871244197 33154062248    0    0    0     0       0          0
1784695023 | enp139s0f0np0: 186659225367604 50850895169    0 2473    0     0          0    499361 127285111013557 33154603077    0    0    0     0       0          0
1784695024 | enp139s0f0np0: 186659749463551 50851046019    0 2473    0     0          0    499361 127287703897795 33155232688    0    0    0     0       0          0
1784695025 | enp139s0f0np0: 186660111226811 50851155494    0 2473    0     0          0    499361 127290035069453 33155799468    0    0    0     0       0          0
1784695026 | enp139s0f0np0: 186660276497245 50851218423    0 2473    0     0          0    499361 127292747788836 33156453920    0    0    0     0       0          0
1784695027 | enp139s0f0np0: 186660640755758 50851328261    0 2473    0     0          0    499361 127295762430440 33157181774    0    0    0     0       0          0
1784695028 | enp139s0f0np0: 186660885356745 50851409361    0 2473    0     0          0    499361 127298639381658 33157875380    0    0    0     0       0          0
1784695029 | enp139s0f0np0: 186661140631256 50851493978    0 2473    0     0          0    499361 127300566485170 33158343111    0    0    0     0       0          0
1784695030 | enp139s0f0np0: 186661367650987 50851573256    0 2473    0     0          0    499361 127303755083362 33159111379    0    0    0     0       0          0
1784695031 | enp139s0f0np0: 186661741586417 50851685216    0 2473    0     0          0    499361 127306669728082 33159815293    0    0    0     0       0          0
1784695032 | enp139s0f0np0: 186661932447325 50851753053    0 2473    0     0          0    499361 127309402550832 33160474003    0    0    0     0       0          0
1784695033 | enp139s0f0np0: 186662108568399 50851816460    0 2473    0     0          0    499361 127312121802430 33161129417    0    0    0     0       0          0
1784695034 | enp139s0f0np0: 186662692247894 50851976548    0 2473    0     0          0    499361 127314110727852 33161614577    0    0    0     0       0          0
1784695035 | enp139s0f0np0: 186662726193181 50852008081    0 2473    0     0          0    499361 127316801277652 33162261320    0    0    0     0       0          0
1784695036 | enp139s0f0np0: 186663383662572 50852186274    0 2473    0     0          0    499361 127318575114036 33162696105    0    0    0     0       0          0
1784695037 | enp139s0f0np0: 186663526998218 50852246478    0 2473    0     0          0    499361 127321529640043 33163407560    0    0    0     0       0          0
1784695038 | enp139s0f0np0: 186663732343496 50852307150    0 2473    0     0          0    499361 127322489760037 33163641990    0    0    0     0       0          0
1784695039 | enp139s0f0np0: 186664171435961 50852437568    0 2473    0     0          0    499361 127325478154707 33164365044    0    0    0     0       0          0
1784695040 | enp139s0f0np0: 186664498496285 50852542137    0 2473    0     0          0    499361 127328508044078 33165096944    0    0    0     0       0          0
1784695041 | enp139s0f0np0: 186664997015936 50852685508    0 2473    0     0          0    499361 127331223407307 33165755261    0    0    0     0       0          0
1784695042 | enp139s0f0np0: 186665297267721 50852781427    0 2473    0     0          0    499361 127333753763316 33166367303    0    0    0     0       0          0
1784695043 | enp139s0f0np0: 186665733723437 50852913029    0 2473    0     0          0    499361 127337022585912 33167156942    0    0    0     0       0          0
1784695044 | enp139s0f0np0: 186666110737922 50853025417    0 2473    0     0          0    499361 127339635267415 33167789382    0    0    0     0       0          0
1784695045 | enp139s0f0np0: 186666513688012 50853134900    0 2473    0     0          0    499361 127340569152942 33168020942    0    0    0     0       0          0
1784695046 | enp139s0f0np0: 186666994530989 50853268285    0 2473    0     0          0    499361 127342074315351 33168390417    0    0    0     0       0          0
1784695047 | enp139s0f0np0: 186667286681381 50853355523    0 2473    0     0          0    499361 127343494749644 33168736840    0    0    0     0       0          0
1784695048 | enp139s0f0np0: 186667681781421 50853468114    0 2473    0     0          0    499361 127344971559724 33169098011    0    0    0     0       0          0
1784695049 | enp139s0f0np0: 186667736317640 50853482682    0 2473    0     0          0    499361 127345046188660 33169116877    0    0    0     0       0          0
1784695050 | enp139s0f0np0: 186667806629177 50853509258    0 2473    0     0          0    499361 127346120810658 33169376409    0    0    0     0       0          0
1784695051 | enp139s0f0np0: 186667808870298 50853521596    0 2473    0     0          0    499362 127347294813438 33169658666    0    0    0     0       0          0
1784695052 | enp139s0f0np0: 186667811465255 50853537636    0 2473    0     0          0    499362 127348600286808 33169972661    0    0    0     0       0          0
1784695053 | enp139s0f0np0: 186667814157259 50853554104    0 2473    0     0          0    499362 127349975399318 33170303376    0    0    0     0       0          0
1784695054 | enp139s0f0np0: 186667814763401 50853557217    0 2473    0     0          0    499362 127350191883740 33170355636    0    0    0     0       0          0
1784695055 | enp139s0f0np0: 186667815451657 50853561067    0 2473    0     0          0    499362 127350464015492 33170421372    0    0    0     0       0          0
1784695056 | enp139s0f0np0: 186667816181739 50853565019    0 2473    0     0          0    499362 127350731344346 33170485955    0    0    0     0       0          0
1784695057 | enp139s0f0np0: 186667816909555 50853569053    0 2473    0     0          0    499362 127350996012031 33170549893    0    0    0     0       0          0
1784695058 | enp139s0f0np0: 186667817712676 50853573490    0 2473    0     0          0    499362 127351304693493 33170624436    0    0    0     0       0          0
1784695059 | enp139s0f0np0: 186667818289390 50853576639    0 2473    0     0          0    499362 127351511846531 33170674495    0    0    0     0       0          0
1784695060 | enp139s0f0np0: 186667819897153 50853586052    0 2473    0     0          0    499362 127352260270221 33170854812    0    0    0     0       0          0
1784695061 | enp139s0f0np0: 186667820815118 50853591403    0 2473    0     0          0    499362 127352662265553 33170951677    0    0    0     0       0          0
1784695062 | enp139s0f0np0: 186667823335295 50853605264    0 2473    0     0          0    499362 127353970018013 33171266400    0    0    0     0       0          0
1784695063 | enp139s0f0np0: 186667825451503 50853617182    0 2473    0     0          0    499362 127354913320105 33171493924    0    0    0     0       0          0
1784695064 | enp139s0f0np0: 186667828034398 50853632765    0 2473    0     0          0    499362 127356262488513 33171818522    0    0    0     0       0          0
1784695065 | enp139s0f0np0: 186667829977113 50853645110    0 2473    0     0          0    499362 127357249030287 33172055812    0    0    0     0       0          0
1784695066 | enp139s0f0np0: 186667832004038 50853657543    0 2473    0     0          0    499362 127358231465837 33172292414    0    0    0     0       0          0
1784695067 | enp139s0f0np0: 186667835018580 50853673089    0 2473    0     0          0    499362 127359865885562 33172685548    0    0    0     0       0          0
1784695068 | enp139s0f0np0: 186667836075653 50853679171    0 2473    0     0          0    499362 127360334566380 33172798497    0    0    0     0       0          0
1784695069 | enp139s0f0np0: 186667837592891 50853687935    0 2473    0     0          0    499362 127360993046612 33172957410    0    0    0     0       0          0
1784695070 | enp139s0f0np0: 186667838455992 50853692881    0 2473    0     0          0    499362 127361345235710 33173042479    0    0    0     0       0          0
1784695071 | enp139s0f0np0: 186667839889302 50853701614    0 2473    0     0          0    499362 127361973286712 33173193971    0    0    0     0       0          0
1784695072 | enp139s0f0np0: 186667841359667 50853710083    0 2473    0     0          0    499362 127362633876026 33173353305    0    0    0     0       0          0
1784695073 | enp139s0f0np0: 186667842169177 50853714395    0 2473    0     0          0    499362 127362923714162 33173423496    0    0    0     0       0          0
1784695074 | enp139s0f0np0: 186667842789117 50853717634    0 2473    0     0          0    499362 127363118325410 33173470805    0    0    0     0       0          0
1784695075 | enp139s0f0np0: 186667958357171 50853755203    0 2473    0     0          0    499362 127363821940324 33173642510    0    0    0     0       0          0
1784695076 | enp139s0f0np0: 186667982066846 50853766800    0 2473    0     0          0    499362 127364273120842 33173751703    0    0    0     0       0          0
1784695077 | enp139s0f0np0: 186667983337190 50853774426    0 2473    0     0          0    499362 127364891182505 33173900539    0    0    0     0       0          0
1784695078 | enp139s0f0np0: 186667984538614 50853781776    0 2473    0     0          0    499362 127365475341749 33174041192    0    0    0     0       0          0
1784695079 | enp139s0f0np0: 186667985625036 50853788339    0 2473    0     0          0    499362 127366004571303 33174168639    0    0    0     0       0          0
1784695080 | enp139s0f0np0: 186668055728530 50853815883    0 2473    0     0          0    499362 127366870173369 33174378229    0    0    0     0       0          0
1784695081 | enp139s0f0np0: 186668056555307 50853821208    0 2473    0     0          0    499363 127367263240563 33174473018    0    0    0     0       0          0
1784695082 | enp139s0f0np0: 186668058681315 50853834746    0 2473    0     0          0    499363 127368332731475 33174730425    0    0    0     0       0          0
1784695083 | enp139s0f0np0: 186668060879423 50853848332    0 2473    0     0          0    499363 127369491376955 33175009044    0    0    0     0       0          0
1784695084 | enp139s0f0np0: 186668062272715 50853856904    0 2473    0     0          0    499363 127370225134211 33175185529    0    0    0     0       0          0
1784695085 | enp139s0f0np0: 186668063169404 50853862240    0 2473    0     0          0    499363 127370676980809 33175294313    0    0    0     0       0          0
1784695086 | enp139s0f0np0: 186668064667439 50853870613    0 2473    0     0          0    499363 127371311825999 33175447817    0    0    0     0       0          0
1784695087 | enp139s0f0np0: 186668204609745 50853922677    0 2473    0     0          0    499363 127372714387046 33175789293    0    0    0     0       0          0
1784695088 | enp139s0f0np0: 186668207409585 50853938803    0 2473    0     0          0    499363 127373995218632 33176098501    0    0    0     0       0          0
1784695089 | enp139s0f0np0: 186668208062009 50853942053    0 2473    0     0          0    499363 127374181320868 33176144019    0    0    0     0       0          0
1784695090 | enp139s0f0np0: 186668208965314 50853947519    0 2473    0     0          0    499363 127374575398754 33176239220    0    0    0     0       0          0
1784695091 | enp139s0f0np0: 186668209795011 50853952411    0 2473    0     0          0    499363 127374930531824 33176325064    0    0    0     0       0          0
1784695092 | enp139s0f0np0: 186668211093240 50853960378    0 2473    0     0          0    499363 127375507365086 33176464325    0    0    0     0       0          0
1784695093 | enp139s0f0np0: 186668218854825 50853976965    0 2473    0     0          0    499363 127376786476694 33176772929    0    0    0     0       0          0
1784695094 | enp139s0f0np0: 186668588730991 50854080445    0 2473    0     0          0    499363 127377831735230 33177031155    0    0    0     0       0          0
1784695095 | enp139s0f0np0: 186668627649405 50854099681    0 2473    0     0          0    499363 127378584884974 33177213217    0    0    0     0       0          0
1784695096 | enp139s0f0np0: 186668628512012 50854104654    0 2473    0     0          0    499363 127378982552329 33177309081    0    0    0     0       0          0
1784695097 | enp139s0f0np0: 186668629752390 50854112141    0 2473    0     0          0    499363 127379530055781 33177441106    0    0    0     0       0          0
1784695098 | enp139s0f0np0: 186668631013418 50854119648    0 2473    0     0          0    499363 127380101487197 33177578908    0    0    0     0       0          0
1784695099 | enp139s0f0np0: 186668632188827 50854126679    0 2473    0     0          0    499363 127380643049301 33177709500    0    0    0     0       0          0
1784695100 | enp139s0f0np0: 186668686821637 50854150178    0 2473    0     0          0    499363 127381458123923 33177906988    0    0    0     0       0          0
1784695101 | enp139s0f0np0: 186668703025856 50854158266    0 2473    0     0          0    499363 127381756325577 33177979305    0    0    0     0       0          0
1784695102 | enp139s0f0np0: 186668704017123 50854164594    0 2473    0     0          0    499363 127382195450187 33178085257    0    0    0     0       0          0
1784695103 | enp139s0f0np0: 186668705482712 50854173608    0 2473    0     0          0    499363 127382885790225 33178251532    0    0    0     0       0          0
1784695104 | enp139s0f0np0: 186668706569868 50854180186    0 2473    0     0          0    499363 127383392359863 33178373609    0    0    0     0       0          0
1784695105 | enp139s0f0np0: 186668708315834 50854190484    0 2473    0     0          0    499363 127384261447647 33178582881    0    0    0     0       0          0
1784695106 | enp139s0f0np0: 186668709406968 50854197057    0 2473    0     0          0    499363 127384798384898 33178712115    0    0    0     0       0          0
1784695107 | enp139s0f0np0: 186668711026873 50854207061    0 2473    0     0          0    499363 127385563147732 33178896357    0    0    0     0       0          0
1784695108 | enp139s0f0np0: 186668712299710 50854214697    0 2473    0     0          0    499363 127386203027564 33179050321    0    0    0     0       0          0
1784695109 | enp139s0f0np0: 186668713963394 50854224446    0 2473    0     0          0    499363 127386933518316 33179226558    0    0    0     0       0          0
1784695110 | enp139s0f0np0: 186668715456968 50854232564    0 2473    0     0          0    499363 127387526772942 33179370003    0    0    0     0       0          0
1784695111 | enp139s0f0np0: 186668716675603 50854239549    0 2473    0     0          0    499364 127388057730120 33179498159    0    0    0     0       0          0
1784695112 | enp139s0f0np0: 186668717895359 50854246380    0 2473    0     0          0    499364 127388592363756 33179627025    0    0    0     0       0          0
1784695113 | enp139s0f0np0: 186668719101338 50854253303    0 2473    0     0          0    499364 127389104077992 33179750456    0    0    0     0       0          0
1784695114 | enp139s0f0np0: 186668789086986 50854278969    0 2473    0     0          0    499364 127389756032836 33179909425    0    0    0     0       0          0
1784695115 | enp139s0f0np0: 186668869741388 50854313747    0 2473    0     0          0    499364 127390984492091 33180207051    0    0    0     0       0          0
1784695116 | enp139s0f0np0: 186668999067050 50854358135    0 2473    0     0          0    499364 127391992344731 33180452501    0    0    0     0       0          0
1784695117 | enp139s0f0np0: 186669069787453 50854388029    0 2473    0     0          0    499364 127393018903123 33180701939    0    0    0     0       0          0
1784695118 | enp139s0f0np0: 186669139668898 50854413480    0 2473    0     0          0    499364 127393695713813 33180866376    0    0    0     0       0          0
1784695119 | enp139s0f0np0: 186669141550440 50854423340    0 2473    0     0          0    499364 127394320243233 33181018300    0    0    0     0       0          0
1784695120 | enp139s0f0np0: 186669142974875 50854431580    0 2473    0     0          0    499364 127394934638395 33181166485    0    0    0     0       0          0
1784695121 | enp139s0f0np0: 186669144515927 50854440584    0 2473    0     0          0    499364 127395605080177 33181328045    0    0    0     0       0          0
1784695122 | enp139s0f0np0: 186669146235281 50854450356    0 2473    0     0          0    499364 127396318003089 33181500245    0    0    0     0       0          0
1784695123 | enp139s0f0np0: 186669147205504 50854455898    0 2473    0     0          0    499364 127396699451281 33181592356    0    0    0     0       0          0
1784695124 | enp139s0f0np0: 186669148058994 50854460458    0 2473    0     0          0    499364 127397023673849 33181670587    0    0    0     0       0          0
1784695125 | enp139s0f0np0: 186669149500908 50854468738    0 2473    0     0          0    499364 127397630613527 33181816949    0    0    0     0       0          0
1784695126 | enp139s0f0np0: 186669151176721 50854478126    0 2473    0     0          0    499364 127398339742706 33181987981    0    0    0     0       0          0
1784695127 | enp139s0f0np0: 186669151835656 50854481637    0 2473    0     0          0    499364 127398558236762 33182040752    0    0    0     0       0          0
1784695128 | enp139s0f0np0: 186669153626168 50854492184    0 2473    0     0          0    499364 127399384635688 33182239759    0    0    0     0       0          0
1784695129 | enp139s0f0np0: 186669223394462 50854516932    0 2473    0     0          0    499364 127400024864550 33182395230    0    0    0     0       0          0
1784695130 | enp139s0f0np0: 186669377359068 50854567516    0 2473    0     0          0    499364 127401151913523 33182669157    0    0    0     0       0          0
1784695131 | enp139s0f0np0: 186669637632803 50854641099    0 2473    0     0          0    499364 127402004337266 33182878846    0    0    0     0       0          0
1784695132 | enp139s0f0np0: 186669639224222 50854650800    0 2473    0     0          0    499364 127402748112452 33183057877    0    0    0     0       0          0
1784695133 | enp139s0f0np0: 186669640315162 50854656983    0 2473    0     0          0    499364 127403217110896 33183170916    0    0    0     0       0          0
1784695134 | enp139s0f0np0: 186669641322604 50854662658    0 2473    0     0          0    499364 127403622440428 33183268603    0    0    0     0       0          0
1784695135 | enp139s0f0np0: 186669642599005 50854670032    0 2473    0     0          0    499364 127404166628680 33183399738    0    0    0     0       0          0
1784695136 | enp139s0f0np0: 186669643670058 50854675858    0 2473    0     0          0    499364 127404599346401 33183504098    0    0    0     0       0          0
1784695137 | enp139s0f0np0: 186669645761522 50854687561    0 2473    0     0          0    499364 127405595486551 33183744014    0    0    0     0       0          0
1784695138 | enp139s0f0np0: 186669648660559 50854704455    0 2473    0     0          0    499364 127406961944775 33184073202    0    0    0     0       0          0
1784695139 | enp139s0f0np0: 186669651024644 50854717850    0 2473    0     0          0    499364 127408025686367 33184329584    0    0    0     0       0          0
1784695140 | enp139s0f0np0: 186669653362667 50854730202    0 2473    0     0          0    499365 127409022871039 33184570430    0    0    0     0       0          0
1784695141 | enp139s0f0np0: 186669656276481 50854746763    0 2473    0     0          0    499365 127410356551851 33184891792    0    0    0     0       0          0
1784695142 | enp139s0f0np0: 186669658950609 50854762017    0 2473    0     0          0    499365 127411586840545 33185188205    0    0    0     0       0          0
1784695143 | enp139s0f0np0: 186669660363713 50854769849    0 2473    0     0          0    499365 127412193540565 33185334493    0    0    0     0       0          0
1784695144 | enp139s0f0np0: 186669661832275 50854778074    0 2473    0     0          0    499365 127412822806005 33185486316    0    0    0     0       0          0
1784695145 | enp139s0f0np0: 186669731250603 50854800773    0 2473    0     0          0    499365 127413223236287 33185584605    0    0    0     0       0          0
1784695146 | enp139s0f0np0: 186669731816398 50854803657    0 2473    0     0          0    499365 127413402929224 33185628050    0    0    0     0       0          0
1784695147 | enp139s0f0np0: 186669733020019 50854810239    0 2473    0     0          0    499365 127413852048826 33185736656    0    0    0     0       0          0
1784695148 | enp139s0f0np0: 186669734451677 50854818264    0 2473    0     0          0    499365 127414387989125 33185866519    0    0    0     0       0          0
1784695149 | enp139s0f0np0: 186669803917819 50854841124    0 2473    0     0          0    499365 127414763822880 33185959081    0    0    0     0       0          0
1784695150 | enp139s0f0np0: 186669874261205 50854869927    0 2473    0     0          0    499365 127415752638840 33186198406    0    0    0     0       0          0
1784695151 | enp139s0f0np0: 186669875282149 50854875253    0 2473    0     0          0    499365 127416140862558 33186292195    0    0    0     0       0          0
1784695152 | enp139s0f0np0: 186669877070931 50854886250    0 2473    0     0          0    499365 127416961205224 33186489988    0    0    0     0       0          0
1784695153 | enp139s0f0np0: 186669946627716 50854910332    0 2473    0     0          0    499365 127417521096122 33186626184    0    0    0     0       0          0
1784695154 | enp139s0f0np0: 186669947830766 50854917420    0 2473    0     0          0    499365 127418057026320 33186755393    0    0    0     0       0          0
1784695155 | enp139s0f0np0: 186669948661761 50854922213    0 2473    0     0          0    499365 127418421693028 33186843319    0    0    0     0       0          0
1784695156 | enp139s0f0np0: 186669949432797 50854926770    0 2473    0     0          0    499365 127418755702037 33186923937    0    0    0     0       0          0
1784695157 | enp139s0f0np0: 186669949890813 50854929241    0 2473    0     0          0    499365 127418922176567 33186964154    0    0    0     0       0          0
1784695158 | enp139s0f0np0: 186669951405075 50854937934    0 2473    0     0          0    499365 127419611833579 33187130485    0    0    0     0       0          0
1784695159 | enp139s0f0np0: 186669952743717 50854946065    0 2473    0     0          0    499365 127420214193941 33187275684    0    0    0     0       0          0
1784695160 | enp139s0f0np0: 186669953762545 50854952000    0 2473    0     0          0    499365 127420651474415 33187381269    0    0    0     0       0          0
1784695161 | enp139s0f0np0: 186669955493498 50854962415    0 2473    0     0          0    499365 127421460055077 33187576085    0    0    0     0       0          0
1784695162 | enp139s0f0np0: 186670024700550 50854984484    0 2473    0     0          0    499365 127421835357241 33187667765    0    0    0     0       0          0
1784695163 | enp139s0f0np0: 186670027069544 50854998896    0 2473    0     0          0    499365 127422982727763 33187944158    0    0    0     0       0          0
1784695164 | enp139s0f0np0: 186670073200569 50855023009    0 2473    0     0          0    499365 127424116997211 33188218200    0    0    0     0       0          0
1784695165 | enp139s0f0np0: 186670272278527 50855084526    0 2473    0     0          0    499365 127425219816802 33188487404    0    0    0     0       0          0
1784695166 | enp139s0f0np0: 186670444519317 50855140658    0 2473    0     0          0    499365 127426405924730 33188776581    0    0    0     0       0          0
1784695167 | enp139s0f0np0: 186670446429675 50855151886    0 2473    0     0          0    499365 127427263202718 33188983572    0    0    0     0       0          0
1784695168 | enp139s0f0np0: 186670447559425 50855158388    0 2473    0     0          0    499365 127427740414350 33189098826    0    0    0     0       0          0
1784695169 | enp139s0f0np0: 186670448805653 50855165794    0 2473    0     0          0    499365 127428295647588 33189232850    0    0    0     0       0          0
1784695170 | enp139s0f0np0: 186670450226897 50855174721    0 2473    0     0          0    499366 127428947148460 33189390060    0    0    0     0       0          0
1784695171 | enp139s0f0np0: 186670451069723 50855179795    0 2473    0     0          0    499366 127429297745766 33189474798    0    0    0     0       0          0
1784695172 | enp139s0f0np0: 186670521091428 50855206525    0 2473    0     0          0    499366 127430100468888 33189669633    0    0    0     0       0          0
1784695173 | enp139s0f0np0: 186670521615955 50855209278    0 2473    0     0          0    499366 127430276081862 33189712231    0    0    0     0       0          0
1784695174 | enp139s0f0np0: 186670523807313 50855222406    0 2473    0     0          0    499366 127431379670354 33189978029    0    0    0     0       0          0
1784695175 | enp139s0f0np0: 186670524862439 50855229139    0 2473    0     0          0    499366 127431907829330 33190105228    0    0    0     0       0          0
1784695176 | enp139s0f0np0: 186670526787378 50855241300    0 2473    0     0          0    499366 127432820688591 33190325248    0    0    0     0       0          0
1784695177 | enp139s0f0np0: 186670527796763 50855247474    0 2473    0     0          0    499366 127433290173695 33190438410    0    0    0     0       0          0
1784695178 | enp139s0f0np0: 186670529481572 50855257751    0 2473    0     0          0    499366 127434115025743 33190637195    0    0    0     0       0          0
1784695179 | enp139s0f0np0: 186670530473509 50855263387    0 2473    0     0          0    499366 127434582919725 33190749951    0    0    0     0       0          0
1784695180 | enp139s0f0np0: 186670531380278 50855268441    0 2473    0     0          0    499366 127434972192325 33190843914    0    0    0     0       0          0
1784695181 | enp139s0f0np0: 186670532516620 50855274889    0 2473    0     0          0    499366 127435527847241 33190977752    0    0    0     0       0          0
1784695182 | enp139s0f0np0: 186670601674576 50855296653    0 2473    0     0          0    499366 127435900231585 33191068869    0    0    0     0       0          0
1784695183 | enp139s0f0np0: 186670603288906 50855304845    0 2473    0     0          0    499366 127436429750579 33191197872    0    0    0     0       0          0
1784695184 | enp139s0f0np0: 186670604319454 50855311074    0 2473    0     0          0    499366 127436914430849 33191314646    0    0    0     0       0          0
1784695185 | enp139s0f0np0: 186670605387619 50855317452    0 2473    0     0          0    499366 127437427974217 33191438467    0    0    0     0       0          0
1784695186 | enp139s0f0np0: 186670675902911 50855346451    0 2473    0     0          0    499366 127438253830114 33191640027    0    0    0     0       0          0
1784695187 | enp139s0f0np0: 186670676787152 50855351759    0 2473    0     0          0    499366 127438633701246 33191731641    0    0    0     0       0          0
1784695188 | enp139s0f0np0: 186670678461985 50855362232    0 2473    0     0          0    499366 127439449417716 33191928110    0    0    0     0       0          0
1784695189 | enp139s0f0np0: 186670679451942 50855368122    0 2473    0     0          0    499366 127439884476454 33192032952    0    0    0     0       0          0
1784695190 | enp139s0f0np0: 186670749568092 50855395998    0 2473    0     0          0    499366 127440759402402 33192244922    0    0    0     0       0          0
1784695191 | enp139s0f0np0: 186670801409936 50855412064    0 2473    0     0          0    499366 127440991940288 33192301981    0    0    0     0       0          0
1784695192 | enp139s0f0np0: 186670820711181 50855429502    0 2473    0     0          0    499366 127442114171490 33192572350    0    0    0     0       0          0
1784695193 | enp139s0f0np0: 186670821839987 50855436428    0 2473    0     0          0    499366 127442632701704 33192697225    0    0    0     0       0          0
1784695194 | enp139s0f0np0: 186670823407640 50855445827    0 2473    0     0          0    499366 127443334042886 33192866298    0    0    0     0       0          0
1784695195 | enp139s0f0np0: 186670824842492 50855454755    0 2473    0     0          0    499366 127444007316014 33193028484    0    0    0     0       0          0
1784695196 | enp139s0f0np0: 186670963290879 50855498771    0 2473    0     0          0    499366 127444824132347 33193227810    0    0    0     0       0          0
1784695197 | enp139s0f0np0: 186670964472117 50855506166    0 2473    0     0          0    499366 127445359741537 33193356817    0    0    0     0       0          0
1784695198 | enp139s0f0np0: 186670965605369 50855512842    0 2473    0     0          0    499366 127445868978633 33193479542    0    0    0     0       0          0
1784695199 | enp139s0f0np0: 186670966811575 50855520218    0 2473    0     0          0    499366 127446442463375 33193617632    0    0    0     0       0          0
1784695200 | enp139s0f0np0: 186670967123901 50855521163    0 2473    0     0          0    499367 127446483375401 33193627797    0    0    0     0       0          0
1784695201 | enp139s0f0np0: 186670967347366 50855521515    0 2473    0     0          0    499367 127446483470721 33193628105    0    0    0     0       0          0
1784695202 | enp139s0f0np0: 186670967541201 50855521860    0 2473    0     0          0    499367 127446483572969 33193628443    0    0    0     0       0          0
1784695203 | enp139s0f0np0: 186670967836659 50855522486    0 2473    0     0          0    499367 127446483770779 33193629039    0    0    0     0       0          0
1784695204 | enp139s0f0np0: 186670968010053 50855522747    0 2473    0     0          0    499367 127446483833635 33193629258    0    0    0     0       0          0
1784695205 | enp139s0f0np0: 186670968307905 50855523353    0 2473    0     0          0    499367 127446484018595 33193629814    0    0    0     0       0          0
1784695206 | enp139s0f0np0: 186671037076571 50855541693    0 2473    0     0          0    499367 127446552748814 33193648180    0    0    0     0       0          0
1784695207 | enp139s0f0np0: 186671037320375 50855542106    0 2473    0     0          0    499367 127446552866682 33193648540    0    0    0     0       0          0
1784695208 | enp139s0f0np0: 186671106058385 50855560363    0 2473    0     0          0    499367 127446621542830 33193666848    0    0    0     0       0          0
1784695209 | enp139s0f0np0: 186671106327878 50855560893    0 2473    0     0          0    499367 127446621657920 33193667216    0    0    0     0       0          0
1784695210 | enp139s0f0np0: 186671106610525 50855561353    0 2473    0     0          0    499367 127446621752616 33193667553    0    0    0     0       0          0
1784695211 | enp139s0f0np0: 186671175413087 50855579628    0 2473    0     0          0    499367 127446690388784 33193685681    0    0    0     0       0          0
1784695212 | enp139s0f0np0: 186671244207050 50855597973    0 2473    0     0          0    499367 127446759069608 33193703881    0    0    0     0       0          0
1784695213 | enp139s0f0np0: 186671244588979 50855598731    0 2473    0     0          0    499367 127446759265070 33193704490    0    0    0     0       0          0
1784695214 | enp139s0f0np0: 186671267764353 50855605549    0 2473    0     0          0    499367 127446782005900 33193711103    0    0    0     0       0          0
1784695215 | enp139s0f0np0: 186671313773831 50855617798    0 2473    0     0          0    499367 127446828118344 33193723266    0    0    0     0       0          0
1784695216 | enp139s0f0np0: 186671314042818 50855618308    0 2473    0     0          0    499367 127446828227319 33193723646    0    0    0     0       0          0
1784695217 | enp139s0f0np0: 186671314250942 50855618631    0 2473    0     0          0    499367 127446828270645 33193723805    0    0    0     0       0          0
1784695218 | enp139s0f0np0: 186671314443694 50855618906    0 2473    0     0          0    499367 127446828297435 33193723900    0    0    0     0       0          0
1784695219 | enp139s0f0np0: 186671314806901 50855619782    0 2473    0     0          0    499367 127446828548799 33193724665    0    0    0     0       0          0
1784695220 | enp139s0f0np0: 186671383580052 50855638142    0 2473    0     0          0    499367 127446897228369 33193742900    0    0    0     0       0          0
1784695221 | enp139s0f0np0: 186671383819178 50855638665    0 2473    0     0          0    499367 127446897349861 33193743271    0    0    0     0       0          0
1784695222 | enp139s0f0np0: 186671384019408 50855639000    0 2473    0     0          0    499367 127446897397647 33193743436    0    0    0     0       0          0
1784695223 | enp139s0f0np0: 186671384202510 50855639287    0 2473    0     0          0    499367 127446897432033 33193743548    0    0    0     0       0          0
1784695224 | enp139s0f0np0: 186671384350267 50855639560    0 2473    0     0          0    499367 127446897465251 33193743663    0    0    0     0       0          0
1784695225 | enp139s0f0np0: 186671384595114 50855640000    0 2473    0     0          0    499367 127446897556923 33193743970    0    0    0     0       0          0
1784695226 | enp139s0f0np0: 186671384788132 50855640274    0 2473    0     0          0    499367 127446897582046 33193744065    0    0    0     0       0          0
1784695227 | enp139s0f0np0: 186671384989117 50855640601    0 2473    0     0          0    499367 127446897632940 33193744254    0    0    0     0       0          0
1784695228 | enp139s0f0np0: 186671385419104 50855641653    0 2473    0     0          0    499367 127446897938817 33193745173    0    0    0     0       0          0
1784695229 | enp139s0f0np0: 186671385909186 50855642998    0 2473    0     0          0    499367 127446898350326 33193746401    0    0    0     0       0          0
1784695230 | enp139s0f0np0: 186671386085144 50855643262    0 2473    0     0          0    499368 127446898390270 33193746552    0    0    0     0       0          0
1784695231 | enp139s0f0np0: 186671386296909 50855643599    0 2473    0     0          0    499368 127446898461548 33193746788    0    0    0     0       0          0
1784695233 | enp139s0f0np0: 186671386496337 50855643905    0 2473    0     0          0    499368 127446898518748 33193746994    0    0    0     0       0          0
1784695234 | enp139s0f0np0: 186671445530321 50855659436    0 2473    0     0          0    499368 127446957204710 33193762465    0    0    0     0       0          0
1784695235 | enp139s0f0np0: 186671455372757 50855662372    0 2473    0     0          0    499368 127446967223290 33193765420    0    0    0     0       0          0
1784695236 | enp139s0f0np0: 186671455679356 50855663136    0 2473    0     0          0    499368 127446967451258 33193766089    0    0    0     0       0          0
1784695237 | enp139s0f0np0: 186671508489304 50855677631    0 2473    0     0          0    499368 127447020198824 33193780458    0    0    0     0       0          0
1784695238 | enp139s0f0np0: 186671662006441 50855718653    0 2473    0     0          0    499368 127447173760597 33193821341    0    0    0     0       0          0
1784695239 | enp139s0f0np0: 186671662123980 50855718888    0 2473    0     0          0    499368 127447173795937 33193821473    0    0    0     0       0          0
1784695240 | enp139s0f0np0: 186671662419489 50855719629    0 2473    0     0          0    499368 127447174015731 33193822153    0    0    0     0       0          0
1784695241 | enp139s0f0np0: 186671662587876 50855719924    0 2473    0     0          0    499368 127447174071963 33193822332    0    0    0     0       0          0
1784695242 | enp139s0f0np0: 186671731249532 50855738044    0 2473    0     0          0    499368 127447242706991 33193840431    0    0    0     0       0          0
1784695243 | enp139s0f0np0: 186671731432937 50855738370    0 2473    0     0          0    499368 127447242770371 33193840651    0    0    0     0       0          0
1784695244 | enp139s0f0np0: 186671731739793 50855739101    0 2473    0     0          0    499368 127447242991807 33193841286    0    0    0     0       0          0
1784695245 | enp139s0f0np0: 186671731879779 50855739393    0 2473    0     0          0    499368 127447243048295 33193841474    0    0    0     0       0          0
1784695246 | enp139s0f0np0: 186671732207740 50855740244    0 2473    0     0          0    499368 127447243315167 33193842253    0    0    0     0       0          0
1784695247 | enp139s0f0np0: 186671732467937 50855740826    0 2473    0     0          0    499368 127447243476390 33193842760    0    0    0     0       0          0
1784695248 | enp139s0f0np0: 186671732614624 50855741150    0 2473    0     0          0    499368 127447243541244 33193842982    0    0    0     0       0          0
1784695249 | enp139s0f0np0: 186671732831179 50855741675    0 2473    0     0          0    499368 127447243684948 33193843447    0    0    0     0       0          0
1784695250 | enp139s0f0np0: 186671733026502 50855742081    0 2473    0     0          0    499368 127447243779818 33193843747    0    0    0     0       0          0
1784695251 | enp139s0f0np0: 186671800620936 50855760750    0 2473    0     0          0    499368 127447311103688 33193862241    0    0    0     0       0          0
1784695252 | enp139s0f0np0: 186671880059601 50855781872    0 2473    0     0          0    499368 127447390512210 33193883316    0    0    0     0       0          0
1784695253 | enp139s0f0np0: 186672053944595 50855828392    0 2473    0     0          0    499368 127447564536820 33193929885    0    0    0     0       0          0
1784695254 | enp139s0f0np0: 186672145933746 50855854362    0 2473    0     0          0    499368 127447656911624 33193956034    0    0    0     0       0          0
1784695255 | enp139s0f0np0: 186672146125927 50855854792    0 2473    0     0          0    499368 127447657059556 33193956482    0    0    0     0       0          0
1784695256 | enp139s0f0np0: 186672196002927 50855870295    0 2473    0     0          0    499368 127447707056006 33193971988    0    0    0     0       0          0
1784695257 | enp139s0f0np0: 186672237799435 50855881954    0 2473    0     0          0    499368 127447748614374 33193983625    0    0    0     0       0          0
1784695258 | enp139s0f0np0: 186672422314684 50855932432    0 2473    0     0          0    499368 127447933564593 33194034224    0    0    0     0       0          0
1784695259 | enp139s0f0np0: 186672422415338 50855932581    0 2473    0     0          0    499368 127447933610817 33194034387    0    0    0     0       0          0
1784695260 | enp139s0f0np0: 186672491512878 50855952119    0 2473    0     0          0    499368 127448002794997 33194054004    0    0    0     0       0          0
1784695261 | enp139s0f0np0: 186672491900013 50855953242    0 2473    0     0          0    499369 127448003196231 33194055170    0    0    0     0       0          0
1784695262 | enp139s0f0np0: 186672492137303 50855953801    0 2473    0     0          0    499369 127448003393321 33194055777    0    0    0     0       0          0
1784695263 | enp139s0f0np0: 186672492548763 50855954973    0 2473    0     0          0    499369 127448003810503 33194056987    0    0    0     0       0          0
1784695264 | enp139s0f0np0: 186672623892389 50855990424    0 2473    0     0          0    499369 127448134991303 33194092434    0    0    0     0       0          0
1784695265 | enp139s0f0np0: 186672727228602 50856018851    0 2473    0     0          0    499369 127448238412283 33194120912    0    0    0     0       0          0
1784695266 | enp139s0f0np0: 186672821691172 50856044054    0 2473    0     0          0    499369 127448333179917 33194146216    0    0    0     0       0          0
1784695267 | enp139s0f0np0: 186672905606808 50856067812    0 2473    0     0          0    499369 127448417197894 33194169992    0    0    0     0       0          0
1784695268 | enp139s0f0np0: 186673055935405 50856108953    0 2473    0     0          0    499369 127448567587974 33194211031    0    0    0     0       0          0
1784695269 | enp139s0f0np0: 186673250380674 50856163102    0 2473    0     0          0    499369 127448762373997 33194265187    0    0    0     0       0          0
