1784745024 | enp139s0f0np0: 211464544099485 57318259832    0 2473    0     0          0    501027 158143317571321 41053819348    0    0    0     0       0          0
1784745025 | enp139s0f0np0: 211464544217702 57318259918    0 2473    0     0          0    501027 158143317571462 41053819350    0    0    0     0       0          0
1784745026 | enp139s0f0np0: 211464549360426 57318287412    0 2473    0     0          0    501027 158146422807284 41054564812    0    0    0     0       0          0
1784745027 | enp139s0f0np0: 211464556467018 57318323329    0 2473    0     0          0    501027 158150967192985 41055655555    0    0    0     0       0          0
1784745028 | enp139s0f0np0: 211464563790877 57318360948    0 2473    0     0          0    501027 158155611613495 41056770359    0    0    0     0       0          0
1784745029 | enp139s0f0np0: 211464571211942 57318398322    0 2473    0     0          0    501027 158160292026073 41057893863    0    0    0     0       0          0
1784745030 | enp139s0f0np0: 211464578444893 57318434710    0 2473    0     0          0    501027 158164888425983 41058997083    0    0    0     0       0          0
1784745031 | enp139s0f0np0: 211464585555814 57318470896    0 2473    0     0          0    501027 158169335404957 41060064529    0    0    0     0       0          0
1784745032 | enp139s0f0np0: 211464592258407 57318504883    0 2473    0     0          0    501027 158173577445634 41061082706    0    0    0     0       0          0
1784745033 | enp139s0f0np0: 211464599135561 57318540678    0 2473    0     0          0    501027 158177849814953 41062108331    0    0    0     0       0          0
1784745034 | enp139s0f0np0: 211464606076407 57318576637    0 2473    0     0          0    501027 158182193385462 41063150963    0    0    0     0       0          0
1784745035 | enp139s0f0np0: 211464613087233 57318612779    0 2473    0     0          0    501028 158186572441078 41064202257    0    0    0     0       0          0
1784745036 | enp139s0f0np0: 211464620110036 57318648225    0 2473    0     0          0    501028 158191034397794 41065273247    0    0    0     0       0          0
1784745037 | enp139s0f0np0: 211464627187033 57318684985    0 2473    0     0          0    501028 158195474456384 41066339051    0    0    0     0       0          0
1784745038 | enp139s0f0np0: 211464634004222 57318719764    0 2473    0     0          0    501028 158199789035574 41067374753    0    0    0     0       0          0
1784745039 | enp139s0f0np0: 211464640086764 57318750371    0 2473    0     0          0    501028 158203627936832 41068296200    0    0    0     0       0          0
1784745040 | enp139s0f0np0: 211464646323695 57318781759    0 2473    0     0          0    501028 158207599804049 41069249649    0    0    0     0       0          0
1784745041 | enp139s0f0np0: 211464653073013 57318814965    0 2473    0     0          0    501028 158211910162156 41070284191    0    0    0     0       0          0
1784745042 | enp139s0f0np0: 211464659841879 57318848802    0 2473    0     0          0    501028 158216257077409 41071327469    0    0    0     0       0          0
1784745043 | enp139s0f0np0: 211464666363215 57318880548    0 2473    0     0          0    501028 158220433164639 41072329875    0    0    0     0       0          0
1784745044 | enp139s0f0np0: 211464672916602 57318912794    0 2473    0     0          0    501028 158224632328770 41073337720    0    0    0     0       0          0
1784745045 | enp139s0f0np0: 211464679934433 57318947639    0 2473    0     0          0    501028 158229157446065 41074423770    0    0    0     0       0          0
1784745046 | enp139s0f0np0: 211464686576754 57318980576    0 2473    0     0          0    501028 158233417509594 41075446202    0    0    0     0       0          0
1784745047 | enp139s0f0np0: 211464693161657 57319013221    0 2473    0     0          0    501028 158237611193519 41076452809    0    0    0     0       0          0
1784745048 | enp139s0f0np0: 211464700508752 57319050071    0 2473    0     0          0    501028 158242337248827 41077587178    0    0    0     0       0          0
1784745049 | enp139s0f0np0: 211464707717216 57319086438    0 2473    0     0          0    501028 158246898390409 41078681990    0    0    0     0       0          0
1784745050 | enp139s0f0np0: 211464715105434 57319123924    0 2473    0     0          0    501028 158251586623653 41079807290    0    0    0     0       0          0
1784745051 | enp139s0f0np0: 211464721974973 57319158772    0 2473    0     0          0    501028 158255969557004 41080859349    0    0    0     0       0          0
1784745052 | enp139s0f0np0: 211464728687418 57319193081    0 2473    0     0          0    501028 158260211395076 41081877612    0    0    0     0       0          0
1784745053 | enp139s0f0np0: 211464735970507 57319229695    0 2473    0     0          0    501028 158264853176342 41082991831    0    0    0     0       0          0
1784745054 | enp139s0f0np0: 211464743122521 57319266083    0 2473    0     0          0    501028 158269377641160 41084077875    0    0    0     0       0          0
1784745055 | enp139s0f0np0: 211464750102102 57319302673    0 2473    0     0          0    501028 158273705182142 41085116717    0    0    0     0       0          0
1784745056 | enp139s0f0np0: 211464757294374 57319339913    0 2473    0     0          0    501028 158278232985233 41086203517    0    0    0     0       0          0
1784745057 | enp139s0f0np0: 211464764082535 57319375526    0 2473    0     0          0    501028 158282466284240 41087219622    0    0    0     0       0          0
