hints = 1
Maintaining 16 concurrent writes of 262144 bytes to objects of size 262144 for up to 60 seconds or 0 objects
Object prefix: benchmark_data_oneasia-c1-cpu-node10_2301891
  sec Cur ops   started  finished  avg MB/s  cur MB/s last lat(s)  avg lat(s)
    0       0         0         0         0         0           -           0
    1      16     11752     11736   2933.84      2934  0.00110322  0.00136098
    2      16     23718     23702   2962.53    2991.5  0.00126214   0.0013489
    3      16     35637     35621   2968.19   2979.75  0.00110385  0.00134662
    4      16     47550     47534   2970.64   2978.25   0.0011155  0.00134542
    5      16     59369     59353   2967.41   2954.75  0.00111917    0.001347
    6      15     71156     71141   2963.97      2947  0.00135354  0.00134856
    7      16     82938     82922   2961.26   2945.25  0.00323589  0.00134991
    8      16     94911     94895   2965.23   2993.25  0.00121354  0.00134809
    9      16    106847    106831   2967.29      2984  0.00185508  0.00134715
   10      16    117880    117864   2946.37   2758.25  0.00136611  0.00135681
   11      16    128028    128012   2909.13      2537 0.000721831  0.00137244
   12      16    136400    136384    2841.1      2093 0.000873191  0.00140706
   13      16    147079    147063    2827.9   2669.75  0.00173943  0.00141364
   14      16    157800    157784   2817.34   2680.25  0.00110067  0.00141896
   15      16    168743    168727   2811.89   2735.75   0.0012956  0.00142172
   16      16    180286    180270   2816.49   2885.75  0.00126061  0.00141945
   17      16    192187    192171   2825.81   2975.25   0.0014849  0.00141474
   18      16    203876    203860   2831.16   2922.25  0.00204288  0.00141207
   19      15    215553    215538   2835.79    2919.5  0.00123406  0.00140977
2026-07-18T23:00:18.673139+0700 min lat: 0.000686153 max lat: 0.0498124 avg lat: 0.00140694
  sec Cur ops   started  finished  avg MB/s  cur MB/s last lat(s)  avg lat(s)
   20      16    227347    227331    2841.4   2948.25 0.000927225  0.00140694
   21      16    239207    239191   2847.27      2965 0.000867127  0.00140405
   22      15    251031    251016   2852.22   2956.25  0.00131301  0.00140165
   23      16    262805    262789   2856.17   2943.25   0.0009989  0.00139971
   24      16    274602    274586   2860.04   2949.25  0.00118106  0.00139781
   25      15    286479    286464   2864.41    2969.5   0.0017489  0.00139568
   26      16    298258    298242   2867.48    2944.5  0.00183995  0.00139418
   27      16    309996    309980   2869.96    2934.5  0.00177706  0.00139299
   28      16    321628    321612   2871.31      2908  0.00117785  0.00139234
   29      16    332957    332941   2869.95   2832.25  0.00158899  0.00139299
   30      16    344605    344589   2871.35      2912  0.00156273  0.00139232
   31      16    356420    356404      2874   2953.75  0.00161071  0.00139103
   32      16    368391    368375    2877.7   2992.75  0.00101414  0.00138923
   33      16    380307    380291   2880.77      2979  0.00113796  0.00138778
   34      16    392194    392178   2883.44   2971.75  0.00135655  0.00138648
   35      16    404012    403996   2885.46    2954.5  0.00120211  0.00138551
   36      16    415820    415804    2887.3      2952  0.00144222  0.00138463
   37      16    427645    427629   2889.16   2956.25  0.00159278  0.00138372
   38      16    439564    439548   2891.54   2979.75  0.00129094   0.0013826
   39      16    451464    451448   2893.67      2975 0.000871736  0.00138157
2026-07-18T23:00:38.674585+0700 min lat: 0.000686153 max lat: 0.0498124 avg lat: 0.00138114
  sec Cur ops   started  finished  avg MB/s  cur MB/s last lat(s)  avg lat(s)
   40      15    463187    463172    2894.6      2931  0.00135891  0.00138114
   41      16    474861    474845   2895.17   2918.25  0.00134362  0.00138086
   42      16    486027    486011    2892.7    2791.5 0.000889782  0.00138203
   43      16    498015    497999   2895.12      2997   0.0010916   0.0013809
   44      16    509766    509750   2896.08   2937.75 0.000936992  0.00138043
   45      15    520966    520951   2893.95   2800.25  0.00141322  0.00138146
   46      16    532917    532901   2895.98    2987.5 0.000960982  0.00138049
   47      16    544745    544729   2897.27      2957    0.001363  0.00137986
   48      15    556647    556632    2898.9   2975.75  0.00162044  0.00137909
   49      16    568477    568461   2900.09   2957.25  0.00106159  0.00137853
   50      16    580300    580284    2901.2   2955.75  0.00133408    0.001378
   51      16    592088    592072   2902.09      2947  0.00132251  0.00137756
   52      15    603953    603938   2903.33    2966.5 0.000976055  0.00137699
   53      16    615832    615816   2904.57    2969.5   0.0015653   0.0013764
   54      16    627426    627410   2904.45    2898.5  0.00100436  0.00137644
   55      16    638622    638606   2902.53      2799 0.000997178  0.00137736
   56      16    650337    650321      2903   2928.75  0.00141052  0.00137714
   57      16    662238    662222   2904.26   2975.25  0.00106305  0.00137653
   58      16    674141    674125   2905.49   2975.75  0.00101257  0.00137596
   59      15    685957    685942   2906.31   2954.25  0.00230497  0.00137558
Total time run:         60.0008
Total writes made:      697803
Write size:             262144
Object size:            262144
Bandwidth (MB/sec):     2907.47
Stddev Bandwidth:       140.496
Max bandwidth (MB/sec): 2997
Min bandwidth (MB/sec): 2093
Average IOPS:           11629
Stddev IOPS:            561.983
Max IOPS:               11988
Min IOPS:               8372
Average Latency(s):     0.00137503
Stddev Latency(s):      0.000827598
Max latency(s):         0.0498124
Min latency(s):         0.000686153
