1784761845 | enp139s0f0np0: 224639175165274 60718543990    0 2473    0     0          0    501588 172133684047668 44649619365    0    0    0     0       0          0
1784761846 | enp139s0f0np0: 224639260751565 60718575004    0 2473    0     0          0    501588 172134852741236 44649901151    0    0    0     0       0          0
1784761847 | enp139s0f0np0: 224639561806443 60718673425    0 2473    0     0          0    501588 172137811681900 44650615323    0    0    0     0       0          0
1784761848 | enp139s0f0np0: 224639938285176 60718787722    0 2473    0     0          0    501588 172139909127662 44651125885    0    0    0     0       0          0
1784761849 | enp139s0f0np0: 224640377753864 60718918986    0 2473    0     0          0    501588 172142301210080 44651707498    0    0    0     0       0          0
1784761850 | enp139s0f0np0: 224640717010034 60719025242    0 2473    0     0          0    501588 172144906801754 44652338450    0    0    0     0       0          0
1784761851 | enp139s0f0np0: 224640887665100 60719087926    0 2473    0     0          0    501588 172147639021842 44652997130    0    0    0     0       0          0
1784761852 | enp139s0f0np0: 224641282060085 60719207960    0 2473    0     0          0    501588 172149592442963 44653474170    0    0    0     0       0          0
1784761853 | enp139s0f0np0: 224641601105493 60719308990    0 2473    0     0          0    501588 172151680073383 44653981890    0    0    0     0       0          0
1784761854 | enp139s0f0np0: 224641792279515 60719380214    0 2473    0     0          0    501588 172154263003797 44654605777    0    0    0     0       0          0
1784761855 | enp139s0f0np0: 224642070808986 60719469053    0 2473    0     0          0    501588 172156788263043 44655215908    0    0    0     0       0          0
1784761856 | enp139s0f0np0: 224642366417146 60719562880    0 2473    0     0          0    501588 172159217353697 44655803755    0    0    0     0       0          0
1784761857 | enp139s0f0np0: 224642710227640 60719669812    0 2473    0     0          0    501588 172161420407052 44656338884    0    0    0     0       0          0
1784761858 | enp139s0f0np0: 224643130056570 60719797117    0 2473    0     0          0    501588 172164019247078 44656969255    0    0    0     0       0          0
1784761859 | enp139s0f0np0: 224643539928097 60719912355    0 2473    0     0          0    501588 172165349652351 44657295761    0    0    0     0       0          0
1784761860 | enp139s0f0np0: 224643928068302 60720030493    0 2473    0     0          0    501588 172167846420522 44657900975    0    0    0     0       0          0
1784761861 | enp139s0f0np0: 224644300303867 60720141609    0 2473    0     0          0    501588 172170121788822 44658453135    0    0    0     0       0          0
1784761862 | enp139s0f0np0: 224644340270881 60720172084    0 2473    0     0          0    501588 172172035356910 44658914351    0    0    0     0       0          0
1784761863 | enp139s0f0np0: 224644774240205 60720299926    0 2473    0     0          0    501588 172174490984692 44659510017    0    0    0     0       0          0
1784761864 | enp139s0f0np0: 224645069678143 60720396644    0 2473    0     0          0    501588 172176991890004 44660115031    0    0    0     0       0          0
1784761865 | enp139s0f0np0: 224645551162233 60720537262    0 2473    0     0          0    501588 172179374362192 44660694447    0    0    0     0       0          0
1784761866 | enp139s0f0np0: 224645780014642 60720618804    0 2473    0     0          0    501589 172182175034396 44661369961    0    0    0     0       0          0
1784761867 | enp139s0f0np0: 224646150180492 60720731420    0 2473    0     0          0    501589 172184405455658 44661912084    0    0    0     0       0          0
1784761868 | enp139s0f0np0: 224646300166185 60720793324    0 2473    0     0          0    501589 172187126342636 44662567934    0    0    0     0       0          0
1784761869 | enp139s0f0np0: 224646706450618 60720918039    0 2473    0     0          0    501589 172190048524213 44663274826    0    0    0     0       0          0
1784761870 | enp139s0f0np0: 224646938701181 60721002469    0 2473    0     0          0    501589 172193430710219 44664089393    0    0    0     0       0          0
1784761871 | enp139s0f0np0: 224647034236148 60721056630    0 2473    0     0          0    501589 172196878845886 44664918380    0    0    0     0       0          0
1784761872 | enp139s0f0np0: 224647625041599 60721223756    0 2473    0     0          0    501589 172199051663004 44665449556    0    0    0     0       0          0
1784761873 | enp139s0f0np0: 224647713826455 60721268103    0 2473    0     0          0    501589 172201503956536 44666039998    0    0    0     0       0          0
1784761874 | enp139s0f0np0: 224648074172594 60721380174    0 2473    0     0          0    501589 172204227356198 44666698924    0    0    0     0       0          0
1784761875 | enp139s0f0np0: 224648384114728 60721479114    0 2473    0     0          0    501589 172207075673722 44667386856    0    0    0     0       0          0
1784761876 | enp139s0f0np0: 224648485286521 60721534151    0 2473    0     0          0    501589 172210474304973 44668204316    0    0    0     0       0          0
1784761877 | enp139s0f0np0: 224648817750039 60721637743    0 2473    0     0          0    501589 172212635823066 44668729319    0    0    0     0       0          0
1784761878 | enp139s0f0np0: 224648821182991 60721656252    0 2473    0     0          0    501589 172214497553152 44669176974    0    0    0     0       0          0
1784761879 | enp139s0f0np0: 224648822581212 60721664535    0 2473    0     0          0    501589 172215170916822 44669339178    0    0    0     0       0          0
1784761880 | enp139s0f0np0: 224648824512272 60721675963    0 2473    0     0          0    501589 172216095568385 44669561896    0    0    0     0       0          0
1784761881 | enp139s0f0np0: 224648825545151 60721682139    0 2473    0     0          0    501589 172216563477991 44669674754    0    0    0     0       0          0
1784761882 | enp139s0f0np0: 224648827662607 60721694852    0 2473    0     0          0    501589 172217459516753 44669891406    0    0    0     0       0          0
1784761883 | enp139s0f0np0: 224648966222972 60721739311    0 2473    0     0          0    501589 172218331825587 44670104056    0    0    0     0       0          0
1784761884 | enp139s0f0np0: 224648968638340 60721755000    0 2473    0     0          0    501589 172219546534497 44670396534    0    0    0     0       0          0
1784761885 | enp139s0f0np0: 224648969910695 60721762498    0 2473    0     0          0    501589 172220108084165 44670531875    0    0    0     0       0          0
1784761886 | enp139s0f0np0: 224648972322396 60721777444    0 2473    0     0          0    501589 172221336665007 44670827566    0    0    0     0       0          0
1784761887 | enp139s0f0np0: 224648973467942 60721784243    0 2473    0     0          0    501589 172221865122985 44670954979    0    0    0     0       0          0
1784761888 | enp139s0f0np0: 224648975857027 60721798553    0 2473    0     0          0    501589 172222977105803 44671223092    0    0    0     0       0          0
1784761889 | enp139s0f0np0: 224649007119436 60721810890    0 2473    0     0          0    501589 172223318970955 44671306152    0    0    0     0       0          0
1784761890 | enp139s0f0np0: 224649046520800 60721829418    0 2473    0     0          0    501589 172224017174346 44671475076    0    0    0     0       0          0
1784761891 | enp139s0f0np0: 224649048573021 60721841798    0 2473    0     0          0    501589 172225002861668 44671712457    0    0    0     0       0          0
1784761892 | enp139s0f0np0: 224649050911665 60721855980    0 2473    0     0          0    501589 172226173328996 44671994114    0    0    0     0       0          0
1784761893 | enp139s0f0np0: 224649052388739 60721864619    0 2473    0     0          0    501589 172226836529242 44672153951    0    0    0     0       0          0
1784761894 | enp139s0f0np0: 224649055111098 60721881517    0 2473    0     0          0    501589 172228138078484 44672467512    0    0    0     0       0          0
1784761895 | enp139s0f0np0: 224649194344528 60721930603    0 2473    0     0          0    501589 172229443977198 44672784171    0    0    0     0       0          0
1784761896 | enp139s0f0np0: 224649195639947 60721937989    0 2473    0     0          0    501590 172229978682360 44672913340    0    0    0     0       0          0
1784761897 | enp139s0f0np0: 224649197632192 60721950580    0 2473    0     0          0    501590 172230980518506 44673154468    0    0    0     0       0          0
1784761898 | enp139s0f0np0: 224649199119154 60721959351    0 2473    0     0          0    501590 172231654682146 44673317065    0    0    0     0       0          0
1784761899 | enp139s0f0np0: 224649201277935 60721972852    0 2473    0     0          0    501590 172232719827976 44673573634    0    0    0     0       0          0
1784761900 | enp139s0f0np0: 224649271675315 60722001975    0 2473    0     0          0    501590 172233653802039 44673800141    0    0    0     0       0          0
1784761901 | enp139s0f0np0: 224649274325509 60722018465    0 2473    0     0          0    501590 172234985560011 44674120643    0    0    0     0       0          0
1784761902 | enp139s0f0np0: 224649275540390 60722025239    0 2473    0     0          0    501590 172235549314211 44674256545    0    0    0     0       0          0
1784761903 | enp139s0f0np0: 224649277762085 60722037611    0 2473    0     0          0    501590 172236555236509 44674499437    0    0    0     0       0          0
1784761904 | enp139s0f0np0: 224649278817846 60722043772    0 2473    0     0          0    501590 172237004762331 44674607885    0    0    0     0       0          0
1784761905 | enp139s0f0np0: 224649281073636 60722057178    0 2473    0     0          0    501590 172238126198689 44674877911    0    0    0     0       0          0
1784761906 | enp139s0f0np0: 224649282478014 60722064812    0 2473    0     0          0    501590 172238661344011 44675007531    0    0    0     0       0          0
1784761907 | enp139s0f0np0: 224649285207161 60722081502    0 2473    0     0          0    501590 172239991631343 44675328003    0    0    0     0       0          0
1784761908 | enp139s0f0np0: 224649288340750 60722100927    0 2473    0     0          0    501590 172241539854437 44675700828    0    0    0     0       0          0
1784761909 | enp139s0f0np0: 224649289639865 60722108323    0 2473    0     0          0    501590 172242157048223 44675849521    0    0    0     0       0          0
1784761910 | enp139s0f0np0: 224649291276974 60722117963    0 2473    0     0          0    501590 172242911789982 44676031417    0    0    0     0       0          0
1784761911 | enp139s0f0np0: 224649292843359 60722127085    0 2473    0     0          0    501590 172243604365372 44676198477    0    0    0     0       0          0
1784761912 | enp139s0f0np0: 224649294627430 60722138490    0 2473    0     0          0    501590 172244459018794 44676404326    0    0    0     0       0          0
1784761913 | enp139s0f0np0: 224649296831348 60722151904    0 2473    0     0          0    501590 172245488998672 44676652464    0    0    0     0       0          0
1784761914 | enp139s0f0np0: 224649298772004 60722164220    0 2473    0     0          0    501590 172246444465606 44676882560    0    0    0     0       0          0
1784761915 | enp139s0f0np0: 224649300787323 60722176337    0 2473    0     0          0    501590 172247369364360 44677105532    0    0    0     0       0          0
1784761916 | enp139s0f0np0: 224649302810945 60722188626    0 2473    0     0          0    501590 172248406958354 44677355307    0    0    0     0       0          0
1784761917 | enp139s0f0np0: 224649372933510 60722215503    0 2473    0     0          0    501590 172249239023514 44677557091    0    0    0     0       0          0
1784761918 | enp139s0f0np0: 224649374513072 60722225096    0 2473    0     0          0    501590 172250034422544 44677748560    0    0    0     0       0          0
1784761919 | enp139s0f0np0: 224649581498409 60722286504    0 2473    0     0          0    501590 172250948063852 44677972359    0    0    0     0       0          0
1784761920 | enp139s0f0np0: 224649582556934 60722292886    0 2473    0     0          0    501590 172251410365873 44678083865    0    0    0     0       0          0
1784761921 | enp139s0f0np0: 224649713696721 60722340462    0 2473    0     0          0    501590 172252675686121 44678391179    0    0    0     0       0          0
1784761922 | enp139s0f0np0: 224649860244463 60722385608    0 2473    0     0          0    501590 172253423684189 44678574061    0    0    0     0       0          0
1784761923 | enp139s0f0np0: 224649862729992 60722400788    0 2473    0     0          0    501590 172254697585559 44678880601    0    0    0     0       0          0
1784761924 | enp139s0f0np0: 224649865829471 60722420387    0 2473    0     0          0    501590 172256279315575 44679261414    0    0    0     0       0          0
1784761925 | enp139s0f0np0: 224649867467667 60722430909    0 2473    0     0          0    501590 172257074201257 44679452904    0    0    0     0       0          0
1784761926 | enp139s0f0np0: 224649869382355 60722442881    0 2473    0     0          0    501591 172258035967893 44679684507    0    0    0     0       0          0
1784761927 | enp139s0f0np0: 224649870489914 60722449306    0 2473    0     0          0    501591 172258456374903 44679786256    0    0    0     0       0          0
1784761928 | enp139s0f0np0: 224649872370515 60722460364    0 2473    0     0          0    501591 172259206531493 44679967713    0    0    0     0       0          0
1784761929 | enp139s0f0np0: 224649874122147 60722470010    0 2473    0     0          0    501591 172259915519905 44680139033    0    0    0     0       0          0
1784761930 | enp139s0f0np0: 224649876660386 60722485961    0 2473    0     0          0    501591 172261167634656 44680440607    0    0    0     0       0          0
1784761931 | enp139s0f0np0: 224649946991507 60722514639    0 2473    0     0          0    501591 172262065370596 44680658405    0    0    0     0       0          0
1784761932 | enp139s0f0np0: 224649949047032 60722527657    0 2473    0     0          0    501591 172263043645706 44680894035    0    0    0     0       0          0
1784761933 | enp139s0f0np0: 224650019712781 60722558691    0 2473    0     0          0    501591 172264157960856 44681163616    0    0    0     0       0          0
1784761934 | enp139s0f0np0: 224650021517754 60722569501    0 2473    0     0          0    501591 172264991078862 44681364437    0    0    0     0       0          0
1784761935 | enp139s0f0np0: 224650023849321 60722584033    0 2473    0     0          0    501591 172266037650807 44681616874    0    0    0     0       0          0
1784761936 | enp139s0f0np0: 224650025263671 60722592741    0 2473    0     0          0    501591 172266676822355 44681770995    0    0    0     0       0          0
1784761937 | enp139s0f0np0: 224650027306562 60722605331    0 2473    0     0          0    501591 172267676558055 44682011700    0    0    0     0       0          0
1784761938 | enp139s0f0np0: 224650096943159 60722629868    0 2473    0     0          0    501591 172268216781215 44682143383    0    0    0     0       0          0
1784761939 | enp139s0f0np0: 224650099129949 60722643788    0 2473    0     0          0    501591 172269295163677 44682402965    0    0    0     0       0          0
1784761940 | enp139s0f0np0: 224650101636868 60722659608    0 2473    0     0          0    501591 172270468404263 44682685861    0    0    0     0       0          0
1784761941 | enp139s0f0np0: 224650103830615 60722673441    0 2473    0     0          0    501591 172271418988956 44682915330    0    0    0     0       0          0
1784761942 | enp139s0f0np0: 224650105863553 60722686991    0 2473    0     0          0    501591 172272411483952 44683154335    0    0    0     0       0          0
1784761943 | enp139s0f0np0: 224650107207022 60722695009    0 2473    0     0          0    501591 172272976036016 44683290673    0    0    0     0       0          0
1784761944 | enp139s0f0np0: 224650109208153 60722707873    0 2473    0     0          0    501591 172273953075512 44683525909    0    0    0     0       0          0
1784761945 | enp139s0f0np0: 224650178998622 60722733682    0 2473    0     0          0    501591 172274579999132 44683678376    0    0    0     0       0          0
1784761946 | enp139s0f0np0: 224650180198178 60722740981    0 2473    0     0          0    501591 172275132972614 44683811647    0    0    0     0       0          0
1784761947 | enp139s0f0np0: 224650181526017 60722748636    0 2473    0     0          0    501591 172275633664608 44683932994    0    0    0     0       0          0
1784761948 | enp139s0f0np0: 224650183423244 60722760546    0 2473    0     0          0    501591 172276448192282 44684129618    0    0    0     0       0          0
1784761949 | enp139s0f0np0: 224650185056644 60722771044    0 2473    0     0          0    501591 172277188161688 44684308039    0    0    0     0       0          0
1784761950 | enp139s0f0np0: 224650186940545 60722782162    0 2473    0     0          0    501591 172277959856983 44684494606    0    0    0     0       0          0
1784761951 | enp139s0f0np0: 224650188859998 60722793317    0 2473    0     0          0    501591 172278841987021 44684707402    0    0    0     0       0          0
1784761952 | enp139s0f0np0: 224650190776276 60722805544    0 2473    0     0          0    501591 172279700096567 44684914452    0    0    0     0       0          0
1784761953 | enp139s0f0np0: 224650192397974 60722815916    0 2473    0     0          0    501591 172280414530621 44685086844    0    0    0     0       0          0
1784761954 | enp139s0f0np0: 224650193814508 60722824627    0 2473    0     0          0    501591 172281108328273 44685253968    0    0    0     0       0          0
1784761955 | enp139s0f0np0: 224650194803494 60722830701    0 2473    0     0          0    501591 172281548738291 44685360150    0    0    0     0       0          0
1784761956 | enp139s0f0np0: 224650195921241 60722837300    0 2473    0     0          0    501592 172282020162149 44685473987    0    0    0     0       0          0
1784761957 | enp139s0f0np0: 224650197736131 60722849438    0 2473    0     0          0    501592 172282856707149 44685675683    0    0    0     0       0          0
1784761958 | enp139s0f0np0: 224650199177604 60722858922    0 2473    0     0          0    501592 172283496427519 44685830024    0    0    0     0       0          0
1784761959 | enp139s0f0np0: 224650201043236 60722871551    0 2473    0     0          0    501592 172284381963735 44686043336    0    0    0     0       0          0
1784761960 | enp139s0f0np0: 224650202945973 60722884170    0 2473    0     0          0    501592 172285295517002 44686263394    0    0    0     0       0          0
1784761961 | enp139s0f0np0: 224650204091096 60722891257    0 2473    0     0          0    501592 172285828454546 44686391805    0    0    0     0       0          0
1784761962 | enp139s0f0np0: 224650205882548 60722901939    0 2473    0     0          0    501592 172286626204006 44686584402    0    0    0     0       0          0
1784761963 | enp139s0f0np0: 224650207135594 60722909527    0 2473    0     0          0    501592 172287211962112 44686725537    0    0    0     0       0          0
1784761964 | enp139s0f0np0: 224650277006471 60722935088    0 2473    0     0          0    501592 172287916523698 44686896836    0    0    0     0       0          0
1784761965 | enp139s0f0np0: 224650278446646 60722943763    0 2473    0     0          0    501592 172288547913540 44687049194    0    0    0     0       0          0
1784761966 | enp139s0f0np0: 224650323879221 60722962321    0 2473    0     0          0    501592 172289156430176 44687196836    0    0    0     0       0          0
1784761967 | enp139s0f0np0: 224650349309491 60722975200    0 2473    0     0          0    501592 172289663627262 44687319582    0    0    0     0       0          0
1784761968 | enp139s0f0np0: 224650556392765 60723037306    0 2473    0     0          0    501592 172290516404404 44687529225    0    0    0     0       0          0
1784761969 | enp139s0f0np0: 224650558249442 60723049080    0 2473    0     0          0    501592 172291376969966 44687736685    0    0    0     0       0          0
1784761970 | enp139s0f0np0: 224650559616361 60723057779    0 2473    0     0          0    501592 172291990481305 44687884564    0    0    0     0       0          0
1784761971 | enp139s0f0np0: 224650698186973 60723102696    0 2473    0     0          0    501592 172292822547235 44688087776    0    0    0     0       0          0
1784761972 | enp139s0f0np0: 224650700022709 60723114164    0 2473    0     0          0    501592 172293652697891 44688287903    0    0    0     0       0          0
1784761973 | enp139s0f0np0: 224650770119474 60723141781    0 2473    0     0          0    501592 172294452481115 44688482045    0    0    0     0       0          0
1784761974 | enp139s0f0np0: 224650840557109 60723171479    0 2473    0     0          0    501592 172295415282121 44688715589    0    0    0     0       0          0
1784761975 | enp139s0f0np0: 224650841931717 60723179949    0 2473    0     0          0    501592 172296059006057 44688870832    0    0    0     0       0          0
1784761976 | enp139s0f0np0: 224650843683830 60723190456    0 2473    0     0          0    501592 172296836977679 44689058576    0    0    0     0       0          0
1784761977 | enp139s0f0np0: 224650845889001 60723204497    0 2473    0     0          0    501592 172297912220947 44689317573    0    0    0     0       0          0
1784761978 | enp139s0f0np0: 224650847083511 60723212382    0 2473    0     0          0    501592 172298454795007 44689448412    0    0    0     0       0          0
1784761979 | enp139s0f0np0: 224650848888621 60723224420    0 2473    0     0          0    501592 172299311007025 44689654677    0    0    0     0       0          0
1784761980 | enp139s0f0np0: 224650907212898 60723248594    0 2473    0     0          0    501592 172300085951172 44689842560    0    0    0     0       0          0
1784761981 | enp139s0f0np0: 224650920520522 60723261017    0 2473    0     0          0    501592 172300797059890 44690014144    0    0    0     0       0          0
1784761982 | enp139s0f0np0: 224650921172586 60723265041    0 2473    0     0          0    501592 172301070306208 44690080100    0    0    0     0       0          0
1784761983 | enp139s0f0np0: 224650923117229 60723278044    0 2473    0     0          0    501592 172302012934492 44690307171    0    0    0     0       0          0
1784761984 | enp139s0f0np0: 224650923998287 60723283256    0 2473    0     0          0    501592 172302395692864 44690399452    0    0    0     0       0          0
1784761985 | enp139s0f0np0: 224650924489966 60723285942    0 2473    0     0          0    501592 172302580573436 44690444089    0    0    0     0       0          0
1784761986 | enp139s0f0np0: 224650925244612 60723290273    0 2473    0     0          0    501593 172302891335088 44690519002    0    0    0     0       0          0
1784761987 | enp139s0f0np0: 224650926010188 60723294862    0 2473    0     0          0    501593 172303220498368 44690598357    0    0    0     0       0          0
1784761988 | enp139s0f0np0: 224650926763766 60723299518    0 2473    0     0          0    501593 172303551113138 44690678074    0    0    0     0       0          0
1784761989 | enp139s0f0np0: 224650927296771 60723302708    0 2473    0     0          0    501593 172303770809268 44690731112    0    0    0     0       0          0
1784761990 | enp139s0f0np0: 224650928124214 60723307791    0 2473    0     0          0    501593 172304134376779 44690818767    0    0    0     0       0          0
1784761991 | enp139s0f0np0: 224650929905482 60723319533    0 2473    0     0          0    501593 172305003382351 44691028037    0    0    0     0       0          0
1784761992 | enp139s0f0np0: 224650930420426 60723322359    0 2473    0     0          0    501593 172305205589115 44691076853    0    0    0     0       0          0
1784761993 | enp139s0f0np0: 224650932457193 60723335754    0 2473    0     0          0    501593 172306202091421 44691316836    0    0    0     0       0          0
1784761994 | enp139s0f0np0: 224650933100398 60723339480    0 2473    0     0          0    501593 172306464564913 44691380124    0    0    0     0       0          0
1784761995 | enp139s0f0np0: 224650935412235 60723354894    0 2473    0     0          0    501593 172307596540595 44691652671    0    0    0     0       0          0
1784761996 | enp139s0f0np0: 224650936890416 60723364659    0 2473    0     0          0    501593 172308277915437 44691816803    0    0    0     0       0          0
1784761997 | enp139s0f0np0: 224650938683977 60723376266    0 2473    0     0          0    501593 172309124112873 44692020609    0    0    0     0       0          0
1784761998 | enp139s0f0np0: 224650940654714 60723389351    0 2473    0     0          0    501593 172310079595503 44692250693    0    0    0     0       0          0
1784761999 | enp139s0f0np0: 224650941667780 60723395795    0 2473    0     0          0    501593 172310519397329 44692356733    0    0    0     0       0          0
1784762000 | enp139s0f0np0: 224650943941888 60723410854    0 2473    0     0          0    501593 172311642862292 44692627265    0    0    0     0       0          0
1784762001 | enp139s0f0np0: 224650944673433 60723415068    0 2473    0     0          0    501593 172311932962658 44692697239    0    0    0     0       0          0
1784762002 | enp139s0f0np0: 224650945499321 60723419950    0 2473    0     0          0    501593 172312273728456 44692779390    0    0    0     0       0          0
1784762003 | enp139s0f0np0: 224650946283738 60723424574    0 2473    0     0          0    501593 172312607955560 44692859978    0    0    0     0       0          0
1784762004 | enp139s0f0np0: 224650947291211 60723430793    0 2473    0     0          0    501593 172313042473010 44692964716    0    0    0     0       0          0
1784762005 | enp139s0f0np0: 224650948745766 60723439774    0 2473    0     0          0    501593 172313698594942 44693122905    0    0    0     0       0          0
1784762006 | enp139s0f0np0: 224650950199816 60723448844    0 2473    0     0          0    501593 172314384998938 44693288363    0    0    0     0       0          0
1784762007 | enp139s0f0np0: 224650984694124 60723469689    0 2473    0     0          0    501593 172315303237094 44693510173    0    0    0     0       0          0
1784762008 | enp139s0f0np0: 224651090034894 60723503134    0 2473    0     0          0    501593 172315871256738 44693649013    0    0    0     0       0          0
1784762009 | enp139s0f0np0: 224651091430368 60723512490    0 2473    0     0          0    501593 172316525304454 44693806639    0    0    0     0       0          0
1784762010 | enp139s0f0np0: 224651092738159 60723520814    0 2473    0     0          0    501593 172317132398493 44693952917    0    0    0     0       0          0
1784762011 | enp139s0f0np0: 224651093500907 60723525376    0 2473    0     0          0    501593 172317452764885 44694030177    0    0    0     0       0          0
1784762012 | enp139s0f0np0: 224651095588406 60723539330    0 2473    0     0          0    501593 172318463411791 44694273605    0    0    0     0       0          0
1784762013 | enp139s0f0np0: 224651098432887 60723555615    0 2473    0     0          0    501593 172319622752257 44694554216    0    0    0     0       0          0
1784762014 | enp139s0f0np0: 224651099939198 60723564917    0 2473    0     0          0    501593 172320293422681 44694715942    0    0    0     0       0          0
1784762015 | enp139s0f0np0: 224651171105784 60723598948    0 2473    0     0          0    501593 172321676067851 44695050303    0    0    0     0       0          0
1784762016 | enp139s0f0np0: 224651174347429 60723618329    0 2473    0     0          0    501594 172323168895361 44695410670    0    0    0     0       0          0
1784762017 | enp139s0f0np0: 224651177491515 60723637844    0 2473    0     0          0    501594 172324590347645 44695753575    0    0    0     0       0          0
1784762018 | enp139s0f0np0: 224651178736562 60723645868    0 2473    0     0          0    501594 172325116096277 44695880292    0    0    0     0       0          0
1784762019 | enp139s0f0np0: 224651180478361 60723657403    0 2473    0     0          0    501594 172325929096931 44696076175    0    0    0     0       0          0
1784762020 | enp139s0f0np0: 224651181537556 60723663762    0 2473    0     0          0    501594 172326354904910 44696178922    0    0    0     0       0          0
1784762022 | enp139s0f0np0: 224651182700899 60723671186    0 2473    0     0          0    501594 172326873981664 44696304009    0    0    0     0       0          0
1784762023 | enp139s0f0np0: 224651183683013 60723677418    0 2473    0     0          0    501594 172327293298858 44696405117    0    0    0     0       0          0
1784762024 | enp139s0f0np0: 224651184203734 60723680580    0 2473    0     0          0    501594 172327489641824 44696452557    0    0    0     0       0          0
1784762025 | enp139s0f0np0: 224651185364300 60723688312    0 2473    0     0          0    501594 172327997774996 44696575016    0    0    0     0       0          0
1784762026 | enp139s0f0np0: 224651186727264 60723697244    0 2473    0     0          0    501594 172328599526582 44696719972    0    0    0     0       0          0
1784762027 | enp139s0f0np0: 224651186931772 60723698137    0 2473    0     0          0    501594 172328642217450 44696730313    0    0    0     0       0          0
1784762028 | enp139s0f0np0: 224651187072569 60723698378    0 2473    0     0          0    501594 172328642235762 44696730378    0    0    0     0       0          0
1784762029 | enp139s0f0np0: 224651187196420 60723698601    0 2473    0     0          0    501594 172328642249616 44696730431    0    0    0     0       0          0
1784762030 | enp139s0f0np0: 224651187357766 60723698857    0 2473    0     0          0    501594 172328642274102 44696730517    0    0    0     0       0          0
1784762031 | enp139s0f0np0: 224651187492936 60723699100    0 2473    0     0          0    501594 172328642296899 44696730598    0    0    0     0       0          0
1784762032 | enp139s0f0np0: 224651187619423 60723699341    0 2473    0     0          0    501594 172328642320371 44696730679    0    0    0     0       0          0
1784762033 | enp139s0f0np0: 224651187742335 60723699584    0 2473    0     0          0    501594 172328642343555 44696730766    0    0    0     0       0          0
1784762034 | enp139s0f0np0: 224651187866646 60723699817    0 2473    0     0          0    501594 172328642361459 44696730830    0    0    0     0       0          0
1784762035 | enp139s0f0np0: 224651187994698 60723700079    0 2473    0     0          0    501594 172328642388921 44696730930    0    0    0     0       0          0
1784762036 | enp139s0f0np0: 224651188127911 60723700338    0 2473    0     0          0    501594 172328642421555 44696731041    0    0    0     0       0          0
1784762037 | enp139s0f0np0: 224651188262009 60723700586    0 2473    0     0          0    501594 172328642444397 44696731128    0    0    0     0       0          0
1784762038 | enp139s0f0np0: 224651188396224 60723700793    0 2473    0     0          0    501594 172328642453415 44696731161    0    0    0     0       0          0
1784762039 | enp139s0f0np0: 224651188524967 60723700993    0 2473    0     0          0    501594 172328642462199 44696731189    0    0    0     0       0          0
1784762040 | enp139s0f0np0: 224651188644098 60723701177    0 2473    0     0          0    501594 172328642472507 44696731226    0    0    0     0       0          0
1784762041 | enp139s0f0np0: 224651188740794 60723701367    0 2473    0     0          0    501594 172328642486880 44696731283    0    0    0     0       0          0
1784762042 | enp139s0f0np0: 224651188888686 60723701598    0 2473    0     0          0    501594 172328642512566 44696731382    0    0    0     0       0          0
1784762043 | enp139s0f0np0: 224651189033350 60723701784    0 2473    0     0          0    501594 172328642527140 44696731437    0    0    0     0       0          0
1784762044 | enp139s0f0np0: 224651189138379 60723701951    0 2473    0     0          0    501594 172328642532630 44696731458    0    0    0     0       0          0
1784762045 | enp139s0f0np0: 224651189271682 60723702162    0 2473    0     0          0    501594 172328642555472 44696731545    0    0    0     0       0          0
1784762046 | enp139s0f0np0: 224651189396563 60723702356    0 2473    0     0          0    501594 172328642569572 44696731598    0    0    0     0       0          0
1784762047 | enp139s0f0np0: 224651189531373 60723702569    0 2473    0     0          0    501595 172328642592294 44696731678    0    0    0     0       0          0
1784762048 | enp139s0f0np0: 224651189672126 60723702779    0 2473    0     0          0    501595 172328642615772 44696731768    0    0    0     0       0          0
1784762049 | enp139s0f0np0: 224651189771700 60723702975    0 2473    0     0          0    501595 172328642634150 44696731834    0    0    0     0       0          0
1784762050 | enp139s0f0np0: 224651258548934 60723721344    0 2473    0     0          0    501595 172328711350906 44696750122    0    0    0     0       0          0
1784762051 | enp139s0f0np0: 224651329169977 60723741296    0 2473    0     0          0    501595 172328781595922 44696769901    0    0    0     0       0          0
1784762052 | enp139s0f0np0: 224651547387936 60723800015    0 2473    0     0          0    501595 172329000344609 44696828653    0    0    0     0       0          0
1784762053 | enp139s0f0np0: 224651671437200 60723833225    0 2473    0     0          0    501595 172329124394791 44696861678    0    0    0     0       0          0
1784762054 | enp139s0f0np0: 224651671741460 60723833982    0 2473    0     0          0    501595 172329124616857 44696862317    0    0    0     0       0          0
1784762055 | enp139s0f0np0: 224651671916938 60723834227    0 2473    0     0          0    501595 172329124650415 44696862442    0    0    0     0       0          0
1784762056 | enp139s0f0np0: 224651672121717 60723834508    0 2473    0     0          0    501595 172329124690303 44696862580    0    0    0     0       0          0
1784762057 | enp139s0f0np0: 224651672336157 60723834987    0 2473    0     0          0    501595 172329124805359 44696862919    0    0    0     0       0          0
1784762058 | enp139s0f0np0: 224651672589908 60723835545    0 2473    0     0          0    501595 172329124941139 44696863327    0    0    0     0       0          0
1784762059 | enp139s0f0np0: 224651672793540 60723835811    0 2473    0     0          0    501595 172329124973407 44696863448    0    0    0     0       0          0
1784762060 | enp139s0f0np0: 224651672947757 60723836048    0 2473    0     0          0    501595 172329125001751 44696863551    0    0    0     0       0          0
1784762061 | enp139s0f0np0: 224651673087963 60723836240    0 2473    0     0          0    501595 172329125024272 44696863633    0    0    0     0       0          0
1784762062 | enp139s0f0np0: 224651673218342 60723836383    0 2473    0     0          0    501595 172329125059528 44696863763    0    0    0     0       0          0
1784762063 | enp139s0f0np0: 224651741582689 60723854309    0 2473    0     0          0    501595 172329193388786 44696881670    0    0    0     0       0          0
1784762064 | enp139s0f0np0: 224651742021998 60723854541    0 2473    0     0          0    501595 172329193694954 44696881881    0    0    0     0       0          0
1784762065 | enp139s0f0np0: 224651742171754 60723854728    0 2473    0     0          0    501595 172329193745558 44696882057    0    0    0     0       0          0
1784762066 | enp139s0f0np0: 224651742288180 60723854872    0 2473    0     0          0    501595 172329193783064 44696882190    0    0    0     0       0          0
1784762067 | enp139s0f0np0: 224651742425946 60723855049    0 2473    0     0          0    501595 172329193834340 44696882371    0    0    0     0       0          0
1784762068 | enp139s0f0np0: 224651742569837 60723855246    0 2473    0     0          0    501595 172329193893968 44696882589    0    0    0     0       0          0
1784762069 | enp139s0f0np0: 224651742743830 60723855519    0 2473    0     0          0    501595 172329193973942 44696882868    0    0    0     0       0          0
1784762070 | enp139s0f0np0: 224651743066056 60723856255    0 2473    0     0          0    501595 172329194239128 44696883600    0    0    0     0       0          0
1784762071 | enp139s0f0np0: 224651743354845 60723856861    0 2473    0     0          0    501595 172329194454611 44696884220    0    0    0     0       0          0
1784762072 | enp139s0f0np0: 224651743558976 60723857198    0 2473    0     0          0    501595 172329194554067 44696884561    0    0    0     0       0          0
1784762073 | enp139s0f0np0: 224651881341139 60723894991    0 2473    0     0          0    501595 172329332369185 44696922135    0    0    0     0       0          0
1784762074 | enp139s0f0np0: 224651938798715 60723910903    0 2473    0     0          0    501595 172329389768591 44696937999    0    0    0     0       0          0
1784762075 | enp139s0f0np0: 224652019217422 60723932763    0 2473    0     0          0    501595 172329470194269 44696959830    0    0    0     0       0          0
1784762076 | enp139s0f0np0: 224652088200151 60723951826    0 2473    0     0          0    501596 172329539170405 44696978856    0    0    0     0       0          0
1784762077 | enp139s0f0np0: 224652104334360 60723957456    0 2473    0     0          0    501596 172329554981532 44696984387    0    0    0     0       0          0
1784762078 | enp139s0f0np0: 224652226793721 60723992019    0 2473    0     0          0    501596 172329677815587 44697018936    0    0    0     0       0          0
1784762079 | enp139s0f0np0: 224652295754162 60724011073    0 2473    0     0          0    501596 172329746788771 44697037938    0    0    0     0       0          0
1784762080 | enp139s0f0np0: 224652368680331 60724030964    0 2473    0     0          0    501596 172329819714220 44697057804    0    0    0     0       0          0
1784762081 | enp139s0f0np0: 224652433489221 60724048506    0 2473    0     0          0    501596 172329884525334 44697075377    0    0    0     0       0          0
1784762082 | enp139s0f0np0: 224652433737165 60724048945    0 2473    0     0          0    501596 172329884662716 44697075790    0    0    0     0       0          0
1784762083 | enp139s0f0np0: 224652433966564 60724049443    0 2473    0     0          0    501596 172329884828472 44697076322    0    0    0     0       0          0
1784762084 | enp139s0f0np0: 224652436661012 60724050758    0 2473    0     0          0    501596 172329887190026 44697077561    0    0    0     0       0          0
1784762085 | enp139s0f0np0: 224652503029365 60724068451    0 2473    0     0          0    501596 172329953782774 44697095354    0    0    0     0       0          0
1784762086 | enp139s0f0np0: 224652503373243 60724069218    0 2473    0     0          0    501596 172329954023722 44697096077    0    0    0     0       0          0
1784762087 | enp139s0f0np0: 224652503592935 60724069611    0 2473    0     0          0    501596 172329954134026 44697096458    0    0    0     0       0          0
1784762088 | enp139s0f0np0: 224652503806191 60724069952    0 2473    0     0          0    501596 172329954227248 44697096786    0    0    0     0       0          0
1784762089 | enp139s0f0np0: 224652504013864 60724070390    0 2473    0     0          0    501596 172329954355438 44697097210    0    0    0     0       0          0
1784762090 | enp139s0f0np0: 224652524860280 60724076273    0 2473    0     0          0    501596 172329975144745 44697103120    0    0    0     0       0          0
1784762091 | enp139s0f0np0: 224652573336956 60724090166    0 2473    0     0          0    501596 172330023597299 44697117031    0    0    0     0       0          0
1784762092 | enp139s0f0np0: 224652642059639 60724108472    0 2473    0     0          0    501596 172330092305493 44697135324    0    0    0     0       0          0
1784762093 | enp139s0f0np0: 224652886057817 60724175614    0 2473    0     0          0    501596 172330336585979 44697202188    0    0    0     0       0          0
1784762094 | enp139s0f0np0: 224653056009563 60724224693    0 2473    0     0          0    501596 172330506847839 44697251214    0    0    0     0       0          0
1784762095 | enp139s0f0np0: 224653385035003 60724316335    0 2473    0     0          0    501596 172330836327263 44697342595    0    0    0     0       0          0
1784762096 | enp139s0f0np0: 224653813240607 60724432373    0 2473    0     0          0    501596 172331264970629 44697458074    0    0    0     0       0          0
