1784777423 | enp139s0f0np0: 230430949249858 62240668748    0 2473    0     0          0    502107 179641044669517 46556705159    0    0    0     0       0          0
1784777424 | enp139s0f0np0: 230430949396542 62240668948    0 2473    0     0          0    502107 179641044669517 46556705159    0    0    0     0       0          0
1784777425 | enp139s0f0np0: 230430954578844 62240699076    0 2473    0     0          0    502107 179644089367795 46557436094    0    0    0     0       0          0
1784777426 | enp139s0f0np0: 230430961325304 62240735336    0 2473    0     0          0    502107 179648232916299 46558430790    0    0    0     0       0          0
1784777427 | enp139s0f0np0: 230430968646809 62240773569    0 2473    0     0          0    502107 179652816505916 46559530878    0    0    0     0       0          0
1784777428 | enp139s0f0np0: 230430975998039 62240812800    0 2473    0     0          0    502107 179657359486745 46560621173    0    0    0     0       0          0
1784777429 | enp139s0f0np0: 230430983289257 62240852458    0 2473    0     0          0    502107 179661840488986 46561696828    0    0    0     0       0          0
1784777430 | enp139s0f0np0: 230430990228599 62240889737    0 2473    0     0          0    502107 179666134719758 46562727567    0    0    0     0       0          0
1784777431 | enp139s0f0np0: 230430997512688 62240927654    0 2473    0     0          0    502107 179670648634857 46563811042    0    0    0     0       0          0
1784777432 | enp139s0f0np0: 230431004846589 62240966989    0 2473    0     0          0    502107 179675162699779 46564894426    0    0    0     0       0          0
1784777433 | enp139s0f0np0: 230431012085682 62241004664    0 2473    0     0          0    502107 179679690475786 46565981111    0    0    0     0       0          0
1784777434 | enp139s0f0np0: 230431019243638 62241042012    0 2473    0     0          0    502107 179684144011570 46567050164    0    0    0     0       0          0
1784777435 | enp139s0f0np0: 230431026540783 62241080368    0 2473    0     0          0    502107 179688679658452 46568138677    0    0    0     0       0          0
1784777436 | enp139s0f0np0: 230431033876710 62241117863    0 2473    0     0          0    502107 179693320989971 46569252592    0    0    0     0       0          0
1784777437 | enp139s0f0np0: 230431041143644 62241155625    0 2473    0     0          0    502108 179697893995269 46570350155    0    0    0     0       0          0
1784777438 | enp139s0f0np0: 230431048378405 62241192674    0 2473    0     0          0    502108 179702458922877 46571445744    0    0    0     0       0          0
1784777439 | enp139s0f0np0: 230431055501599 62241228768    0 2473    0     0          0    502108 179706959433216 46572525873    0    0    0     0       0          0
1784777440 | enp139s0f0np0: 230431062577087 62241263826    0 2473    0     0          0    502108 179711460220204 46573605882    0    0    0     0       0          0
1784777441 | enp139s0f0np0: 230431069292927 62241297295    0 2473    0     0          0    502108 179715718438651 46574627892    0    0    0     0       0          0
1784777442 | enp139s0f0np0: 230431076336236 62241331953    0 2473    0     0          0    502108 179720236970193 46575712262    0    0    0     0       0          0
1784777443 | enp139s0f0np0: 230431083766352 62241372506    0 2473    0     0          0    502108 179724782910195 46576803236    0    0    0     0       0          0
1784777444 | enp139s0f0np0: 230431091114674 62241412471    0 2473    0     0          0    502108 179729242849200 46577873626    0    0    0     0       0          0
1784777445 | enp139s0f0np0: 230431098507970 62241453490    0 2473    0     0          0    502108 179733685091989 46578939745    0    0    0     0       0          0
1784777446 | enp139s0f0np0: 230431105935390 62241494334    0 2473    0     0          0    502108 179738159359390 46580013622    0    0    0     0       0          0
1784777447 | enp139s0f0np0: 230431113370137 62241534631    0 2473    0     0          0    502108 179742676575455 46581097753    0    0    0     0       0          0
1784777448 | enp139s0f0np0: 230431120813390 62241575747    0 2473    0     0          0    502108 179747138973646 46582168877    0    0    0     0       0          0
1784777449 | enp139s0f0np0: 230431128231339 62241616404    0 2473    0     0          0    502108 179751635235037 46583248013    0    0    0     0       0          0
1784777450 | enp139s0f0np0: 230431135618971 62241655609    0 2473    0     0          0    502108 179756174815808 46584337335    0    0    0     0       0          0
1784777451 | enp139s0f0np0: 230431142819895 62241695303    0 2473    0     0          0    502108 179760536561196 46585384226    0    0    0     0       0          0
1784777452 | enp139s0f0np0: 230431150038109 62241734772    0 2473    0     0          0    502108 179764896471153 46586430608    0    0    0     0       0          0
1784777453 | enp139s0f0np0: 230431157286804 62241772627    0 2473    0     0          0    502108 179769379720362 46587506519    0    0    0     0       0          0
1784777454 | enp139s0f0np0: 230431164312558 62241810332    0 2473    0     0          0    502108 179773672211400 46588536637    0    0    0     0       0          0
1784777455 | enp139s0f0np0: 230431171730561 62241851164    0 2473    0     0          0    502108 179778151866025 46589611650    0    0    0     0       0          0
