1784761102 | enp139s0f0np0: 224079786213719 60571096601    0 2473    0     0          0    501563 171170678686842 44407690635    0    0    0     0       0          0
1784761103 | enp139s0f0np0: 224080423939990 60571263443    0 2473    0     0          0    501563 171171341061058 44407864966    0    0    0     0       0          0
1784761104 | enp139s0f0np0: 224082010073823 60571666552    0 2473    0     0          0    501563 171172916211126 44408267850    0    0    0     0       0          0
1784761105 | enp139s0f0np0: 224083613254289 60572074359    0 2473    0     0          0    501563 171174527876689 44408680308    0    0    0     0       0          0
1784761106 | enp139s0f0np0: 224085244571316 60572488703    0 2473    0     0          0    501563 171176086150779 44409081375    0    0    0     0       0          0
1784761107 | enp139s0f0np0: 224086738661490 60572868503    0 2473    0     0          0    501563 171177570550953 44409462671    0    0    0     0       0          0
1784761108 | enp139s0f0np0: 224088272638479 60573259139    0 2473    0     0          0    501563 171179123289682 44409861345    0    0    0     0       0          0
1784761109 | enp139s0f0np0: 224089807600183 60573651141    0 2473    0     0          0    501563 171180693753027 44410265523    0    0    0     0       0          0
1784761110 | enp139s0f0np0: 224091432080224 60574064047    0 2473    0     0          0    501563 171182333236703 44410684889    0    0    0     0       0          0
1784761111 | enp139s0f0np0: 224093016360976 60574466867    0 2473    0     0          0    501563 171183923313514 44411092657    0    0    0     0       0          0
1784761112 | enp139s0f0np0: 224094550626993 60574857743    0 2473    0     0          0    501563 171185485226067 44411494047    0    0    0     0       0          0
1784761113 | enp139s0f0np0: 224096023250336 60575234042    0 2473    0     0          0    501563 171187016286995 44411888741    0    0    0     0       0          0
1784761114 | enp139s0f0np0: 224097565917210 60575627458    0 2473    0     0          0    501563 171188575524365 44412290324    0    0    0     0       0          0
1784761115 | enp139s0f0np0: 224099136663867 60576027334    0 2473    0     0          0    501563 171190116082546 44412687011    0    0    0     0       0          0
1784761116 | enp139s0f0np0: 224100753895922 60576438995    0 2473    0     0          0    501564 171191778919268 44413111664    0    0    0     0       0          0
1784761117 | enp139s0f0np0: 224102380065051 60576852264    0 2473    0     0          0    501564 171193413746625 44413530948    0    0    0     0       0          0
1784761118 | enp139s0f0np0: 224103988331722 60577261359    0 2473    0     0          0    501564 171195013940386 44413942553    0    0    0     0       0          0
1784761119 | enp139s0f0np0: 224105600520800 60577671064    0 2473    0     0          0    501564 171196628140601 44414356590    0    0    0     0       0          0
1784761120 | enp139s0f0np0: 224107115412929 60578056957    0 2473    0     0          0    501564 171198159462018 44414749932    0    0    0     0       0          0
1784761121 | enp139s0f0np0: 224108649732200 60578447294    0 2473    0     0          0    501564 171199667856417 44415138000    0    0    0     0       0          0
1784761122 | enp139s0f0np0: 224110162483968 60578832663    0 2473    0     0          0    501564 171201153233179 44415522037    0    0    0     0       0          0
1784761123 | enp139s0f0np0: 224111761730983 60579239375    0 2473    0     0          0    501564 171202730352831 44415928146    0    0    0     0       0          0
1784761124 | enp139s0f0np0: 224113422818782 60579661345    0 2473    0     0          0    501564 171204372515498 44416350132    0    0    0     0       0          0
1784761125 | enp139s0f0np0: 224115070964757 60580081271    0 2473    0     0          0    501564 171205997900321 44416768201    0    0    0     0       0          0
1784761126 | enp139s0f0np0: 224116604757603 60580473462    0 2473    0     0          0    501564 171207596067333 44417178887    0    0    0     0       0          0
1784761127 | enp139s0f0np0: 224118261883330 60580895444    0 2473    0     0          0    501564 171209212449835 44417595167    0    0    0     0       0          0
1784761128 | enp139s0f0np0: 224119966368352 60581329204    0 2473    0     0          0    501564 171210889447155 44418024993    0    0    0     0       0          0
1784761129 | enp139s0f0np0: 224121562805034 60581735431    0 2473    0     0          0    501564 171212460637508 44418428874    0    0    0     0       0          0
1784761130 | enp139s0f0np0: 224123186250178 60582147393    0 2473    0     0          0    501564 171214066231277 44418841224    0    0    0     0       0          0
1784761131 | enp139s0f0np0: 224124794012078 60582555848    0 2473    0     0          0    501564 171215625887656 44419243208    0    0    0     0       0          0
1784761132 | enp139s0f0np0: 224126426204244 60582970422    0 2473    0     0          0    501564 171217260144744 44419662473    0    0    0     0       0          0
1784761133 | enp139s0f0np0: 224127947494495 60583357999    0 2473    0     0          0    501564 171218798151721 44420058762    0    0    0     0       0          0
1784761134 | enp139s0f0np0: 224129490442209 60583751264    0 2473    0     0          0    501564 171220330937970 44420454196    0    0    0     0       0          0
1784761135 | enp139s0f0np0: 224130891481944 60584110045    0 2473    0     0          0    501564 171221719300773 44420815603    0    0    0     0       0          0
1784761136 | enp139s0f0np0: 224132297690649 60584469327    0 2473    0     0          0    501564 171223134296759 44421182369    0    0    0     0       0          0
1784761137 | enp139s0f0np0: 224133909828174 60584879409    0 2473    0     0          0    501564 171224727712626 44421592399    0    0    0     0       0          0
1784761138 | enp139s0f0np0: 224135558123150 60585299036    0 2473    0     0          0    501564 171226375881605 44422016482    0    0    0     0       0          0
1784761139 | enp139s0f0np0: 224137112535251 60585693767    0 2473    0     0          0    501564 171227957826872 44422419106    0    0    0     0       0          0
1784761140 | enp139s0f0np0: 224138525474938 60586054260    0 2473    0     0          0    501564 171229350943816 44422779568    0    0    0     0       0          0
1784761142 | enp139s0f0np0: 224140179760754 60586475008    0 2473    0     0          0    501564 171230964258786 44423194540    0    0    0     0       0          0
1784761143 | enp139s0f0np0: 224141774833290 60586881322    0 2473    0     0          0    501564 171232567572543 44423606481    0    0    0     0       0          0
1784761144 | enp139s0f0np0: 224143341899928 60587280100    0 2473    0     0          0    501564 171234178483596 44424020205    0    0    0     0       0          0
1784761145 | enp139s0f0np0: 224144772302955 60587643791    0 2473    0     0          0    501564 171235591032644 44424384099    0    0    0     0       0          0
1784761146 | enp139s0f0np0: 224146317195036 60588037703    0 2473    0     0          0    501564 171237169852638 44424790685    0    0    0     0       0          0
1784761147 | enp139s0f0np0: 224147904958986 60588441004    0 2473    0     0          0    501565 171238724166143 44425191411    0    0    0     0       0          0
1784761148 | enp139s0f0np0: 224149496000066 60588845735    0 2473    0     0          0    501565 171240318555991 44425601735    0    0    0     0       0          0
1784761149 | enp139s0f0np0: 224151048686793 60589240626    0 2473    0     0          0    501565 171241868100782 44426000634    0    0    0     0       0          0
1784761150 | enp139s0f0np0: 224152654408901 60589649535    0 2473    0     0          0    501565 171243507934518 44426421501    0    0    0     0       0          0
1784761151 | enp139s0f0np0: 224154291290600 60590065884    0 2473    0     0          0    501565 171245135082563 44426838812    0    0    0     0       0          0
1784761152 | enp139s0f0np0: 224155950838332 60590488268    0 2473    0     0          0    501565 171246821480783 44427270491    0    0    0     0       0          0
1784761153 | enp139s0f0np0: 224157290576529 60590829375    0 2473    0     0          0    501565 171248122189222 44427605717    0    0    0     0       0          0
1784761154 | enp139s0f0np0: 224158855104897 60591227595    0 2473    0     0          0    501565 171249676981166 44428005867    0    0    0     0       0          0
1784761155 | enp139s0f0np0: 224160479581227 60591639726    0 2473    0     0          0    501565 171251365590630 44428438702    0    0    0     0       0          0
1784761156 | enp139s0f0np0: 224162034000955 60592035250    0 2473    0     0          0    501565 171252911540322 44428836976    0    0    0     0       0          0
1784761157 | enp139s0f0np0: 224163702152341 60592459437    0 2473    0     0          0    501565 171254588039678 44429266654    0    0    0     0       0          0
1784761158 | enp139s0f0np0: 224165373703241 60592884255    0 2473    0     0          0    501565 171256238774234 44429690358    0    0    0     0       0          0
1784761159 | enp139s0f0np0: 224167034541552 60593306531    0 2473    0     0          0    501565 171257889357372 44430113994    0    0    0     0       0          0
1784761160 | enp139s0f0np0: 224168533153408 60593688462    0 2473    0     0          0    501565 171259328498921 44430485498    0    0    0     0       0          0
1784761161 | enp139s0f0np0: 224170208854042 60594114130    0 2473    0     0          0    501565 171261008132590 44430915300    0    0    0     0       0          0
1784761162 | enp139s0f0np0: 224171913672743 60594547379    0 2473    0     0          0    501565 171262705042019 44431350082    0    0    0     0       0          0
1784761163 | enp139s0f0np0: 224173624909325 60594981693    0 2473    0     0          0    501565 171264370853509 44431777852    0    0    0     0       0          0
1784761164 | enp139s0f0np0: 224175320747591 60595412725    0 2473    0     0          0    501565 171266047483394 44432207986    0    0    0     0       0          0
1784761165 | enp139s0f0np0: 224176896962548 60595814969    0 2473    0     0          0    501565 171267671514203 44432625467    0    0    0     0       0          0
1784761166 | enp139s0f0np0: 224178339314619 60596182522    0 2473    0     0          0    501565 171269165038825 44433007358    0    0    0     0       0          0
1784761167 | enp139s0f0np0: 224180094991293 60596628282    0 2473    0     0          0    501565 171270951289626 44433462140    0    0    0     0       0          0
1784761168 | enp139s0f0np0: 224181867297561 60597077847    0 2473    0     0          0    501565 171272705389533 44433908991    0    0    0     0       0          0
1784761169 | enp139s0f0np0: 224183516111040 60597497162    0 2473    0     0          0    501565 171274335069009 44434327690    0    0    0     0       0          0
1784761170 | enp139s0f0np0: 224184914734202 60597854812    0 2473    0     0          0    501565 171275737577483 44434690897    0    0    0     0       0          0
1784761171 | enp139s0f0np0: 224186311529101 60598211773    0 2473    0     0          0    501565 171277182283437 44435063656    0    0    0     0       0          0
1784761172 | enp139s0f0np0: 224187750286816 60598578283    0 2473    0     0          0    501565 171278578665789 44435426697    0    0    0     0       0          0
1784761173 | enp139s0f0np0: 224189198255957 60598947476    0 2473    0     0          0    501565 171280000513967 44435794819    0    0    0     0       0          0
1784761174 | enp139s0f0np0: 224190591831607 60599303285    0 2473    0     0          0    501565 171281424146695 44436163300    0    0    0     0       0          0
1784761175 | enp139s0f0np0: 224192078922607 60599682331    0 2473    0     0          0    501565 171282927651173 44436550722    0    0    0     0       0          0
1784761176 | enp139s0f0np0: 224193674445329 60600088875    0 2473    0     0          0    501566 171284571492268 44436971756    0    0    0     0       0          0
1784761177 | enp139s0f0np0: 224195311372859 60600505261    0 2473    0     0          0    501566 171286206268111 44437390561    0    0    0     0       0          0
1784761178 | enp139s0f0np0: 224196926443966 60600916540    0 2473    0     0          0    501566 171287825032230 44437807123    0    0    0     0       0          0
1784761179 | enp139s0f0np0: 224198476467930 60601311074    0 2473    0     0          0    501566 171289432964009 44438219920    0    0    0     0       0          0
1784761180 | enp139s0f0np0: 224200010469199 60601701396    0 2473    0     0          0    501566 171290955581883 44438612088    0    0    0     0       0          0
1784761181 | enp139s0f0np0: 224201248015492 60602015715    0 2473    0     0          0    501566 171292178763638 44438926395    0    0    0     0       0          0
1784761182 | enp139s0f0np0: 224202969710739 60602453028    0 2473    0     0          0    501566 171293905340482 44439367490    0    0    0     0       0          0
1784761183 | enp139s0f0np0: 224204666987445 60602884304    0 2473    0     0          0    501566 171295591312060 44439800061    0    0    0     0       0          0
1784761184 | enp139s0f0np0: 224206318510992 60603303803    0 2473    0     0          0    501566 171297192001787 44440212368    0    0    0     0       0          0
1784761185 | enp139s0f0np0: 224207920738221 60603711584    0 2473    0     0          0    501566 171298820912868 44440628982    0    0    0     0       0          0
1784761186 | enp139s0f0np0: 224209531560575 60604121158    0 2473    0     0          0    501566 171300449312031 44441047333    0    0    0     0       0          0
1784761187 | enp139s0f0np0: 224210931717282 60604478187    0 2473    0     0          0    501566 171301829023077 44441405815    0    0    0     0       0          0
1784761188 | enp139s0f0np0: 224212283589499 60604823785    0 2473    0     0          0    501566 171303207699262 44441763666    0    0    0     0       0          0
1784761189 | enp139s0f0np0: 224213587332710 60605157402    0 2473    0     0          0    501566 171304494328449 44442098698    0    0    0     0       0          0
1784761190 | enp139s0f0np0: 224214714155513 60605445444    0 2473    0     0          0    501566 171305592172606 44442384623    0    0    0     0       0          0
1784761191 | enp139s0f0np0: 224216149261546 60605811534    0 2473    0     0          0    501566 171307004598030 44442750473    0    0    0     0       0          0
1784761192 | enp139s0f0np0: 224217668051093 60606197985    0 2473    0     0          0    501566 171308449752940 44443124476    0    0    0     0       0          0
1784761193 | enp139s0f0np0: 224219070538373 60606556258    0 2473    0     0          0    501566 171309854025569 44443488901    0    0    0     0       0          0
1784761194 | enp139s0f0np0: 224220469274272 60606914084    0 2473    0     0          0    501566 171311234621248 44443847360    0    0    0     0       0          0
1784761195 | enp139s0f0np0: 224221992527286 60607301825    0 2473    0     0          0    501566 171312748500125 44444237248    0    0    0     0       0          0
1784761196 | enp139s0f0np0: 224223613624646 60607715337    0 2473    0     0          0    501566 171314403250483 44444661185    0    0    0     0       0          0
1784761197 | enp139s0f0np0: 224225189307909 60608117709    0 2473    0     0          0    501566 171315967691998 44445065103    0    0    0     0       0          0
1784761198 | enp139s0f0np0: 224226692929830 60608502333    0 2473    0     0          0    501566 171317506809087 44445461451    0    0    0     0       0          0
1784761199 | enp139s0f0np0: 224228076953341 60608856204    0 2473    0     0          0    501566 171318938419787 44445831410    0    0    0     0       0          0
1784761200 | enp139s0f0np0: 224229598725997 60609243102    0 2473    0     0          0    501566 171320440388627 44446218480    0    0    0     0       0          0
1784761201 | enp139s0f0np0: 224231009427972 60609603249    0 2473    0     0          0    501566 171321860786958 44446586615    0    0    0     0       0          0
1784761202 | enp139s0f0np0: 224232406856262 60609959763    0 2473    0     0          0    501566 171323281593882 44446953893    0    0    0     0       0          0
1784761203 | enp139s0f0np0: 224233887695022 60610336856    0 2473    0     0          0    501566 171324767335253 44447337211    0    0    0     0       0          0
1784761204 | enp139s0f0np0: 224235370269209 60610715251    0 2473    0     0          0    501566 171326268426782 44447723784    0    0    0     0       0          0
1784761205 | enp139s0f0np0: 224236919699580 60611110414    0 2473    0     0          0    501566 171327816968450 44448122422    0    0    0     0       0          0
1784761206 | enp139s0f0np0: 224238407728565 60611490077    0 2473    0     0          0    501567 171329314781624 44448508743    0    0    0     0       0          0
1784761207 | enp139s0f0np0: 224239942177891 60611880742    0 2473    0     0          0    501567 171330835057716 44448901187    0    0    0     0       0          0
1784761208 | enp139s0f0np0: 224241404185149 60612253691    0 2473    0     0          0    501567 171332325528163 44449285258    0    0    0     0       0          0
1784761209 | enp139s0f0np0: 224242824614264 60612617412    0 2473    0     0          0    501567 171333775698876 44449659712    0    0    0     0       0          0
1784761210 | enp139s0f0np0: 224244048206328 60612929590    0 2473    0     0          0    501567 171334988940436 44449973485    0    0    0     0       0          0
1784761211 | enp139s0f0np0: 224245489215168 60613296860    0 2473    0     0          0    501567 171336415355500 44450342214    0    0    0     0       0          0
1784761212 | enp139s0f0np0: 224246980195441 60613676743    0 2473    0     0          0    501567 171337901751239 44450726140    0    0    0     0       0          0
1784761213 | enp139s0f0np0: 224248425009949 60614045098    0 2473    0     0          0    501567 171339322400016 44451093438    0    0    0     0       0          0
1784761214 | enp139s0f0np0: 224249838536816 60614406301    0 2473    0     0          0    501567 171340723141410 44451456914    0    0    0     0       0          0
1784761215 | enp139s0f0np0: 224251300696986 60614779204    0 2473    0     0          0    501567 171342208569728 44451839432    0    0    0     0       0          0
1784761216 | enp139s0f0np0: 224252768598000 60615153753    0 2473    0     0          0    501567 171343715715475 44452228422    0    0    0     0       0          0
1784761217 | enp139s0f0np0: 224253893164173 60615440880    0 2473    0     0          0    501567 171344835184229 44452518527    0    0    0     0       0          0
1784761218 | enp139s0f0np0: 224255369558036 60615819247    0 2473    0     0          0    501567 171346326087972 44452903575    0    0    0     0       0          0
1784761219 | enp139s0f0np0: 224256919743971 60616215346    0 2473    0     0          0    501567 171347903231689 44453309261    0    0    0     0       0          0
1784761220 | enp139s0f0np0: 224258328964935 60616576528    0 2473    0     0          0    501567 171349374944172 44453689152    0    0    0     0       0          0
1784761221 | enp139s0f0np0: 224259718361390 60616932266    0 2473    0     0          0    501567 171350773999171 44454051668    0    0    0     0       0          0
1784761222 | enp139s0f0np0: 224261134130114 60617293488    0 2473    0     0          0    501567 171352174751520 44454414761    0    0    0     0       0          0
1784761223 | enp139s0f0np0: 224262498980700 60617643021    0 2473    0     0          0    501567 171353557247146 44454773904    0    0    0     0       0          0
1784761224 | enp139s0f0np0: 224263896532987 60617999742    0 2473    0     0          0    501567 171354930228477 44455130371    0    0    0     0       0          0
1784761225 | enp139s0f0np0: 224265394395122 60618381691    0 2473    0     0          0    501567 171356406246192 44455511545    0    0    0     0       0          0
1784761226 | enp139s0f0np0: 224266870194327 60618758155    0 2473    0     0          0    501567 171357921070389 44455901995    0    0    0     0       0          0
1784761227 | enp139s0f0np0: 224268250628838 60619111708    0 2473    0     0          0    501567 171359309965517 44456262546    0    0    0     0       0          0
1784761228 | enp139s0f0np0: 224269654720786 60619470213    0 2473    0     0          0    501567 171360722177643 44456628018    0    0    0     0       0          0
1784761229 | enp139s0f0np0: 224271100217464 60619838883    0 2473    0     0          0    501567 171362147440511 44456996579    0    0    0     0       0          0
1784761230 | enp139s0f0np0: 224272402802622 60620172015    0 2473    0     0          0    501567 171363447002506 44457333766    0    0    0     0       0          0
1784761231 | enp139s0f0np0: 224273828578369 60620535766    0 2473    0     0          0    501567 171364863915455 44457700171    0    0    0     0       0          0
1784761232 | enp139s0f0np0: 224275222659239 60620892228    0 2473    0     0          0    501567 171366268381423 44458063646    0    0    0     0       0          0
1784761233 | enp139s0f0np0: 224276635536111 60621253503    0 2473    0     0          0    501567 171367644862812 44458421528    0    0    0     0       0          0
1784761234 | enp139s0f0np0: 224278333238955 60621684480    0 2473    0     0          0    501567 171369303298223 44458846925    0    0    0     0       0          0
1784761235 | enp139s0f0np0: 224279991345727 60622106253    0 2473    0     0          0    501567 171371001594947 44459281572    0    0    0     0       0          0
1784761236 | enp139s0f0np0: 224281451061626 60622479393    0 2473    0     0          0    501568 171372458050384 44459657886    0    0    0     0       0          0
1784761237 | enp139s0f0np0: 224282999520799 60622873401    0 2473    0     0          0    501568 171373992732348 44460053351    0    0    0     0       0          0
1784761238 | enp139s0f0np0: 224284289059259 60623202527    0 2473    0     0          0    501568 171375264929917 44460381699    0    0    0     0       0          0
1784761239 | enp139s0f0np0: 224285946056299 60623624022    0 2473    0     0          0    501568 171376920537254 44460806268    0    0    0     0       0          0
1784761240 | enp139s0f0np0: 224287674452850 60624063141    0 2473    0     0          0    501568 171378653586885 44461248848    0    0    0     0       0          0
1784761241 | enp139s0f0np0: 224288909991376 60624378416    0 2473    0     0          0    501568 171379886627481 44461566723    0    0    0     0       0          0
1784761242 | enp139s0f0np0: 224290604373013 60624808965    0 2473    0     0          0    501568 171381566974470 44461996407    0    0    0     0       0          0
1784761243 | enp139s0f0np0: 224292132189425 60625198234    0 2473    0     0          0    501568 171383104294813 44462389850    0    0    0     0       0          0
1784761244 | enp139s0f0np0: 224293509379413 60625548819    0 2473    0     0          0    501568 171384468831093 44462741304    0    0    0     0       0          0
1784761245 | enp139s0f0np0: 224294999860950 60625928290    0 2473    0     0          0    501568 171385965756598 44463125165    0    0    0     0       0          0
1784761246 | enp139s0f0np0: 224296231732444 60626242952    0 2473    0     0          0    501568 171387183096132 44463439158    0    0    0     0       0          0
1784761247 | enp139s0f0np0: 224297824140536 60626648486    0 2473    0     0          0    501568 171388806545874 44463855114    0    0    0     0       0          0
1784761248 | enp139s0f0np0: 224299458528400 60627063987    0 2473    0     0          0    501568 171390437406767 44464273665    0    0    0     0       0          0
1784761249 | enp139s0f0np0: 224300869397900 60627424851    0 2473    0     0          0    501568 171391846023378 44464638271    0    0    0     0       0          0
1784761250 | enp139s0f0np0: 224302266005638 60627781600    0 2473    0     0          0    501568 171393277646251 44465006789    0    0    0     0       0          0
1784761251 | enp139s0f0np0: 224303726290879 60628155123    0 2473    0     0          0    501568 171394772043484 44465391878    0    0    0     0       0          0
1784761252 | enp139s0f0np0: 224305283809630 60628552450    0 2473    0     0          0    501568 171396357555024 44465798643    0    0    0     0       0          0
1784761253 | enp139s0f0np0: 224306987037174 60628984930    0 2473    0     0          0    501568 171398085078112 44466240241    0    0    0     0       0          0
1784761254 | enp139s0f0np0: 224308269730385 60629313798    0 2473    0     0          0    501568 171399395328604 44466580535    0    0    0     0       0          0
1784761255 | enp139s0f0np0: 224309688769250 60629675530    0 2473    0     0          0    501568 171400773755449 44466938384    0    0    0     0       0          0
1784761256 | enp139s0f0np0: 224310997779027 60630010964    0 2473    0     0          0    501568 171402107901622 44467284242    0    0    0     0       0          0
1784761257 | enp139s0f0np0: 224312433790407 60630377384    0 2473    0     0          0    501568 171403553659963 44467657834    0    0    0     0       0          0
1784761258 | enp139s0f0np0: 224313832552129 60630733968    0 2473    0     0          0    501568 171404959767334 44468021616    0    0    0     0       0          0
1784761259 | enp139s0f0np0: 224315226583749 60631090034    0 2473    0     0          0    501568 171406327970779 44468376829    0    0    0     0       0          0
1784761260 | enp139s0f0np0: 224316341299113 60631375002    0 2473    0     0          0    501568 171407431383340 44468663375    0    0    0     0       0          0
1784761261 | enp139s0f0np0: 224317808420762 60631749688    0 2473    0     0          0    501568 171408876450241 44469038479    0    0    0     0       0          0
1784761262 | enp139s0f0np0: 224319450170231 60632168315    0 2473    0     0          0    501568 171410519416381 44469459519    0    0    0     0       0          0
1784761263 | enp139s0f0np0: 224321061589615 60632578914    0 2473    0     0          0    501568 171412170201518 44469882602    0    0    0     0       0          0
1784761264 | enp139s0f0np0: 224322738446837 60633005735    0 2473    0     0          0    501568 171413839195928 44470309679    0    0    0     0       0          0
1784761265 | enp139s0f0np0: 224324413607463 60633431112    0 2473    0     0          0    501568 171415532051368 44470742089    0    0    0     0       0          0
1784761266 | enp139s0f0np0: 224325962403349 60633826265    0 2473    0     0          0    501569 171417077845901 44471140139    0    0    0     0       0          0
1784761267 | enp139s0f0np0: 224327612064772 60634246408    0 2473    0     0          0    501569 171418760659370 44471570147    0    0    0     0       0          0
1784761268 | enp139s0f0np0: 224329151133873 60634639649    0 2473    0     0          0    501569 171420242638626 44471953248    0    0    0     0       0          0
1784761269 | enp139s0f0np0: 224330777686440 60635053603    0 2473    0     0          0    501569 171421877877919 44472371611    0    0    0     0       0          0
1784761270 | enp139s0f0np0: 224332366668661 60635459490    0 2473    0     0          0    501569 171423482729574 44472783396    0    0    0     0       0          0
1784761271 | enp139s0f0np0: 224334030177537 60635881727    0 2473    0     0          0    501569 171425126649878 44473203598    0    0    0     0       0          0
1784761272 | enp139s0f0np0: 224335626824227 60636289239    0 2473    0     0          0    501569 171426703051825 44473609609    0    0    0     0       0          0
1784761273 | enp139s0f0np0: 224337357523829 60636728780    0 2473    0     0          0    501569 171428437401643 44474051535    0    0    0     0       0          0
1784761274 | enp139s0f0np0: 224338896487515 60637122983    0 2473    0     0          0    501569 171430004071500 44474454933    0    0    0     0       0          0
1784761275 | enp139s0f0np0: 224340616621668 60637559558    0 2473    0     0          0    501569 171431718784771 44474892082    0    0    0     0       0          0
1784761276 | enp139s0f0np0: 224342108792887 60637941906    0 2473    0     0          0    501569 171433203384860 44475275052    0    0    0     0       0          0
1784761277 | enp139s0f0np0: 224343499799986 60638295733    0 2473    0     0          0    501569 171434623055712 44475637047    0    0    0     0       0          0
1784761278 | enp139s0f0np0: 224344901320927 60638654718    0 2473    0     0          0    501569 171436045232724 44476004637    0    0    0     0       0          0
1784761279 | enp139s0f0np0: 224346219528259 60638991256    0 2473    0     0          0    501569 171437365155178 44476346722    0    0    0     0       0          0
1784761280 | enp139s0f0np0: 224347511746897 60639321950    0 2473    0     0          0    501569 171438688626570 44476690512    0    0    0     0       0          0
1784761281 | enp139s0f0np0: 224348911831721 60639679389    0 2473    0     0          0    501569 171440043786441 44477042489    0    0    0     0       0          0
1784761282 | enp139s0f0np0: 224350404138600 60640060398    0 2473    0     0          0    501569 171441553864511 44477431325    0    0    0     0       0          0
1784761283 | enp139s0f0np0: 224351870976258 60640434031    0 2473    0     0          0    501569 171443005126483 44477805159    0    0    0     0       0          0
