hints = 1
Maintaining 16 concurrent writes of 262144 bytes to objects of size 262144 for up to 60 seconds or 0 objects
Object prefix: benchmark_data_oneasia-c1-cpu-node10_2413872
  sec Cur ops   started  finished  avg MB/s  cur MB/s last lat(s)  avg lat(s)
    0       0         0         0         0         0           -           0
    1      15     11125     11110   2777.35    2777.5  0.00181988  0.00143852
    2      16     22273     22257   2781.93   2786.75  0.00229473  0.00143661
    3      15     33593     33578   2797.95   2830.25  0.00116366  0.00142839
    4      16     44775     44759   2797.21   2795.25  0.00149847    0.001429
    5      16     55871     55855   2792.52      2774  0.00179171  0.00143149
    6      16     66988     66972   2790.28   2779.25  0.00165169  0.00143265
    7      16     78093     78077   2788.25   2776.25   0.0012301  0.00143365
    8      16     89219     89203   2787.37    2781.5   0.0016498  0.00143415
    9      16    100329    100313   2786.25    2777.5  0.00132899  0.00143472
   10      16    111461    111445   2785.91      2783  0.00118039  0.00143495
   11      16    122609    122593   2785.99      2787  0.00123828  0.00143491
   12      15    133751    133736   2785.95   2785.75  0.00187867  0.00143497
   13      16    144989    144973   2787.72   2809.25  0.00132388  0.00143404
   14      16    156317    156301   2790.87      2832  0.00144695  0.00143244
   15      16    167524    167508   2791.58   2801.75  0.00148083  0.00143207
   16      16    178822    178806   2793.63    2824.5  0.00106512    0.001431
   17      16    190054    190038   2794.46      2808  0.00174023  0.00143062
   18      16    201365    201349    2796.3   2827.75  0.00121076  0.00142964
   19      16    212615    212599   2797.14    2812.5  0.00110634  0.00142925
2026-07-19T00:22:18.497142+0700 min lat: 0.000727465 max lat: 0.00714563 avg lat: 0.00142933
  sec Cur ops   started  finished  avg MB/s  cur MB/s last lat(s)  avg lat(s)
   20      16    223791    223775   2796.97      2794  0.00102962  0.00142933
   21      16    235005    234989   2797.27    2803.5  0.00200507  0.00142919
   22      16    246202    246186   2797.35   2799.25  0.00141325  0.00142915
   23      16    257324    257308   2796.61    2780.5  0.00105957  0.00142953
   24      16    268637    268621   2797.91   2828.25  0.00117705  0.00142885
   25      16    279729    279713   2796.91      2773  0.00119269   0.0014294
   26      16    290873    290857   2796.48      2786  0.00124103   0.0014296
   27      16    302099    302083   2796.84    2806.5  0.00129453  0.00142942
   28      16    313044    313028   2794.67   2736.25  0.00130235  0.00143054
   29      16    324112    324096   2793.71      2767  0.00132879  0.00143104
   30      16    335106    335090    2792.2    2748.5  0.00173342  0.00143181
   31      16    346217    346201   2791.72   2777.75  0.00164775  0.00143204
   32      16    357231    357215   2790.52    2753.5  0.00115878  0.00143266
   33      16    368318    368302   2789.94   2771.75  0.00111091  0.00143295
   34      16    379360    379344   2789.07    2760.5  0.00106133  0.00143339
   35      16    390391    390375   2788.17   2757.75 0.000838457  0.00143387
   36      16    401403    401387   2787.19      2753  0.00176174  0.00143437
   37      16    412651    412635   2787.85      2812  0.00157855  0.00143401
   38      16    423877    423861   2788.34    2806.5 0.000981288  0.00143378
   39      16    435066    435050   2788.56   2797.25  0.00164469  0.00143367
2026-07-19T00:22:38.498818+0700 min lat: 0.000727465 max lat: 0.0131029 avg lat: 0.00143361
  sec Cur ops   started  finished  avg MB/s  cur MB/s last lat(s)  avg lat(s)
   40      16    446235    446219   2788.65   2792.25  0.00113404  0.00143361
   41      16    457398    457382   2788.69   2790.75  0.00126898   0.0014336
   42      16    468613    468597   2789.04   2803.75  0.00115529  0.00143342
   43      16    479775    479759   2789.07    2790.5  0.00132435  0.00143341
   44      16    491036    491020   2789.66   2815.25  0.00174892  0.00143311
   45      16    502282    502266   2790.14    2811.5  0.00129142  0.00143287
   46      16    513546    513530    2790.7      2816 0.000972896  0.00143256
   47      16    524781    524765   2791.08   2808.75 0.000868719  0.00143238
   48      16    536016    536000   2791.45   2808.75 0.000999947   0.0014322
   49      16    547217    547201   2791.62   2800.25  0.00146284  0.00143211
   50      16    558446    558430   2791.93   2807.25  0.00111843  0.00143195
   51      16    569789    569773   2792.79   2835.75 0.000936569  0.00143152
   52      16    580971    580955   2792.83    2795.5  0.00130611  0.00143149
   53      16    592249    592233   2793.33    2819.5  0.00139054  0.00143124
   54      16    603561    603545   2793.97      2828  0.00165878  0.00143091
   55      16    614826    614810   2794.37   2816.25   0.0010751   0.0014307
   56      16    626137    626121   2794.96   2827.75  0.00128743   0.0014304
   57      16    637348    637332    2795.1   2802.75  0.00115463  0.00143034
   58      16    648704    648688   2795.85      2839  0.00174723  0.00142995
   59      16    659836    659820   2795.63      2783  0.00137563  0.00143003
Total time run:         60.0011
Total writes made:      670729
Write size:             262144
Object size:            262144
Bandwidth (MB/sec):     2794.65
Stddev Bandwidth:       23.5179
Max bandwidth (MB/sec): 2839
Min bandwidth (MB/sec): 2736.25
Average IOPS:           11178
Stddev IOPS:            94.0717
Max IOPS:               11356
Min IOPS:               10945
Average Latency(s):     0.00143057
Stddev Latency(s):      0.000390456
Max latency(s):         0.0131029
Min latency(s):         0.00072501
