1784783211 | enp139s0f0np0: 234153834353144 63191305740    0 2473    0     0          0    502300 183348985421780 47503009514    0    0    0     0       0          0
1784783212 | enp139s0f0np0: 234153834433402 63191305812    0 2473    0     0          0    502300 183348985421780 47503009514    0    0    0     0       0          0
1784783213 | enp139s0f0np0: 234153834541362 63191305889    0 2473    0     0          0    502300 183348985421780 47503009514    0    0    0     0       0          0
1784783214 | enp139s0f0np0: 234153834633443 63191305963    0 2473    0     0          0    502300 183348985421780 47503009514    0    0    0     0       0          0
1784783215 | enp139s0f0np0: 234153834734228 63191306040    0 2473    0     0          0    502300 183348985421780 47503009514    0    0    0     0       0          0
1784783216 | enp139s0f0np0: 234153834828541 63191306121    0 2473    0     0          0    502300 183348985422008 47503009516    0    0    0     0       0          0
1784783217 | enp139s0f0np0: 234153834903708 63191306189    0 2473    0     0          0    502300 183348985422008 47503009516    0    0    0     0       0          0
1784783218 | enp139s0f0np0: 234153834997169 63191306267    0 2473    0     0          0    502300 183348985422008 47503009516    0    0    0     0       0          0
1784783219 | enp139s0f0np0: 234153835089856 63191306332    0 2473    0     0          0    502300 183348985422008 47503009516    0    0    0     0       0          0
1784783220 | enp139s0f0np0: 234153835200921 63191306418    0 2473    0     0          0    502300 183348985422008 47503009516    0    0    0     0       0          0
1784783221 | enp139s0f0np0: 234153835292126 63191306501    0 2473    0     0          0    502300 183348985422149 47503009518    0    0    0     0       0          0
1784783222 | enp139s0f0np0: 234153835398529 63191306595    0 2473    0     0          0    502300 183348985422149 47503009518    0    0    0     0       0          0
1784783223 | enp139s0f0np0: 234153835505109 63191306668    0 2473    0     0          0    502300 183348985422149 47503009518    0    0    0     0       0          0
1784783224 | enp139s0f0np0: 234153836242805 63191311287    0 2473    0     0          0    502300 183349274284919 47503079070    0    0    0     0       0          0
1784783225 | enp139s0f0np0: 234153837821619 63191322076    0 2473    0     0          0    502300 183349975233845 47503247793    0    0    0     0       0          0
1784783226 | enp139s0f0np0: 234153839505494 63191333887    0 2473    0     0          0    502300 183350745262077 47503433112    0    0    0     0       0          0
1784783227 | enp139s0f0np0: 234153841146076 63191345595    0 2473    0     0          0    502300 183351483819885 47503610901    0    0    0     0       0          0
1784783228 | enp139s0f0np0: 234153843572523 63191362199    0 2473    0     0          0    502301 183352677176889 47503897962    0    0    0     0       0          0
1784783229 | enp139s0f0np0: 234153847537473 63191387171    0 2473    0     0          0    502301 183354815488441 47504412527    0    0    0     0       0          0
1784783230 | enp139s0f0np0: 234153854621429 63191424463    0 2473    0     0          0    502301 183359187878409 47505461871    0    0    0     0       0          0
1784783231 | enp139s0f0np0: 234153860533830 63191455544    0 2473    0     0          0    502301 183362730895252 47506312465    0    0    0     0       0          0
1784783232 | enp139s0f0np0: 234153864796527 63191480284    0 2473    0     0          0    502301 183365190214838 47506903556    0    0    0     0       0          0
1784783233 | enp139s0f0np0: 234153872018508 63191516962    0 2473    0     0          0    502301 183369664885380 47507977506    0    0    0     0       0          0
1784783234 | enp139s0f0np0: 234153879120218 63191552799    0 2473    0     0          0    502301 183374077325710 47509036378    0    0    0     0       0          0
1784783235 | enp139s0f0np0: 234153886511800 63191592387    0 2473    0     0          0    502301 183378558893790 47510111963    0    0    0     0       0          0
1784783236 | enp139s0f0np0: 234153893743161 63191631922    0 2473    0     0          0    502301 183382875609732 47511148020    0    0    0     0       0          0
1784783237 | enp139s0f0np0: 234153900991396 63191671731    0 2473    0     0          0    502301 183387206437330 47512187316    0    0    0     0       0          0
1784783238 | enp139s0f0np0: 234153908401269 63191712030    0 2473    0     0          0    502301 183391651186286 47513254076    0    0    0     0       0          0
1784783239 | enp139s0f0np0: 234153915489149 63191748183    0 2473    0     0          0    502301 183395996031026 47514296854    0    0    0     0       0          0
1784783240 | enp139s0f0np0: 234153922753523 63191785977    0 2473    0     0          0    502301 183400359466724 47515344068    0    0    0     0       0          0
1784783241 | enp139s0f0np0: 234153929872040 63191823272    0 2473    0     0          0    502301 183404725610823 47516391929    0    0    0     0       0          0
1784783242 | enp139s0f0np0: 234153933001329 63191841689    0 2473    0     0          0    502301 183406409417317 47516796965    0    0    0     0       0          0
1784783243 | enp139s0f0np0: 234153939803598 63191877190    0 2473    0     0          0    502301 183410549309155 47517790664    0    0    0     0       0          0
1784783244 | enp139s0f0np0: 234153947097000 63191915154    0 2473    0     0          0    502301 183414982463313 47518854526    0    0    0     0       0          0
1784783245 | enp139s0f0np0: 234153954441931 63191954146    0 2473    0     0          0    502301 183419416761899 47519918789    0    0    0     0       0          0
1784783246 | enp139s0f0np0: 234153961712180 63191992274    0 2473    0     0          0    502301 183423793087225 47520969045    0    0    0     0       0          0
1784783247 | enp139s0f0np0: 234153969071079 63192030283    0 2473    0     0          0    502301 183428322367335 47522056058    0    0    0     0       0          0
1784783248 | enp139s0f0np0: 234153976293498 63192068836    0 2473    0     0          0    502301 183432666479655 47523098727    0    0    0     0       0          0
1784783249 | enp139s0f0np0: 234153983447590 63192105443    0 2473    0     0          0    502301 183437052616611 47524151437    0    0    0     0       0          0
1784783250 | enp139s0f0np0: 234153990689910 63192143189    0 2473    0     0          0    502301 183441459469769 47525208967    0    0    0     0       0          0
1784783251 | enp139s0f0np0: 234153997916791 63192181077    0 2473    0     0          0    502301 183445877107978 47526269145    0    0    0     0       0          0
1784783252 | enp139s0f0np0: 234154002550054 63192206711    0 2473    0     0          0    502301 183448524672272 47526905154    0    0    0     0       0          0
1784783253 | enp139s0f0np0: 234154008024245 63192235231    0 2473    0     0          0    502301 183451860566072 47527706017    0    0    0     0       0          0
1784783254 | enp139s0f0np0: 234154015229582 63192271957    0 2473    0     0          0    502301 183456350425356 47528783407    0    0    0     0       0          0
1784783255 | enp139s0f0np0: 234154022318861 63192308009    0 2473    0     0          0    502301 183460805622712 47529852428    0    0    0     0       0          0
1784783256 | enp139s0f0np0: 234154029489092 63192344633    0 2473    0     0          0    502301 183465262613882 47530921936    0    0    0     0       0          0
1784783257 | enp139s0f0np0: 234154036679692 63192381818    0 2473    0     0          0    502301 183469669603228 47531979644    0    0    0     0       0          0
1784783258 | enp139s0f0np0: 234154043818815 63192419161    0 2473    0     0          0    502302 183474044602972 47533029702    0    0    0     0       0          0
1784783259 | enp139s0f0np0: 234154050977763 63192455937    0 2473    0     0          0    502302 183478460134298 47534089568    0    0    0     0       0          0
1784783260 | enp139s0f0np0: 234154057998732 63192492789    0 2473    0     0          0    502302 183482768725474 47535123661    0    0    0     0       0          0
1784783261 | enp139s0f0np0: 234154065146866 63192530695    0 2473    0     0          0    502302 183487144244501 47536173839    0    0    0     0       0          0
1784783262 | enp139s0f0np0: 234154069822453 63192556303    0 2473    0     0          0    502302 183489875810477 47536830033    0    0    0     0       0          0
1784783263 | enp139s0f0np0: 234154074887649 63192584659    0 2473    0     0          0    502302 183492854479501 47537545569    0    0    0     0       0          0
1784783264 | enp139s0f0np0: 234154081944178 63192622001    0 2473    0     0          0    502302 183497148527067 47538576220    0    0    0     0       0          0
1784783265 | enp139s0f0np0: 234154089050285 63192659482    0 2473    0     0          0    502302 183501479903637 47539615877    0    0    0     0       0          0
1784783266 | enp139s0f0np0: 234154096382045 63192698858    0 2473    0     0          0    502302 183505886203849 47540673394    0    0    0     0       0          0
1784783267 | enp139s0f0np0: 234154103490493 63192738030    0 2473    0     0          0    502302 183510121746281 47541690053    0    0    0     0       0          0
1784783268 | enp139s0f0np0: 234154110599381 63192776324    0 2473    0     0          0    502302 183514404991089 47542717993    0    0    0     0       0          0
1784783269 | enp139s0f0np0: 234154117812463 63192813984    0 2473    0     0          0    502302 183518832632253 47543780453    0    0    0     0       0          0
1784783270 | enp139s0f0np0: 234154124998973 63192851777    0 2473    0     0          0    502302 183523235302985 47544837097    0    0    0     0       0          0
1784783271 | enp139s0f0np0: 234154132089419 63192887254    0 2473    0     0          0    502302 183527689581788 47545906223    0    0    0     0       0          0
1784783272 | enp139s0f0np0: 234154136729405 63192912295    0 2473    0     0          0    502302 183530403395176 47546558016    0    0    0     0       0          0
1784783273 | enp139s0f0np0: 234154142053447 63192941477    0 2473    0     0          0    502302 183533610614426 47547328254    0    0    0     0       0          0
1784783274 | enp139s0f0np0: 234154149195500 63192978535    0 2473    0     0          0    502302 183538054136548 47548394614    0    0    0     0       0          0
1784783275 | enp139s0f0np0: 234154156434179 63193016890    0 2473    0     0          0    502302 183542519748398 47549466325    0    0    0     0       0          0
1784783276 | enp139s0f0np0: 234154163740487 63193055589    0 2473    0     0          0    502302 183547007234416 47550543342    0    0    0     0       0          0
1784783277 | enp139s0f0np0: 234154169767918 63193086972    0 2473    0     0          0    502302 183550741829612 47551439618    0    0    0     0       0          0
1784783278 | enp139s0f0np0: 234154176960487 63193124158    0 2473    0     0          0    502302 183555222986534 47552515042    0    0    0     0       0          0
1784783279 | enp139s0f0np0: 234154184206035 63193161691    0 2473    0     0          0    502302 183559731977666 47553597109    0    0    0     0       0          0
1784783280 | enp139s0f0np0: 234154191465069 63193199319    0 2473    0     0          0    502302 183564235508046 47554677864    0    0    0     0       0          0
1784783281 | enp139s0f0np0: 234154198746469 63193236503    0 2473    0     0          0    502302 183568800333319 47555773342    0    0    0     0       0          0
1784783282 | enp139s0f0np0: 234154202189214 63193256384    0 2473    0     0          0    502302 183570764799245 47556245777    0    0    0     0       0          0
1784783283 | enp139s0f0np0: 234154209037249 63193292196    0 2473    0     0          0    502302 183575073560383 47557279886    0    0    0     0       0          0
1784783284 | enp139s0f0np0: 234154216334113 63193331153    0 2473    0     0          0    502302 183579540222629 47558351810    0    0    0     0       0          0
1784783285 | enp139s0f0np0: 234154223401650 63193367583    0 2473    0     0          0    502302 183583964569661 47559413592    0    0    0     0       0          0
1784783286 | enp139s0f0np0: 234154230713770 63193405932    0 2473    0     0          0    502302 183588468957141 47560494458    0    0    0     0       0          0
1784783287 | enp139s0f0np0: 234154237895994 63193444020    0 2473    0     0          0    502302 183592909023553 47561559972    0    0    0     0       0          0
1784783288 | enp139s0f0np0: 234154245166495 63193483994    0 2473    0     0          0    502303 183597328851779 47562620573    0    0    0     0       0          0
1784783289 | enp139s0f0np0: 234154252587003 63193524915    0 2473    0     0          0    502303 183601831745835 47563701114    0    0    0     0       0          0
1784783290 | enp139s0f0np0: 234154259766779 63193563839    0 2473    0     0          0    502303 183606217271313 47564753662    0    0    0     0       0          0
1784783291 | enp139s0f0np0: 234154264314940 63193588686    0 2473    0     0          0    502303 183608920940754 47565402887    0    0    0     0       0          0
1784783292 | enp139s0f0np0: 234154269113013 63193614987    0 2473    0     0          0    502303 183611814753860 47566098051    0    0    0     0       0          0
1784783293 | enp139s0f0np0: 234154276024107 63193651136    0 2473    0     0          0    502303 183616108828044 47567128693    0    0    0     0       0          0
1784783294 | enp139s0f0np0: 234154282703844 63193686866    0 2473    0     0          0    502303 183620203088822 47568111296    0    0    0     0       0          0
1784783295 | enp139s0f0np0: 234154289607270 63193723389    0 2473    0     0          0    502303 183624479212240 47569137566    0    0    0     0       0          0
1784783296 | enp139s0f0np0: 234154296622030 63193760566    0 2473    0     0          0    502303 183628771902384 47570167740    0    0    0     0       0          0
1784783297 | enp139s0f0np0: 234154303746813 63193798327    0 2473    0     0          0    502303 183633148179386 47571218208    0    0    0     0       0          0
1784783298 | enp139s0f0np0: 234154310866187 63193835636    0 2473    0     0          0    502303 183637547116838 47572273966    0    0    0     0       0          0
1784783299 | enp139s0f0np0: 234154318072796 63193873581    0 2473    0     0          0    502303 183641963791754 47573334102    0    0    0     0       0          0
1784783300 | enp139s0f0np0: 234154325423329 63193911991    0 2473    0     0          0    502303 183646452649717 47574411492    0    0    0     0       0          0
1784783301 | enp139s0f0np0: 234154329588478 63193935859    0 2473    0     0          0    502303 183648828718795 47574982585    0    0    0     0       0          0
1784783302 | enp139s0f0np0: 234154336282304 63193971691    0 2473    0     0          0    502303 183652952127175 47575972376    0    0    0     0       0          0
1784783303 | enp139s0f0np0: 234154343458158 63194009760    0 2473    0     0          0    502303 183657347664039 47577027369    0    0    0     0       0          0
1784783304 | enp139s0f0np0: 234154350592440 63194046338    0 2473    0     0          0    502303 183661808582973 47578097883    0    0    0     0       0          0
1784783305 | enp139s0f0np0: 234154357549497 63194083455    0 2473    0     0          0    502303 183666065516495 47579119748    0    0    0     0       0          0
1784783306 | enp139s0f0np0: 234154364439006 63194119503    0 2473    0     0          0    502303 183670296293845 47580135264    0    0    0     0       0          0
1784783307 | enp139s0f0np0: 234154371634999 63194157217    0 2473    0     0          0    502303 183674766888121 47581208257    0    0    0     0       0          0
1784783308 | enp139s0f0np0: 234154378876238 63194194854    0 2473    0     0          0    502303 183679269624719 47582288916    0    0    0     0       0          0
1784783309 | enp139s0f0np0: 234154386032503 63194232051    0 2473    0     0          0    502303 183683691431401 47583350093    0    0    0     0       0          0
1784783310 | enp139s0f0np0: 234154390018772 63194254801    0 2473    0     0          0    502303 183685956791672 47583894466    0    0    0     0       0          0
1784783311 | enp139s0f0np0: 234154396106924 63194286190    0 2473    0     0          0    502303 183689744153240 47584803735    0    0    0     0       0          0
1784783312 | enp139s0f0np0: 234154403368005 63194324286    0 2473    0     0          0    502303 183694194073338 47585871602    0    0    0     0       0          0
1784783313 | enp139s0f0np0: 234154410791876 63194363134    0 2473    0     0          0    502303 183698745163966 47586963695    0    0    0     0       0          0
1784783314 | enp139s0f0np0: 234154418044213 63194401686    0 2473    0     0          0    502303 183703182077746 47588028430    0    0    0     0       0          0
1784783315 | enp139s0f0np0: 234154425178301 63194439428    0 2473    0     0          0    502303 183707575423122 47589082915    0    0    0     0       0          0
1784783316 | enp139s0f0np0: 234154432547495 63194479590    0 2473    0     0          0    502303 183712014863544 47590148252    0    0    0     0       0          0
1784783317 | enp139s0f0np0: 234154439661535 63194514930    0 2473    0     0          0    502303 183716483402802 47591220570    0    0    0     0       0          0
1784783318 | enp139s0f0np0: 234154447021338 63194553424    0 2473    0     0          0    502304 183720983609554 47592300577    0    0    0     0       0          0
1784783319 | enp139s0f0np0: 234154451104254 63194577158    0 2473    0     0          0    502304 183723215780596 47592837124    0    0    0     0       0          0
1784783320 | enp139s0f0np0: 234154457530186 63194610449    0 2473    0     0          0    502304 183727199158843 47593793203    0    0    0     0       0          0
1784783321 | enp139s0f0np0: 234154464733366 63194647236    0 2473    0     0          0    502304 183731673620473 47594867022    0    0    0     0       0          0
1784783322 | enp139s0f0np0: 234154472019275 63194685685    0 2473    0     0          0    502304 183736094180255 47595928043    0    0    0     0       0          0
1784783323 | enp139s0f0np0: 234154479249011 63194722123    0 2473    0     0          0    502304 183740570300999 47597002195    0    0    0     0       0          0
1784783324 | enp139s0f0np0: 234154486523629 63194760480    0 2473    0     0          0    502304 183744995109321 47598064161    0    0    0     0       0          0
1784783325 | enp139s0f0np0: 234154494093255 63194801746    0 2473    0     0          0    502304 183749480632457 47599140631    0    0    0     0       0          0
1784783326 | enp139s0f0np0: 234154501548943 63194840987    0 2473    0     0          0    502304 183753980323703 47600220574    0    0    0     0       0          0
1784783327 | enp139s0f0np0: 234154508268222 63194876491    0 2473    0     0          0    502304 183758014597115 47601188910    0    0    0     0       0          0
1784783328 | enp139s0f0np0: 234154511508213 63194896474    0 2473    0     0          0    502304 183759730276439 47601601712    0    0    0     0       0          0
1784783329 | enp139s0f0np0: 234154519038073 63194938605    0 2473    0     0          0    502304 183764129284967 47602657604    0    0    0     0       0          0
1784783330 | enp139s0f0np0: 234154526420942 63194977627    0 2473    0     0          0    502304 183768568405688 47603722812    0    0    0     0       0          0
1784783331 | enp139s0f0np0: 234154533830890 63195017243    0 2473    0     0          0    502304 183773009677438 47604788795    0    0    0     0       0          0
1784783332 | enp139s0f0np0: 234154541179896 63195057651    0 2473    0     0          0    502304 183777374676042 47605836546    0    0    0     0       0          0
1784783333 | enp139s0f0np0: 234154548405676 63195094525    0 2473    0     0          0    502304 183781836261098 47606907313    0    0    0     0       0          0
1784783334 | enp139s0f0np0: 234154555503786 63195130734    0 2473    0     0          0    502304 183786258332114 47607968518    0    0    0     0       0          0
1784783335 | enp139s0f0np0: 234154562677993 63195167254    0 2473    0     0          0    502304 183790696770978 47609033853    0    0    0     0       0          0
1784783336 | enp139s0f0np0: 234154568385157 63195194467    0 2473    0     0          0    502304 183794273739412 47609892422    0    0    0     0       0          0
1784783337 | enp139s0f0np0: 234154572376853 63195217433    0 2473    0     0          0    502304 183796524297396 47610433348    0    0    0     0       0          0
1784783338 | enp139s0f0np0: 234154579710352 63195254369    0 2473    0     0          0    502304 183801059707998 47611521981    0    0    0     0       0          0
1784783339 | enp139s0f0np0: 234154586913619 63195291855    0 2473    0     0          0    502304 183805489947022 47612585216    0    0    0     0       0          0
1784783340 | enp139s0f0np0: 234154594067833 63195328516    0 2473    0     0          0    502304 183809927715829 47613650356    0    0    0     0       0          0
1784783341 | enp139s0f0np0: 234154601137963 63195365610    0 2473    0     0          0    502304 183814238711483 47614685132    0    0    0     0       0          0
1784783342 | enp139s0f0np0: 234154608276873 63195402767    0 2473    0     0          0    502304 183818625558355 47615737816    0    0    0     0       0          0
1784783343 | enp139s0f0np0: 234154615487058 63195440601    0 2473    0     0          0    502304 183822999863501 47616787808    0    0    0     0       0          0
1784783344 | enp139s0f0np0: 234154622736583 63195478176    0 2473    0     0          0    502304 183827462747681 47617858904    0    0    0     0       0          0
1784783345 | enp139s0f0np0: 234154627114271 63195502365    0 2473    0     0          0    502304 183829981741035 47618464018    0    0    0     0       0          0
1784783346 | enp139s0f0np0: 234154632637201 63195533975    0 2473    0     0          0    502304 183833201642029 47619237228    0    0    0     0       0          0
1784783347 | enp139s0f0np0: 234154640078720 63195573954    0 2473    0     0          0    502304 183837705981185 47620318306    0    0    0     0       0          0
1784783348 | enp139s0f0np0: 234154647136626 63195609999    0 2473    0     0          0    502305 183842114847081 47621376401    0    0    0     0       0          0
1784783349 | enp139s0f0np0: 234154654354971 63195647755    0 2473    0     0          0    502305 183846539142461 47622438225    0    0    0     0       0          0
1784783350 | enp139s0f0np0: 234154661558251 63195684871    0 2473    0     0          0    502305 183850997892188 47623508219    0    0    0     0       0          0
1784783351 | enp139s0f0np0: 234154668766179 63195722379    0 2473    0     0          0    502305 183855445293846 47624575607    0    0    0     0       0          0
1784783352 | enp139s0f0np0: 234154675848557 63195759363    0 2473    0     0          0    502305 183859803804192 47625621667    0    0    0     0       0          0
1784783353 | enp139s0f0np0: 234154682960281 63195797747    0 2473    0     0          0    502305 183864069389030 47626645255    0    0    0     0       0          0
1784783354 | enp139s0f0np0: 234154686302034 63195818525    0 2473    0     0          0    502305 183865890947538 47627083394    0    0    0     0       0          0
1784783355 | enp139s0f0np0: 234154693579059 63195858741    0 2473    0     0          0    502305 183870224337780 47628123424    0    0    0     0       0          0
1784783356 | enp139s0f0np0: 234154700839412 63195896336    0 2473    0     0          0    502305 183874674672102 47629191497    0    0    0     0       0          0
1784783357 | enp139s0f0np0: 234154708141861 63195935272    0 2473    0     0          0    502305 183879099940842 47630253669    0    0    0     0       0          0
1784783358 | enp139s0f0np0: 234154715368716 63195972203    0 2473    0     0          0    502305 183883593747348 47631332117    0    0    0     0       0          0
1784783359 | enp139s0f0np0: 234154722440417 63196008014    0 2473    0     0          0    502305 183888004579580 47632390710    0    0    0     0       0          0
1784783360 | enp139s0f0np0: 234154729619197 63196045706    0 2473    0     0          0    502305 183892427792443 47633452347    0    0    0     0       0          0
1784783361 | enp139s0f0np0: 234154736460221 63196082576    0 2473    0     0          0    502305 183896620169011 47634458525    0    0    0     0       0          0
1784783362 | enp139s0f0np0: 234154740741812 63196107443    0 2473    0     0          0    502305 183899039353499 47635039953    0    0    0     0       0          0
1784783363 | enp139s0f0np0: 234154746732924 63196139215    0 2473    0     0          0    502305 183902726092607 47635925140    0    0    0     0       0          0
1784783364 | enp139s0f0np0: 234154754157572 63196179534    0 2473    0     0          0    502305 183907231848475 47637006443    0    0    0     0       0          0
1784783365 | enp139s0f0np0: 234154761380179 63196219319    0 2473    0     0          0    502305 183911599778457 47638054655    0    0    0     0       0          0
1784783366 | enp139s0f0np0: 234154768417881 63196256947    0 2473    0     0          0    502305 183915893945939 47639085236    0    0    0     0       0          0
1784783367 | enp139s0f0np0: 234154775567116 63196294697    0 2473    0     0          0    502305 183920322553391 47640148143    0    0    0     0       0          0
1784783368 | enp139s0f0np0: 234154782523227 63196331230    0 2473    0     0          0    502305 183924643852077 47641185293    0    0    0     0       0          0
1784783369 | enp139s0f0np0: 234154789485515 63196367525    0 2473    0     0          0    502305 183928959010559 47642220882    0    0    0     0       0          0
1784783370 | enp139s0f0np0: 234154795137284 63196399563    0 2473    0     0          0    502305 183932285609016 47643019485    0    0    0     0       0          0
1784783371 | enp139s0f0np0: 234154799886259 63196426208    0 2473    0     0          0    502305 183935162388232 47643710473    0    0    0     0       0          0
1784783372 | enp139s0f0np0: 234154807165528 63196466521    0 2473    0     0          0    502305 183939561183800 47644766379    0    0    0     0       0          0
1784783373 | enp139s0f0np0: 234154814196289 63196503470    0 2473    0     0          0    502305 183943928774122 47645814588    0    0    0     0       0          0
1784783374 | enp139s0f0np0: 234154821378345 63196543016    0 2473    0     0          0    502305 183948275488196 47646857850    0    0    0     0       0          0
1784783375 | enp139s0f0np0: 234154828577272 63196581131    0 2473    0     0          0    502305 183952678548494 47647914534    0    0    0     0       0          0
1784783376 | enp139s0f0np0: 234154835644566 63196617931    0 2473    0     0          0    502305 183957084677830 47648972084    0    0    0     0       0          0
1784783377 | enp139s0f0np0: 234154842776650 63196655864    0 2473    0     0          0    502306 183961488202860 47650028798    0    0    0     0       0          0
1784783378 | enp139s0f0np0: 234154848576648 63196688098    0 2473    0     0          0    502306 183964923326122 47650853465    0    0    0     0       0          0
1784783379 | enp139s0f0np0: 234154852623081 63196711287    0 2473    0     0          0    502306 183967318966746 47651429298    0    0    0     0       0          0
1784783380 | enp139s0f0np0: 234154859633097 63196748875    0 2473    0     0          0    502306 183971612227203 47652459748    0    0    0     0       0          0
1784783381 | enp139s0f0np0: 234154866761893 63196787013    0 2473    0     0          0    502306 183975967000573 47653504866    0    0    0     0       0          0
1784783382 | enp139s0f0np0: 234154873953364 63196825507    0 2473    0     0          0    502306 183980341387165 47654554737    0    0    0     0       0          0
1784783383 | enp139s0f0np0: 234154881144526 63196864106    0 2473    0     0          0    502306 183984724511713 47655606701    0    0    0     0       0          0
1784783384 | enp139s0f0np0: 234154888412155 63196901994    0 2473    0     0          0    502306 183989250988403 47656692894    0    0    0     0       0          0
1784783385 | enp139s0f0np0: 234154895839428 63196941968    0 2473    0     0          0    502306 183993766243495 47657776509    0    0    0     0       0          0
1784783386 | enp139s0f0np0: 234154903241490 63196982177    0 2473    0     0          0    502306 183998271189617 47658857679    0    0    0     0       0          0
1784783387 | enp139s0f0np0: 234154908007459 63197009819    0 2473    0     0          0    502306 184001040844529 47659522995    0    0    0     0       0          0
1784783388 | enp139s0f0np0: 234154915425347 63197049692    0 2473    0     0          0    502306 184005580527055 47660612515    0    0    0     0       0          0
1784783389 | enp139s0f0np0: 234154922483608 63197085040    0 2473    0     0          0    502306 184010026584989 47661679635    0    0    0     0       0          0
1784783390 | enp139s0f0np0: 234154929967049 63197125760    0 2473    0     0          0    502306 184014577192218 47662771621    0    0    0     0       0          0
1784783391 | enp139s0f0np0: 234154937462809 63197166722    0 2473    0     0          0    502306 184019108624026 47663859150    0    0    0     0       0          0
1784783392 | enp139s0f0np0: 234154944680965 63197204834    0 2473    0     0          0    502306 184023514606574 47664916569    0    0    0     0       0          0
1784783393 | enp139s0f0np0: 234154951924145 63197242563    0 2473    0     0          0    502306 184027987157438 47665990013    0    0    0     0       0          0
1784783394 | enp139s0f0np0: 234154957159869 63197273260    0 2473    0     0          0    502306 184030954749610 47666702869    0    0    0     0       0          0
1784783395 | enp139s0f0np0: 234154962720533 63197304136    0 2473    0     0          0    502306 184034288729070 47667503509    0    0    0     0       0          0
1784783396 | enp139s0f0np0: 234154970268818 63197345030    0 2473    0     0          0    502306 184038841294746 47668596179    0    0    0     0       0          0
1784783397 | enp139s0f0np0: 234154977792194 63197385648    0 2473    0     0          0    502306 184043377631326 47669684819    0    0    0     0       0          0
1784783398 | enp139s0f0np0: 234154984800049 63197422233    0 2473    0     0          0    502306 184047680864938 47670717547    0    0    0     0       0          0
1784783399 | enp139s0f0np0: 234154991960834 63197460039    0 2473    0     0          0    502306 184052079057738 47671773217    0    0    0     0       0          0
1784783400 | enp139s0f0np0: 234154999125603 63197497186    0 2473    0     0          0    502306 184056488332557 47672831439    0    0    0     0       0          0
1784783401 | enp139s0f0np0: 234155006285137 63197534477    0 2473    0     0          0    502306 184060900789727 47673890360    0    0    0     0       0          0
1784783402 | enp139s0f0np0: 234155009937517 63197554968    0 2473    0     0          0    502306 184062947716161 47674382342    0    0    0     0       0          0
1784783403 | enp139s0f0np0: 234155016038840 63197587984    0 2473    0     0          0    502306 184066626208465 47675265454    0    0    0     0       0          0
