1784694252 | enp139s0f0np0: 185866402626853 50652930134    0 2473    0     0          0    499335 126647030680959 32991940624    0    0    0     0       0          0
1784694253 | enp139s0f0np0: 185867325228279 50653157313    0 2473    0     0          0    499335 126647557039675 32992076649    0    0    0     0       0          0
1784694254 | enp139s0f0np0: 185869540141885 50653702096    0 2473    0     0          0    499335 126648780180170 32992394406    0    0    0     0       0          0
1784694255 | enp139s0f0np0: 185871465148006 50654177993    0 2473    0     0          0    499335 126649954081753 32992698259    0    0    0     0       0          0
1784694256 | enp139s0f0np0: 185873658435419 50654717732    0 2473    0     0          0    499335 126651170529014 32993014811    0    0    0     0       0          0
1784694257 | enp139s0f0np0: 185875919525922 50655273426    0 2473    0     0          0    499335 126652367737114 32993326716    0    0    0     0       0          0
1784694258 | enp139s0f0np0: 185878100639262 50655810074    0 2473    0     0          0    499335 126653550264945 32993634415    0    0    0     0       0          0
1784694259 | enp139s0f0np0: 185880325017161 50656356594    0 2473    0     0          0    499335 126654746644598 32993945217    0    0    0     0       0          0
1784694260 | enp139s0f0np0: 185882544736334 50656902425    0 2473    0     0          0    499335 126656021546968 32994274947    0    0    0     0       0          0
1784694261 | enp139s0f0np0: 185884544397192 50657397482    0 2473    0     0          0    499335 126657286964724 32994601597    0    0    0     0       0          0
1784694262 | enp139s0f0np0: 185886802519850 50657952349    0 2473    0     0          0    499335 126658542593416 32994928297    0    0    0     0       0          0
1784694263 | enp139s0f0np0: 185889011165295 50658495811    0 2473    0     0          0    499335 126659751233321 32995242483    0    0    0     0       0          0
1784694264 | enp139s0f0np0: 185891146530196 50659021734    0 2473    0     0          0    499335 126660951643206 32995554701    0    0    0     0       0          0
1784694265 | enp139s0f0np0: 185893353694434 50659564715    0 2473    0     0          0    499335 126662176894663 32995872707    0    0    0     0       0          0
1784694266 | enp139s0f0np0: 185895375319459 50660064359    0 2473    0     0          0    499335 126663420654564 32996194230    0    0    0     0       0          0
1784694267 | enp139s0f0np0: 185897571391448 50660604371    0 2473    0     0          0    499335 126664659582017 32996515356    0    0    0     0       0          0
1784694268 | enp139s0f0np0: 185899763898625 50661143499    0 2473    0     0          0    499335 126665853644137 32996825105    0    0    0     0       0          0
1784694269 | enp139s0f0np0: 185901981274564 50661688772    0 2473    0     0          0    499335 126667137369281 32997156914    0    0    0     0       0          0
1784694270 | enp139s0f0np0: 185904152582533 50662222808    0 2473    0     0          0    499335 126668340862096 32997469209    0    0    0     0       0          0
1784694271 | enp139s0f0np0: 185906198228653 50662728203    0 2473    0     0          0    499336 126669556918902 32997784732    0    0    0     0       0          0
1784694272 | enp139s0f0np0: 185908438800310 50663279028    0 2473    0     0          0    499336 126670800282529 32998106611    0    0    0     0       0          0
1784694273 | enp139s0f0np0: 185910794262232 50663857303    0 2473    0     0          0    499336 126672082916683 32998439315    0    0    0     0       0          0
1784694274 | enp139s0f0np0: 185912952250442 50664388558    0 2473    0     0          0    499336 126673335399967 32998763398    0    0    0     0       0          0
1784694275 | enp139s0f0np0: 185915165804472 50664932653    0 2473    0     0          0    499336 126674538225595 32999075704    0    0    0     0       0          0
1784694276 | enp139s0f0np0: 185917175903788 50665429250    0 2473    0     0          0    499336 126675752878601 32999390091    0    0    0     0       0          0
1784694277 | enp139s0f0np0: 185919363922141 50665967755    0 2473    0     0          0    499336 126676972522430 32999707003    0    0    0     0       0          0
1784694278 | enp139s0f0np0: 185921603962013 50666518215    0 2473    0     0          0    499336 126678167033944 33000017819    0    0    0     0       0          0
1784694279 | enp139s0f0np0: 185923785559138 50667055056    0 2473    0     0          0    499336 126679369238675 33000330024    0    0    0     0       0          0
1784694280 | enp139s0f0np0: 185926006385689 50667601138    0 2473    0     0          0    499336 126680552013736 33000637997    0    0    0     0       0          0
1784694281 | enp139s0f0np0: 185928012760317 50668097091    0 2473    0     0          0    499336 126681786806179 33000957056    0    0    0     0       0          0
1784694282 | enp139s0f0np0: 185930269598787 50668651343    0 2473    0     0          0    499336 126683004278388 33001272998    0    0    0     0       0          0
1784694283 | enp139s0f0np0: 185932515092969 50669202514    0 2473    0     0          0    499336 126684229129334 33001590853    0    0    0     0       0          0
1784694284 | enp139s0f0np0: 185934715763484 50669743650    0 2473    0     0          0    499336 126685430616672 33001903407    0    0    0     0       0          0
1784694285 | enp139s0f0np0: 185936935467953 50670289382    0 2473    0     0          0    499336 126686664264700 33002223923    0    0    0     0       0          0
1784694286 | enp139s0f0np0: 185938918470629 50670779889    0 2473    0     0          0    499336 126687864825708 33002534877    0    0    0     0       0          0
1784694287 | enp139s0f0np0: 185941196442388 50671338750    0 2473    0     0          0    499336 126689119229662 33002859556    0    0    0     0       0          0
1784694288 | enp139s0f0np0: 185943403406574 50671881245    0 2473    0     0          0    499336 126690345360536 33003177280    0    0    0     0       0          0
1784694289 | enp139s0f0np0: 185945660428489 50672435017    0 2473    0     0          0    499336 126691554501519 33003490771    0    0    0     0       0          0
1784694290 | enp139s0f0np0: 185947826941931 50672968222    0 2473    0     0          0    499336 126692793587239 33003811159    0    0    0     0       0          0
1784694291 | enp139s0f0np0: 185949963198694 50673494273    0 2473    0     0          0    499336 126693999319826 33004124516    0    0    0     0       0          0
1784694292 | enp139s0f0np0: 185952264117643 50674059304    0 2473    0     0          0    499336 126695271100844 33004454822    0    0    0     0       0          0
1784694293 | enp139s0f0np0: 185954521210919 50674613113    0 2473    0     0          0    499336 126696486109352 33004769775    0    0    0     0       0          0
1784694294 | enp139s0f0np0: 185956788365348 50675169761    0 2473    0     0          0    499336 126697679891251 33005080190    0    0    0     0       0          0
1784694295 | enp139s0f0np0: 185958829300958 50675673020    0 2473    0     0          0    499336 126698878970098 33005391134    0    0    0     0       0          0
1784694296 | enp139s0f0np0: 185961041073603 50676215811    0 2473    0     0          0    499336 126700111089805 33005709819    0    0    0     0       0          0
1784694297 | enp139s0f0np0: 185963267267754 50676762062    0 2473    0     0          0    499336 126701323361651 33006023890    0    0    0     0       0          0
1784694298 | enp139s0f0np0: 185965501979619 50677310696    0 2473    0     0          0    499336 126702533440329 33006337596    0    0    0     0       0          0
1784694299 | enp139s0f0np0: 185967702804230 50677850954    0 2473    0     0          0    499336 126703743741054 33006651613    0    0    0     0       0          0
1784694300 | enp139s0f0np0: 185969696840554 50678342937    0 2473    0     0          0    499336 126704945197895 33006961850    0    0    0     0       0          0
1784694301 | enp139s0f0np0: 185971938810154 50678893547    0 2473    0     0          0    499337 126706196451045 33007285344    0    0    0     0       0          0
1784694302 | enp139s0f0np0: 185974167215061 50679440568    0 2473    0     0          0    499337 126707430330797 33007604897    0    0    0     0       0          0
1784694303 | enp139s0f0np0: 185976379505337 50679984017    0 2473    0     0          0    499337 126708594474823 33007908536    0    0    0     0       0          0
1784694304 | enp139s0f0np0: 185978403327531 50680484219    0 2473    0     0          0    499337 126709823230921 33008226342    0    0    0     0       0          0
1784694305 | enp139s0f0np0: 185980672661880 50681041133    0 2473    0     0          0    499337 126711059843727 33008547175    0    0    0     0       0          0
1784694306 | enp139s0f0np0: 185982928899580 50681594682    0 2473    0     0          0    499337 126712289059055 33008866382    0    0    0     0       0          0
1784694307 | enp139s0f0np0: 185985179981176 50682147263    0 2473    0     0          0    499337 126713562659030 33009195508    0    0    0     0       0          0
1784694308 | enp139s0f0np0: 185987485049707 50682712665    0 2473    0     0          0    499337 126714831514567 33009524601    0    0    0     0       0          0
1784694309 | enp139s0f0np0: 185989771521593 50683273956    0 2473    0     0          0    499337 126716077687868 33009848108    0    0    0     0       0          0
1784694310 | enp139s0f0np0: 185991906223393 50683799109    0 2473    0     0          0    499337 126717333186725 33010172753    0    0    0     0       0          0
1784694311 | enp139s0f0np0: 185994140945229 50684347966    0 2473    0     0          0    499337 126718574681148 33010493850    0    0    0     0       0          0
1784694312 | enp139s0f0np0: 185996404207899 50684903372    0 2473    0     0          0    499337 126719843568640 33010821604    0    0    0     0       0          0
1784694313 | enp139s0f0np0: 185998678232589 50685461621    0 2473    0     0          0    499337 126721081874373 33011143090    0    0    0     0       0          0
1784694314 | enp139s0f0np0: 186000866368908 50685999576    0 2473    0     0          0    499337 126722247150517 33011446194    0    0    0     0       0          0
1784694315 | enp139s0f0np0: 186003063942643 50686539909    0 2473    0     0          0    499337 126723456916365 33011760155    0    0    0     0       0          0
1784694316 | enp139s0f0np0: 186005232672786 50687072995    0 2473    0     0          0    499337 126724643775241 33012068642    0    0    0     0       0          0
1784694317 | enp139s0f0np0: 186007545889517 50687640194    0 2473    0     0          0    499337 126725891589298 33012392564    0    0    0     0       0          0
1784694318 | enp139s0f0np0: 186009757128436 50688183317    0 2473    0     0          0    499337 126727076862086 33012699904    0    0    0     0       0          0
1784694319 | enp139s0f0np0: 186012018601835 50688738350    0 2473    0     0          0    499337 126728270063157 33013010118    0    0    0     0       0          0
1784694320 | enp139s0f0np0: 186014227460114 50689281659    0 2473    0     0          0    499337 126729497380867 33013328925    0    0    0     0       0          0
1784694321 | enp139s0f0np0: 186016460132456 50689829206    0 2473    0     0          0    499337 126730656042825 33013630463    0    0    0     0       0          0
1784694322 | enp139s0f0np0: 186018500528688 50690332546    0 2473    0     0          0    499337 126731778871477 33013923087    0    0    0     0       0          0
1784694323 | enp139s0f0np0: 186020906067729 50690921300    0 2473    0     0          0    499337 126732928268650 33014222911    0    0    0     0       0          0
1784694324 | enp139s0f0np0: 186023289405644 50691505116    0 2473    0     0          0    499337 126734056142087 33014517876    0    0    0     0       0          0
1784694325 | enp139s0f0np0: 186025794550728 50692117697    0 2473    0     0          0    499337 126735206371550 33014818720    0    0    0     0       0          0
1784694326 | enp139s0f0np0: 186028163209087 50692697390    0 2473    0     0          0    499337 126736281431460 33015101267    0    0    0     0       0          0
1784694327 | enp139s0f0np0: 186030308854802 50693226155    0 2473    0     0          0    499337 126737444908396 33015403679    0    0    0     0       0          0
1784694328 | enp139s0f0np0: 186032622585847 50693793801    0 2473    0     0          0    499337 126738660599529 33015719337    0    0    0     0       0          0
1784694329 | enp139s0f0np0: 186034918308510 50694357033    0 2473    0     0          0    499337 126739903879771 33016041457    0    0    0     0       0          0
1784694330 | enp139s0f0np0: 186037268550639 50694933341    0 2473    0     0          0    499337 126741175344127 33016371152    0    0    0     0       0          0
1784694331 | enp139s0f0np0: 186039419110958 50695463443    0 2473    0     0          0    499338 126742438799100 33016697329    0    0    0     0       0          0
1784694332 | enp139s0f0np0: 186041706138854 50696024932    0 2473    0     0          0    499338 126743695798777 33017022544    0    0    0     0       0          0
1784694333 | enp139s0f0np0: 186044069145205 50696605379    0 2473    0     0          0    499338 126745003540108 33017361250    0    0    0     0       0          0
1784694334 | enp139s0f0np0: 186046353112021 50697166567    0 2473    0     0          0    499338 126746277654281 33017691431    0    0    0     0       0          0
1784694335 | enp139s0f0np0: 186048394034589 50697670720    0 2473    0     0          0    499338 126747476478597 33018001458    0    0    0     0       0          0
1784694336 | enp139s0f0np0: 186050630739163 50698220462    0 2473    0     0          0    499338 126748693579193 33018317948    0    0    0     0       0          0
1784694337 | enp139s0f0np0: 186052845551270 50698765330    0 2473    0     0          0    499338 126749926499805 33018637369    0    0    0     0       0          0
1784694338 | enp139s0f0np0: 186055058723874 50699309649    0 2473    0     0          0    499338 126751118873422 33018947727    0    0    0     0       0          0
1784694339 | enp139s0f0np0: 186057228130609 50699843552    0 2473    0     0          0    499338 126752295424369 33019253905    0    0    0     0       0          0
1784694340 | enp139s0f0np0: 186059422620369 50700383483    0 2473    0     0          0    499338 126753506289071 33019568359    0    0    0     0       0          0
1784694341 | enp139s0f0np0: 186061608467808 50700920956    0 2473    0     0          0    499338 126754730355753 33019884978    0    0    0     0       0          0
1784694342 | enp139s0f0np0: 186063969218026 50701499770    0 2473    0     0          0    499338 126756017222239 33020218012    0    0    0     0       0          0
1784694343 | enp139s0f0np0: 186066021691669 50702006416    0 2473    0     0          0    499338 126757212980931 33020528428    0    0    0     0       0          0
1784694344 | enp139s0f0np0: 186068150173454 50702529964    0 2473    0     0          0    499338 126758402501497 33020836814    0    0    0     0       0          0
1784694345 | enp139s0f0np0: 186070283104764 50703054887    0 2473    0     0          0    499338 126759605956967 33021148541    0    0    0     0       0          0
1784694346 | enp139s0f0np0: 186072486932015 50703596326    0 2473    0     0          0    499338 126760818846258 33021462542    0    0    0     0       0          0
1784694347 | enp139s0f0np0: 186074703575844 50704141186    0 2473    0     0          0    499338 126762010017233 33021772194    0    0    0     0       0          0
1784694348 | enp139s0f0np0: 186076976150033 50704698936    0 2473    0     0          0    499338 126763253901234 33022094648    0    0    0     0       0          0
1784694349 | enp139s0f0np0: 186079228086998 50705252452    0 2473    0     0          0    499338 126764550789380 33022429817    0    0    0     0       0          0
1784694350 | enp139s0f0np0: 186081418618213 50705791322    0 2473    0     0          0    499338 126765774717679 33022747433    0    0    0     0       0          0
1784694351 | enp139s0f0np0: 186083704855663 50706352548    0 2473    0     0          0    499338 126767107591852 33023091303    0    0    0     0       0          0
1784694352 | enp139s0f0np0: 186085996370133 50706914892    0 2473    0     0          0    499338 126768386395871 33023422001    0    0    0     0       0          0
1784694353 | enp139s0f0np0: 186088342794789 50707490858    0 2473    0     0          0    499338 126769665377852 33023753530    0    0    0     0       0          0
1784694354 | enp139s0f0np0: 186090581389473 50708041085    0 2473    0     0          0    499338 126770909091344 33024074846    0    0    0     0       0          0
1784694355 | enp139s0f0np0: 186092862159707 50708601269    0 2473    0     0          0    499338 126772171668651 33024401165    0    0    0     0       0          0
1784694356 | enp139s0f0np0: 186095195004335 50709173853    0 2473    0     0          0    499338 126773476389569 33024738322    0    0    0     0       0          0
1784694357 | enp139s0f0np0: 186097411720586 50709718888    0 2473    0     0          0    499338 126774704581337 33025056189    0    0    0     0       0          0
1784694358 | enp139s0f0np0: 186099641433741 50710267151    0 2473    0     0          0    499338 126775929008621 33025374121    0    0    0     0       0          0
1784694359 | enp139s0f0np0: 186101868809887 50710814712    0 2473    0     0          0    499338 126777174471583 33025696950    0    0    0     0       0          0
1784694360 | enp139s0f0np0: 186104109003129 50711365745    0 2473    0     0          0    499338 126778437450766 33026024877    0    0    0     0       0          0
1784694361 | enp139s0f0np0: 186106288212900 50711901397    0 2473    0     0          0    499339 126779676647824 33026346028    0    0    0     0       0          0
1784694362 | enp139s0f0np0: 186108408152439 50712423084    0 2473    0     0          0    499339 126780866758927 33026654907    0    0    0     0       0          0
1784694363 | enp139s0f0np0: 186110628227804 50712968832    0 2473    0     0          0    499339 126782132268225 33026982415    0    0    0     0       0          0
1784694364 | enp139s0f0np0: 186112818216734 50713507369    0 2473    0     0          0    499339 126783361172615 33027301628    0    0    0     0       0          0
1784694365 | enp139s0f0np0: 186114973052528 50714037801    0 2473    0     0          0    499339 126784561131954 33027612518    0    0    0     0       0          0
1784694366 | enp139s0f0np0: 186117192981591 50714583261    0 2473    0     0          0    499339 126785761453668 33027924435    0    0    0     0       0          0
1784694367 | enp139s0f0np0: 186119449148054 50715137403    0 2473    0     0          0    499339 126787016151917 33028250437    0    0    0     0       0          0
1784694368 | enp139s0f0np0: 186121652761513 50715679592    0 2473    0     0          0    499339 126788255320055 33028571502    0    0    0     0       0          0
1784694369 | enp139s0f0np0: 186123812039701 50716211395    0 2473    0     0          0    499339 126789501034928 33028894479    0    0    0     0       0          0
1784694370 | enp139s0f0np0: 186126072154123 50716766873    0 2473    0     0          0    499339 126790752997015 33029220057    0    0    0     0       0          0
1784694371 | enp139s0f0np0: 186128242434221 50717300922    0 2473    0     0          0    499339 126791948267134 33029530551    0    0    0     0       0          0
1784694372 | enp139s0f0np0: 186130393975474 50717829702    0 2473    0     0          0    499339 126793099076073 33029830248    0    0    0     0       0          0
1784694373 | enp139s0f0np0: 186132694587763 50718394448    0 2473    0     0          0    499339 126794247185331 33030132081    0    0    0     0       0          0
1784694374 | enp139s0f0np0: 186134929203425 50718944205    0 2473    0     0          0    499339 126795346325809 33030422143    0    0    0     0       0          0
1784694375 | enp139s0f0np0: 186137143870010 50719488272    0 2473    0     0          0    499339 126796425689410 33030706192    0    0    0     0       0          0
1784694376 | enp139s0f0np0: 186139285736968 50720015288    0 2473    0     0          0    499339 126797505465420 33030990378    0    0    0     0       0          0
1784694377 | enp139s0f0np0: 186141552694590 50720572361    0 2473    0     0          0    499339 126798638071442 33031288462    0    0    0     0       0          0
1784694378 | enp139s0f0np0: 186143807575283 50721126683    0 2473    0     0          0    499339 126799786794505 33031589925    0    0    0     0       0          0
1784694379 | enp139s0f0np0: 186146035769970 50721674348    0 2473    0     0          0    499339 126800935413636 33031890068    0    0    0     0       0          0
1784694380 | enp139s0f0np0: 186148312173745 50722234067    0 2473    0     0          0    499339 126802110955847 33032198322    0    0    0     0       0          0
1784694381 | enp139s0f0np0: 186150558443944 50722786117    0 2473    0     0          0    499339 126803278775903 33032503568    0    0    0     0       0          0
1784694382 | enp139s0f0np0: 186152797282240 50723336495    0 2473    0     0          0    499339 126804471748069 33032814478    0    0    0     0       0          0
1784694383 | enp139s0f0np0: 186155062097156 50723892952    0 2473    0     0          0    499339 126805628500024 33033116439    0    0    0     0       0          0
1784694384 | enp139s0f0np0: 186157301576970 50724443816    0 2473    0     0          0    499339 126806769578317 33033415492    0    0    0     0       0          0
1784694385 | enp139s0f0np0: 186159550676843 50724996764    0 2473    0     0          0    499339 126807883490254 33033708733    0    0    0     0       0          0
1784694386 | enp139s0f0np0: 186161813814610 50725552686    0 2473    0     0          0    499339 126808975406441 33033995732    0    0    0     0       0          0
1784694387 | enp139s0f0np0: 186164045276987 50726101206    0 2473    0     0          0    499339 126810056956954 33034280730    0    0    0     0       0          0
1784694388 | enp139s0f0np0: 186166292653931 50726653403    0 2473    0     0          0    499339 126811135312770 33034564515    0    0    0     0       0          0
1784694389 | enp139s0f0np0: 186168615505358 50727223063    0 2473    0     0          0    499339 126812248918238 33034856631    0    0    0     0       0          0
1784694390 | enp139s0f0np0: 186170698860076 50727735242    0 2473    0     0          0    499339 126813284951174 33035128545    0    0    0     0       0          0
1784694391 | enp139s0f0np0: 186172975799776 50728293569    0 2473    0     0          0    499340 126814373135935 33035413850    0    0    0     0       0          0
1784694392 | enp139s0f0np0: 186175361803269 50728878654    0 2473    0     0          0    499340 126815463099987 33035700833    0    0    0     0       0          0
1784694393 | enp139s0f0np0: 186177578762019 50729423322    0 2473    0     0          0    499340 126816536882859 33035982571    0    0    0     0       0          0
1784694394 | enp139s0f0np0: 186179945396634 50730002994    0 2473    0     0          0    499340 126817593767047 33036261609    0    0    0     0       0          0
1784694395 | enp139s0f0np0: 186181811019242 50730462915    0 2473    0     0          0    499340 126818546071989 33036511528    0    0    0     0       0          0
1784694396 | enp139s0f0np0: 186184078508252 50731019491    0 2473    0     0          0    499340 126819557712247 33036778929    0    0    0     0       0          0
1784694397 | enp139s0f0np0: 186185957034713 50731481671    0 2473    0     0          0    499340 126820451412077 33037014937    0    0    0     0       0          0
1784694398 | enp139s0f0np0: 186188300464854 50732056189    0 2473    0     0          0    499340 126821565345965 33037307602    0    0    0     0       0          0
1784694399 | enp139s0f0np0: 186190149965443 50732511568    0 2473    0     0          0    499340 126822518461880 33037557401    0    0    0     0       0          0
1784694400 | enp139s0f0np0: 186192115377556 50732995991    0 2473    0     0          0    499340 126823539776121 33037825556    0    0    0     0       0          0
1784694401 | enp139s0f0np0: 186194427207662 50733562644    0 2473    0     0          0    499340 126824706191233 33038129776    0    0    0     0       0          0
1784694402 | enp139s0f0np0: 186196376232604 50734041468    0 2473    0     0          0    499340 126825705869605 33038391424    0    0    0     0       0          0
1784694403 | enp139s0f0np0: 186198580880705 50734583352    0 2473    0     0          0    499340 126826856418625 33038691390    0    0    0     0       0          0
1784694404 | enp139s0f0np0: 186200862064861 50735143207    0 2473    0     0          0    499340 126828008003956 33038991810    0    0    0     0       0          0
1784694405 | enp139s0f0np0: 186203019295425 50735673373    0 2473    0     0          0    499340 126829135001899 33039285923    0    0    0     0       0          0
1784694406 | enp139s0f0np0: 186205113727958 50736188860    0 2473    0     0          0    499340 126830319203083 33039592619    0    0    0     0       0          0
1784694407 | enp139s0f0np0: 186207351618599 50736738327    0 2473    0     0          0    499340 126831561939570 33039914129    0    0    0     0       0          0
1784694408 | enp139s0f0np0: 186209556012491 50737279947    0 2473    0     0          0    499340 126832752094648 33040222929    0    0    0     0       0          0
1784694409 | enp139s0f0np0: 186211751547714 50737820182    0 2473    0     0          0    499340 126833938016328 33040531800    0    0    0     0       0          0
1784694410 | enp139s0f0np0: 186213959298318 50738362803    0 2473    0     0          0    499340 126835133183152 33040842057    0    0    0     0       0          0
1784694411 | enp139s0f0np0: 186216207833147 50738914631    0 2473    0     0          0    499340 126836254830709 33041134853    0    0    0     0       0          0
1784694412 | enp139s0f0np0: 186218353685415 50739442633    0 2473    0     0          0    499340 126837347476834 33041421325    0    0    0     0       0          0
1784694413 | enp139s0f0np0: 186220616150154 50739997638    0 2473    0     0          0    499340 126838468762203 33041714366    0    0    0     0       0          0
1784694414 | enp139s0f0np0: 186222818452356 50740538629    0 2473    0     0          0    499340 126839585717064 33042006225    0    0    0     0       0          0
1784694415 | enp139s0f0np0: 186225132313128 50741107041    0 2473    0     0          0    499340 126840784030734 33042319573    0    0    0     0       0          0
1784694416 | enp139s0f0np0: 186227307850117 50741642069    0 2473    0     0          0    499340 126841925505093 33042617809    0    0    0     0       0          0
1784694417 | enp139s0f0np0: 186229526395058 50742187767    0 2473    0     0          0    499340 126843128674105 33042930700    0    0    0     0       0          0
1784694418 | enp139s0f0np0: 186231677199547 50742716818    0 2473    0     0          0    499340 126844320463159 33043239735    0    0    0     0       0          0
1784694419 | enp139s0f0np0: 186233895403448 50743261898    0 2473    0     0          0    499340 126845474214264 33043540523    0    0    0     0       0          0
1784694420 | enp139s0f0np0: 186236028206876 50743786633    0 2473    0     0          0    499341 126846622047509 33043839312    0    0    0     0       0          0
1784694421 | enp139s0f0np0: 186238250209194 50744332894    0 2473    0     0          0    499341 126847754326640 33044135213    0    0    0     0       0          0
1784694422 | enp139s0f0np0: 186240432467500 50744869509    0 2473    0     0          0    499341 126848892532630 33044433152    0    0    0     0       0          0
1784694423 | enp139s0f0np0: 186242646471881 50745414531    0 2473    0     0          0    499341 126850023978822 33044729728    0    0    0     0       0          0
1784694424 | enp139s0f0np0: 186244883090034 50745964454    0 2473    0     0          0    499341 126851210401195 33045038502    0    0    0     0       0          0
1784694425 | enp139s0f0np0: 186246824423787 50746443697    0 2473    0     0          0    499341 126852220034317 33045303757    0    0    0     0       0          0
1784694426 | enp139s0f0np0: 186249119943230 50747007403    0 2473    0     0          0    499341 126853378074824 33045606833    0    0    0     0       0          0
1784694427 | enp139s0f0np0: 186251400124391 50747567739    0 2473    0     0          0    499341 126854547167070 33045911765    0    0    0     0       0          0
1784694428 | enp139s0f0np0: 186253604599405 50748109692    0 2473    0     0          0    499341 126855668010699 33046204892    0    0    0     0       0          0
1784694429 | enp139s0f0np0: 186255809889112 50748651943    0 2473    0     0          0    499341 126856792572727 33046500036    0    0    0     0       0          0
1784694430 | enp139s0f0np0: 186257947272226 50749177812    0 2473    0     0          0    499341 126857938592341 33046798509    0    0    0     0       0          0
1784694431 | enp139s0f0np0: 186260116641777 50749711299    0 2473    0     0          0    499341 126859077228304 33047095894    0    0    0     0       0          0
1784694432 | enp139s0f0np0: 186262278922208 50750242616    0 2473    0     0          0    499341 126860194815790 33047386671    0    0    0     0       0          0
