1784789561 | enp139s0f0np0: 237990320761699 64217075182    0 2473    0     0          0    502512 188533293071313 48838452286    0    0    0     0       0          0
1784789562 | enp139s0f0np0: 237990320871459 64217075265    0 2473    0     0          0    502512 188533293071454 48838452288    0    0    0     0       0          0
1784789563 | enp139s0f0np0: 237990326219597 64217104435    0 2473    0     0          0    502512 188536615931842 48839249680    0    0    0     0       0          0
1784789564 | enp139s0f0np0: 237990333326339 64217139572    0 2473    0     0          0    502512 188541231233893 48840357243    0    0    0     0       0          0
1784789565 | enp139s0f0np0: 237990340678280 64217178129    0 2473    0     0          0    502512 188545839615458 48841463290    0    0    0     0       0          0
1784789566 | enp139s0f0np0: 237990347813669 64217216051    0 2473    0     0          0    502512 188550334995368 48842542152    0    0    0     0       0          0
1784789567 | enp139s0f0np0: 237990355097697 64217254658    0 2473    0     0          0    502512 188554887865655 48843635016    0    0    0     0       0          0
1784789568 | enp139s0f0np0: 237990362322823 64217293068    0 2473    0     0          0    502512 188559359010860 48844708187    0    0    0     0       0          0
1784789569 | enp139s0f0np0: 237990369335456 64217328279    0 2473    0     0          0    502512 188563895189772 48845796813    0    0    0     0       0          0
1784789570 | enp139s0f0np0: 237990376300523 64217364187    0 2473    0     0          0    502512 188568303261240 48846854655    0    0    0     0       0          0
1784789571 | enp139s0f0np0: 237990383449444 64217400475    0 2473    0     0          0    502512 188572829481511 48847941010    0    0    0     0       0          0
1784789572 | enp139s0f0np0: 237990390724366 64217438888    0 2473    0     0          0    502512 188577367194513 48849030113    0    0    0     0       0          0
1784789573 | enp139s0f0np0: 237990397725899 64217473915    0 2473    0     0          0    502512 188581856833385 48850107655    0    0    0     0       0          0
1784789574 | enp139s0f0np0: 237990404665469 64217509005    0 2473    0     0          0    502512 188586288009499 48851171063    0    0    0     0       0          0
1784789575 | enp139s0f0np0: 237990411721609 64217544989    0 2473    0     0          0    502512 188590793062595 48852252223    0    0    0     0       0          0
1784789576 | enp139s0f0np0: 237990418697511 64217580352    0 2473    0     0          0    502512 188595229612623 48853316778    0    0    0     0       0          0
1784789577 | enp139s0f0np0: 237990425627808 64217615865    0 2473    0     0          0    502512 188599621768541 48854370762    0    0    0     0       0          0
1784789578 | enp139s0f0np0: 237990432898096 64217654399    0 2473    0     0          0    502512 188604160331468 48855460069    0    0    0     0       0          0
1784789579 | enp139s0f0np0: 237990439756413 64217691137    0 2473    0     0          0    502512 188608420419521 48856482565    0    0    0     0       0          0
1784789580 | enp139s0f0np0: 237990446692228 64217728070    0 2473    0     0          0    502512 188612723211787 48857515335    0    0    0     0       0          0
1784789581 | enp139s0f0np0: 237990453939233 64217766936    0 2473    0     0          0    502512 188617202412218 48858590500    0    0    0     0       0          0
1784789582 | enp139s0f0np0: 237990461234883 64217805137    0 2473    0     0          0    502512 188621765372453 48859685766    0    0    0     0       0          0
1784789583 | enp139s0f0np0: 237990468714193 64217844998    0 2473    0     0          0    502512 188626403663657 48860799006    0    0    0     0       0          0
1784789584 | enp139s0f0np0: 237990476064796 64217883623    0 2473    0     0          0    502512 188630988798607 48861899430    0    0    0     0       0          0
1784789585 | enp139s0f0np0: 237990483358337 64217920849    0 2473    0     0          0    502512 188635608736795 48863008063    0    0    0     0       0          0
1784789586 | enp139s0f0np0: 237990490821959 64217960232    0 2473    0     0          0    502512 188640293444964 48864132398    0    0    0     0       0          0
1784789587 | enp139s0f0np0: 237990498241446 64217999622    0 2473    0     0          0    502512 188644932269249 48865245762    0    0    0     0       0          0
1784789588 | enp139s0f0np0: 237990505734735 64218039087    0 2473    0     0          0    502513 188649596189784 48866365015    0    0    0     0       0          0
1784789589 | enp139s0f0np0: 237990513183973 64218076908    0 2473    0     0          0    502513 188654297187987 48867493353    0    0    0     0       0          0
1784789590 | enp139s0f0np0: 237990520575308 64218115699    0 2473    0     0          0    502513 188658924477726 48868603918    0    0    0     0       0          0
1784789591 | enp139s0f0np0: 237990528154754 64218156185    0 2473    0     0          0    502513 188663637976847 48869735156    0    0    0     0       0          0
1784789593 | enp139s0f0np0: 237990535609126 64218195251    0 2473    0     0          0    502513 188668317331049 48870858114    0    0    0     0       0          0
1784789594 | enp139s0f0np0: 237990543000281 64218234678    0 2473    0     0          0    502513 188672869970825 48871950578    0    0    0     0       0          0
