1784775959 | enp139s0f0np0: 230420626220829 62202341778    0 2473    0     0          0    502058 177460219156996 46015884351    0    0    0     0       0          0
1784775960 | enp139s0f0np0: 230420626369331 62202341951    0 2473    0     0          0    502058 177460219156996 46015884351    0    0    0     0       0          0
1784775961 | enp139s0f0np0: 230420626478914 62202342108    0 2473    0     0          0    502058 177460219156996 46015884351    0    0    0     0       0          0
1784775962 | enp139s0f0np0: 230420626627416 62202342281    0 2473    0     0          0    502058 177460219156996 46015884351    0    0    0     0       0          0
1784775963 | enp139s0f0np0: 230420626748738 62202342429    0 2473    0     0          0    502058 177460219156996 46015884351    0    0    0     0       0          0
1784775964 | enp139s0f0np0: 230420626910176 62202342597    0 2473    0     0          0    502058 177460219157224 46015884353    0    0    0     0       0          0
1784775965 | enp139s0f0np0: 230420627018463 62202342761    0 2473    0     0          0    502058 177460219157224 46015884353    0    0    0     0       0          0
1784775966 | enp139s0f0np0: 230420627486481 62202345742    0 2473    0     0          0    502058 177460377324398 46015922415    0    0    0     0       0          0
1784775967 | enp139s0f0np0: 230420628120990 62202349837    0 2473    0     0          0    502058 177460614159726 46015979286    0    0    0     0       0          0
1784775968 | enp139s0f0np0: 230420628707525 62202353722    0 2473    0     0          0    502059 177460839792480 46016033448    0    0    0     0       0          0
1784775969 | enp139s0f0np0: 230420629254295 62202357748    0 2473    0     0          0    502059 177461076894052 46016090370    0    0    0     0       0          0
1784775970 | enp139s0f0np0: 230420629812700 62202361677    0 2473    0     0          0    502059 177461312395400 46016146908    0    0    0     0       0          0
1784775971 | enp139s0f0np0: 230420630371098 62202365481    0 2473    0     0          0    502059 177461548429958 46016203571    0    0    0     0       0          0
1784775972 | enp139s0f0np0: 230420630921632 62202369391    0 2473    0     0          0    502059 177461784997858 46016260361    0    0    0     0       0          0
1784775973 | enp139s0f0np0: 230420631492963 62202373354    0 2473    0     0          0    502059 177462023432422 46016317595    0    0    0     0       0          0
1784775974 | enp139s0f0np0: 230420632072757 62202377227    0 2473    0     0          0    502059 177462254666974 46016373112    0    0    0     0       0          0
1784775975 | enp139s0f0np0: 230420632652727 62202381151    0 2473    0     0          0    502059 177462490168718 46016429656    0    0    0     0       0          0
1784775976 | enp139s0f0np0: 230420633205420 62202384963    0 2473    0     0          0    502059 177462720069018 46016484846    0    0    0     0       0          0
1784775977 | enp139s0f0np0: 230420633761005 62202388794    0 2473    0     0          0    502059 177462955570675 46016541380    0    0    0     0       0          0
1784775978 | enp139s0f0np0: 230420634316793 62202392636    0 2473    0     0          0    502059 177463190666359 46016597814    0    0    0     0       0          0
1784775979 | enp139s0f0np0: 230420634859933 62202396501    0 2473    0     0          0    502059 177463426575871 46016654441    0    0    0     0       0          0
1784775980 | enp139s0f0np0: 230420637694449 62202413265    0 2473    0     0          0    502059 177465098816161 46017055831    0    0    0     0       0          0
1784775981 | enp139s0f0np0: 230420643365927 62202443421    0 2473    0     0          0    502059 177468627180121 46017903009    0    0    0     0       0          0
1784775982 | enp139s0f0np0: 230420650273726 62202478910    0 2473    0     0          0    502059 177473040356449 46018961898    0    0    0     0       0          0
1784775983 | enp139s0f0np0: 230420657324433 62202516185    0 2473    0     0          0    502059 177477461480449 46020022839    0    0    0     0       0          0
1784775984 | enp139s0f0np0: 230420664469847 62202554618    0 2473    0     0          0    502059 177481896573601 46021086949    0    0    0     0       0          0
1784775985 | enp139s0f0np0: 230420671060924 62202584705    0 2473    0     0          0    502059 177486322279303 46022148758    0    0    0     0       0          0
1784775986 | enp139s0f0np0: 230420678121012 62202621875    0 2473    0     0          0    502059 177490712501805 46023202185    0    0    0     0       0          0
1784775987 | enp139s0f0np0: 230420685231808 62202659881    0 2473    0     0          0    502059 177495092231918 46024253034    0    0    0     0       0          0
1784775988 | enp139s0f0np0: 230420692325447 62202697336    0 2473    0     0          0    502059 177499524519618 46025316526    0    0    0     0       0          0
1784775989 | enp139s0f0np0: 230420699279534 62202732164    0 2473    0     0          0    502059 177503995663918 46026389464    0    0    0     0       0          0
1784775990 | enp139s0f0np0: 230420706091037 62202765285    0 2473    0     0          0    502059 177508396134896 46027445301    0    0    0     0       0          0
1784775991 | enp139s0f0np0: 230420713279364 62202802217    0 2473    0     0          0    502059 177512909962528 46028528425    0    0    0     0       0          0
1784775992 | enp139s0f0np0: 230420720337405 62202837468    0 2473    0     0          0    502059 177517359522306 46029596052    0    0    0     0       0          0
1784775993 | enp139s0f0np0: 230420727366018 62202873266    0 2473    0     0          0    502059 177521782258646 46030657264    0    0    0     0       0          0
1784775994 | enp139s0f0np0: 230420734215778 62202908352    0 2473    0     0          0    502059 177526088077778 46031690414    0    0    0     0       0          0
1784775995 | enp139s0f0np0: 230420741289692 62202944624    0 2473    0     0          0    502059 177530527172198 46032755728    0    0    0     0       0          0
1784775996 | enp139s0f0np0: 230420748265773 62202980621    0 2473    0     0          0    502059 177534889183332 46033802475    0    0    0     0       0          0
1784775997 | enp139s0f0np0: 230420755266602 62203016046    0 2473    0     0          0    502060 177539313175507 46034863978    0    0    0     0       0          0
1784775998 | enp139s0f0np0: 230420762325514 62203052046    0 2473    0     0          0    502060 177543772743299 46035934206    0    0    0     0       0          0
1784775999 | enp139s0f0np0: 230420769338621 62203087459    0 2473    0     0          0    502060 177548226781901 46037003027    0    0    0     0       0          0
1784776000 | enp139s0f0np0: 230420776467731 62203124477    0 2473    0     0          0    502060 177552631390161 46038060009    0    0    0     0       0          0
1784776001 | enp139s0f0np0: 230420783558735 62203160220    0 2473    0     0          0    502060 177557079075859 46039127286    0    0    0     0       0          0
1784776002 | enp139s0f0np0: 230420790657288 62203196559    0 2473    0     0          0    502060 177561498288261 46040187543    0    0    0     0       0          0
1784776003 | enp139s0f0np0: 230420797730529 62203234351    0 2473    0     0          0    502060 177565858365665 46041233773    0    0    0     0       0          0
1784776004 | enp139s0f0np0: 230420804789750 62203271438    0 2473    0     0          0    502060 177570233321849 46042283664    0    0    0     0       0          0
1784776005 | enp139s0f0np0: 230420811783377 62203308383    0 2473    0     0          0    502060 177574570175193 46043324428    0    0    0     0       0          0
1784776006 | enp139s0f0np0: 230420818650719 62203342029    0 2473    0     0          0    502060 177578981872149 46044383114    0    0    0     0       0          0
1784776007 | enp139s0f0np0: 230420825763840 62203378775    0 2473    0     0          0    502060 177583370226670 46045436220    0    0    0     0       0          0
1784776008 | enp139s0f0np0: 230420832744890 62203415162    0 2473    0     0          0    502060 177587701156298 46046475462    0    0    0     0       0          0
1784776009 | enp139s0f0np0: 230420839728874 62203450792    0 2473    0     0          0    502060 177592099231506 46047530792    0    0    0     0       0          0
1784776010 | enp139s0f0np0: 230420846674669 62203485445    0 2473    0     0          0    502060 177596546579762 46048597876    0    0    0     0       0          0
1784776011 | enp139s0f0np0: 230420853659705 62203519919    0 2473    0     0          0    502060 177601025485970 46049672672    0    0    0     0       0          0
1784776012 | enp139s0f0np0: 230420860568105 62203554605    0 2473    0     0          0    502060 177605407041412 46050724073    0    0    0     0       0          0
1784776013 | enp139s0f0np0: 230420867617151 62203589950    0 2473    0     0          0    502060 177609808789530 46051780318    0    0    0     0       0          0
1784776014 | enp139s0f0np0: 230420874657163 62203625313    0 2473    0     0          0    502060 177614213475612 46052837329    0    0    0     0       0          0
1784776015 | enp139s0f0np0: 230420881648957 62203661153    0 2473    0     0          0    502060 177618562327240 46053880919    0    0    0     0       0          0
1784776016 | enp139s0f0np0: 230420888728908 62203697897    0 2473    0     0          0    502060 177622908739602 46054923874    0    0    0     0       0          0
1784776017 | enp139s0f0np0: 230420895875702 62203734288    0 2473    0     0          0    502060 177627365138487 46055993282    0    0    0     0       0          0
1784776018 | enp139s0f0np0: 230420902977017 62203770732    0 2473    0     0          0    502060 177631771933255 46057050752    0    0    0     0       0          0
1784776019 | enp139s0f0np0: 230420910146452 62203807941    0 2473    0     0          0    502060 177636145996341 46058100401    0    0    0     0       0          0
1784776020 | enp139s0f0np0: 230420917256267 62203843659    0 2473    0     0          0    502060 177640595293989 46059168033    0    0    0     0       0          0
1784776021 | enp139s0f0np0: 230420924404711 62203879664    0 2473    0     0          0    502060 177645081455643 46060244438    0    0    0     0       0          0
1784776022 | enp139s0f0np0: 230420931513877 62203916216    0 2473    0     0          0    502060 177649480186901 46061299869    0    0    0     0       0          0
1784776023 | enp139s0f0np0: 230420936122519 62203939270    0 2473    0     0          0    502060 177652310035883 46061978808    0    0    0     0       0          0
1784776024 | enp139s0f0np0: 230420940475032 62203961684    0 2473    0     0          0    502060 177654961576023 46062615118    0    0    0     0       0          0
1784776025 | enp139s0f0np0: 230420947786845 62204000156    0 2473    0     0          0    502060 177659438267625 46063689325    0    0    0     0       0          0
1784776026 | enp139s0f0np0: 230420955103770 62204038139    0 2473    0     0          0    502060 177663927559969 46064766589    0    0    0     0       0          0
1784776027 | enp139s0f0np0: 230420962262947 62204075654    0 2473    0     0          0    502061 177668352978994 46065828471    0    0    0     0       0          0
1784776028 | enp139s0f0np0: 230420969436981 62204112724    0 2473    0     0          0    502061 177672775203574 46066889677    0    0    0     0       0          0
1784776029 | enp139s0f0np0: 230420976546806 62204149750    0 2473    0     0          0    502061 177677151016366 46067939677    0    0    0     0       0          0
1784776030 | enp139s0f0np0: 230420983805551 62204187499    0 2473    0     0          0    502061 177681626578268 46069013618    0    0    0     0       0          0
1784776031 | enp139s0f0np0: 230420990995352 62204224622    0 2473    0     0          0    502061 177686065933996 46070078914    0    0    0     0       0          0
1784776032 | enp139s0f0np0: 230420998170631 62204261019    0 2473    0     0          0    502061 177690539141094 46071152233    0    0    0     0       0          0
1784776033 | enp139s0f0np0: 230421005345254 62204297875    0 2473    0     0          0    502061 177695008918306 46072224873    0    0    0     0       0          0
1784776034 | enp139s0f0np0: 230421012430933 62204333962    0 2473    0     0          0    502061 177699436272180 46073287285    0    0    0     0       0          0
1784776035 | enp139s0f0np0: 230421019472838 62204369683    0 2473    0     0          0    502061 177703856333404 46074347941    0    0    0     0       0          0
1784776036 | enp139s0f0np0: 230421026592567 62204406793    0 2473    0     0          0    502061 177708273363530 46075407892    0    0    0     0       0          0
1784776037 | enp139s0f0np0: 230421033603666 62204442949    0 2473    0     0          0    502061 177712618226249 46076450493    0    0    0     0       0          0
1784776038 | enp139s0f0np0: 230421040573178 62204476646    0 2473    0     0          0    502061 177717077725617 46077520627    0    0    0     0       0          0
1784776039 | enp139s0f0np0: 230421047729963 62204513570    0 2473    0     0          0    502061 177721515150263 46078585240    0    0    0     0       0          0
1784776040 | enp139s0f0np0: 230421054941049 62204552531    0 2473    0     0          0    502061 177725875942991 46079631526    0    0    0     0       0          0
1784776041 | enp139s0f0np0: 230421062031349 62204588110    0 2473    0     0          0    502061 177730313314431 46080696310    0    0    0     0       0          0
1784776042 | enp139s0f0np0: 230421069118622 62204624025    0 2473    0     0          0    502061 177734766424881 46081764797    0    0    0     0       0          0
1784776043 | enp139s0f0np0: 230421076212006 62204661052    0 2473    0     0          0    502061 177739142400855 46082814887    0    0    0     0       0          0
1784776044 | enp139s0f0np0: 230421083336184 62204699197    0 2473    0     0          0    502061 177743478669507 46083855519    0    0    0     0       0          0
1784776045 | enp139s0f0np0: 230421090563218 62204738007    0 2473    0     0          0    502061 177747876621455 46084910986    0    0    0     0       0          0
1784776046 | enp139s0f0np0: 230421097718180 62204775282    0 2473    0     0          0    502061 177752265887141 46085964319    0    0    0     0       0          0
1784776047 | enp139s0f0np0: 230421105028320 62204812372    0 2473    0     0          0    502061 177756839515900 46087061734    0    0    0     0       0          0
1784776048 | enp139s0f0np0: 230421112279293 62204849215    0 2473    0     0          0    502061 177761345770452 46088143051    0    0    0     0       0          0
1784776049 | enp139s0f0np0: 230421119617176 62204887120    0 2473    0     0          0    502061 177765860690446 46089226511    0    0    0     0       0          0
1784776050 | enp139s0f0np0: 230421126841064 62204923928    0 2473    0     0          0    502061 177770353365446 46090304495    0    0    0     0       0          0
1784776051 | enp139s0f0np0: 230421134087425 62204961375    0 2473    0     0          0    502061 177774835228482 46091379853    0    0    0     0       0          0
1784776052 | enp139s0f0np0: 230421141377110 62205001011    0 2473    0     0          0    502061 177779231595914 46092434745    0    0    0     0       0          0
1784776053 | enp139s0f0np0: 230421148592236 62205037863    0 2473    0     0          0    502061 177783741386142 46093516782    0    0    0     0       0          0
1784776054 | enp139s0f0np0: 230421155862749 62205077268    0 2473    0     0          0    502061 177788135490266 46094571099    0    0    0     0       0          0
1784776055 | enp139s0f0np0: 230421163155499 62205115468    0 2473    0     0          0    502061 177792632002848 46095650076    0    0    0     0       0          0
1784776056 | enp139s0f0np0: 230421170430746 62205152713    0 2473    0     0          0    502061 177797216151995 46096749900    0    0    0     0       0          0
1784776057 | enp139s0f0np0: 230421177651021 62205190311    0 2473    0     0          0    502062 177801729492593 46097832880    0    0    0     0       0          0
1784776058 | enp139s0f0np0: 230421184796776 62205228287    0 2473    0     0          0    502062 177806144929953 46098892265    0    0    0     0       0          0
1784776059 | enp139s0f0np0: 230421191869671 62205265263    0 2473    0     0          0    502062 177810510569745 46099939909    0    0    0     0       0          0
1784776060 | enp139s0f0np0: 230421198970621 62205300790    0 2473    0     0          0    502062 177815021504871 46101022236    0    0    0     0       0          0
1784776061 | enp139s0f0np0: 230421205840294 62205335817    0 2473    0     0          0    502062 177819360205315 46102063391    0    0    0     0       0          0
1784776062 | enp139s0f0np0: 230421213118384 62205374570    0 2473    0     0          0    502062 177823822970353 46103134243    0    0    0     0       0          0
1784776063 | enp139s0f0np0: 230421220215451 62205410917    0 2473    0     0          0    502062 177828270964901 46104201511    0    0    0     0       0          0
1784776064 | enp139s0f0np0: 230421227312195 62205448558    0 2473    0     0          0    502062 177832678169323 46105259027    0    0    0     0       0          0
1784776065 | enp139s0f0np0: 230421234433636 62205484581    0 2473    0     0          0    502062 177837161558021 46106334770    0    0    0     0       0          0
1784776066 | enp139s0f0np0: 230421241350534 62205519066    0 2473    0     0          0    502062 177841589388558 46107397306    0    0    0     0       0          0
1784776067 | enp139s0f0np0: 230421248627796 62205558307    0 2473    0     0          0    502062 177846060792806 46108470228    0    0    0     0       0          0
1784776068 | enp139s0f0np0: 230421255478341 62205593977    0 2473    0     0          0    502062 177850345965712 46109498600    0    0    0     0       0          0
1784776069 | enp139s0f0np0: 230421262705672 62205632003    0 2473    0     0          0    502062 177854822829734 46110572819    0    0    0     0       0          0
1784776070 | enp139s0f0np0: 230421269712434 62205669719    0 2473    0     0          0    502062 177859130272194 46111606627    0    0    0     0       0          0
1784776071 | enp139s0f0np0: 230421276623860 62205706355    0 2473    0     0          0    502062 177863419444364 46112635938    0    0    0     0       0          0
1784776072 | enp139s0f0np0: 230421283739790 62205742859    0 2473    0     0          0    502062 177867850566736 46113699208    0    0    0     0       0          0
1784776073 | enp139s0f0np0: 230421291187624 62205784313    0 2473    0     0          0    502062 177872285055906 46114763206    0    0    0     0       0          0
1784776074 | enp139s0f0np0: 230421298510469 62205823797    0 2473    0     0          0    502062 177876743190534 46115832982    0    0    0     0       0          0
1784776075 | enp139s0f0np0: 230421305661145 62205860905    0 2473    0     0          0    502062 177881196054550 46116901500    0    0    0     0       0          0
1784776076 | enp139s0f0np0: 230421312770243 62205896697    0 2473    0     0          0    502062 177885690789023 46117980038    0    0    0     0       0          0
1784776077 | enp139s0f0np0: 230421319876632 62205932238    0 2473    0     0          0    502062 177890177918367 46119056761    0    0    0     0       0          0
1784776078 | enp139s0f0np0: 230421327161360 62205971850    0 2473    0     0          0    502062 177894592203295 46120115948    0    0    0     0       0          0
1784776079 | enp139s0f0np0: 230421334235067 62206009413    0 2473    0     0          0    502062 177898948434887 46121161183    0    0    0     0       0          0
1784776080 | enp139s0f0np0: 230421341483354 62206046371    0 2473    0     0          0    502062 177903490985119 46122251142    0    0    0     0       0          0
1784776081 | enp139s0f0np0: 230421348664048 62206083602    0 2473    0     0          0    502062 177907970922889 46123326300    0    0    0     0       0          0
1784776082 | enp139s0f0np0: 230421355859826 62206120608    0 2473    0     0          0    502062 177912436514335 46124397908    0    0    0     0       0          0
1784776083 | enp139s0f0np0: 230421363287254 62206159591    0 2473    0     0          0    502062 177916997806783 46125492503    0    0    0     0       0          0
1784776084 | enp139s0f0np0: 230421370538378 62206196615    0 2473    0     0          0    502062 177921528723305 46126579709    0    0    0     0       0          0
1784776085 | enp139s0f0np0: 230421377700466 62206233920    0 2473    0     0          0    502062 177925976801533 46127647096    0    0    0     0       0          0
1784776086 | enp139s0f0np0: 230421384598288 62206265644    0 2473    0     0          0    502062 177930477976058 46128727006    0    0    0     0       0          0
1784776087 | enp139s0f0np0: 230421391636136 62206301789    0 2473    0     0          0    502063 177934865697920 46129779867    0    0    0     0       0          0
1784776088 | enp139s0f0np0: 230421398966375 62206339679    0 2473    0     0          0    502063 177939427463038 46130874288    0    0    0     0       0          0
1784776089 | enp139s0f0np0: 230421406281748 62206378958    0 2473    0     0          0    502063 177943879931876 46131942475    0    0    0     0       0          0
1784776090 | enp139s0f0np0: 230421413471402 62206415552    0 2473    0     0          0    502063 177948351901792 46133015483    0    0    0     0       0          0
1784776091 | enp139s0f0np0: 230421420598001 62206452140    0 2473    0     0          0    502063 177952777753140 46134077344    0    0    0     0       0          0
1784776092 | enp139s0f0np0: 230421427582918 62206487790    0 2473    0     0          0    502063 177957116796606 46135118570    0    0    0     0       0          0
1784776093 | enp139s0f0np0: 230421434777187 62206526779    0 2473    0     0          0    502063 177961465841524 46136162294    0    0    0     0       0          0
1784776094 | enp139s0f0np0: 230421441990583 62206564500    0 2473    0     0          0    502063 177965899759910 46137226333    0    0    0     0       0          0
1784776095 | enp139s0f0np0: 230421449125420 62206601078    0 2473    0     0          0    502063 177970313813578 46138285581    0    0    0     0       0          0
1784776096 | enp139s0f0np0: 230421456235690 62206637833    0 2473    0     0          0    502063 177974711607519 46139340863    0    0    0     0       0          0
1784776097 | enp139s0f0np0: 230421463242317 62206674903    0 2473    0     0          0    502063 177979004019409 46140370799    0    0    0     0       0          0
1784776098 | enp139s0f0np0: 230421470253088 62206711054    0 2473    0     0          0    502063 177983360726425 46141416226    0    0    0     0       0          0
1784776099 | enp139s0f0np0: 230421477429451 62206746811    0 2473    0     0          0    502063 177987894406001 46142504173    0    0    0     0       0          0
1784776100 | enp139s0f0np0: 230421484654497 62206784192    0 2473    0     0          0    502063 177992356870587 46143574980    0    0    0     0       0          0
1784776101 | enp139s0f0np0: 230421491989309 62206822725    0 2473    0     0          0    502063 177996814113985 46144644540    0    0    0     0       0          0
1784776102 | enp139s0f0np0: 230421499305789 62206861608    0 2473    0     0          0    502063 178001259918111 46145711379    0    0    0     0       0          0
1784776103 | enp139s0f0np0: 230421506732482 62206901014    0 2473    0     0          0    502063 178005711880487 46146779522    0    0    0     0       0          0
1784776104 | enp139s0f0np0: 230421513911907 62206938241    0 2473    0     0          0    502063 178010092003833 46147830702    0    0    0     0       0          0
1784776105 | enp139s0f0np0: 230421521185382 62206975565    0 2473    0     0          0    502063 178014576133753 46148906687    0    0    0     0       0          0
1784776106 | enp139s0f0np0: 230421528443490 62207013976    0 2473    0     0          0    502063 178018968573162 46149960588    0    0    0     0       0          0
1784776107 | enp139s0f0np0: 230421535612962 62207051202    0 2473    0     0          0    502063 178023346436036 46151011222    0    0    0     0       0          0
1784776108 | enp139s0f0np0: 230421542699705 62207087792    0 2473    0     0          0    502063 178027708488910 46152058106    0    0    0     0       0          0
1784776109 | enp139s0f0np0: 230421550032311 62207126496    0 2473    0     0          0    502063 178032134059326 46153120100    0    0    0     0       0          0
1784776110 | enp139s0f0np0: 230421557145199 62207162984    0 2473    0     0          0    502063 178036515496040 46154171502    0    0    0     0       0          0
1784776111 | enp139s0f0np0: 230421564263360 62207199709    0 2473    0     0          0    502063 178040927762006 46155230148    0    0    0     0       0          0
1784776112 | enp139s0f0np0: 230421571335934 62207235699    0 2473    0     0          0    502063 178045306812476 46156280982    0    0    0     0       0          0
1784776113 | enp139s0f0np0: 230421578528848 62207272703    0 2473    0     0          0    502063 178049728913004 46157342103    0    0    0     0       0          0
1784776114 | enp139s0f0np0: 230421585906675 62207310737    0 2473    0     0          0    502063 178054288002586 46158436079    0    0    0     0       0          0
1784776115 | enp139s0f0np0: 230421589890263 62207333167    0 2473    0     0          0    502063 178056513197380 46158970535    0    0    0     0       0          0
1784776116 | enp139s0f0np0: 230421595464059 62207362921    0 2473    0     0          0    502063 178059872825171 46159777251    0    0    0     0       0          0
1784776117 | enp139s0f0np0: 230421602884709 62207401066    0 2473    0     0          0    502064 178064428113427 46160870254    0    0    0     0       0          0
1784776118 | enp139s0f0np0: 230421610153173 62207438298    0 2473    0     0          0    502064 178068936577023 46161952076    0    0    0     0       0          0
1784776119 | enp139s0f0np0: 230421617349056 62207475338    0 2473    0     0          0    502064 178073381015713 46163018524    0    0    0     0       0          0
1784776120 | enp139s0f0np0: 230421624611692 62207512955    0 2473    0     0          0    502064 178077831341633 46164086265    0    0    0     0       0          0
1784776121 | enp139s0f0np0: 230421631816340 62207549563    0 2473    0     0          0    502064 178082325670535 46165164709    0    0    0     0       0          0
1784776122 | enp139s0f0np0: 230421638602776 62207585316    0 2473    0     0          0    502064 178086457343295 46166156429    0    0    0     0       0          0
1784776123 | enp139s0f0np0: 230421645689218 62207622167    0 2473    0     0          0    502064 178090827612241 46167205244    0    0    0     0       0          0
1784776124 | enp139s0f0np0: 230421652808225 62207658604    0 2473    0     0          0    502064 178095246795475 46168265704    0    0    0     0       0          0
1784776125 | enp139s0f0np0: 230421659720127 62207691166    0 2473    0     0          0    502064 178099692902805 46169332423    0    0    0     0       0          0
1784776126 | enp139s0f0np0: 230421666798025 62207726788    0 2473    0     0          0    502064 178104177214303 46170408331    0    0    0     0       0          0
1784776127 | enp139s0f0np0: 230421673904064 62207764101    0 2473    0     0          0    502064 178108504067374 46171446650    0    0    0     0       0          0
1784776128 | enp139s0f0np0: 230421681185371 62207802235    0 2473    0     0          0    502064 178112950133106 46172513682    0    0    0     0       0          0
1784776129 | enp139s0f0np0: 230421688639868 62207843373    0 2473    0     0          0    502064 178117387918300 46173578540    0    0    0     0       0          0
1784776130 | enp139s0f0np0: 230421696008187 62207883223    0 2473    0     0          0    502064 178121800904546 46174637523    0    0    0     0       0          0
1784776131 | enp139s0f0np0: 230421703192929 62207920621    0 2473    0     0          0    502064 178126246681868 46175704368    0    0    0     0       0          0
1784776132 | enp139s0f0np0: 230421710366479 62207957736    0 2473    0     0          0    502064 178130693957598 46176771409    0    0    0     0       0          0
1784776133 | enp139s0f0np0: 230421717643710 62207995848    0 2473    0     0          0    502064 178135170326462 46177845460    0    0    0     0       0          0
1784776134 | enp139s0f0np0: 230421724861875 62208032895    0 2473    0     0          0    502064 178139681170200 46178927757    0    0    0     0       0          0
1784776135 | enp139s0f0np0: 230421732143756 62208071079    0 2473    0     0          0    502064 178144176244458 46180006506    0    0    0     0       0          0
1784776136 | enp139s0f0np0: 230421739240939 62208107390    0 2473    0     0          0    502064 178148591156410 46181065902    0    0    0     0       0          0
1784776137 | enp139s0f0np0: 230421746358757 62208144352    0 2473    0     0          0    502064 178153007422672 46182125691    0    0    0     0       0          0
1784776138 | enp139s0f0np0: 230421753516159 62208182259    0 2473    0     0          0    502064 178157404669395 46183180843    0    0    0     0       0          0
1784776139 | enp139s0f0np0: 230421760787475 62208220431    0 2473    0     0          0    502064 178161859935835 46184249968    0    0    0     0       0          0
1784776140 | enp139s0f0np0: 230421767853140 62208256811    0 2473    0     0          0    502064 178166247111307 46185302711    0    0    0     0       0          0
1784776141 | enp139s0f0np0: 230421772977656 62208286782    0 2473    0     0          0    502064 178169165152777 46186003383    0    0    0     0       0          0
1784776142 | enp139s0f0np0: 230421778065509 62208316197    0 2473    0     0          0    502064 178172123869089 46186713942    0    0    0     0       0          0
1784776143 | enp139s0f0np0: 230421785507625 62208356715    0 2473    0     0          0    502064 178176616841283 46187791920    0    0    0     0       0          0
1784776144 | enp139s0f0np0: 230421792804881 62208396796    0 2473    0     0          0    502064 178181026822181 46188850058    0    0    0     0       0          0
1784776145 | enp139s0f0np0: 230421797570144 62208423235    0 2473    0     0          0    502064 178183871034461 46189532603    0    0    0     0       0          0
