1784774006 | enp139s0f0np0: 229493568832192 61960456115    0 2473    0     0          0    501993 177062898568164 45898292880    0    0    0     0       0          0
1784774007 | enp139s0f0np0: 229493653503091 61960486873    0 2473    0     0          0    501993 177064385218377 45898650468    0    0    0     0       0          0
1784774008 | enp139s0f0np0: 229494328709910 61960678368    0 2473    0     0          0    501993 177067741665485 45899464208    0    0    0     0       0          0
1784774009 | enp139s0f0np0: 229494333347870 61960704971    0 2473    0     0          0    501993 177070061289307 45900023079    0    0    0     0       0          0
1784774010 | enp139s0f0np0: 229494963546611 61960883286    0 2473    0     0          0    501993 177072552627401 45900630574    0    0    0     0       0          0
1784774011 | enp139s0f0np0: 229495174319516 61960966385    0 2473    0     0          0    501993 177076164743901 45901501078    0    0    0     0       0          0
1784774012 | enp139s0f0np0: 229495681624162 61961119061    0 2473    0     0          0    501993 177078923519889 45902171644    0    0    0     0       0          0
1784774013 | enp139s0f0np0: 229495912117848 61961210019    0 2473    0     0          0    501993 177083300173157 45903224577    0    0    0     0       0          0
1784774014 | enp139s0f0np0: 229496145487153 61961299950    0 2473    0     0          0    501993 177087417893108 45904215622    0    0    0     0       0          0
1784774015 | enp139s0f0np0: 229496391076172 61961394011    0 2473    0     0          0    501993 177091596077215 45905220552    0    0    0     0       0          0
1784774016 | enp139s0f0np0: 229496925039550 61961549655    0 2473    0     0          0    501993 177093981356420 45905802287    0    0    0     0       0          0
1784774017 | enp139s0f0np0: 229497489165656 61961713953    0 2473    0     0          0    501994 177096536288690 45906425016    0    0    0     0       0          0
1784774018 | enp139s0f0np0: 229497952734546 61961854440    0 2473    0     0          0    501994 177099139734653 45907057742    0    0    0     0       0          0
1784774019 | enp139s0f0np0: 229498292113980 61961963185    0 2473    0     0          0    501994 177101534672723 45907638875    0    0    0     0       0          0
1784774020 | enp139s0f0np0: 229498972145512 61962148381    0 2473    0     0          0    501994 177103267926562 45908065832    0    0    0     0       0          0
1784774021 | enp139s0f0np0: 229499191919087 61962228678    0 2473    0     0          0    501994 177105903302802 45908702848    0    0    0     0       0          0
1784774022 | enp139s0f0np0: 229499869459639 61962420154    0 2473    0     0          0    501994 177108489753080 45909333851    0    0    0     0       0          0
1784774023 | enp139s0f0np0: 229500014233485 61962484322    0 2473    0     0          0    501994 177111491095041 45910056896    0    0    0     0       0          0
1784774024 | enp139s0f0np0: 229500632743515 61962663905    0 2473    0     0          0    501994 177114200355939 45910716157    0    0    0     0       0          0
1784774025 | enp139s0f0np0: 229500723474832 61962705947    0 2473    0     0          0    501994 177116091734182 45911173178    0    0    0     0       0          0
1784774026 | enp139s0f0np0: 229501160264004 61962841960    0 2473    0     0          0    501994 177119792670719 45912066690    0    0    0     0       0          0
1784774027 | enp139s0f0np0: 229501499341639 61962950524    0 2473    0     0          0    501994 177122148394834 45912638011    0    0    0     0       0          0
1784774028 | enp139s0f0np0: 229502156732118 61963138915    0 2473    0     0          0    501994 177125228568353 45913386073    0    0    0     0       0          0
1784774029 | enp139s0f0np0: 229502723787584 61963295795    0 2473    0     0          0    501994 177126776735983 45913767727    0    0    0     0       0          0
1784774030 | enp139s0f0np0: 229502844413308 61963334444    0 2473    0     0          0    501994 177127392473929 45913918675    0    0    0     0       0          0
1784774031 | enp139s0f0np0: 229502845187499 61963338963    0 2473    0     0          0    501994 177127671310493 45913986158    0    0    0     0       0          0
1784774032 | enp139s0f0np0: 229502845870962 61963342910    0 2473    0     0          0    501994 177127925045345 45914047517    0    0    0     0       0          0
1784774033 | enp139s0f0np0: 229502846666046 61963347903    0 2473    0     0          0    501994 177128259333007 45914128266    0    0    0     0       0          0
1784774034 | enp139s0f0np0: 229502847405342 61963352173    0 2473    0     0          0    501994 177128569062967 45914203041    0    0    0     0       0          0
1784774035 | enp139s0f0np0: 229502848075683 61963356158    0 2473    0     0          0    501994 177128841732687 45914268948    0    0    0     0       0          0
1784774036 | enp139s0f0np0: 229502848677417 61963359640    0 2473    0     0          0    501994 177129084004679 45914327575    0    0    0     0       0          0
1784774037 | enp139s0f0np0: 229502849454577 61963363843    0 2473    0     0          0    501994 177129381524956 45914399574    0    0    0     0       0          0
1784774038 | enp139s0f0np0: 229502850648427 61963370787    0 2473    0     0          0    501994 177129858161268 45914515011    0    0    0     0       0          0
1784774039 | enp139s0f0np0: 229502852724820 61963383480    0 2473    0     0          0    501994 177130712081284 45914721592    0    0    0     0       0          0
1784774040 | enp139s0f0np0: 229502854457792 61963393008    0 2473    0     0          0    501994 177131361026102 45914879153    0    0    0     0       0          0
1784774041 | enp139s0f0np0: 229502856982451 61963408279    0 2473    0     0          0    501994 177132520010672 45915158956    0    0    0     0       0          0
1784774042 | enp139s0f0np0: 229502928304626 61963443394    0 2473    0     0          0    501994 177133848256828 45915480912    0    0    0     0       0          0
1784774043 | enp139s0f0np0: 229502999920517 61963479885    0 2473    0     0          0    501994 177135233710344 45915817178    0    0    0     0       0          0
1784774044 | enp139s0f0np0: 229503002131418 61963493346    0 2473    0     0          0    501994 177136127479878 45916033721    0    0    0     0       0          0
1784774045 | enp139s0f0np0: 229503003621620 61963503257    0 2473    0     0          0    501994 177136858090738 45916209741    0    0    0     0       0          0
1784774046 | enp139s0f0np0: 229503005319477 61963514059    0 2473    0     0          0    501994 177137638712660 45916398114    0    0    0     0       0          0
1784774047 | enp139s0f0np0: 229503006548855 61963522049    0 2473    0     0          0    501995 177138198671185 45916533266    0    0    0     0       0          0
1784774048 | enp139s0f0np0: 229503008279609 61963532719    0 2473    0     0          0    501995 177138983069677 45916722699    0    0    0     0       0          0
1784774049 | enp139s0f0np0: 229503028448705 61963544752    0 2473    0     0          0    501995 177139554319107 45916860862    0    0    0     0       0          0
1784774050 | enp139s0f0np0: 229503124351818 61963573624    0 2473    0     0          0    501995 177139946360943 45916957364    0    0    0     0       0          0
1784774051 | enp139s0f0np0: 229503216324852 61963601340    0 2473    0     0          0    501995 177140318897299 45917049058    0    0    0     0       0          0
1784774052 | enp139s0f0np0: 229503217131564 61963606239    0 2473    0     0          0    501995 177140680107293 45917136249    0    0    0     0       0          0
1784774053 | enp139s0f0np0: 229503286815674 61963631100    0 2473    0     0          0    501995 177141276348313 45917281317    0    0    0     0       0          0
1784774054 | enp139s0f0np0: 229503287577272 61963636025    0 2473    0     0          0    501995 177141602636337 45917360166    0    0    0     0       0          0
1784774055 | enp139s0f0np0: 229503288381885 61963641078    0 2473    0     0          0    501995 177141951843145 45917444439    0    0    0     0       0          0
1784774056 | enp139s0f0np0: 229503289222219 61963645934    0 2473    0     0          0    501995 177142298681945 45917528238    0    0    0     0       0          0
1784774057 | enp139s0f0np0: 229503290112687 61963651201    0 2473    0     0          0    501995 177142679640698 45917620196    0    0    0     0       0          0
1784774058 | enp139s0f0np0: 229503291268644 61963658231    0 2473    0     0          0    501995 177143164381300 45917737193    0    0    0     0       0          0
1784774059 | enp139s0f0np0: 229503292570284 61963665677    0 2473    0     0          0    501995 177143714448598 45917870213    0    0    0     0       0          0
1784774060 | enp139s0f0np0: 229503428914367 61963709250    0 2473    0     0          0    501995 177144643210700 45918096479    0    0    0     0       0          0
1784774061 | enp139s0f0np0: 229503608606786 61963765696    0 2473    0     0          0    501995 177145561700770 45918321433    0    0    0     0       0          0
1784774062 | enp139s0f0np0: 229503640071271 61963783205    0 2473    0     0          0    501995 177146263060044 45918491590    0    0    0     0       0          0
1784774063 | enp139s0f0np0: 229503642757902 61963800075    0 2473    0     0          0    501995 177147458353602 45918780230    0    0    0     0       0          0
1784774064 | enp139s0f0np0: 229503644563530 61963810566    0 2473    0     0          0    501995 177148182076798 45918955382    0    0    0     0       0          0
1784774065 | enp139s0f0np0: 229503647229330 61963826238    0 2473    0     0          0    501995 177149228036552 45919208837    0    0    0     0       0          0
1784774066 | enp139s0f0np0: 229503649077908 61963837389    0 2473    0     0          0    501995 177149996741340 45919394615    0    0    0     0       0          0
1784774067 | enp139s0f0np0: 229503650457841 61963846026    0 2473    0     0          0    501995 177150579609713 45919535487    0    0    0     0       0          0
1784774068 | enp139s0f0np0: 229503652123574 61963856229    0 2473    0     0          0    501995 177151304609415 45919710495    0    0    0     0       0          0
1784774069 | enp139s0f0np0: 229503654116276 61963869127    0 2473    0     0          0    501995 177152264059443 45919941627    0    0    0     0       0          0
1784774070 | enp139s0f0np0: 229503655358108 61963876712    0 2473    0     0          0    501995 177152745433627 45920058081    0    0    0     0       0          0
1784774071 | enp139s0f0np0: 229503656338033 61963882430    0 2473    0     0          0    501995 177153097700419 45920143410    0    0    0     0       0          0
1784774072 | enp139s0f0np0: 229503800126908 61963926155    0 2473    0     0          0    501995 177153718771876 45920296101    0    0    0     0       0          0
1784774073 | enp139s0f0np0: 229503932725380 61963967047    0 2473    0     0          0    501995 177154386307977 45920459580    0    0    0     0       0          0
1784774074 | enp139s0f0np0: 229503934094560 61963975105    0 2473    0     0          0    501995 177154935201059 45920592327    0    0    0     0       0          0
1784774075 | enp139s0f0np0: 229503935333999 61963982306    0 2473    0     0          0    501995 177155416864087 45920708853    0    0    0     0       0          0
1784774076 | enp139s0f0np0: 229503936337721 61963988169    0 2473    0     0          0    501995 177155818400901 45920805874    0    0    0     0       0          0
1784774077 | enp139s0f0np0: 229503937819762 61963996902    0 2473    0     0          0    501996 177156418196188 45920950803    0    0    0     0       0          0
1784774078 | enp139s0f0np0: 229503938840147 61964002640    0 2473    0     0          0    501996 177156782460436 45921039034    0    0    0     0       0          0
1784774079 | enp139s0f0np0: 229503939956094 61964009111    0 2473    0     0          0    501996 177157231445254 45921147407    0    0    0     0       0          0
1784774080 | enp139s0f0np0: 229504009469955 61964032780    0 2473    0     0          0    501996 177157700437104 45921261865    0    0    0     0       0          0
1784774081 | enp139s0f0np0: 229504216582005 61964094743    0 2473    0     0          0    501996 177158494936876 45921457625    0    0    0     0       0          0
1784774082 | enp139s0f0np0: 229504218031098 61964103656    0 2473    0     0          0    501996 177159140930708 45921613346    0    0    0     0       0          0
1784774083 | enp139s0f0np0: 229504218943661 61964108826    0 2473    0     0          0    501996 177159475808994 45921694372    0    0    0     0       0          0
1784774084 | enp139s0f0np0: 229504220568847 61964118311    0 2473    0     0          0    501996 177160254179066 45921881966    0    0    0     0       0          0
1784774085 | enp139s0f0np0: 229504222309356 61964128572    0 2473    0     0          0    501996 177161008142966 45922064032    0    0    0     0       0          0
1784774086 | enp139s0f0np0: 229504223741714 61964137252    0 2473    0     0          0    501996 177161662737926 45922221840    0    0    0     0       0          0
1784774087 | enp139s0f0np0: 229504225689799 61964148906    0 2473    0     0          0    501996 177162466393457 45922416019    0    0    0     0       0          0
1784774088 | enp139s0f0np0: 229504478748280 61964232075    0 2473    0     0          0    501996 177164014732825 45922794433    0    0    0     0       0          0
1784774089 | enp139s0f0np0: 229504573163605 61964266827    0 2473    0     0          0    501996 177164872854709 45923003201    0    0    0     0       0          0
1784774090 | enp139s0f0np0: 229504575758744 61964281806    0 2473    0     0          0    501996 177165875942915 45923246123    0    0    0     0       0          0
1784774091 | enp139s0f0np0: 229504577060705 61964289260    0 2473    0     0          0    501996 177166383683715 45923368793    0    0    0     0       0          0
1784774092 | enp139s0f0np0: 229504635801868 61964309576    0 2473    0     0          0    501996 177166789599357 45923468040    0    0    0     0       0          0
1784774093 | enp139s0f0np0: 229504647536763 61964318167    0 2473    0     0          0    501996 177167176585223 45923561924    0    0    0     0       0          0
1784774094 | enp139s0f0np0: 229504649197260 61964328092    0 2473    0     0          0    501996 177167830304239 45923719907    0    0    0     0       0          0
1784774095 | enp139s0f0np0: 229504650495285 61964335374    0 2473    0     0          0    501996 177168345515373 45923844401    0    0    0     0       0          0
1784774096 | enp139s0f0np0: 229504652373950 61964347134    0 2473    0     0          0    501996 177169171513647 45924043666    0    0    0     0       0          0
1784774097 | enp139s0f0np0: 229504654259611 61964358695    0 2473    0     0          0    501996 177169981665760 45924239245    0    0    0     0       0          0
1784774098 | enp139s0f0np0: 229504655580875 61964366989    0 2473    0     0          0    501996 177170566123028 45924380167    0    0    0     0       0          0
1784774099 | enp139s0f0np0: 229504656972953 61964375757    0 2473    0     0          0    501996 177171182884930 45924528935    0    0    0     0       0          0
1784774100 | enp139s0f0np0: 229504658274286 61964383849    0 2473    0     0          0    501996 177171751896514 45924666159    0    0    0     0       0          0
1784774101 | enp139s0f0np0: 229504659449449 61964390971    0 2473    0     0          0    501996 177172264600236 45924789782    0    0    0     0       0          0
1784774102 | enp139s0f0np0: 229504660551136 61964397543    0 2473    0     0          0    501996 177172727701106 45924901480    0    0    0     0       0          0
1784774103 | enp139s0f0np0: 229504661819518 61964404854    0 2473    0     0          0    501996 177173221607234 45925020884    0    0    0     0       0          0
1784774104 | enp139s0f0np0: 229504663234982 61964413659    0 2473    0     0          0    501996 177173872728262 45925177774    0    0    0     0       0          0
1784774105 | enp139s0f0np0: 229504664804283 61964423459    0 2473    0     0          0    501996 177174555385150 45925342420    0    0    0     0       0          0
1784774106 | enp139s0f0np0: 229504795701583 61964463391    0 2473    0     0          0    501996 177175122382733 45925481862    0    0    0     0       0          0
1784774107 | enp139s0f0np0: 229504872849694 61964491565    0 2473    0     0          0    501997 177175802178141 45925647262    0    0    0     0       0          0
1784774108 | enp139s0f0np0: 229504874214831 61964499590    0 2473    0     0          0    501997 177176364874089 45925783218    0    0    0     0       0          0
1784774109 | enp139s0f0np0: 229504875809617 61964509413    0 2473    0     0          0    501997 177177075592737 45925954715    0    0    0     0       0          0
1784774110 | enp139s0f0np0: 229504876898364 61964515894    0 2473    0     0          0    501997 177177507078981 45926059099    0    0    0     0       0          0
1784774111 | enp139s0f0np0: 229504878176176 61964523179    0 2473    0     0          0    501997 177178043940565 45926188894    0    0    0     0       0          0
1784774112 | enp139s0f0np0: 229504880224653 61964535192    0 2473    0     0          0    501997 177178945216098 45926406472    0    0    0     0       0          0
1784774113 | enp139s0f0np0: 229504996754287 61964570690    0 2473    0     0          0    501997 177179489067441 45926539593    0    0    0     0       0          0
1784774114 | enp139s0f0np0: 229505111835731 61964609592    0 2473    0     0          0    501997 177180324456933 45926742933    0    0    0     0       0          0
1784774115 | enp139s0f0np0: 229505157787319 61964627355    0 2473    0     0          0    501997 177180822681614 45926863972    0    0    0     0       0          0
1784774116 | enp139s0f0np0: 229505159562649 61964638947    0 2473    0     0          0    501997 177181614222608 45927055011    0    0    0     0       0          0
1784774117 | enp139s0f0np0: 229505160525153 61964644477    0 2473    0     0          0    501997 177182030329267 45927155493    0    0    0     0       0          0
1784774118 | enp139s0f0np0: 229505162259361 61964655712    0 2473    0     0          0    501997 177182802428269 45927341734    0    0    0     0       0          0
1784774119 | enp139s0f0np0: 229505163463613 61964663548    0 2473    0     0          0    501997 177183357260519 45927475479    0    0    0     0       0          0
1784774120 | enp139s0f0np0: 229505165351073 61964674691    0 2473    0     0          0    501997 177184160965163 45927669764    0    0    0     0       0          0
1784774121 | enp139s0f0np0: 229505166376347 61964681098    0 2473    0     0          0    501997 177184623222469 45927781173    0    0    0     0       0          0
1784774122 | enp139s0f0np0: 229505168306721 61964692226    0 2473    0     0          0    501997 177185376974555 45927964000    0    0    0     0       0          0
1784774123 | enp139s0f0np0: 229505169648763 61964700903    0 2473    0     0          0    501997 177186004939345 45928115467    0    0    0     0       0          0
1784774124 | enp139s0f0np0: 229505290387898 61964738291    0 2473    0     0          0    501997 177186540771887 45928247465    0    0    0     0       0          0
1784774125 | enp139s0f0np0: 229505378011963 61964771090    0 2473    0     0          0    501997 177187501648477 45928480396    0    0    0     0       0          0
1784774126 | enp139s0f0np0: 229505447816786 61964796535    0 2473    0     0          0    501997 177188153143893 45928638921    0    0    0     0       0          0
1784774127 | enp139s0f0np0: 229505449212696 61964805495    0 2473    0     0          0    501997 177188843743710 45928805359    0    0    0     0       0          0
1784774128 | enp139s0f0np0: 229505450834497 61964815623    0 2473    0     0          0    501997 177189637332610 45928996599    0    0    0     0       0          0
1784774129 | enp139s0f0np0: 229505452443545 61964826457    0 2473    0     0          0    501997 177190399175786 45929180240    0    0    0     0       0          0
1784774130 | enp139s0f0np0: 229505454341570 61964839016    0 2473    0     0          0    501997 177191289380520 45929394936    0    0    0     0       0          0
1784774131 | enp139s0f0np0: 229505455550286 61964847026    0 2473    0     0          0    501997 177191852507654 45929530782    0    0    0     0       0          0
1784774132 | enp139s0f0np0: 229505457598160 61964860614    0 2473    0     0          0    501997 177192806711850 45929760847    0    0    0     0       0          0
1784774133 | enp139s0f0np0: 229505527702164 61964888800    0 2473    0     0          0    501997 177193625104114 45929959493    0    0    0     0       0          0
1784774134 | enp139s0f0np0: 229505529239470 61964898948    0 2473    0     0          0    501997 177194379439740 45930141258    0    0    0     0       0          0
1784774135 | enp139s0f0np0: 229505530759944 61964907808    0 2473    0     0          0    501997 177194997777472 45930290963    0    0    0     0       0          0
1784774136 | enp139s0f0np0: 229505531947607 61964915339    0 2473    0     0          0    501997 177195572604215 45930429484    0    0    0     0       0          0
1784774137 | enp139s0f0np0: 229505533125888 61964922307    0 2473    0     0          0    501998 177196006889427 45930534910    0    0    0     0       0          0
1784774138 | enp139s0f0np0: 229505534651847 61964931757    0 2473    0     0          0    501998 177196747425997 45930713478    0    0    0     0       0          0
1784774139 | enp139s0f0np0: 229505535685646 61964938432    0 2473    0     0          0    501998 177197225451539 45930828780    0    0    0     0       0          0
1784774140 | enp139s0f0np0: 229505537404591 61964949357    0 2473    0     0          0    501998 177198039862549 45931025157    0    0    0     0       0          0
1784774141 | enp139s0f0np0: 229505538642951 61964957470    0 2473    0     0          0    501998 177198650944539 45931172353    0    0    0     0       0          0
1784774142 | enp139s0f0np0: 229505540036223 61964966642    0 2473    0     0          0    501998 177199291938591 45931326879    0    0    0     0       0          0
1784774143 | enp139s0f0np0: 229505541497707 61964976139    0 2473    0     0          0    501998 177199968499741 45931489967    0    0    0     0       0          0
1784774144 | enp139s0f0np0: 229505542903089 61964985450    0 2473    0     0          0    501998 177200627013145 45931648655    0    0    0     0       0          0
1784774145 | enp139s0f0np0: 229505544132707 61964993386    0 2473    0     0          0    501998 177201211715925 45931789553    0    0    0     0       0          0
1784774146 | enp139s0f0np0: 229505545502648 61965001707    0 2473    0     0          0    501998 177201811464316 45931934352    0    0    0     0       0          0
1784774147 | enp139s0f0np0: 229505546542895 61965007666    0 2473    0     0          0    501998 177202228239402 45932035066    0    0    0     0       0          0
1784774148 | enp139s0f0np0: 229505547814379 61965015033    0 2473    0     0          0    501998 177202742723124 45932159533    0    0    0     0       0          0
1784774149 | enp139s0f0np0: 229505549457769 61965024259    0 2473    0     0          0    501998 177203399037040 45932318548    0    0    0     0       0          0
1784774150 | enp139s0f0np0: 229505553536526 61965030120    0 2473    0     0          0    501998 177203747470096 45932402754    0    0    0     0       0          0
1784774151 | enp139s0f0np0: 229505688246841 61965069905    0 2473    0     0          0    501998 177204220782700 45932519564    0    0    0     0       0          0
1784774152 | enp139s0f0np0: 229505689026356 61965074672    0 2473    0     0          0    501998 177204553976594 45932599974    0    0    0     0       0          0
1784774153 | enp139s0f0np0: 229505732522710 61965089725    0 2473    0     0          0    501998 177204862003294 45932675146    0    0    0     0       0          0
1784774154 | enp139s0f0np0: 229505759302544 61965103098    0 2473    0     0          0    501998 177205354552346 45932794483    0    0    0     0       0          0
1784774155 | enp139s0f0np0: 229505760441175 61965110090    0 2473    0     0          0    501998 177205861944692 45932916892    0    0    0     0       0          0
1784774156 | enp139s0f0np0: 229505761868591 61965118079    0 2473    0     0          0    501998 177206361118605 45933038131    0    0    0     0       0          0
1784774157 | enp139s0f0np0: 229505763235740 61965126951    0 2473    0     0          0    501998 177206980514499 45933187483    0    0    0     0       0          0
1784774158 | enp139s0f0np0: 229505764337802 61965133843    0 2473    0     0          0    501998 177207451373311 45933301128    0    0    0     0       0          0
1784774159 | enp139s0f0np0: 229505833459526 61965154965    0 2473    0     0          0    501998 177207737411029 45933371610    0    0    0     0       0          0
1784774160 | enp139s0f0np0: 229505835128354 61965165667    0 2473    0     0          0    501998 177208533131795 45933563403    0    0    0     0       0          0
1784774161 | enp139s0f0np0: 229505836374814 61965173123    0 2473    0     0          0    501998 177209060065885 45933690665    0    0    0     0       0          0
1784774162 | enp139s0f0np0: 229506112348222 61965255780    0 2473    0     0          0    501998 177210210636251 45933972679    0    0    0     0       0          0
1784774163 | enp139s0f0np0: 229506114001227 61965265933    0 2473    0     0          0    501998 177210924048035 45934144971    0    0    0     0       0          0
1784774164 | enp139s0f0np0: 229506115685605 61965276093    0 2473    0     0          0    501998 177211689661853 45934329520    0    0    0     0       0          0
1784774165 | enp139s0f0np0: 229506116675873 61965281727    0 2473    0     0          0    501998 177212081861273 45934424278    0    0    0     0       0          0
1784774166 | enp139s0f0np0: 229506118008323 61965289086    0 2473    0     0          0    501998 177212550866096 45934538144    0    0    0     0       0          0
1784774167 | enp139s0f0np0: 229506119713438 61965299340    0 2473    0     0          0    501999 177213256524180 45934708535    0    0    0     0       0          0
1784774168 | enp139s0f0np0: 229506121416311 61965309657    0 2473    0     0          0    501999 177214067661866 45934903984    0    0    0     0       0          0
1784774169 | enp139s0f0np0: 229506123065220 61965319520    0 2473    0     0          0    501999 177214811332644 45935083191    0    0    0     0       0          0
1784774170 | enp139s0f0np0: 229506125907093 61965336864    0 2473    0     0          0    501999 177215984856330 45935366934    0    0    0     0       0          0
1784774171 | enp139s0f0np0: 229506167373082 61965358595    0 2473    0     0          0    501999 177216866391988 45935580194    0    0    0     0       0          0
1784774172 | enp139s0f0np0: 229506197751126 61965375279    0 2473    0     0          0    501999 177217539251646 45935742927    0    0    0     0       0          0
1784774173 | enp139s0f0np0: 229506267686082 61965400876    0 2473    0     0          0    501999 177218113876108 45935883438    0    0    0     0       0          0
1784774174 | enp139s0f0np0: 229506269397304 61965410724    0 2473    0     0          0    501999 177218762381902 45936040485    0    0    0     0       0          0
1784774175 | enp139s0f0np0: 229506270727936 61965418449    0 2473    0     0          0    501999 177219322596304 45936175651    0    0    0     0       0          0
1784774176 | enp139s0f0np0: 229506341071045 61965447150    0 2473    0     0          0    501999 177220138554421 45936374181    0    0    0     0       0          0
1784774177 | enp139s0f0np0: 229506411925220 61965478265    0 2473    0     0          0    501999 177221165108041 45936623645    0    0    0     0       0          0
1784774178 | enp139s0f0np0: 229506414135709 61965491312    0 2473    0     0          0    501999 177222113610295 45936852684    0    0    0     0       0          0
1784774179 | enp139s0f0np0: 229506415681943 61965500307    0 2473    0     0          0    501999 177222731951125 45937002053    0    0    0     0       0          0
1784774180 | enp139s0f0np0: 229506465368496 61965520228    0 2473    0     0          0    501999 177223301298483 45937140302    0    0    0     0       0          0
1784774181 | enp139s0f0np0: 229506486320370 61965530304    0 2473    0     0          0    501999 177223659456007 45937227304    0    0    0     0       0          0
1784774182 | enp139s0f0np0: 229506507562437 61965548336    0 2473    0     0          0    501999 177224670957592 45937471787    0    0    0     0       0          0
1784774183 | enp139s0f0np0: 229506695606573 61965605641    0 2473    0     0          0    501999 177225507840725 45937677387    0    0    0     0       0          0
1784774184 | enp139s0f0np0: 229506799601521 61965640748    0 2473    0     0          0    501999 177226236035049 45937855028    0    0    0     0       0          0
1784774185 | enp139s0f0np0: 229506835475216 61965657540    0 2473    0     0          0    501999 177226810844489 45937994647    0    0    0     0       0          0
1784774186 | enp139s0f0np0: 229506836933106 61965666637    0 2473    0     0          0    501999 177227474329560 45938154601    0    0    0     0       0          0
1784774187 | enp139s0f0np0: 229506837255444 61965667978    0 2473    0     0          0    501999 177227538689836 45938170342    0    0    0     0       0          0
1784774188 | enp139s0f0np0: 229506837444323 61965668335    0 2473    0     0          0    501999 177227538762436 45938170587    0    0    0     0       0          0
1784774189 | enp139s0f0np0: 229506837652731 61965668725    0 2473    0     0          0    501999 177227538846172 45938170866    0    0    0     0       0          0
1784774190 | enp139s0f0np0: 229506838022412 61965669665    0 2473    0     0          0    501999 177227539126120 45938171698    0    0    0     0       0          0
1784774191 | enp139s0f0np0: 229506975340157 61965706056    0 2473    0     0          0    501999 177227676460266 45938208152    0    0    0     0       0          0
1784774192 | enp139s0f0np0: 229507044262320 61965724960    0 2473    0     0          0    501999 177227745356620 45938227055    0    0    0     0       0          0
1784774193 | enp139s0f0np0: 229507044399856 61965725155    0 2473    0     0          0    501999 177227745374206 45938227109    0    0    0     0       0          0
1784774194 | enp139s0f0np0: 229507044741167 61965725970    0 2473    0     0          0    501999 177227745619996 45938227806    0    0    0     0       0          0
1784774195 | enp139s0f0np0: 229507044895438 61965726278    0 2473    0     0          0    501999 177227745672220 45938227991    0    0    0     0       0          0
1784774196 | enp139s0f0np0: 229507045058865 61965726534    0 2473    0     0          0    501999 177227745707749 45938228125    0    0    0     0       0          0
1784774197 | enp139s0f0np0: 229507045267844 61965726936    0 2473    0     0          0    502000 177227745797041 45938228426    0    0    0     0       0          0
1784774198 | enp139s0f0np0: 229507045397082 61965727171    0 2473    0     0          0    502000 177227745826465 45938228535    0    0    0     0       0          0
1784774199 | enp139s0f0np0: 229507045556612 61965727493    0 2473    0     0          0    502000 177227745882283 45938228733    0    0    0     0       0          0
1784774200 | enp139s0f0np0: 229507045709740 61965727742    0 2473    0     0          0    502000 177227745911455 45938228833    0    0    0     0       0          0
1784774201 | enp139s0f0np0: 229507045933852 61965728264    0 2473    0     0          0    502000 177227746050841 45938229266    0    0    0     0       0          0
1784774202 | enp139s0f0np0: 229507046310417 61965729227    0 2473    0     0          0    502000 177227746360489 45938230125    0    0    0     0       0          0
1784774203 | enp139s0f0np0: 229507046540855 61965729788    0 2473    0     0          0    502000 177227746505461 45938230583    0    0    0     0       0          0
1784774204 | enp139s0f0np0: 229507046747586 61965730251    0 2473    0     0          0    502000 177227746622047 45938230940    0    0    0     0       0          0
1784774205 | enp139s0f0np0: 229507046972035 61965730793    0 2473    0     0          0    502000 177227746764769 45938231408    0    0    0     0       0          0
1784774206 | enp139s0f0np0: 229507093272577 61965743458    0 2473    0     0          0    502000 177227793033686 45938243999    0    0    0     0       0          0
1784774207 | enp139s0f0np0: 229507115955756 61965749782    0 2473    0     0          0    502000 177227815646768 45938250214    0    0    0     0       0          0
1784774208 | enp139s0f0np0: 229507116195116 61965750416    0 2473    0     0          0    502000 177227815849898 45938250820    0    0    0     0       0          0
1784774209 | enp139s0f0np0: 229507184955706 61965768867    0 2473    0     0          0    502000 177227884617426 45938269271    0    0    0     0       0          0
1784774210 | enp139s0f0np0: 229507185384891 61965770165    0 2473    0     0          0    502000 177227885088132 45938270613    0    0    0     0       0          0
1784774211 | enp139s0f0np0: 229507254074431 61965788389    0 2473    0     0          0    502000 177227953810024 45938288984    0    0    0     0       0          0
1784774212 | enp139s0f0np0: 229507254177339 61965788509    0 2473    0     0          0    502000 177227953836922 45938289074    0    0    0     0       0          0
1784774213 | enp139s0f0np0: 229507254534368 61965789429    0 2473    0     0          0    502000 177227954161990 45938289998    0    0    0     0       0          0
1784774214 | enp139s0f0np0: 229507254801837 61965790149    0 2473    0     0          0    502000 177227954420254 45938290713    0    0    0     0       0          0
1784774215 | enp139s0f0np0: 229507254935224 61965790386    0 2473    0     0          0    502000 177227954494594 45938290974    0    0    0     0       0          0
1784774216 | enp139s0f0np0: 229507323821637 61965809334    0 2473    0     0          0    502000 177228023439005 45938309931    0    0    0     0       0          0
1784774217 | enp139s0f0np0: 229507323930504 61965809544    0 2473    0     0          0    502000 177228023511419 45938310168    0    0    0     0       0          0
1784774218 | enp139s0f0np0: 229507324067851 61965809829    0 2473    0     0          0    502000 177228023604647 45938310482    0    0    0     0       0          0
1784774219 | enp139s0f0np0: 229507324181666 61965809992    0 2473    0     0          0    502000 177228023649485 45938310638    0    0    0     0       0          0
1784774220 | enp139s0f0np0: 229507324265222 61965810110    0 2473    0     0          0    502000 177228023678501 45938310746    0    0    0     0       0          0
1784774221 | enp139s0f0np0: 229507324352589 61965810235    0 2473    0     0          0    502000 177228023714729 45938310870    0    0    0     0       0          0
1784774222 | enp139s0f0np0: 229507324431153 61965810338    0 2473    0     0          0    502000 177228023742551 45938310974    0    0    0     0       0          0
1784774223 | enp139s0f0np0: 229507324530321 61965810463    0 2473    0     0          0    502000 177228023776451 45938311099    0    0    0     0       0          0
1784774224 | enp139s0f0np0: 229507324662383 61965810598    0 2473    0     0          0    502000 177228023809325 45938311224    0    0    0     0       0          0
1784774225 | enp139s0f0np0: 229507324770964 61965810711    0 2473    0     0          0    502000 177228023834327 45938311323    0    0    0     0       0          0
1784774226 | enp139s0f0np0: 229507324860053 61965810793    0 2473    0     0          0    502000 177228023852084 45938311395    0    0    0     0       0          0
1784774227 | enp139s0f0np0: 229507324965167 61965810885    0 2473    0     0          0    502001 177228023875346 45938311478    0    0    0     0       0          0
1784774228 | enp139s0f0np0: 229507325093801 61965811040    0 2473    0     0          0    502001 177228023913776 45938311625    0    0    0     0       0          0
1784774229 | enp139s0f0np0: 229507325185380 61965811152    0 2473    0     0          0    502001 177228023943596 45938311740    0    0    0     0       0          0
1784774230 | enp139s0f0np0: 229507325328202 61965811291    0 2473    0     0          0    502001 177228023966030 45938311826    0    0    0     0       0          0
1784774231 | enp139s0f0np0: 229507325444500 61965811447    0 2473    0     0          0    502001 177228023993084 45938311925    0    0    0     0       0          0
1784774232 | enp139s0f0np0: 229507325576560 61965811605    0 2473    0     0          0    502001 177228024020144 45938312033    0    0    0     0       0          0
1784774233 | enp139s0f0np0: 229507325718494 61965811778    0 2473    0     0          0    502001 177228024054614 45938312164    0    0    0     0       0          0
1784774234 | enp139s0f0np0: 229507325832221 61965811948    0 2473    0     0          0    502001 177228024087092 45938312283    0    0    0     0       0          0
1784774235 | enp139s0f0np0: 229507394453673 61965829902    0 2473    0     0          0    502001 177228092672196 45938330250    0    0    0     0       0          0
1784774236 | enp139s0f0np0: 229507463172763 61965848075    0 2473    0     0          0    502001 177228161346355 45938348389    0    0    0     0       0          0
1784774237 | enp139s0f0np0: 229507463289059 61965848250    0 2473    0     0          0    502001 177228161383297 45938348529    0    0    0     0       0          0
1784774238 | enp139s0f0np0: 229507463443389 61965848480    0 2473    0     0          0    502001 177228161433787 45938348724    0    0    0     0       0          0
1784774239 | enp139s0f0np0: 229507463613000 61965848711    0 2473    0     0          0    502001 177228161478415 45938348882    0    0    0     0       0          0
1784774240 | enp139s0f0np0: 229507463748635 61965848840    0 2473    0     0          0    502001 177228161497135 45938348948    0    0    0     0       0          0
1784774241 | enp139s0f0np0: 229507463923602 61965848997    0 2473    0     0          0    502001 177228161519581 45938349029    0    0    0     0       0          0
1784774242 | enp139s0f0np0: 229507464085500 61965849148    0 2473    0     0          0    502001 177228161537911 45938349098    0    0    0     0       0          0
1784774243 | enp139s0f0np0: 229507473049638 61965851650    0 2473    0     0          0    502001 177228170417556 45938351576    0    0    0     0       0          0
1784774244 | enp139s0f0np0: 229507593854776 61965883154    0 2473    0     0          0    502001 177228291217953 45938383069    0    0    0     0       0          0
1784774245 | enp139s0f0np0: 229507601492882 61965885277    0 2473    0     0          0    502001 177228298753977 45938385162    0    0    0     0       0          0
1784774246 | enp139s0f0np0: 229507601677795 61965885473    0 2473    0     0          0    502001 177228298786914 45938385293    0    0    0     0       0          0
1784774247 | enp139s0f0np0: 229507601855598 61965885700    0 2473    0     0          0    502001 177228298832718 45938385474    0    0    0     0       0          0
1784774248 | enp139s0f0np0: 229507602008720 61965885891    0 2473    0     0          0    502001 177228298869174 45938385617    0    0    0     0       0          0
1784774249 | enp139s0f0np0: 229507602158600 61965886082    0 2473    0     0          0    502001 177228298908078 45938385766    0    0    0     0       0          0
1784774250 | enp139s0f0np0: 229507602321710 61965886287    0 2473    0     0          0    502001 177228298948194 45938385923    0    0    0     0       0          0
1784774251 | enp139s0f0np0: 229507602490789 61965886489    0 2473    0     0          0    502001 177228298986690 45938386071    0    0    0     0       0          0
1784774252 | enp139s0f0np0: 229507602679517 61965886821    0 2473    0     0          0    502001 177228299031456 45938386240    0    0    0     0       0          0
1784774253 | enp139s0f0np0: 229507602864493 61965887141    0 2473    0     0          0    502001 177228299073138 45938386400    0    0    0     0       0          0
1784774254 | enp139s0f0np0: 229507603065364 61965887481    0 2473    0     0          0    502001 177228299120376 45938386582    0    0    0     0       0          0
1784774255 | enp139s0f0np0: 229507603257069 61965887795    0 2473    0     0          0    502001 177228299160120 45938386723    0    0    0     0       0          0
1784774256 | enp139s0f0np0: 229507603442668 61965888139    0 2473    0     0          0    502001 177228299211921 45938386917    0    0    0     0       0          0
1784774257 | enp139s0f0np0: 229507603685358 61965888490    0 2473    0     0          0    502002 177228299259249 45938387090    0    0    0     0       0          0
1784774258 | enp139s0f0np0: 229507603921541 61965888872    0 2473    0     0          0    502002 177228299314347 45938387303    0    0    0     0       0          0
1784774259 | enp139s0f0np0: 229507604120745 61965889205    0 2473    0     0          0    502002 177228299358489 45938387464    0    0    0     0       0          0
1784774260 | enp139s0f0np0: 229507604349115 61965889577    0 2473    0     0          0    502002 177228299411283 45938387668    0    0    0     0       0          0
1784774261 | enp139s0f0np0: 229507604554964 61965889918    0 2473    0     0          0    502002 177228299460321 45938387841    0    0    0     0       0          0
1784774262 | enp139s0f0np0: 229507604739124 61965890275    0 2473    0     0          0    502002 177228299520069 45938388066    0    0    0     0       0          0
1784774263 | enp139s0f0np0: 229507604995153 61965890635    0 2473    0     0          0    502002 177228299570889 45938388253    0    0    0     0       0          0
1784774264 | enp139s0f0np0: 229507605197918 61965890904    0 2473    0     0          0    502002 177228299590821 45938388327    0    0    0     0       0          0
1784774265 | enp139s0f0np0: 229507605387281 61965891246    0 2473    0     0          0    502002 177228299644113 45938388523    0    0    0     0       0          0
1784774266 | enp139s0f0np0: 229507605546919 61965891516    0 2473    0     0          0    502002 177228299669676 45938388620    0    0    0     0       0          0
1784774267 | enp139s0f0np0: 229507605747514 61965891894    0 2473    0     0          0    502002 177228299720610 45938388801    0    0    0     0       0          0
1784774268 | enp139s0f0np0: 229507605917845 61965892220    0 2473    0     0          0    502002 177228299770032 45938388985    0    0    0     0       0          0
1784774269 | enp139s0f0np0: 229507674594734 61965910312    0 2473    0     0          0    502002 177228368360176 45938406961    0    0    0     0       0          0
1784774270 | enp139s0f0np0: 229507675837364 61965910929    0 2473    0     0          0    502002 177228369215260 45938407369    0    0    0     0       0          0
1784774271 | enp139s0f0np0: 229507811983910 61965946642    0 2473    0     0          0    502002 177228505621038 45938443056    0    0    0     0       0          0
1784774272 | enp139s0f0np0: 229507812728377 61965948718    0 2473    0     0          0    502002 177228506299440 45938444985    0    0    0     0       0          0
1784774274 | enp139s0f0np0: 229507813262942 61965950238    0 2473    0     0          0    502002 177228506778714 45938446357    0    0    0     0       0          0
1784774275 | enp139s0f0np0: 229507869630590 61965968478    0 2473    0     0          0    502002 177228563018698 45938464483    0    0    0     0       0          0
1784774276 | enp139s0f0np0: 229508020685735 61966009401    0 2473    0     0          0    502002 177228714390378 45938505491    0    0    0     0       0          0
1784774277 | enp139s0f0np0: 229508146283319 61966043783    0 2473    0     0          0    502002 177228839777567 45938539643    0    0    0     0       0          0
1784774278 | enp139s0f0np0: 229508214283664 61966063746    0 2473    0     0          0    502002 177228907808937 45938559425    0    0    0     0       0          0
1784774279 | enp139s0f0np0: 229508365503486 61966105402    0 2473    0     0          0    502002 177229059398321 45938600947    0    0    0     0       0          0
1784774280 | enp139s0f0np0: 229508584041612 61966167195    0 2473    0     0          0    502002 177229278266866 45938662578    0    0    0     0       0          0
1784774281 | enp139s0f0np0: 229508664595049 61966190422    0 2473    0     0          0    502002 177229358609064 45938685591    0    0    0     0       0          0
1784774282 | enp139s0f0np0: 229508736277648 61966209480    0 2473    0     0          0    502002 177229430218637 45938704568    0    0    0     0       0          0
1784774283 | enp139s0f0np0: 229508779735290 61966221706    0 2473    0     0          0    502002 177229473900659 45938716748    0    0    0     0       0          0
1784774284 | enp139s0f0np0: 229508881696668 61966250502    0 2473    0     0          0    502002 177229575697729 45938745435    0    0    0     0       0          0
