hints = 1
  sec Cur ops   started  finished  avg MB/s  cur MB/s last lat(s)  avg lat(s)
    0       0         0         0         0         0           -           0
    1    1023     18986     17963   4490.13   4490.75    0.046596   0.0542859
    2    1023     36959     35936   4491.49   4493.25   0.0532009   0.0554196
    3    1023     56256     55233   4602.27   4824.25   0.0437203    0.054698
    4    1023     75272     74249    4640.1      4754    0.039782   0.0544781
    5    1023     94224     93201   4659.58      4738   0.0471939   0.0543832
    6    1023    113373    112350   4680.77   4787.25   0.0528405   0.0542503
    7    1023    132250    131227   4686.19   4719.25   0.0473708   0.0542321
    8    1023    151009    149986   4686.59   4689.75   0.0536285   0.0542894
    9    1023    169569    168546   4681.37      4640   0.0485717   0.0543218
   10    1023    188606    187583   4689.13   4759.25   0.0428206     0.05431
   11    1023    207978    206955   4703.09      4843   0.0437121   0.0541758
   12    1023    226640    225617   4699.92    4665.5   0.0466838   0.0542149
   13    1023    245116    244093   4693.67      4619   0.0834033   0.0543115
   14    1023    263675    262652   4689.79   4639.75   0.0416826   0.0543731
   15    1023    282384    281361   4688.93   4677.25   0.0441567   0.0543961
   16    1023    300984    299961   4686.46      4650   0.0418373   0.0544355
   17    1023    319219    318196   4678.93   4558.75   0.0438134   0.0545291
   18    1023    338077    337054   4680.89    4714.5   0.0847532   0.0545188
   19    1023    356678    355655   4679.25   4650.25   0.0541031   0.0545515
2026-07-19T00:07:06.326987+0700 min lat: 0.0381503 max lat: 0.150551 avg lat: 0.0545197
  sec Cur ops   started  finished  avg MB/s  cur MB/s last lat(s)  avg lat(s)
   20    1023    375712    374689    4683.2    4758.5   0.0518678   0.0545197
   21    1023    394282    393259   4681.23    4642.5   0.0547498   0.0545452
   22    1023    413151    412128   4682.86   4717.25   0.0515221   0.0545356
   23    1023    432068    431045   4684.86   4729.25   0.0596134   0.0545148
   24    1023    451205    450182   4688.99   4784.25    0.053493   0.0544712
   25    1023    469727    468704   4686.62    4630.5   0.0481837   0.0544988
   26    1023    488593    487570   4687.75    4716.5    0.042085   0.0544877
   27    1023    506164    505141   4676.81   4392.75   0.0524855   0.0546079
   28    1023    524163    523140   4670.47   4499.75   0.0419835   0.0546943
   29    1023    542763    541740   4669.75      4650   0.0845217   0.0547072
   30    1023    560280    559257   4660.05   4379.25   0.0447396   0.0548238
   31    1023    578540    577517   4656.97      4565   0.0882646   0.0548582
   32    1023    596573    595550   4652.31   4508.25   0.0429868   0.0549211
   33    1023    614485    613462   4647.01      4478   0.0435753   0.0549785
   34    1023    633026    632003   4646.65   4635.25   0.0420703    0.054993
   35    1023    651490    650467   4645.76      4616   0.0416207   0.0550032
   36    1023    669501    668478   4641.78   4502.75   0.0414959   0.0550552
   37    1023    687928    686905   4640.82   4606.75    0.086803   0.0550678
   38    1023    705950    704927   4637.25    4505.5   0.0424359   0.0551134
   39    1023    724082    723059   4634.57      4533   0.0488594    0.055139
2026-07-19T00:07:26.328871+0700 min lat: 0.0381503 max lat: 0.158225 avg lat: 0.0551724
  sec Cur ops   started  finished  avg MB/s  cur MB/s last lat(s)  avg lat(s)
   40    1023    742308    741285   4632.61    4556.5    0.042604   0.0551724
   41    1023    760931    759908   4633.16   4655.75   0.0439324   0.0551664
   42    1023    778957    777934   4630.14    4506.5   0.0424273   0.0552038
   43    1023    797165    796142   4628.31      4552   0.0451144   0.0552263
   44    1023    815764    814741   4628.79   4649.75   0.0407098   0.0552246
   45    1023    833701    832678   4625.57   4484.25   0.0873254   0.0552619
   46    1023    852073    851050   4624.85      4593    0.102407   0.0552708
   47    1023    870537    869514   4624.66      4616   0.0512668   0.0552794
   48    1023    889333    888310    4626.2      4699   0.0527323   0.0552642
   49    1023    907941    906918   4626.72      4652   0.0474873   0.0552508
   50    1023    926162    925139   4625.28   4555.25   0.0408542   0.0552734
   51    1023    944710    943687   4625.51      4637   0.0433448   0.0552689
   52    1023    962912    961889   4624.06    4550.5   0.0590731   0.0552855
   53    1023    981812    980789   4625.95      4725   0.0458883   0.0552682
   54    1023   1000017    998994   4624.56   4551.25   0.0833613   0.0552865
   55    1023   1018086   1017063    4622.6   4517.25   0.0466576   0.0553081
   56    1023   1036626   1035603   4622.82      4635   0.0518246   0.0553033
   57    1023   1054497   1053474   4620.09   4467.75   0.0513879   0.0553357
   58    1023   1073062   1072039   4620.45   4641.25   0.0827129   0.0553385
   59    1023   1090945   1089922   4617.91   4470.75   0.0436231    0.055369
2026-07-19T00:07:46.332632+0700 min lat: 0.0314985 max lat: 0.158225 avg lat: 0.055345
  sec Cur ops   started  finished  avg MB/s  cur MB/s last lat(s)  avg lat(s)
   60     631   1109782   1109151   4620.89   4807.25   0.0314985    0.055345
Total time run:       60.041
Total reads made:     1109782
Read size:            262144
Object size:          262144
Bandwidth (MB/sec):   4620.93
Average IOPS:         18483
Stddev IOPS:          428.988
Max IOPS:             19372
Min IOPS:             17517
Average Latency(s):   0.0553349
Max latency(s):       0.158225
Min latency(s):       0.0143126
