1784746209 | enp139s0f0np0: 213928947379039 57928526622    0 2473    0     0          0    501067 159359317803435 41376977249    0    0    0     0       0          0
1784746210 | enp139s0f0np0: 213929844769106 57928756159    0 2473    0     0          0    501067 159360237736016 41377212026    0    0    0     0       0          0
1784746211 | enp139s0f0np0: 213931789049716 57929244182    0 2473    0     0          0    501067 159362171284898 41377700838    0    0    0     0       0          0
1784746212 | enp139s0f0np0: 213933706057950 57929726312    0 2473    0     0          0    501067 159364055635617 41378179117    0    0    0     0       0          0
1784746213 | enp139s0f0np0: 213935653482625 57930214805    0 2473    0     0          0    501067 159365949934640 41378658567    0    0    0     0       0          0
1784746214 | enp139s0f0np0: 213937571850274 57930697384    0 2473    0     0          0    501067 159367893161372 41379149511    0    0    0     0       0          0
1784746215 | enp139s0f0np0: 213939410204586 57931160627    0 2473    0     0          0    501067 159369773323935 41379626281    0    0    0     0       0          0
1784746216 | enp139s0f0np0: 213941400840619 57931660568    0 2473    0     0          0    501067 159371766692125 41380128753    0    0    0     0       0          0
1784746217 | enp139s0f0np0: 213943346125147 57932147912    0 2473    0     0          0    501067 159373732243445 41380623137    0    0    0     0       0          0
1784746218 | enp139s0f0np0: 213945247895219 57932626240    0 2473    0     0          0    501067 159375702119015 41381121376    0    0    0     0       0          0
1784746219 | enp139s0f0np0: 213947225311013 57933123083    0 2473    0     0          0    501067 159377696706137 41381624972    0    0    0     0       0          0
1784746220 | enp139s0f0np0: 213949254635668 57933631033    0 2473    0     0          0    501067 159379727069992 41382135515    0    0    0     0       0          0
1784746221 | enp139s0f0np0: 213951352113078 57934155529    0 2473    0     0          0    501067 159381849518883 41382668198    0    0    0     0       0          0
1784746222 | enp139s0f0np0: 213953406908578 57934670185    0 2473    0     0          0    501067 159383912752948 41383188528    0    0    0     0       0          0
1784746223 | enp139s0f0np0: 213955330834601 57935154141    0 2473    0     0          0    501067 159385816012345 41383671232    0    0    0     0       0          0
1784746224 | enp139s0f0np0: 213957412456102 57935675525    0 2473    0     0          0    501067 159387894663669 41384194523    0    0    0     0       0          0
1784746225 | enp139s0f0np0: 213959424511140 57936180708    0 2473    0     0          0    501067 159389862289978 41384691629    0    0    0     0       0          0
1784746226 | enp139s0f0np0: 213961361306640 57936667877    0 2473    0     0          0    501067 159391794980670 41385180845    0    0    0     0       0          0
1784746227 | enp139s0f0np0: 213963300689703 57937155701    0 2473    0     0          0    501067 159393733890236 41385672639    0    0    0     0       0          0
1784746228 | enp139s0f0np0: 213965325620524 57937663824    0 2473    0     0          0    501067 159395757806131 41386183618    0    0    0     0       0          0
1784746229 | enp139s0f0np0: 213967270237811 57938152734    0 2473    0     0          0    501067 159397658151623 41386666390    0    0    0     0       0          0
1784746230 | enp139s0f0np0: 213969098962696 57938613694    0 2473    0     0          0    501067 159399465177998 41387127081    0    0    0     0       0          0
1784746231 | enp139s0f0np0: 213970995607296 57939091178    0 2473    0     0          0    501067 159401355592101 41387607023    0    0    0     0       0          0
1784746232 | enp139s0f0np0: 213972729366814 57939526872    0 2473    0     0          0    501067 159403032509055 41388030648    0    0    0     0       0          0
1784746233 | enp139s0f0np0: 213974806239629 57940047032    0 2473    0     0          0    501067 159405107785435 41388551181    0    0    0     0       0          0
1784746234 | enp139s0f0np0: 213976897751854 57940570949    0 2473    0     0          0    501067 159407193077461 41389074597    0    0    0     0       0          0
1784746235 | enp139s0f0np0: 213978904539327 57941073945    0 2473    0     0          0    501068 159409196021902 41389579497    0    0    0     0       0          0
1784746236 | enp139s0f0np0: 213980881283699 57941569500    0 2473    0     0          0    501068 159411211303431 41390087633    0    0    0     0       0          0
1784746237 | enp139s0f0np0: 213982775178363 57942045437    0 2473    0     0          0    501068 159413072927778 41390559142    0    0    0     0       0          0
1784746238 | enp139s0f0np0: 213984564804742 57942496737    0 2473    0     0          0    501068 159414864490133 41391015709    0    0    0     0       0          0
1784746239 | enp139s0f0np0: 213986411147350 57942962631    0 2473    0     0          0    501068 159416715966295 41391486895    0    0    0     0       0          0
1784746240 | enp139s0f0np0: 213988288832341 57943436226    0 2473    0     0          0    501068 159418572198854 41391958749    0    0    0     0       0          0
1784746241 | enp139s0f0np0: 213989871859502 57943835858    0 2473    0     0          0    501068 159420180568194 41392367227    0    0    0     0       0          0
1784746242 | enp139s0f0np0: 213991872599015 57944337713    0 2473    0     0          0    501068 159422162240930 41392867152    0    0    0     0       0          0
1784746243 | enp139s0f0np0: 213993686150395 57944795798    0 2473    0     0          0    501068 159423993994001 41393334221    0    0    0     0       0          0
1784746244 | enp139s0f0np0: 213995553219568 57945265918    0 2473    0     0          0    501068 159425857350083 41393807475    0    0    0     0       0          0
1784746245 | enp139s0f0np0: 213997608383021 57945780173    0 2473    0     0          0    501068 159427926594999 41394327512    0    0    0     0       0          0
1784746246 | enp139s0f0np0: 213999538400104 57946264838    0 2473    0     0          0    501068 159429880197628 41394821224    0    0    0     0       0          0
1784746247 | enp139s0f0np0: 214001527570136 57946763916    0 2473    0     0          0    501068 159431869522783 41395322608    0    0    0     0       0          0
1784746248 | enp139s0f0np0: 214003105164256 57947162047    0 2473    0     0          0    501068 159433454466496 41395724056    0    0    0     0       0          0
1784746249 | enp139s0f0np0: 214005147539710 57947674166    0 2473    0     0          0    501068 159435466987896 41396231576    0    0    0     0       0          0
1784746250 | enp139s0f0np0: 214007157438930 57948178326    0 2473    0     0          0    501068 159437500619794 41396743303    0    0    0     0       0          0
1784746251 | enp139s0f0np0: 214009205044701 57948691067    0 2473    0     0          0    501068 159439536698541 41397256219    0    0    0     0       0          0
1784746252 | enp139s0f0np0: 214011235196546 57949199806    0 2473    0     0          0    501068 159441593098359 41397773823    0    0    0     0       0          0
1784746253 | enp139s0f0np0: 214013225201012 57949699867    0 2473    0     0          0    501068 159443559548713 41398271264    0    0    0     0       0          0
1784746254 | enp139s0f0np0: 214014790115328 57950092731    0 2473    0     0          0    501068 159445122872942 41398666356    0    0    0     0       0          0
1784746255 | enp139s0f0np0: 214016701567193 57950572120    0 2473    0     0          0    501068 159446983437549 41399138550    0    0    0     0       0          0
1784746256 | enp139s0f0np0: 214018741490167 57951083207    0 2473    0     0          0    501068 159448957792956 41399637420    0    0    0     0       0          0
1784746257 | enp139s0f0np0: 214020787584340 57951595886    0 2473    0     0          0    501068 159450971715615 41400145452    0    0    0     0       0          0
1784746258 | enp139s0f0np0: 214022769136778 57952093170    0 2473    0     0          0    501068 159452988308429 41400654166    0    0    0     0       0          0
1784746259 | enp139s0f0np0: 214024322135832 57952483687    0 2473    0     0          0    501068 159454546901822 41401047240    0    0    0     0       0          0
1784746260 | enp139s0f0np0: 214026249290009 57952968253    0 2473    0     0          0    501068 159456481802328 41401537357    0    0    0     0       0          0
1784746261 | enp139s0f0np0: 214028134402930 57953443455    0 2473    0     0          0    501068 159458406644405 41402024119    0    0    0     0       0          0
1784746262 | enp139s0f0np0: 214030130724270 57953944905    0 2473    0     0          0    501068 159460453988387 41402539308    0    0    0     0       0          0
1784746263 | enp139s0f0np0: 214032151131484 57954451545    0 2473    0     0          0    501068 159462462063881 41403045780    0    0    0     0       0          0
1784746264 | enp139s0f0np0: 214033612498679 57954818431    0 2473    0     0          0    501068 159463897209465 41403408369    0    0    0     0       0          0
1784746265 | enp139s0f0np0: 214035391483458 57955267360    0 2473    0     0          0    501069 159465657230971 41403857747    0    0    0     0       0          0
1784746266 | enp139s0f0np0: 214037202354156 57955724688    0 2473    0     0          0    501069 159467466855714 41404319155    0    0    0     0       0          0
1784746267 | enp139s0f0np0: 214038993936878 57956177811    0 2473    0     0          0    501069 159469309478562 41404788539    0    0    0     0       0          0
1784746268 | enp139s0f0np0: 214040483229763 57956555288    0 2473    0     0          0    501069 159470823846646 41405175396    0    0    0     0       0          0
1784746269 | enp139s0f0np0: 214042481070412 57957056092    0 2473    0     0          0    501069 159472842438299 41405684254    0    0    0     0       0          0
1784746270 | enp139s0f0np0: 214044496981804 57957562424    0 2473    0     0          0    501069 159474900020332 41406202061    0    0    0     0       0          0
1784746271 | enp139s0f0np0: 214046490752370 57958062886    0 2473    0     0          0    501069 159476902233792 41406707432    0    0    0     0       0          0
1784746272 | enp139s0f0np0: 214048108717513 57958470459    0 2473    0     0          0    501069 159478538636292 41407121905    0    0    0     0       0          0
1784746273 | enp139s0f0np0: 214050124738397 57958976050    0 2473    0     0          0    501069 159480573394130 41407634642    0    0    0     0       0          0
1784746274 | enp139s0f0np0: 214052020229008 57959452642    0 2473    0     0          0    501069 159482442477341 41408109710    0    0    0     0       0          0
1784746275 | enp139s0f0np0: 214053798036247 57959901180    0 2473    0     0          0    501069 159484203457448 41408559753    0    0    0     0       0          0
1784746276 | enp139s0f0np0: 214055132564584 57960238925    0 2473    0     0          0    501069 159485571919481 41408910450    0    0    0     0       0          0
1784746277 | enp139s0f0np0: 214057042376937 57960718283    0 2473    0     0          0    501069 159487452819293 41409386476    0    0    0     0       0          0
1784746278 | enp139s0f0np0: 214058897909610 57961184565    0 2473    0     0          0    501069 159489321626044 41409861687    0    0    0     0       0          0
1784746279 | enp139s0f0np0: 214060617948330 57961618513    0 2473    0     0          0    501069 159491045216614 41410302445    0    0    0     0       0          0
1784746280 | enp139s0f0np0: 214062181997015 57962012325    0 2473    0     0          0    501069 159492615128094 41410701099    0    0    0     0       0          0
1784746281 | enp139s0f0np0: 214064193492160 57962516351    0 2473    0     0          0    501069 159494593764409 41411199916    0    0    0     0       0          0
1784746282 | enp139s0f0np0: 214066031160400 57962976731    0 2473    0     0          0    501069 159496415998325 41411660264    0    0    0     0       0          0
1784746283 | enp139s0f0np0: 214067741928800 57963405921    0 2473    0     0          0    501069 159498095086302 41412085258    0    0    0     0       0          0
1784746284 | enp139s0f0np0: 214069592781532 57963869890    0 2473    0     0          0    501069 159499917464674 41412544956    0    0    0     0       0          0
1784746285 | enp139s0f0np0: 214071455089050 57964339007    0 2473    0     0          0    501069 159501710732187 41413002115    0    0    0     0       0          0
1784746286 | enp139s0f0np0: 214073307909105 57964806401    0 2473    0     0          0    501069 159503591313034 41413479925    0    0    0     0       0          0
1784746287 | enp139s0f0np0: 214074739621808 57965167048    0 2473    0     0          0    501069 159504997913975 41413837523    0    0    0     0       0          0
1784746288 | enp139s0f0np0: 214076736096096 57965667464    0 2473    0     0          0    501069 159507009689115 41414344733    0    0    0     0       0          0
1784746289 | enp139s0f0np0: 214078718591910 57966165267    0 2473    0     0          0    501069 159508980799846 41414842693    0    0    0     0       0          0
1784746290 | enp139s0f0np0: 214080092416358 57966511587    0 2473    0     0          0    501069 159510342650944 41415188954    0    0    0     0       0          0
1784746291 | enp139s0f0np0: 214082014907238 57966994425    0 2473    0     0          0    501069 159512294850802 41415682375    0    0    0     0       0          0
1784746292 | enp139s0f0np0: 214084002303104 57967493236    0 2473    0     0          0    501069 159514258702412 41416178793    0    0    0     0       0          0
1784746293 | enp139s0f0np0: 214085460760377 57967861120    0 2473    0     0          0    501069 159515734880678 41416553207    0    0    0     0       0          0
1784746294 | enp139s0f0np0: 214087478986620 57968367487    0 2473    0     0          0    501069 159517757331276 41417063430    0    0    0     0       0          0
1784746295 | enp139s0f0np0: 214089415198779 57968853462    0 2473    0     0          0    501070 159519749577413 41417565828    0    0    0     0       0          0
1784746296 | enp139s0f0np0: 214090842082491 57969213197    0 2473    0     0          0    501070 159521213297518 41417936801    0    0    0     0       0          0
1784746297 | enp139s0f0np0: 214092800744916 57969705826    0 2473    0     0          0    501070 159523180490024 41418433515    0    0    0     0       0          0
1784746298 | enp139s0f0np0: 214094686903140 57970181853    0 2473    0     0          0    501070 159525077901733 41418915044    0    0    0     0       0          0
1784746299 | enp139s0f0np0: 214096114845123 57970542804    0 2473    0     0          0    501070 159526517904109 41419281290    0    0    0     0       0          0
1784746300 | enp139s0f0np0: 214098008781529 57971018480    0 2473    0     0          0    501070 159528361995626 41419750135    0    0    0     0       0          0
1784746301 | enp139s0f0np0: 214099812467478 57971473280    0 2473    0     0          0    501070 159530217716821 41420221363    0    0    0     0       0          0
1784746302 | enp139s0f0np0: 214101175763323 57971818170    0 2473    0     0          0    501070 159531605017045 41420575386    0    0    0     0       0          0
1784746303 | enp139s0f0np0: 214102982715803 57972274726    0 2473    0     0          0    501070 159533431074466 41421041000    0    0    0     0       0          0
1784746304 | enp139s0f0np0: 214104765943184 57972725229    0 2473    0     0          0    501070 159535251911723 41421505180    0    0    0     0       0          0
1784746305 | enp139s0f0np0: 214106154158323 57973076200    0 2473    0     0          0    501070 159536616535907 41421854193    0    0    0     0       0          0
1784746306 | enp139s0f0np0: 214108129586289 57973572755    0 2473    0     0          0    501070 159538558166376 41422345181    0    0    0     0       0          0
1784746307 | enp139s0f0np0: 214110055666020 57974056530    0 2473    0     0          0    501070 159540512780716 41422838423    0    0    0     0       0          0
1784746308 | enp139s0f0np0: 214111519174260 57974425509    0 2473    0     0          0    501070 159542004418927 41423215878    0    0    0     0       0          0
1784746309 | enp139s0f0np0: 214113516847622 57974927832    0 2473    0     0          0    501070 159544003578838 41423721534    0    0    0     0       0          0
1784746310 | enp139s0f0np0: 214115002241709 57975304001    0 2473    0     0          0    501070 159545504818349 41424104720    0    0    0     0       0          0
1784746311 | enp139s0f0np0: 214116902611612 57975782429    0 2473    0     0          0    501070 159547400749470 41424585478    0    0    0     0       0          0
1784746312 | enp139s0f0np0: 214118758119166 57976249529    0 2473    0     0          0    501070 159549241761421 41425053252    0    0    0     0       0          0
1784746313 | enp139s0f0np0: 214120219524916 57976618254    0 2473    0     0          0    501070 159550675018540 41425418083    0    0    0     0       0          0
1784746314 | enp139s0f0np0: 214122072861279 57977085808    0 2473    0     0          0    501070 159552530124654 41425889354    0    0    0     0       0          0
1784746315 | enp139s0f0np0: 214123812552178 57977524075    0 2473    0     0          0    501070 159554194277778 41426314259    0    0    0     0       0          0
1784746316 | enp139s0f0np0: 214125258455125 57977889477    0 2473    0     0          0    501070 159555688894659 41426694317    0    0    0     0       0          0
1784746317 | enp139s0f0np0: 214127009278423 57978331239    0 2473    0     0          0    501070 159557475732383 41427149984    0    0    0     0       0          0
1784746318 | enp139s0f0np0: 214128332234389 57978665389    0 2473    0     0          0    501070 159558809984544 41427490872    0    0    0     0       0          0
1784746319 | enp139s0f0np0: 214130147199841 57979121711    0 2473    0     0          0    501070 159560625858943 41427952952    0    0    0     0       0          0
1784746320 | enp139s0f0np0: 214131991494889 57979585252    0 2473    0     0          0    501070 159562495701195 41428427379    0    0    0     0       0          0
1784746321 | enp139s0f0np0: 214133306537489 57979916741    0 2473    0     0          0    501070 159563803883069 41428759985    0    0    0     0       0          0
1784746322 | enp139s0f0np0: 214135214044671 57980396943    0 2473    0     0          0    501070 159565710341999 41429242396    0    0    0     0       0          0
1784746323 | enp139s0f0np0: 214136620826996 57980750890    0 2473    0     0          0    501070 159567138710766 41429603496    0    0    0     0       0          0
1784746324 | enp139s0f0np0: 214138455083179 57981213535    0 2473    0     0          0    501070 159568960163722 41430067511    0    0    0     0       0          0
1784746325 | enp139s0f0np0: 214140244390447 57981665428    0 2473    0     0          0    501071 159570725287111 41430517927    0    0    0     0       0          0
1784746326 | enp139s0f0np0: 214141547557200 57981995347    0 2473    0     0          0    501071 159572045475211 41430854651    0    0    0     0       0          0
1784746327 | enp139s0f0np0: 214143416356811 57982466547    0 2473    0     0          0    501071 159573901759795 41431326744    0    0    0     0       0          0
1784746328 | enp139s0f0np0: 214144713005947 57982794026    0 2473    0     0          0    501071 159575205551306 41431658758    0    0    0     0       0          0
1784746329 | enp139s0f0np0: 214146491722135 57983243731    0 2473    0     0          0    501071 159577003540060 41432116650    0    0    0     0       0          0
1784746330 | enp139s0f0np0: 214148179816807 57983668803    0 2473    0     0          0    501071 159578724285353 41432550762    0    0    0     0       0          0
1784746331 | enp139s0f0np0: 214149883982606 57984098538    0 2473    0     0          0    501071 159580421533610 41432982036    0    0    0     0       0          0
1784746332 | enp139s0f0np0: 214151704199507 57984558210    0 2473    0     0          0    501071 159582243461128 41433446003    0    0    0     0       0          0
1784746333 | enp139s0f0np0: 214153172077717 57984928108    0 2473    0     0          0    501071 159583673332620 41433809811    0    0    0     0       0          0
1784746334 | enp139s0f0np0: 214155020347954 57985394506    0 2473    0     0          0    501071 159585508272189 41434276605    0    0    0     0       0          0
1784746335 | enp139s0f0np0: 214156403034738 57985743430    0 2473    0     0          0    501071 159586895705528 41434629175    0    0    0     0       0          0
1784746336 | enp139s0f0np0: 214158256531326 57986210260    0 2473    0     0          0    501071 159588764290362 41435104091    0    0    0     0       0          0
1784746337 | enp139s0f0np0: 214159762123330 57986588951    0 2473    0     0          0    501071 159590271757411 41435485744    0    0    0     0       0          0
1784746338 | enp139s0f0np0: 214161627402975 57987059373    0 2473    0     0          0    501071 159592108585508 41435953117    0    0    0     0       0          0
1784746339 | enp139s0f0np0: 214163008095265 57987408522    0 2473    0     0          0    501071 159593508012653 41436309750    0    0    0     0       0          0
1784746340 | enp139s0f0np0: 214164871530316 57987877903    0 2473    0     0          0    501071 159595341557823 41436775177    0    0    0     0       0          0
1784746341 | enp139s0f0np0: 214166464845670 57988279364    0 2473    0     0          0    501071 159596973140098 41437187787    0    0    0     0       0          0
1784746342 | enp139s0f0np0: 214168197629418 57988714922    0 2473    0     0          0    501071 159598691058538 41437622800    0    0    0     0       0          0
1784746343 | enp139s0f0np0: 214169849867815 57989133164    0 2473    0     0          0    501071 159600378549258 41438051694    0    0    0     0       0          0
1784746344 | enp139s0f0np0: 214171400244096 57989523948    0 2473    0     0          0    501071 159601918242439 41438442240    0    0    0     0       0          0
1784746345 | enp139s0f0np0: 214173191338697 57989975673    0 2473    0     0          0    501071 159603745376887 41438905560    0    0    0     0       0          0
1784746346 | enp139s0f0np0: 214174647792533 57990343248    0 2473    0     0          0    501071 159605200019044 41439274858    0    0    0     0       0          0
1784746347 | enp139s0f0np0: 214176477996570 57990804533    0 2473    0     0          0    501071 159607071447220 41439748177    0    0    0     0       0          0
1784746348 | enp139s0f0np0: 214177862448250 57991154156    0 2473    0     0          0    501071 159608448252931 41440099294    0    0    0     0       0          0
1784746349 | enp139s0f0np0: 214179764097997 57991633258    0 2473    0     0          0    501071 159610341349400 41440578920    0    0    0     0       0          0
1784746350 | enp139s0f0np0: 214181071067731 57991965012    0 2473    0     0          0    501071 159611618871939 41440906184    0    0    0     0       0          0
1784746351 | enp139s0f0np0: 214182953338254 57992438831    0 2473    0     0          0    501071 159613516505010 41441386865    0    0    0     0       0          0
1784746352 | enp139s0f0np0: 214184300837787 57992779868    0 2473    0     0          0    501071 159614878789083 41441733437    0    0    0     0       0          0
1784746353 | enp139s0f0np0: 214186110334194 57993237622    0 2473    0     0          0    501071 159616722686808 41442201885    0    0    0     0       0          0
1784746354 | enp139s0f0np0: 214187505466309 57993590918    0 2473    0     0          0    501071 159618059036564 41442543546    0    0    0     0       0          0
1784746355 | enp139s0f0np0: 214189416262124 57994072568    0 2473    0     0          0    501072 159619926511846 41443018250    0    0    0     0       0          0
1784746356 | enp139s0f0np0: 214190680224995 57994392609    0 2473    0     0          0    501072 159621215349323 41443346494    0    0    0     0       0          0
1784746357 | enp139s0f0np0: 214192482918270 57994848040    0 2473    0     0          0    501072 159623069854422 41443816389    0    0    0     0       0          0
1784746358 | enp139s0f0np0: 214193721485990 57995161707    0 2473    0     0          0    501072 159624321971656 41444135312    0    0    0     0       0          0
1784746359 | enp139s0f0np0: 214195405418223 57995587429    0 2473    0     0          0    501072 159626003940797 41444563841    0    0    0     0       0          0
1784746360 | enp139s0f0np0: 214196775074992 57995935089    0 2473    0     0          0    501072 159627395292202 41444918716    0    0    0     0       0          0
1784746361 | enp139s0f0np0: 214198479468916 57996366314    0 2473    0     0          0    501072 159629145305959 41445363640    0    0    0     0       0          0
1784746362 | enp139s0f0np0: 214199986665179 57996749137    0 2473    0     0          0    501072 159630669834776 41445753971    0    0    0     0       0          0
1784746363 | enp139s0f0np0: 214201827797393 57997213641    0 2473    0     0          0    501072 159632530143927 41446225351    0    0    0     0       0          0
1784746364 | enp139s0f0np0: 214203418578162 57997615422    0 2473    0     0          0    501072 159634097311750 41446623133    0    0    0     0       0          0
1784746365 | enp139s0f0np0: 214204987413430 57998011659    0 2473    0     0          0    501072 159635641946151 41447015708    0    0    0     0       0          0
1784746366 | enp139s0f0np0: 214206764150564 57998459649    0 2473    0     0          0    501072 159637440442792 41447471557    0    0    0     0       0          0
1784746367 | enp139s0f0np0: 214208071738421 57998791036    0 2473    0     0          0    501072 159638751685545 41447807119    0    0    0     0       0          0
1784746368 | enp139s0f0np0: 214209782340485 57999223676    0 2473    0     0          0    501072 159640485558556 41448248317    0    0    0     0       0          0
1784746369 | enp139s0f0np0: 214211127501936 57999563874    0 2473    0     0          0    501072 159641829065593 41448590371    0    0    0     0       0          0
1784746370 | enp139s0f0np0: 214212811088693 57999989328    0 2473    0     0          0    501072 159643486432801 41449013374    0    0    0     0       0          0
1784746371 | enp139s0f0np0: 214214253034904 58000353876    0 2473    0     0          0    501072 159644938266189 41449382709    0    0    0     0       0          0
1784746372 | enp139s0f0np0: 214216110073136 58000822509    0 2473    0     0          0    501072 159646799983791 41449854794    0    0    0     0       0          0
1784746373 | enp139s0f0np0: 214217557828235 58001188638    0 2473    0     0          0    501072 159648285050264 41450231777    0    0    0     0       0          0
1784746374 | enp139s0f0np0: 214219432217332 58001662156    0 2473    0     0          0    501072 159650193615381 41450714923    0    0    0     0       0          0
1784746375 | enp139s0f0np0: 214220761729006 58002001296    0 2473    0     0          0    501072 159651531442586 41451058200    0    0    0     0       0          0
1784746376 | enp139s0f0np0: 214222291449561 58002388105    0 2473    0     0          0    501072 159653081797102 41451451425    0    0    0     0       0          0
1784746377 | enp139s0f0np0: 214224032996126 58002827457    0 2473    0     0          0    501072 159654834104716 41451896735    0    0    0     0       0          0
1784746378 | enp139s0f0np0: 214225347735475 58003159294    0 2473    0     0          0    501072 159656172152978 41452237462    0    0    0     0       0          0
1784746379 | enp139s0f0np0: 214227188993081 58003623403    0 2473    0     0          0    501072 159657994986921 41452701466    0    0    0     0       0          0
1784746380 | enp139s0f0np0: 214228467786427 58003948317    0 2473    0     0          0    501072 159659257928244 41453025065    0    0    0     0       0          0
1784746381 | enp139s0f0np0: 214230098671099 58004361336    0 2473    0     0          0    501072 159660847447337 41453431867    0    0    0     0       0          0
1784746382 | enp139s0f0np0: 214231160272240 58004631307    0 2473    0     0          0    501072 159661940536772 41453711110    0    0    0     0       0          0
1784746383 | enp139s0f0np0: 214232884008644 58005066545    0 2473    0     0          0    501072 159663643186396 41454144165    0    0    0     0       0          0
1784746384 | enp139s0f0np0: 214234313932083 58005427469    0 2473    0     0          0    501073 159665054696851 41454502107    0    0    0     0       0          0
1784746385 | enp139s0f0np0: 214235918118471 58005832715    0 2473    0     0          0    501073 159666649140365 41454907156    0    0    0     0       0          0
1784746386 | enp139s0f0np0: 214237626921226 58006263800    0 2473    0     0          0    501073 159668318956222 41455332927    0    0    0     0       0          0
1784746387 | enp139s0f0np0: 214239029437343 58006616525    0 2473    0     0          0    501073 159669730517147 41455689725    0    0    0     0       0          0
1784746388 | enp139s0f0np0: 214240866885875 58007079536    0 2473    0     0          0    501073 159671567447187 41456155583    0    0    0     0       0          0
1784746389 | enp139s0f0np0: 214242162908876 58007407179    0 2473    0     0          0    501073 159672832801451 41456478113    0    0    0     0       0          0
