hints = 1
  sec Cur ops   started  finished  avg MB/s  cur MB/s last lat(s)  avg lat(s)
    0       0         0         0         0         0           -           0
    1     128     18992     18864   4715.47      4716  0.00557599  0.00674404
    2     128     37988     37860   4732.06      4749  0.00392918    0.006733
    3     128     57575     57447   4786.83   4896.75  0.00522237  0.00665853
    4     127     76468     76341    4770.9    4723.5  0.00179365  0.00668625
    5     128     95385     95257   4762.45      4729   0.0126113  0.00669858
    6     127    115190    115063   4793.91    4951.5  0.00252122  0.00665639
    7     127    135179    135052   4822.91   4997.25   0.0044901  0.00661711
    8     128    155132    155004   4843.49      4988  0.00154618  0.00658717
    9     128    174680    174552   4848.28      4887   0.0020366  0.00658199
   10     127    194065    193938   4848.06    4846.5  0.00124884  0.00658035
   11     127    213481    213354   4848.56      4854  0.00308744  0.00658283
   12     128    232928    232800   4849.61    4861.5    0.019246  0.00658014
   13     128    251703    251575   4837.59   4693.75  0.00952698   0.0065983
   14     128    270908    270780   4834.97   4801.25  0.00482366  0.00660208
   15     128    290143    290015   4833.19   4808.75   0.0181969  0.00660321
   16     128    309563    309435   4834.53      4855  0.00352046  0.00660218
   17     128    328959    328831   4835.36      4849  0.00336161  0.00660203
   18     128    348623    348495   4839.83      4916  0.00560072  0.00659525
   19     128    368422    368294   4845.59   4949.75  0.00610694  0.00658827
2026-07-18T23:51:45.195197+0700 min lat: 0.00060228 max lat: 0.0413351 avg lat: 0.00657717
  sec Cur ops   started  finished  avg MB/s  cur MB/s last lat(s)  avg lat(s)
   20     128    388462    388334   4853.79      5010  0.00617856  0.00657717
   21     128    407603    407475   4850.51   4785.25  0.00969167  0.00658167
   22     128    427746    427618   4858.92   5035.75  0.00211705  0.00656996
   23     128    446960    446832   4856.49    4803.5  0.00272983  0.00657326
   24     128    466584    466456   4858.54      4906  0.00579623    0.006571
   25     128    485968    485840   4858.02      4846   0.0126656  0.00657148
   26     128    505592    505464   4859.85      4906  0.00895113  0.00656893
   27     128    525522    525394   4864.38    4982.5   0.0132313  0.00656288
   28     128    545022    544894   4864.75      4875  0.00660182  0.00656265
   29     128    564464    564336   4864.58    4860.5  0.00970749  0.00656209
   30     128    582917    582789   4856.19   4613.25  0.00171646  0.00657338
   31     127    600618    600491   4842.29    4425.5   0.0013614  0.00659195
   32     127    618945    618818   4834.14   4581.75  0.00156911  0.00660288
   33     127    637731    637604   4829.95    4696.5  0.00249669  0.00660865
   34     128    657750    657622   4835.07    5004.5  0.00131358  0.00660225
   35     128    677537    677409   4838.25   4946.75  0.00195941  0.00659789
   36     128    696670    696542   4836.71   4783.25  0.00700605  0.00660026
   37     128    716258    716130   4838.33      4897   0.0118236  0.00659732
   38     127    734315    734188   4829.79    4514.5  0.00635185  0.00660967
   39     128    754294    754166   4834.01    4994.5  0.00875999  0.00660334
2026-07-18T23:52:05.196849+0700 min lat: 0.000524673 max lat: 0.0426026 avg lat: 0.00660235
  sec Cur ops   started  finished  avg MB/s  cur MB/s last lat(s)  avg lat(s)
   40     128    773735    773607   4834.65   4860.25  0.00138832  0.00660235
   41     128    793110    792982   4834.87   4843.75  0.00490185  0.00660258
   42     128    812910    812782    4837.6      4950  0.00278085  0.00659897
   43     128    832777    832649   4840.59   4966.75  0.00501596  0.00659487
   44     128    852967    852839   4845.29    5047.5   0.0040527  0.00658841
   45     128    872751    872623   4847.52      4946  0.00891473  0.00658547
   46     128    892923    892795   4851.76      5043   0.0117808   0.0065798
   47     128    913070    912942   4855.68   5036.75  0.00911603  0.00657425
   48     128    930481    930353    4845.2   4352.75   0.0282067  0.00658778
   49     128    948250    948122   4836.97   4442.25  0.00259955  0.00659952
   50     128    966101    965973   4829.48   4462.75   0.0171718  0.00660957
   51     128    983679    983551   4820.95    4394.5  0.00163015  0.00662108
   52     128   1003125   1002997   4821.72    4861.5    0.004632  0.00662035
   53     128   1022541   1022413   4822.32      4854  0.00515615  0.00661969
   54     128   1042369   1042241   4824.81      4957  0.00277198  0.00661604
   55     128   1061680   1061552   4824.85   4827.75  0.00591485  0.00661622
   56     128   1081418   1081290   4826.81    4934.5   0.0117484  0.00661351
   57     128   1101145   1101017   4828.64   4931.75  0.00317421  0.00661105
   58     127   1120615   1120488   4829.31   4867.75    0.008411  0.00661011
   59     128   1139927   1139799   4829.28   4827.75   0.0113835  0.00660972
2026-07-18T23:52:25.198320+0700 min lat: 0.000524673 max lat: 0.0426026 avg lat: 0.00660656
  sec Cur ops   started  finished  avg MB/s  cur MB/s last lat(s)  avg lat(s)
   60      30   1159790   1159760   4831.96   4990.25  0.00531216  0.00660656
Total time run:       60.0064
Total reads made:     1159790
Read size:            262144
Object size:          262144
Bandwidth (MB/sec):   4831.94
Average IOPS:         19327
Stddev IOPS:          678.036
Max IOPS:             20190
Min IOPS:             17411
Average Latency(s):   0.00660658
Max latency(s):       0.0426026
Min latency(s):       0.000524673
