1784732820 | enp139s0f0np0: 204731109672527 55528112227    0 2473    0     0          0    500620 147741989336549 38408714915    0    0    0     0       0          0
1784732821 | enp139s0f0np0: 204731111538066 55528125284    0 2473    0     0          0    500620 147742817509595 38408914351    0    0    0     0       0          0
1784732822 | enp139s0f0np0: 204731113903426 55528142175    0 2473    0     0          0    500620 147743894567571 38409173738    0    0    0     0       0          0
1784732823 | enp139s0f0np0: 204731116302064 55528159175    0 2473    0     0          0    500620 147744989813380 38409437520    0    0    0     0       0          0
1784732824 | enp139s0f0np0: 204731118654780 55528175925    0 2473    0     0          0    500621 147746028116632 38409687541    0    0    0     0       0          0
1784732825 | enp139s0f0np0: 204731120437160 55528188484    0 2473    0     0          0    500621 147746819227864 38409878041    0    0    0     0       0          0
1784732826 | enp139s0f0np0: 204731122842626 55528205599    0 2473    0     0          0    500621 147747911474180 38410141067    0    0    0     0       0          0
1784732827 | enp139s0f0np0: 204731125268768 55528222881    0 2473    0     0          0    500621 147749002653228 38410403828    0    0    0     0       0          0
1784732828 | enp139s0f0np0: 204731127733022 55528240557    0 2473    0     0          0    500621 147750114637090 38410671603    0    0    0     0       0          0
1784732829 | enp139s0f0np0: 204731129679179 55528254235    0 2473    0     0          0    500621 147750977765060 38410879455    0    0    0     0       0          0
1784732830 | enp139s0f0np0: 204731132060744 55528270998    0 2473    0     0          0    500621 147752059873746 38411140010    0    0    0     0       0          0
1784732831 | enp139s0f0np0: 204731134402018 55528287572    0 2473    0     0          0    500621 147753106508130 38411392027    0    0    0     0       0          0
1784732832 | enp139s0f0np0: 204731136875447 55528304987    0 2473    0     0          0    500621 147754230557492 38411662702    0    0    0     0       0          0
1784732833 | enp139s0f0np0: 204731138826368 55528318701    0 2473    0     0          0    500621 147755122695832 38411877545    0    0    0     0       0          0
1784732834 | enp139s0f0np0: 204731141026872 55528334184    0 2473    0     0          0    500621 147756121584641 38412118042    0    0    0     0       0          0
1784732835 | enp139s0f0np0: 204731143447545 55528351265    0 2473    0     0          0    500621 147757212498417 38412380762    0    0    0     0       0          0
1784732836 | enp139s0f0np0: 204731145929497 55528368638    0 2473    0     0          0    500621 147758340817055 38412652490    0    0    0     0       0          0
1784732837 | enp139s0f0np0: 204731148287632 55528385394    0 2473    0     0          0    500621 147759407927856 38412909463    0    0    0     0       0          0
1784732838 | enp139s0f0np0: 204731150083622 55528398004    0 2473    0     0          0    500621 147760203304721 38413100962    0    0    0     0       0          0
1784732839 | enp139s0f0np0: 204731152311601 55528413936    0 2473    0     0          0    500621 147761228865161 38413347867    0    0    0     0       0          0
1784732840 | enp139s0f0np0: 204731154631095 55528430522    0 2473    0     0          0    500621 147762289761878 38413603310    0    0    0     0       0          0
1784732841 | enp139s0f0np0: 204731156976852 55528447270    0 2473    0     0          0    500621 147763359931095 38413860989    0    0    0     0       0          0
1784732842 | enp139s0f0np0: 204731158787171 55528460287    0 2473    0     0          0    500621 147764175389793 38414057328    0    0    0     0       0          0
1784732843 | enp139s0f0np0: 204731161091321 55528476659    0 2473    0     0          0    500621 147765219090556 38414308645    0    0    0     0       0          0
1784732844 | enp139s0f0np0: 204731163353894 55528492796    0 2473    0     0          0    500621 147766278323632 38414563686    0    0    0     0       0          0
1784732845 | enp139s0f0np0: 204731165723141 55528509652    0 2473    0     0          0    500621 147767357168330 38414823453    0    0    0     0       0          0
1784732846 | enp139s0f0np0: 204731167635532 55528523105    0 2473    0     0          0    500621 147768209628590 38415028755    0    0    0     0       0          0
1784732847 | enp139s0f0np0: 204731169746073 55528538399    0 2473    0     0          0    500621 147769185374944 38415263674    0    0    0     0       0          0
1784732848 | enp139s0f0np0: 204731172192690 55528555990    0 2473    0     0          0    500621 147770315165472 38415535725    0    0    0     0       0          0
1784732849 | enp139s0f0np0: 204731174525322 55528573008    0 2473    0     0          0    500621 147771400743988 38415797151    0    0    0     0       0          0
1784732850 | enp139s0f0np0: 204731176928718 55528589887    0 2473    0     0          0    500621 147772506059324 38416063315    0    0    0     0       0          0
1784732851 | enp139s0f0np0: 204731178755447 55528602346    0 2473    0     0          0    500621 147773312892416 38416257585    0    0    0     0       0          0
1784732852 | enp139s0f0np0: 204731181137275 55528618999    0 2473    0     0          0    500621 147774371401821 38416512444    0    0    0     0       0          0
1784732853 | enp139s0f0np0: 204731183458741 55528635393    0 2473    0     0          0    500621 147775443783393 38416770678    0    0    0     0       0          0
1784732854 | enp139s0f0np0: 204731185815274 55528652398    0 2473    0     0          0    500622 147776531214889 38417032546    0    0    0     0       0          0
1784732855 | enp139s0f0np0: 204731187644003 55528665566    0 2473    0     0          0    500622 147777378354730 38417236571    0    0    0     0       0          0
1784732856 | enp139s0f0np0: 204731189960516 55528682400    0 2473    0     0          0    500622 147778466598864 38417498614    0    0    0     0       0          0
1784732857 | enp139s0f0np0: 204731192260737 55528698956    0 2473    0     0          0    500622 147779538839313 38417756799    0    0    0     0       0          0
1784732858 | enp139s0f0np0: 204731194633768 55528715395    0 2473    0     0          0    500622 147780639087831 38418021758    0    0    0     0       0          0
1784732859 | enp139s0f0np0: 204731196384071 55528727732    0 2473    0     0          0    500622 147781445134213 38418215833    0    0    0     0       0          0
1784732860 | enp139s0f0np0: 204731198545556 55528742802    0 2473    0     0          0    500622 147782433883994 38418453839    0    0    0     0       0          0
1784732861 | enp139s0f0np0: 204731200852896 55528759301    0 2473    0     0          0    500622 147783498389119 38418710160    0    0    0     0       0          0
1784732862 | enp139s0f0np0: 204731203230870 55528776133    0 2473    0     0          0    500622 147784573830137 38418969117    0    0    0     0       0          0
1784732863 | enp139s0f0np0: 204731205614910 55528793291    0 2473    0     0          0    500622 147785665339998 38419231973    0    0    0     0       0          0
1784732864 | enp139s0f0np0: 204731207419484 55528806177    0 2473    0     0          0    500622 147786484124604 38419429094    0    0    0     0       0          0
1784732865 | enp139s0f0np0: 204731209584193 55528821662    0 2473    0     0          0    500622 147787483012059 38419669570    0    0    0     0       0          0
1784732866 | enp139s0f0np0: 204731211764219 55528837262    0 2473    0     0          0    500622 147788483221592 38419910399    0    0    0     0       0          0
1784732867 | enp139s0f0np0: 204731213946316 55528852985    0 2473    0     0          0    500622 147789504793244 38420156318    0    0    0     0       0          0
1784732868 | enp139s0f0np0: 204731215731396 55528865527    0 2473    0     0          0    500622 147790307638538 38420349617    0    0    0     0       0          0
1784732869 | enp139s0f0np0: 204731217933458 55528881120    0 2473    0     0          0    500622 147791318795342 38420593048    0    0    0     0       0          0
1784732870 | enp139s0f0np0: 204731220185797 55528897077    0 2473    0     0          0    500622 147792362290544 38420844284    0    0    0     0       0          0
1784732871 | enp139s0f0np0: 204731222436463 55528913199    0 2473    0     0          0    500622 147793420331061 38421099050    0    0    0     0       0          0
1784732872 | enp139s0f0np0: 204731224604543 55528928674    0 2473    0     0          0    500622 147794429889968 38421342132    0    0    0     0       0          0
1784732873 | enp139s0f0np0: 204731226340429 55528941182    0 2473    0     0          0    500622 147795229801043 38421534721    0    0    0     0       0          0
1784732874 | enp139s0f0np0: 204731228609449 55528957492    0 2473    0     0          0    500622 147796287368643 38421789333    0    0    0     0       0          0
1784732875 | enp139s0f0np0: 204731231059084 55528975421    0 2473    0     0          0    500622 147797424688279 38422063159    0    0    0     0       0          0
1784732876 | enp139s0f0np0: 204731233296509 55528991881    0 2473    0     0          0    500622 147798466709919 38422314046    0    0    0     0       0          0
1784732877 | enp139s0f0np0: 204731235030080 55529004400    0 2473    0     0          0    500622 147799262696107 38422505674    0    0    0     0       0          0
1784732878 | enp139s0f0np0: 204731237160013 55529019883    0 2473    0     0          0    500622 147800246112739 38422742416    0    0    0     0       0          0
1784732879 | enp139s0f0np0: 204731239509852 55529036925    0 2473    0     0          0    500622 147801316487209 38423000171    0    0    0     0       0          0
1784732880 | enp139s0f0np0: 204731241858967 55529054085    0 2473    0     0          0    500622 147802420187139 38423265928    0    0    0     0       0          0
1784732881 | enp139s0f0np0: 204731243704161 55529067192    0 2473    0     0          0    500622 147803267056719 38423469837    0    0    0     0       0          0
1784732882 | enp139s0f0np0: 204731245929508 55529083166    0 2473    0     0          0    500622 147804287016875 38423715408    0    0    0     0       0          0
1784732883 | enp139s0f0np0: 204731248161253 55529099353    0 2473    0     0          0    500622 147805319779662 38423964058    0    0    0     0       0          0
1784732884 | enp139s0f0np0: 204731250487639 55529116199    0 2473    0     0          0    500623 147806386874344 38424220993    0    0    0     0       0          0
1784732885 | enp139s0f0np0: 204731252847279 55529133363    0 2473    0     0          0    500623 147807465860032 38424480804    0    0    0     0       0          0
1784732886 | enp139s0f0np0: 204731254660316 55529146272    0 2473    0     0          0    500623 147808282970122 38424677565    0    0    0     0       0          0
1784732887 | enp139s0f0np0: 204731256980089 55529162892    0 2473    0     0          0    500623 147809331331963 38424930006    0    0    0     0       0          0
1784732888 | enp139s0f0np0: 204731259268747 55529179359    0 2473    0     0          0    500623 147810390784202 38425185127    0    0    0     0       0          0
1784732889 | enp139s0f0np0: 204731261619373 55529196284    0 2473    0     0          0    500623 147811480629054 38425447561    0    0    0     0       0          0
1784732890 | enp139s0f0np0: 204732059108719 55529395950    0 2473    0     0          0    500623 147811912604458 38425558099    0    0    0     0       0          0
1784732891 | enp139s0f0np0: 204735307559394 55530182791    0 2473    0     0          0    500623 147811922948680 38425588022    0    0    0     0       0          0
1784732892 | enp139s0f0np0: 204738529277407 55530963204    0 2473    0     0          0    500623 147811933181110 38425617549    0    0    0     0       0          0
1784732893 | enp139s0f0np0: 204741776116172 55531749695    0 2473    0     0          0    500623 147811943527701 38425647628    0    0    0     0       0          0
1784732894 | enp139s0f0np0: 204744978896474 55532525455    0 2473    0     0          0    500623 147811953719081 38425677101    0    0    0     0       0          0
1784732895 | enp139s0f0np0: 204748200343937 55533305906    0 2473    0     0          0    500623 147811963966047 38425706882    0    0    0     0       0          0
1784732896 | enp139s0f0np0: 204751408233410 55534083226    0 2473    0     0          0    500623 147811974172899 38425736530    0    0    0     0       0          0
1784732897 | enp139s0f0np0: 204754831438135 55534912106    0 2473    0     0          0    500623 147811984962405 38425766298    0    0    0     0       0          0
1784732898 | enp139s0f0np0: 204758112108463 55535707040    0 2473    0     0          0    500623 147811995437386 38425796889    0    0    0     0       0          0
1784732899 | enp139s0f0np0: 204761630162596 55536558874    0 2473    0     0          0    500623 147812006534624 38425827904    0    0    0     0       0          0
1784732900 | enp139s0f0np0: 204764970266160 55537367892    0 2473    0     0          0    500623 147812017116623 38425858121    0    0    0     0       0          0
1784732901 | enp139s0f0np0: 204768318888456 55538178921    0 2473    0     0          0    500623 147812027737709 38425888281    0    0    0     0       0          0
1784732902 | enp139s0f0np0: 204771538307031 55538958634    0 2473    0     0          0    500623 147812037968835 38425917969    0    0    0     0       0          0
1784732903 | enp139s0f0np0: 204774725972595 55539731048    0 2473    0     0          0    500623 147812048111766 38425947394    0    0    0     0       0          0
1784732904 | enp139s0f0np0: 204777967279260 55540516135    0 2473    0     0          0    500623 147812058422890 38425977186    0    0    0     0       0          0
1784732905 | enp139s0f0np0: 204781349638662 55541335445    0 2473    0     0          0    500623 147812069165783 38426007896    0    0    0     0       0          0
1784732906 | enp139s0f0np0: 204784602316863 55542123362    0 2473    0     0          0    500623 147812079511710 38426037939    0    0    0     0       0          0
1784732907 | enp139s0f0np0: 204787894519130 55542920829    0 2473    0     0          0    500623 147812089985842 38426068429    0    0    0     0       0          0
1784732908 | enp139s0f0np0: 204791189177525 55543718670    0 2473    0     0          0    500623 147812100496912 38426099176    0    0    0     0       0          0
1784732909 | enp139s0f0np0: 204794516485456 55544524603    0 2473    0     0          0    500623 147812111122322 38426130519    0    0    0     0       0          0
1784732910 | enp139s0f0np0: 204797546868407 55545258708    0 2473    0     0          0    500623 147812120790224 38426158707    0    0    0     0       0          0
1784732911 | enp139s0f0np0: 204800686194179 55546019397    0 2473    0     0          0    500623 147812130803965 38426188008    0    0    0     0       0          0
1784732912 | enp139s0f0np0: 204803919769977 55546802694    0 2473    0     0          0    500623 147812141128294 38426217967    0    0    0     0       0          0
1784732913 | enp139s0f0np0: 204807413969702 55547648975    0 2473    0     0          0    500623 147812152213604 38426249811    0    0    0     0       0          0
1784732914 | enp139s0f0np0: 204810607241730 55548422613    0 2473    0     0          0    500624 147812162418627 38426279927    0    0    0     0       0          0
1784732915 | enp139s0f0np0: 204813863997100 55549211146    0 2473    0     0          0    500624 147812172734404 38426309137    0    0    0     0       0          0
1784732916 | enp139s0f0np0: 204817372388355 55550060876    0 2473    0     0          0    500624 147812183873102 38426341190    0    0    0     0       0          0
1784732917 | enp139s0f0np0: 204820526044387 55550824664    0 2473    0     0          0    500624 147812193905554 38426370371    0    0    0     0       0          0
1784732918 | enp139s0f0np0: 204823950198241 55551653977    0 2473    0     0          0    500624 147812204727675 38426400775    0    0    0     0       0          0
1784732919 | enp139s0f0np0: 204827180392613 55552436185    0 2473    0     0          0    500624 147812214967431 38426429783    0    0    0     0       0          0
1784732920 | enp139s0f0np0: 204830505114028 55553241450    0 2473    0     0          0    500624 147812225538265 38426460415    0    0    0     0       0          0
1784732921 | enp139s0f0np0: 204834046825630 55554098950    0 2473    0     0          0    500624 147812236739445 38426491797    0    0    0     0       0          0
1784732922 | enp139s0f0np0: 204837212185700 55554865751    0 2473    0     0          0    500624 147812246833854 38426521586    0    0    0     0       0          0
1784732923 | enp139s0f0np0: 204840498748804 55555661685    0 2473    0     0          0    500624 147812257284225 38426551674    0    0    0     0       0          0
1784732924 | enp139s0f0np0: 204843655519397 55556426414    0 2473    0     0          0    500624 147812267378472 38426581577    0    0    0     0       0          0
1784732925 | enp139s0f0np0: 204847086692627 55557257383    0 2473    0     0          0    500624 147812278259898 38426612692    0    0    0     0       0          0
1784732926 | enp139s0f0np0: 204850179449688 55558006537    0 2473    0     0          0    500624 147812288129400 38426641650    0    0    0     0       0          0
1784732927 | enp139s0f0np0: 204853424459733 55558792677    0 2473    0     0          0    500624 147812298455578 38426671449    0    0    0     0       0          0
1784732928 | enp139s0f0np0: 204856650550955 55559574077    0 2473    0     0          0    500624 147812308753256 38426701870    0    0    0     0       0          0
1784732929 | enp139s0f0np0: 204860148535646 55560420747    0 2473    0     0          0    500624 147812319805434 38426732776    0    0    0     0       0          0
1784732930 | enp139s0f0np0: 204863318749166 55561188536    0 2473    0     0          0    500624 147812329884774 38426761992    0    0    0     0       0          0
1784732931 | enp139s0f0np0: 204866980945683 55562074913    0 2473    0     0          0    500624 147812341436325 38426794177    0    0    0     0       0          0
1784732932 | enp139s0f0np0: 204870351116854 55562891223    0 2473    0     0          0    500624 147812352163420 38426825163    0    0    0     0       0          0
1784732933 | enp139s0f0np0: 204873543710048 55563664629    0 2473    0     0          0    500624 147812362380243 38426855135    0    0    0     0       0          0
1784732934 | enp139s0f0np0: 204876814145444 55564456652    0 2473    0     0          0    500624 147812372778450 38426885520    0    0    0     0       0          0
1784732935 | enp139s0f0np0: 204879930858955 55565211818    0 2473    0     0          0    500624 147812382727695 38426914494    0    0    0     0       0          0
1784732936 | enp139s0f0np0: 204883250853155 55566015734    0 2473    0     0          0    500624 147812393287165 38426945084    0    0    0     0       0          0
1784732937 | enp139s0f0np0: 204886580824114 55566822243    0 2473    0     0          0    500624 147812403911691 38426976301    0    0    0     0       0          0
1784732938 | enp139s0f0np0: 204889781008982 55567597418    0 2473    0     0          0    500624 147812414135819 38427006393    0    0    0     0       0          0
1784732939 | enp139s0f0np0: 204893039469840 55568386559    0 2473    0     0          0    500624 147812424522746 38427036593    0    0    0     0       0          0
1784732940 | enp139s0f0np0: 204896160306600 55569142636    0 2473    0     0          0    500624 147812434473182 38427065740    0    0    0     0       0          0
1784732941 | enp139s0f0np0: 204899550272231 55569963276    0 2473    0     0          0    500624 147812445235820 38427096656    0    0    0     0       0          0
1784732942 | enp139s0f0np0: 204902767558755 55570742533    0 2473    0     0          0    500624 147812455493366 38427126515    0    0    0     0       0          0
1784732943 | enp139s0f0np0: 204906016871365 55571529444    0 2473    0     0          0    500624 147812465832065 38427156437    0    0    0     0       0          0
1784732944 | enp139s0f0np0: 204909454528756 55572361836    0 2473    0     0          0    500625 147812476723435 38427187550    0    0    0     0       0          0
1784732945 | enp139s0f0np0: 204912767797662 55573164270    0 2473    0     0          0    500625 147812487307749 38427218829    0    0    0     0       0          0
1784732946 | enp139s0f0np0: 204916187693333 55573992368    0 2473    0     0          0    500625 147812498195344 38427250244    0    0    0     0       0          0
1784732947 | enp139s0f0np0: 204919366850782 55574762323    0 2473    0     0          0    500625 147812508315068 38427279648    0    0    0     0       0          0
1784732948 | enp139s0f0np0: 204922635388787 55575553880    0 2473    0     0          0    500625 147812518708735 38427309732    0    0    0     0       0          0
1784732949 | enp139s0f0np0: 204925800611776 55576320573    0 2473    0     0          0    500625 147812528790683 38427339034    0    0    0     0       0          0
1784732950 | enp139s0f0np0: 204929045263633 55577106421    0 2473    0     0          0    500625 147812539117351 38427369013    0    0    0     0       0          0
1784732951 | enp139s0f0np0: 204932280380132 55577889873    0 2473    0     0          0    500625 147812549396405 38427398686    0    0    0     0       0          0
1784732952 | enp139s0f0np0: 204935734795787 55578725967    0 2473    0     0          0    500625 147812560318017 38427429420    0    0    0     0       0          0
1784732953 | enp139s0f0np0: 204938947969182 55579504199    0 2473    0     0          0    500625 147812570560035 38427459262    0    0    0     0       0          0
1784732954 | enp139s0f0np0: 204942159169461 55580282191    0 2473    0     0          0    500625 147812580830939 38427489478    0    0    0     0       0          0
1784732955 | enp139s0f0np0: 204945506560203 55581092759    0 2473    0     0          0    500625 147812591427389 38427519389    0    0    0     0       0          0
1784732956 | enp139s0f0np0: 204948935873582 55581923013    0 2473    0     0          0    500625 147812602265015 38427549931    0    0    0     0       0          0
1784732957 | enp139s0f0np0: 204952430236010 55582769051    0 2473    0     0          0    500625 147812613295822 38427580725    0    0    0     0       0          0
1784732958 | enp139s0f0np0: 204955890419942 55583606761    0 2473    0     0          0    500625 147812624195794 38427610942    0    0    0     0       0          0
1784732959 | enp139s0f0np0: 204959281431153 55584427900    0 2473    0     0          0    500625 147812634957793 38427641635    0    0    0     0       0          0
1784732960 | enp139s0f0np0: 204962474757494 55585201586    0 2473    0     0          0    500625 147812645138619 38427671482    0    0    0     0       0          0
1784732961 | enp139s0f0np0: 204965808597498 55586008727    0 2473    0     0          0    500625 147812655735717 38427702169    0    0    0     0       0          0
1784732962 | enp139s0f0np0: 204969320839968 55586859146    0 2473    0     0          0    500625 147812666815023 38427733055    0    0    0     0       0          0
1784732963 | enp139s0f0np0: 204972785614055 55587698139    0 2473    0     0          0    500625 147812677815030 38427764821    0    0    0     0       0          0
1784732964 | enp139s0f0np0: 204976111790142 55588503672    0 2473    0     0          0    500625 147812688409484 38427795414    0    0    0     0       0          0
1784732965 | enp139s0f0np0: 204979426753136 55589306594    0 2473    0     0          0    500625 147812698919917 38427825492    0    0    0     0       0          0
1784732966 | enp139s0f0np0: 204982599007756 55590074966    0 2473    0     0          0    500625 147812709027940 38427854921    0    0    0     0       0          0
1784732967 | enp139s0f0np0: 204985826505554 55590856920    0 2473    0     0          0    500625 147812719327385 38427885200    0    0    0     0       0          0
1784732968 | enp139s0f0np0: 204989131211724 55591657173    0 2473    0     0          0    500625 147812729806485 38427915178    0    0    0     0       0          0
1784732969 | enp139s0f0np0: 204992441034125 55592458852    0 2473    0     0          0    500625 147812740343956 38427945617    0    0    0     0       0          0
1784732970 | enp139s0f0np0: 204995551984720 55593212523    0 2473    0     0          0    500625 147812750262401 38427974743    0    0    0     0       0          0
1784732971 | enp139s0f0np0: 204998937043610 55594032386    0 2473    0     0          0    500625 147812761065686 38428006095    0    0    0     0       0          0
1784732972 | enp139s0f0np0: 205002686939054 55594939631    0 2473    0     0          0    500625 147812772854367 38428038361    0    0    0     0       0          0
1784732973 | enp139s0f0np0: 205006046899095 55595753397    0 2473    0     0          0    500625 147812783495226 38428068664    0    0    0     0       0          0
1784732974 | enp139s0f0np0: 205009337907991 55596550574    0 2473    0     0          0    500626 147812793983182 38428099258    0    0    0     0       0          0
1784732975 | enp139s0f0np0: 205012572802515 55597334138    0 2473    0     0          0    500626 147812804289481 38428129044    0    0    0     0       0          0
1784732976 | enp139s0f0np0: 205015740944663 55598101780    0 2473    0     0          0    500626 147812814394450 38428158862    0    0    0     0       0          0
1784732977 | enp139s0f0np0: 205018995590676 55598890134    0 2473    0     0          0    500626 147812824773109 38428189235    0    0    0     0       0          0
1784732978 | enp139s0f0np0: 205022426334650 55599720459    0 2473    0     0          0    500626 147812835560698 38428218919    0    0    0     0       0          0
1784732979 | enp139s0f0np0: 205025713359375 55600516841    0 2473    0     0          0    500626 147812846042440 38428249524    0    0    0     0       0          0
1784732980 | enp139s0f0np0: 205028808041765 55601266468    0 2473    0     0          0    500626 147812855890310 38428278049    0    0    0     0       0          0
1784732981 | enp139s0f0np0: 205032160835368 55602078446    0 2473    0     0          0    500626 147812866550352 38428308522    0    0    0     0       0          0
1784732982 | enp139s0f0np0: 205035675219660 55602929518    0 2473    0     0          0    500626 147812877643353 38428339552    0    0    0     0       0          0
1784732983 | enp139s0f0np0: 205039098581443 55603758601    0 2473    0     0          0    500626 147812888436038 38428369891    0    0    0     0       0          0
1784732984 | enp139s0f0np0: 205042584509358 55604602719    0 2473    0     0          0    500626 147812899448223 38428400676    0    0    0     0       0          0
1784732985 | enp139s0f0np0: 205045905332634 55605407180    0 2473    0     0          0    500626 147812909949470 38428430558    0    0    0     0       0          0
1784732986 | enp139s0f0np0: 205049476040357 55606272019    0 2473    0     0          0    500626 147812921212742 38428461732    0    0    0     0       0          0
1784732987 | enp139s0f0np0: 205052852773920 55607089988    0 2473    0     0          0    500626 147812931881386 38428491859    0    0    0     0       0          0
1784732988 | enp139s0f0np0: 205056054484556 55607865644    0 2473    0     0          0    500626 147812942100754 38428521716    0    0    0     0       0          0
1784732989 | enp139s0f0np0: 205059124162689 55608609205    0 2473    0     0          0    500626 147812951875424 38428550133    0    0    0     0       0          0
1784732990 | enp139s0f0np0: 205062497679843 55609426243    0 2473    0     0          0    500626 147812962584186 38428580811    0    0    0     0       0          0
1784732991 | enp139s0f0np0: 205065583874654 55610174083    0 2473    0     0          0    500626 147812972425156 38428609621    0    0    0     0       0          0
1784732992 | enp139s0f0np0: 205068793999008 55610951855    0 2473    0     0          0    500626 147812982617281 38428639019    0    0    0     0       0          0
1784732993 | enp139s0f0np0: 205072029465801 55611736094    0 2473    0     0          0    500626 147812992988640 38428670014    0    0    0     0       0          0
1784732994 | enp139s0f0np0: 205075338184005 55612537866    0 2473    0     0          0    500626 147813003531623 38428700697    0    0    0     0       0          0
1784732995 | enp139s0f0np0: 205078720753697 55613356770    0 2473    0     0          0    500626 147813014276425 38428731254    0    0    0     0       0          0
1784732996 | enp139s0f0np0: 205081934511896 55614135511    0 2473    0     0          0    500626 147813024494260 38428761063    0    0    0     0       0          0
1784732997 | enp139s0f0np0: 205085291920530 55614948845    0 2473    0     0          0    500626 147813035229941 38428792621    0    0    0     0       0          0
1784732998 | enp139s0f0np0: 205088397582087 55615701161    0 2473    0     0          0    500626 147813045145323 38428821814    0    0    0     0       0          0
1784732999 | enp139s0f0np0: 205091787689820 55616521992    0 2473    0     0          0    500626 147813055853439 38428851732    0    0    0     0       0          0
1784733000 | enp139s0f0np0: 205095321424423 55617377529    0 2473    0     0          0    500626 147813067031280 38428883449    0    0    0     0       0          0
1784733001 | enp139s0f0np0: 205098682326048 55618191355    0 2473    0     0          0    500626 147813077749023 38428914642    0    0    0     0       0          0
1784733002 | enp139s0f0np0: 205101886712961 55618967563    0 2473    0     0          0    500626 147813087982631 38428944662    0    0    0     0       0          0
1784733003 | enp139s0f0np0: 205105113939071 55619749493    0 2473    0     0          0    500626 147813098236319 38428974211    0    0    0     0       0          0
1784733004 | enp139s0f0np0: 205108391726234 55620543305    0 2473    0     0          0    500627 147813108632964 38429004010    0    0    0     0       0          0
1784733005 | enp139s0f0np0: 205111592735070 55621318645    0 2473    0     0          0    500627 147813118821371 38429033556    0    0    0     0       0          0
1784733006 | enp139s0f0np0: 205114880535756 55622114965    0 2473    0     0          0    500627 147813129290604 38429064083    0    0    0     0       0          0
1784733007 | enp139s0f0np0: 205118104306284 55622895813    0 2473    0     0          0    500627 147813139512185 38429093146    0    0    0     0       0          0
1784733008 | enp139s0f0np0: 205121501248233 55623718441    0 2473    0     0          0    500627 147813150279480 38429123980    0    0    0     0       0          0
1784733009 | enp139s0f0np0: 205124620636035 55624474191    0 2473    0     0          0    500627 147813160267246 38429153326    0    0    0     0       0          0
1784733010 | enp139s0f0np0: 205127933752371 55625276477    0 2473    0     0          0    500627 147813170759236 38429183179    0    0    0     0       0          0
1784733011 | enp139s0f0np0: 205131065571012 55626035094    0 2473    0     0          0    500627 147813180711372 38429211894    0    0    0     0       0          0
1784733012 | enp139s0f0np0: 205134303470197 55626819354    0 2473    0     0          0    500627 147813191017139 38429241810    0    0    0     0       0          0
1784733013 | enp139s0f0np0: 205137530330753 55627600813    0 2473    0     0          0    500627 147813201251305 38429270910    0    0    0     0       0          0
1784733014 | enp139s0f0np0: 205140837246202 55628401722    0 2473    0     0          0    500627 147813211770004 38429301511    0    0    0     0       0          0
1784733015 | enp139s0f0np0: 205144127643442 55629198519    0 2473    0     0          0    500627 147813222252045 38429331819    0    0    0     0       0          0
1784733016 | enp139s0f0np0: 205147524356086 55630020968    0 2473    0     0          0    500627 147813233014899 38429362793    0    0    0     0       0          0
1784733017 | enp139s0f0np0: 205151081110227 55630881987    0 2473    0     0          0    500627 147813244323057 38429394958    0    0    0     0       0          0
1784733018 | enp139s0f0np0: 205154392862442 55631684304    0 2473    0     0          0    500627 147813254876869 38429425683    0    0    0     0       0          0
1784733019 | enp139s0f0np0: 205157828196208 55632516197    0 2473    0     0          0    500627 147813265767237 38429457113    0    0    0     0       0          0
1784733020 | enp139s0f0np0: 205161227619506 55633339298    0 2473    0     0          0    500627 147813276546450 38429487644    0    0    0     0       0          0
1784733021 | enp139s0f0np0: 205164594516629 55634154822    0 2473    0     0          0    500627 147813287242530 38429518394    0    0    0     0       0          0
1784733022 | enp139s0f0np0: 205167941008444 55634965268    0 2473    0     0          0    500627 147813297860342 38429548702    0    0    0     0       0          0
1784733023 | enp139s0f0np0: 205171225934248 55635760681    0 2473    0     0          0    500627 147813308285374 38429578813    0    0    0     0       0          0
1784733024 | enp139s0f0np0: 205174371221042 55636522612    0 2473    0     0          0    500627 147813318321934 38429607976    0    0    0     0       0          0
1784733025 | enp139s0f0np0: 205177637839786 55637313579    0 2473    0     0          0    500627 147813328723712 38429638181    0    0    0     0       0          0
1784733026 | enp139s0f0np0: 205180891800441 55638101574    0 2473    0     0          0    500627 147813339070752 38429668359    0    0    0     0       0          0
1784733027 | enp139s0f0np0: 205184258908297 55638917018    0 2473    0     0          0    500627 147813349764638 38429698993    0    0    0     0       0          0
1784733028 | enp139s0f0np0: 205187489077897 55639699167    0 2473    0     0          0    500627 147813360015741 38429728243    0    0    0     0       0          0
1784733029 | enp139s0f0np0: 205190758233683 55640490924    0 2473    0     0          0    500627 147813370408391 38429758128    0    0    0     0       0          0
1784733030 | enp139s0f0np0: 205194094540392 55641298349    0 2473    0     0          0    500627 147813380933178 38429787652    0    0    0     0       0          0
1784733031 | enp139s0f0np0: 205197426116293 55642104963    0 2473    0     0          0    500627 147813391502462 38429817964    0    0    0     0       0          0
1784733032 | enp139s0f0np0: 205201056673671 55642983759    0 2473    0     0          0    500627 147813402915244 38429849110    0    0    0     0       0          0
1784733033 | enp139s0f0np0: 205204444364961 55643804057    0 2473    0     0          0    500627 147813413639199 38429879540    0    0    0     0       0          0
1784733034 | enp139s0f0np0: 205208071793190 55644682056    0 2473    0     0          0    500628 147813425006420 38429910590    0    0    0     0       0          0
1784733035 | enp139s0f0np0: 205211591742545 55645534097    0 2473    0     0          0    500628 147813436102054 38429941368    0    0    0     0       0          0
1784733036 | enp139s0f0np0: 205214851161487 55646323424    0 2473    0     0          0    500628 147813446458846 38429970853    0    0    0     0       0          0
1784733037 | enp139s0f0np0: 205218384054691 55647178545    0 2473    0     0          0    500628 147813457587127 38430001888    0    0    0     0       0          0
1784733038 | enp139s0f0np0: 205221789208834 55648003329    0 2473    0     0          0    500628 147813468428671 38430033187    0    0    0     0       0          0
1784733039 | enp139s0f0np0: 205225313646858 55648856705    0 2473    0     0          0    500628 147813479565032 38430064689    0    0    0     0       0          0
1784733040 | enp139s0f0np0: 205228591294377 55649650450    0 2473    0     0          0    500628 147813489981762 38430094496    0    0    0     0       0          0
1784733041 | enp139s0f0np0: 205231831454734 55650435353    0 2473    0     0          0    500628 147813500273297 38430124197    0    0    0     0       0          0
1784733042 | enp139s0f0np0: 205235068595108 55651219728    0 2473    0     0          0    500628 147813510611992 38430154483    0    0    0     0       0          0
1784733043 | enp139s0f0np0: 205238539614414 55652060150    0 2473    0     0          0    500628 147813521635983 38430186386    0    0    0     0       0          0
1784733044 | enp139s0f0np0: 205242076094428 55652916650    0 2473    0     0          0    500628 147813532884614 38430218862    0    0    0     0       0          0
1784733045 | enp139s0f0np0: 205245285334954 55653694049    0 2473    0     0          0    500628 147813543140730 38430249080    0    0    0     0       0          0
1784733046 | enp139s0f0np0: 205248436697447 55654457208    0 2473    0     0          0    500628 147813553211711 38430278566    0    0    0     0       0          0
1784733047 | enp139s0f0np0: 205251813097256 55655274809    0 2473    0     0          0    500628 147813563951885 38430309738    0    0    0     0       0          0
1784733048 | enp139s0f0np0: 205255328584348 55656125920    0 2473    0     0          0    500628 147813575075962 38430341329    0    0    0     0       0          0
1784733049 | enp139s0f0np0: 205258657857532 55656931964    0 2473    0     0          0    500628 147813585665823 38430372037    0    0    0     0       0          0
1784733050 | enp139s0f0np0: 205261765470996 55657684740    0 2473    0     0          0    500628 147813595592159 38430401142    0    0    0     0       0          0
1784733051 | enp139s0f0np0: 205264968772670 55658460718    0 2473    0     0          0    500628 147813605834964 38430431059    0    0    0     0       0          0
1784733052 | enp139s0f0np0: 205268370610017 55659284270    0 2473    0     0          0    500628 147813616612369 38430461962    0    0    0     0       0          0
1784733053 | enp139s0f0np0: 205271674153867 55660084146    0 2473    0     0          0    500628 147813627123047 38430492283    0    0    0     0       0          0
1784733054 | enp139s0f0np0: 205274876227982 55660860013    0 2473    0     0          0    500628 147813637274593 38430521549    0    0    0     0       0          0
1784733055 | enp139s0f0np0: 205278169258611 55661657620    0 2473    0     0          0    500628 147813647756235 38430551731    0    0    0     0       0          0
1784733056 | enp139s0f0np0: 205281344888833 55662426720    0 2473    0     0          0    500628 147813657874094 38430581204    0    0    0     0       0          0
1784733057 | enp139s0f0np0: 205284529008481 55663197876    0 2473    0     0          0    500628 147813668015004 38430610807    0    0    0     0       0          0
1784733058 | enp139s0f0np0: 205287805317644 55663991690    0 2473    0     0          0    500628 147813678497288 38430641972    0    0    0     0       0          0
1784733059 | enp139s0f0np0: 205290904932570 55664742363    0 2473    0     0          0    500628 147813688387768 38430671012    0    0    0     0       0          0
1784733060 | enp139s0f0np0: 205294041500179 55665502345    0 2473    0     0          0    500628 147813698408775 38430700227    0    0    0     0       0          0
1784733061 | enp139s0f0np0: 205297668711600 55666380189    0 2473    0     0          0    500628 147813709798272 38430731247    0    0    0     0       0          0
1784733062 | enp139s0f0np0: 205300863208264 55667153999    0 2473    0     0          0    500628 147813719984245 38430760838    0    0    0     0       0          0
1784733063 | enp139s0f0np0: 205304382841071 55668005988    0 2473    0     0          0    500629 147813731134039 38430792798    0    0    0     0       0          0
1784733064 | enp139s0f0np0: 205307583386390 55668781529    0 2473    0     0          0    500629 147813741341428 38430822612    0    0    0     0       0          0
1784733065 | enp139s0f0np0: 205310744472978 55669547264    0 2473    0     0          0    500629 147813751408325 38430851950    0    0    0     0       0          0
1784733066 | enp139s0f0np0: 205313917033887 55670315954    0 2473    0     0          0    500629 147813761545931 38430881910    0    0    0     0       0          0
1784733067 | enp139s0f0np0: 205317019875635 55671067570    0 2473    0     0          0    500629 147813771460774 38430911120    0    0    0     0       0          0
1784733068 | enp139s0f0np0: 205320158944049 55671828200    0 2473    0     0          0    500629 147813781462744 38430940038    0    0    0     0       0          0
1784733069 | enp139s0f0np0: 205323645505962 55672672375    0 2473    0     0          0    500629 147813792465180 38430970531    0    0    0     0       0          0
