hints = 1
  sec Cur ops   started  finished  avg MB/s  cur MB/s last lat(s)  avg lat(s)
    0       0         0         0         0         0           -           0
    1      15     14664     14649   3661.86   3662.25  0.00161314  0.00107152
    2      16     29159     29143   3642.53    3623.5 0.000912688  0.00107764
    3      16     43865     43849   3653.75    3676.5  0.00123053  0.00107451
    4      16     58643     58627   3663.88    3694.5  0.00154827  0.00107126
    5      15     73259     73244   3661.89   3654.25 0.000730647  0.00107181
    6      16     88015     87999   3666.32   3688.75 0.000992759  0.00107041
    7      16    102841    102825   3671.99    3706.5  0.00171716   0.0010688
    8      16    117530    117514   3671.99   3672.25  0.00167316  0.00106887
    9      16    132779    132763   3687.53   3812.25  0.00113669  0.00106436
   10      16    147879    147863   3696.24      3775  0.00248774  0.00106184
   11      16    162924    162908   3702.12   3761.25  0.00166605  0.00106021
   12      16    178051    178035   3708.73   3781.75  0.00104302  0.00105831
   13      16    192906    192890   3709.09   3713.75 0.000936064  0.00105824
   14      16    208007    207991   3713.79   3775.25  0.00121449   0.0010569
   15      15    223176    223161      3719    3792.5 0.000452055  0.00105542
   16      16    238318    238302   3723.13   3785.25 0.000521783  0.00105426
   17      16    253662    253646   3729.75      3836 0.000770128  0.00105239
   18      16    268851    268835   3733.48   3797.25 0.000982298  0.00105135
   19      16    284011    283995   3736.44      3790   0.0014352  0.00105052
2026-07-19T00:49:41.086930+0700 min lat: 0.000351376 max lat: 0.0058415 avg lat: 0.00104954
  sec Cur ops   started  finished  avg MB/s  cur MB/s last lat(s)  avg lat(s)
   20      16    299233    299217   3739.87    3805.5 0.000914554  0.00104954
   21      16    314287    314271   3740.98    3763.5  0.00154648  0.00104922
   22      16    329363    329347   3742.24      3769  0.00108366  0.00104887
   23      16    344388    344372   3742.83   3756.25 0.000850294  0.00104869
   24      16    359366    359350   3742.89    3744.5 0.000961891  0.00104869
   25      15    374536    374521   3744.87   3792.75 0.000742634  0.00104813
   26      15    389485    389470   3744.56   3737.25 0.000831556  0.00104823
   27      15    404334    404319   3743.34   3712.25 0.000569234  0.00104858
   28      16    419571    419555   3745.67      3809  0.00217402  0.00104793
   29      15    434592    434577      3746    3755.5  0.00125906  0.00104786
   30      16    449739    449723   3747.34    3786.5  0.00194581  0.00104748
   31      16    465074    465058    3750.1   3833.75 0.000747338  0.00104671
   32      16    480105    480089   3750.33   3757.75  0.00089564  0.00104665
   33      16    495235    495219    3751.3    3782.5 0.000525719  0.00104637
   34      15    510494    510479   3753.16      3815  0.00110455  0.00104585
   35      16    525566    525550   3753.57   3767.75  0.00058034  0.00104573
   36      16    539968    539952   3749.31    3600.5  0.00131636  0.00104693
   37      16    554198    554182   3744.12    3557.5  0.00103799  0.00104841
   38      16    568819    568803   3741.77   3655.25 0.000881536  0.00104906
   39      15    583573    583558    3740.4   3688.75  0.00168684  0.00104945
2026-07-19T00:50:01.088895+0700 min lat: 0.000351376 max lat: 0.00715444 avg lat: 0.00105002
  sec Cur ops   started  finished  avg MB/s  cur MB/s last lat(s)  avg lat(s)
   40      16    598221    598205   3738.43   3661.75 0.000701771  0.00105002
   41      16    612549    612533    3734.6      3582  0.00101212   0.0010511
   42      16    626948    626932   3731.39   3599.75  0.00116366  0.00105202
   43      16    641218    641202   3727.57    3567.5 0.000964063  0.00105312
   44      16    655550    655534   3724.27      3583  0.00077976  0.00105408
   45      16    669805    669789    3720.7   3563.75 0.000912133  0.00105511
   46      16    684054    684038   3717.25   3562.25 0.000580345  0.00105612
   47      16    698577    698561    3715.4   3630.75  0.00102827  0.00105665
   48      16    712762    712746   3711.87   3546.25 0.000723784  0.00105767
   49      16    727540    727524   3711.51    3694.5  0.00183116  0.00105778
   50      16    742111    742095   3710.13   3642.75 0.000746575  0.00105821
   51      16    756493    756477   3707.87    3595.5 0.000831303  0.00105886
   52      15    771070    771055   3706.65    3644.5  0.00136756  0.00105924
   53      16    785449    785433   3704.53    3594.5 0.000804899  0.00105987
   54      15    799994    799979   3703.26    3636.5  0.00151416  0.00106024
   55      16    814848    814832   3703.43   3713.25  0.00122282  0.00106019
   56      15    829383    829368   3702.19      3634 0.000852703  0.00106054
   57      16    843858    843842   3700.72    3618.5  0.00180227  0.00106097
   58      16    857789    857773   3696.95   3482.75 0.000975003  0.00106206
   59      16    872527    872511   3696.74    3684.5  0.00121757  0.00106212
Total time run:       60.0013
Total reads made:     887127
Read size:            262144
Object size:          262144
Bandwidth (MB/sec):   3696.28
Average IOPS:         14785
Stddev IOPS:          350.9
Max IOPS:             15344
Min IOPS:             13931
Average Latency(s):   0.00106224
Max latency(s):       0.00715444
Min latency(s):       0.000351376
