1784771046 | enp139s0f0np0: 225707903810676 61002758635    0 2473    0     0          0    501894 174380714182731 45203767661    0    0    0     0       0          0
1784771047 | enp139s0f0np0: 225707903883317 61002758675    0 2473    0     0          0    501895 174380714182872 45203767663    0    0    0     0       0          0
1784771048 | enp139s0f0np0: 225707903998102 61002758718    0 2473    0     0          0    501895 174380714182872 45203767663    0    0    0     0       0          0
1784771049 | enp139s0f0np0: 225707904090015 61002758770    0 2473    0     0          0    501895 174380714182872 45203767663    0    0    0     0       0          0
1784771050 | enp139s0f0np0: 225707904187442 61002758817    0 2473    0     0          0    501895 174380714183100 45203767665    0    0    0     0       0          0
1784771051 | enp139s0f0np0: 225707904300931 61002758867    0 2473    0     0          0    501895 174380714183100 45203767665    0    0    0     0       0          0
1784771052 | enp139s0f0np0: 225707904431679 61002758924    0 2473    0     0          0    501895 174380714183100 45203767665    0    0    0     0       0          0
1784771053 | enp139s0f0np0: 225707904551210 61002758970    0 2473    0     0          0    501895 174380714183340 45203767666    0    0    0     0       0          0
1784771054 | enp139s0f0np0: 225707904669445 61002759023    0 2473    0     0          0    501895 174380714183340 45203767666    0    0    0     0       0          0
1784771055 | enp139s0f0np0: 225707904779470 61002759073    0 2473    0     0          0    501895 174380714183340 45203767666    0    0    0     0       0          0
1784771056 | enp139s0f0np0: 225707904904521 61002759135    0 2473    0     0          0    501895 174380714183340 45203767666    0    0    0     0       0          0
1784771057 | enp139s0f0np0: 225707905085051 61002759208    0 2473    0     0          0    501895 174380714183481 45203767668    0    0    0     0       0          0
1784771058 | enp139s0f0np0: 225707905722373 61002763289    0 2473    0     0          0    501895 174380965437567 45203828157    0    0    0     0       0          0
1784771059 | enp139s0f0np0: 225707907286548 61002773928    0 2473    0     0          0    501895 174381647715539 45203992381    0    0    0     0       0          0
1784771060 | enp139s0f0np0: 225707908978089 61002785811    0 2473    0     0          0    501895 174382441749255 45204183484    0    0    0     0       0          0
1784771061 | enp139s0f0np0: 225707910689582 61002797880    0 2473    0     0          0    501895 174383204310369 45204367024    0    0    0     0       0          0
1784771062 | enp139s0f0np0: 225707913113862 61002814161    0 2473    0     0          0    501895 174384353340939 45204643401    0    0    0     0       0          0
1784771063 | enp139s0f0np0: 225707916925928 61002838514    0 2473    0     0          0    501895 174386403472361 45205136631    0    0    0     0       0          0
1784771064 | enp139s0f0np0: 225707924135542 61002873862    0 2473    0     0          0    501895 174390976353843 45206233918    0    0    0     0       0          0
1784771065 | enp139s0f0np0: 225707929489360 61002903088    0 2473    0     0          0    501895 174394147305003 45206995359    0    0    0     0       0          0
1784771066 | enp139s0f0np0: 225707935118609 61002933392    0 2473    0     0          0    501895 174397533962465 45207808578    0    0    0     0       0          0
1784771067 | enp139s0f0np0: 225707942429933 61002970816    0 2473    0     0          0    501895 174402037028198 45208889098    0    0    0     0       0          0
1784771068 | enp139s0f0np0: 225707949706527 61003009543    0 2473    0     0          0    501895 174406453347456 45209948971    0    0    0     0       0          0
1784771069 | enp139s0f0np0: 225707956877115 61003047433    0 2473    0     0          0    501895 174410841415264 45211002154    0    0    0     0       0          0
1784771070 | enp139s0f0np0: 225707963995882 61003084193    0 2473    0     0          0    501895 174415251066310 45212060418    0    0    0     0       0          0
1784771071 | enp139s0f0np0: 225707971235504 61003120637    0 2473    0     0          0    501895 174419756863928 45213141617    0    0    0     0       0          0
1784771072 | enp139s0f0np0: 225707978491076 61003158344    0 2473    0     0          0    501895 174424236469798 45214216666    0    0    0     0       0          0
1784771073 | enp139s0f0np0: 225707985820090 61003196388    0 2473    0     0          0    501895 174428735145108 45215296183    0    0    0     0       0          0
1784771074 | enp139s0f0np0: 225707993048022 61003233337    0 2473    0     0          0    501895 174433215878652 45216371467    0    0    0     0       0          0
1784771075 | enp139s0f0np0: 225707999512431 61003267376    0 2473    0     0          0    501895 174437140259888 45217313319    0    0    0     0       0          0
1784771076 | enp139s0f0np0: 225708004157334 61003293150    0 2473    0     0          0    501895 174439864360614 45217967967    0    0    0     0       0          0
1784771077 | enp139s0f0np0: 225708011343980 61003330827    0 2473    0     0          0    501896 174444297492641 45219031818    0    0    0     0       0          0
1784771078 | enp139s0f0np0: 225708018488252 61003368968    0 2473    0     0          0    501896 174448654799497 45220077437    0    0    0     0       0          0
1784771079 | enp139s0f0np0: 225708025674108 61003406878    0 2473    0     0          0    501896 174453064795653 45221135806    0    0    0     0       0          0
1784771080 | enp139s0f0np0: 225708032785624 61003444167    0 2473    0     0          0    501896 174457452045651 45222188734    0    0    0     0       0          0
1784771081 | enp139s0f0np0: 225708039745358 61003480942    0 2473    0     0          0    501896 174461712074527 45223211111    0    0    0     0       0          0
1784771082 | enp139s0f0np0: 225708046996436 61003519500    0 2473    0     0          0    501896 174466145353117 45224275091    0    0    0     0       0          0
1784771083 | enp139s0f0np0: 225708054038173 61003556621    0 2473    0     0          0    501896 174470479107505 45225314982    0    0    0     0       0          0
1784771084 | enp139s0f0np0: 225708061316959 61003595237    0 2473    0     0          0    501896 174474927321579 45226382542    0    0    0     0       0          0
1784771085 | enp139s0f0np0: 225708068686265 61003632748    0 2473    0     0          0    501896 174479491845331 45227477841    0    0    0     0       0          0
1784771086 | enp139s0f0np0: 225708071582835 61003650242    0 2473    0     0          0    501896 174481015575627 45227844453    0    0    0     0       0          0
1784771087 | enp139s0f0np0: 225708078446646 61003686878    0 2473    0     0          0    501896 174485189838328 45228846294    0    0    0     0       0          0
1784771088 | enp139s0f0np0: 225708085664972 61003724583    0 2473    0     0          0    501896 174489603560096 45229905433    0    0    0     0       0          0
1784771089 | enp139s0f0np0: 225708092776743 61003761034    0 2473    0     0          0    501896 174494035347608 45230968798    0    0    0     0       0          0
1784771090 | enp139s0f0np0: 225708099903341 61003799164    0 2473    0     0          0    501896 174498335738732 45232000849    0    0    0     0       0          0
1784771091 | enp139s0f0np0: 225708107177579 61003838089    0 2473    0     0          0    501896 174502768849556 45233064791    0    0    0     0       0          0
1784771092 | enp139s0f0np0: 225708114546997 61003876406    0 2473    0     0          0    501896 174507259868148 45234142483    0    0    0     0       0          0
1784771093 | enp139s0f0np0: 225708121617145 61003913147    0 2473    0     0          0    501896 174511646186958 45235195120    0    0    0     0       0          0
1784771094 | enp139s0f0np0: 225708128874080 61003951097    0 2473    0     0          0    501896 174516051566156 45236252294    0    0    0     0       0          0
1784771095 | enp139s0f0np0: 225708135882560 61003987392    0 2473    0     0          0    501896 174520403143714 45237296509    0    0    0     0       0          0
1784771096 | enp139s0f0np0: 225708139337016 61004007905    0 2473    0     0          0    501896 174522311047046 45237755278    0    0    0     0       0          0
1784771097 | enp139s0f0np0: 225708145496765 61004040634    0 2473    0     0          0    501896 174526046471983 45238651800    0    0    0     0       0          0
1784771098 | enp139s0f0np0: 225708152704367 61004079036    0 2473    0     0          0    501896 174530412176251 45239699478    0    0    0     0       0          0
1784771099 | enp139s0f0np0: 225708160011621 61004117083    0 2473    0     0          0    501896 174534918829807 45240780978    0    0    0     0       0          0
1784771100 | enp139s0f0np0: 225708167248620 61004154696    0 2473    0     0          0    501896 174539352633301 45241844749    0    0    0     0       0          0
1784771101 | enp139s0f0np0: 225708174429901 61004191725    0 2473    0     0          0    501896 174543827826043 45242918657    0    0    0     0       0          0
1784771102 | enp139s0f0np0: 225708181639084 61004227914    0 2473    0     0          0    501896 174548344557727 45244002464    0    0    0     0       0          0
1784771103 | enp139s0f0np0: 225708188716195 61004263979    0 2473    0     0          0    501896 174552752664011 45245060038    0    0    0     0       0          0
1784771104 | enp139s0f0np0: 225708195795364 61004300938    0 2473    0     0          0    501896 174557125382579 45246109441    0    0    0     0       0          0
1784771105 | enp139s0f0np0: 225708203045297 61004338279    0 2473    0     0          0    501896 174561601906375 45247183631    0    0    0     0       0          0
1784771106 | enp139s0f0np0: 225708207911301 61004365247    0 2473    0     0          0    501896 174564443158981 45247866229    0    0    0     0       0          0
1784771107 | enp139s0f0np0: 225708214521635 61004402556    0 2473    0     0          0    501897 174568364808322 45248807608    0    0    0     0       0          0
1784771108 | enp139s0f0np0: 225708221624691 61004441663    0 2473    0     0          0    501897 174572641589954 45249834014    0    0    0     0       0          0
1784771109 | enp139s0f0np0: 225708228565161 61004479148    0 2473    0     0          0    501897 174576844685132 45250842776    0    0    0     0       0          0
1784771110 | enp139s0f0np0: 225708235788932 61004519461    0 2473    0     0          0    501897 174581150196638 45251876108    0    0    0     0       0          0
1784771111 | enp139s0f0np0: 225708243088754 61004559592    0 2473    0     0          0    501897 174585511178976 45252922680    0    0    0     0       0          0
1784771112 | enp139s0f0np0: 225708249854944 61004598108    0 2473    0     0          0    501897 174589485841798 45253876801    0    0    0     0       0          0
1784771113 | enp139s0f0np0: 225708256528934 61004636622    0 2473    0     0          0    501897 174593362375036 45254807460    0    0    0     0       0          0
1784771114 | enp139s0f0np0: 225708263548029 61004672472    0 2473    0     0          0    501897 174597750562256 45255860567    0    0    0     0       0          0
1784771115 | enp139s0f0np0: 225708270608850 61004709114    0 2473    0     0          0    501897 174602116125706 45256908203    0    0    0     0       0          0
1784771116 | enp139s0f0np0: 225708275151082 61004734091    0 2473    0     0          0    501897 174604769196868 45257545280    0    0    0     0       0          0
1784771117 | enp139s0f0np0: 225708280045283 61004759089    0 2473    0     0          0    501897 174607803396541 45258274018    0    0    0     0       0          0
1784771118 | enp139s0f0np0: 225708287286387 61004796526    0 2473    0     0          0    501897 174612308745475 45259355224    0    0    0     0       0          0
1784771119 | enp139s0f0np0: 225708294457014 61004833423    0 2473    0     0          0    501897 174616776998005 45260427587    0    0    0     0       0          0
1784771120 | enp139s0f0np0: 225708301580406 61004870465    0 2473    0     0          0    501897 174621166184157 45261480862    0    0    0     0       0          0
1784771121 | enp139s0f0np0: 225708308945987 61004911543    0 2473    0     0          0    501897 174625527634395 45262527512    0    0    0     0       0          0
1784771122 | enp139s0f0np0: 225708316090113 61004949367    0 2473    0     0          0    501897 174629847603303 45263564193    0    0    0     0       0          0
1784771123 | enp139s0f0np0: 225708323340304 61004986590    0 2473    0     0          0    501897 174634365691107 45264648456    0    0    0     0       0          0
1784771124 | enp139s0f0np0: 225708330462393 61005023473    0 2473    0     0          0    501897 174638727631307 45265695194    0    0    0     0       0          0
1784771125 | enp139s0f0np0: 225708337525809 61005059329    0 2473    0     0          0    501897 174643136281123 45266753067    0    0    0     0       0          0
1784771126 | enp139s0f0np0: 225708340867184 61005078679    0 2473    0     0          0    501897 174644956271385 45267190671    0    0    0     0       0          0
1784771127 | enp139s0f0np0: 225708347743277 61005114593    0 2473    0     0          0    501897 174649179233282 45268204256    0    0    0     0       0          0
1784771128 | enp139s0f0np0: 225708355180951 61005155643    0 2473    0     0          0    501897 174653631472068 45269272404    0    0    0     0       0          0
1784771129 | enp139s0f0np0: 225708362540062 61005196017    0 2473    0     0          0    501897 174658055258478 45270333852    0    0    0     0       0          0
1784771130 | enp139s0f0np0: 225708369804368 61005236908    0 2473    0     0          0    501897 174662367158892 45271368536    0    0    0     0       0          0
1784771131 | enp139s0f0np0: 225708377328134 61005277889    0 2473    0     0          0    501897 174666905958862 45272457764    0    0    0     0       0          0
1784771132 | enp139s0f0np0: 225708384718222 61005318357    0 2473    0     0          0    501897 174671350696742 45273524356    0    0    0     0       0          0
1784771133 | enp139s0f0np0: 225708391962393 61005356444    0 2473    0     0          0    501897 174675800611284 45274592139    0    0    0     0       0          0
1784771134 | enp139s0f0np0: 225708399464734 61005397813    0 2473    0     0          0    501897 174680297258638 45275671084    0    0    0     0       0          0
1784771135 | enp139s0f0np0: 225708403597594 61005420660    0 2473    0     0          0    501897 174682686169154 45276244885    0    0    0     0       0          0
1784771136 | enp139s0f0np0: 225708409049165 61005450199    0 2473    0     0          0    501897 174686016669900 45277044519    0    0    0     0       0          0
1784771137 | enp139s0f0np0: 225708416289044 61005487473    0 2473    0     0          0    501898 174690524801077 45278126224    0    0    0     0       0          0
1784771138 | enp139s0f0np0: 225708423407881 61005526142    0 2473    0     0          0    501898 174694836633873 45279161034    0    0    0     0       0          0
1784771139 | enp139s0f0np0: 225708430543762 61005563347    0 2473    0     0          0    501898 174699231261113 45280215737    0    0    0     0       0          0
1784771140 | enp139s0f0np0: 225708437579149 61005599386    0 2473    0     0          0    501898 174703601798801 45281264683    0    0    0     0       0          0
1784771141 | enp139s0f0np0: 225708445009556 61005640068    0 2473    0     0          0    501898 174708074277625 45282337943    0    0    0     0       0          0
1784771142 | enp139s0f0np0: 225708452196020 61005677085    0 2473    0     0          0    501898 174712514815171 45283403584    0    0    0     0       0          0
1784771143 | enp139s0f0np0: 225708458999029 61005710282    0 2473    0     0          0    501898 174716873245311 45284449575    0    0    0     0       0          0
1784771144 | enp139s0f0np0: 225708466262582 61005748538    0 2473    0     0          0    501898 174721287185715 45285508786    0    0    0     0       0          0
1784771145 | enp139s0f0np0: 225708473546353 61005786674    0 2473    0     0          0    501898 174725776456591 45286586175    0    0    0     0       0          0
1784771146 | enp139s0f0np0: 225708480898277 61005825738    0 2473    0     0          0    501898 174730263449209 45287662918    0    0    0     0       0          0
1784771147 | enp139s0f0np0: 225708488218374 61005866302    0 2473    0     0          0    501898 174734587873688 45288700646    0    0    0     0       0          0
1784771148 | enp139s0f0np0: 225708495449123 61005905219    0 2473    0     0          0    501898 174738971928900 45289752688    0    0    0     0       0          0
1784771149 | enp139s0f0np0: 225708502938745 61005946643    0 2473    0     0          0    501898 174743417258778 45290819353    0    0    0     0       0          0
1784771150 | enp139s0f0np0: 225708510194721 61005986846    0 2473    0     0          0    501898 174747699357482 45291846984    0    0    0     0       0          0
1784771151 | enp139s0f0np0: 225708517437704 61006023354    0 2473    0     0          0    501898 174752239696030 45292936398    0    0    0     0       0          0
1784771152 | enp139s0f0np0: 225708524826377 61006061658    0 2473    0     0          0    501898 174756775070664 45294024692    0    0    0     0       0          0
1784771153 | enp139s0f0np0: 225708527979200 61006081595    0 2473    0     0          0    501898 174758398618340 45294415119    0    0    0     0       0          0
1784771154 | enp139s0f0np0: 225708534813756 61006118117    0 2473    0     0          0    501898 174762546239330 45295410590    0    0    0     0       0          0
1784771155 | enp139s0f0np0: 225708542116101 61006156121    0 2473    0     0          0    501898 174767036037726 45296488000    0    0    0     0       0          0
1784771156 | enp139s0f0np0: 225708549077137 61006190992    0 2473    0     0          0    501898 174771423685346 45297540885    0    0    0     0       0          0
1784771157 | enp139s0f0np0: 225708556050764 61006225756    0 2473    0     0          0    501898 174775772926537 45298584551    0    0    0     0       0          0
1784771158 | enp139s0f0np0: 225708563112849 61006262053    0 2473    0     0          0    501898 174780143768247 45299633356    0    0    0     0       0          0
1784771159 | enp139s0f0np0: 225708570262106 61006299409    0 2473    0     0          0    501898 174784574286399 45300696637    0    0    0     0       0          0
1784771160 | enp139s0f0np0: 225708577516218 61006337893    0 2473    0     0          0    501898 174788981755199 45301754579    0    0    0     0       0          0
1784771161 | enp139s0f0np0: 225708584866724 61006376980    0 2473    0     0          0    501898 174793494953253 45302837697    0    0    0     0       0          0
1784771162 | enp139s0f0np0: 225708588484672 61006398330    0 2473    0     0          0    501898 174795507421457 45303321362    0    0    0     0       0          0
1784771163 | enp139s0f0np0: 225708594840158 61006433981    0 2473    0     0          0    501898 174799295120677 45304230621    0    0    0     0       0          0
1784771164 | enp139s0f0np0: 225708602157375 61006471458    0 2473    0     0          0    501898 174803823980587 45305317336    0    0    0     0       0          0
1784771165 | enp139s0f0np0: 225708609442068 61006509590    0 2473    0     0          0    501898 174808310591409 45306393968    0    0    0     0       0          0
1784771166 | enp139s0f0np0: 225708616654815 61006547863    0 2473    0     0          0    501898 174812745439603 45307458280    0    0    0     0       0          0
1784771167 | enp139s0f0np0: 225708624133792 61006586667    0 2473    0     0          0    501899 174817365406940 45308566935    0    0    0     0       0          0
1784771168 | enp139s0f0np0: 225708631289350 61006622782    0 2473    0     0          0    501899 174821839849268 45309640461    0    0    0     0       0          0
1784771169 | enp139s0f0np0: 225708638614401 61006661326    0 2473    0     0          0    501899 174826369518756 45310727305    0    0    0     0       0          0
1784771170 | enp139s0f0np0: 225708645341281 61006696885    0 2473    0     0          0    501899 174830431501922 45311701870    0    0    0     0       0          0
1784771171 | enp139s0f0np0: 225708648590702 61006716252    0 2473    0     0          0    501899 174832241062836 45312137195    0    0    0     0       0          0
1784771172 | enp139s0f0np0: 225708655748334 61006752240    0 2473    0     0          0    501899 174836766441460 45313223071    0    0    0     0       0          0
1784771173 | enp139s0f0np0: 225708663038906 61006791095    0 2473    0     0          0    501899 174841185379036 45314283579    0    0    0     0       0          0
1784771174 | enp139s0f0np0: 225708670304405 61006829054    0 2473    0     0          0    501899 174845660995354 45315357630    0    0    0     0       0          0
1784771175 | enp139s0f0np0: 225708677532275 61006866096    0 2473    0     0          0    501899 174850157467704 45316436734    0    0    0     0       0          0
1784771176 | enp139s0f0np0: 225708684768858 61006903335    0 2473    0     0          0    501899 174854638315404 45317511862    0    0    0     0       0          0
1784771177 | enp139s0f0np0: 225708691890851 61006939985    0 2473    0     0          0    501899 174859047366583 45318569936    0    0    0     0       0          0
1784771178 | enp139s0f0np0: 225708699086447 61006976127    0 2473    0     0          0    501899 174863575828545 45319656484    0    0    0     0       0          0
1784771179 | enp139s0f0np0: 225708703561208 61007000271    0 2473    0     0          0    501899 174866204111175 45320287844    0    0    0     0       0          0
1784771180 | enp139s0f0np0: 225708709043579 61007030034    0 2473    0     0          0    501899 174869496788933 45321078407    0    0    0     0       0          0
1784771181 | enp139s0f0np0: 225708716559247 61007070250    0 2473    0     0          0    501899 174874086669351 45322179871    0    0    0     0       0          0
1784771182 | enp139s0f0np0: 225708723767616 61007108000    0 2473    0     0          0    501899 174878526866351 45323245272    0    0    0     0       0          0
1784771183 | enp139s0f0np0: 225708731197353 61007149082    0 2473    0     0          0    501899 174882947392607 45324305991    0    0    0     0       0          0
1784771184 | enp139s0f0np0: 225708738635245 61007189135    0 2473    0     0          0    501899 174887461856987 45325389353    0    0    0     0       0          0
1784771185 | enp139s0f0np0: 225708745951006 61007227844    0 2473    0     0          0    501899 174891927433265 45326460731    0    0    0     0       0          0
1784771186 | enp139s0f0np0: 225708753478660 61007267449    0 2473    0     0          0    501899 174896518125979 45327562365    0    0    0     0       0          0
1784771187 | enp139s0f0np0: 225708760009456 61007303006    0 2473    0     0          0    501899 174900428087592 45328500499    0    0    0     0       0          0
1784771188 | enp139s0f0np0: 225708763413013 61007324917    0 2473    0     0          0    501899 174902233647130 45328934853    0    0    0     0       0          0
1784771189 | enp139s0f0np0: 225708770883425 61007366524    0 2473    0     0          0    501899 174906698554318 45330006139    0    0    0     0       0          0
1784771190 | enp139s0f0np0: 225708778238099 61007406124    0 2473    0     0          0    501899 174911162168914 45331077312    0    0    0     0       0          0
1784771191 | enp139s0f0np0: 225708785300986 61007445108    0 2473    0     0          0    501899 174915383922982 45332090408    0    0    0     0       0          0
1784771192 | enp139s0f0np0: 225708792621467 61007484404    0 2473    0     0          0    501899 174919821038570 45333155166    0    0    0     0       0          0
1784771193 | enp139s0f0np0: 225708799788168 61007521066    0 2473    0     0          0    501899 174924323501830 45334235437    0    0    0     0       0          0
1784771194 | enp139s0f0np0: 225708807001586 61007558779    0 2473    0     0          0    501899 174928791940172 45335307581    0    0    0     0       0          0
1784771195 | enp139s0f0np0: 225708814335862 61007597072    0 2473    0     0          0    501899 174933321922554 45336394452    0    0    0     0       0          0
1784771196 | enp139s0f0np0: 225708819039215 61007623497    0 2473    0     0          0    501899 174936048092000 45337049158    0    0    0     0       0          0
1784771197 | enp139s0f0np0: 225708824149451 61007651558    0 2473    0     0          0    501900 174939100127893 45337782091    0    0    0     0       0          0
1784771198 | enp139s0f0np0: 225708831505764 61007690498    0 2473    0     0          0    501900 174943598427573 45338861573    0    0    0     0       0          0
1784771199 | enp139s0f0np0: 225708838899652 61007729033    0 2473    0     0          0    501900 174948189836329 45339963274    0    0    0     0       0          0
1784771200 | enp139s0f0np0: 225708846258267 61007768105    0 2473    0     0          0    501900 174952670691637 45341038516    0    0    0     0       0          0
1784771201 | enp139s0f0np0: 225708853616010 61007807513    0 2473    0     0          0    501900 174957135036579 45342109974    0    0    0     0       0          0
1784771202 | enp139s0f0np0: 225708860867983 61007846477    0 2473    0     0          0    501900 174961520826037 45343162542    0    0    0     0       0          0
1784771203 | enp139s0f0np0: 225708868206789 61007885253    0 2473    0     0          0    501900 174966017089331 45344241513    0    0    0     0       0          0
1784771204 | enp139s0f0np0: 225708874275741 61007917729    0 2473    0     0          0    501900 174969630963979 45345108961    0    0    0     0       0          0
1784771205 | enp139s0f0np0: 225708878507513 61007943330    0 2473    0     0          0    501900 174971994067907 45345676809    0    0    0     0       0          0
1784771206 | enp139s0f0np0: 225708885894707 61007982902    0 2473    0     0          0    501900 174976468369767 45346750505    0    0    0     0       0          0
1784771207 | enp139s0f0np0: 225708893297701 61008022574    0 2473    0     0          0    501900 174980956324772 45347827412    0    0    0     0       0          0
1784771208 | enp139s0f0np0: 225708900550639 61008060207    0 2473    0     0          0    501900 174985443458048 45348904212    0    0    0     0       0          0
1784771209 | enp139s0f0np0: 225708907688194 61008097597    0 2473    0     0          0    501900 174989834829344 45349958044    0    0    0     0       0          0
1784771210 | enp139s0f0np0: 225708914948971 61008137349    0 2473    0     0          0    501900 174994161409168 45350996199    0    0    0     0       0          0
1784771211 | enp139s0f0np0: 225708922405190 61008177826    0 2473    0     0          0    501900 174998637072054 45352070219    0    0    0     0       0          0
1784771212 | enp139s0f0np0: 225708928327647 61008209659    0 2473    0     0          0    501900 175002105966538 45352902633    0    0    0     0       0          0
1784771213 | enp139s0f0np0: 225708932232227 61008233793    0 2473    0     0          0    501900 175004282872518 45353426231    0    0    0     0       0          0
1784771214 | enp139s0f0np0: 225708939758619 61008274334    0 2473    0     0          0    501900 175008806610188 45354511843    0    0    0     0       0          0
1784771215 | enp139s0f0np0: 225708946897707 61008311511    0 2473    0     0          0    501900 175013231721822 45355573691    0    0    0     0       0          0
1784771216 | enp139s0f0np0: 225708954207390 61008349322    0 2473    0     0          0    501900 175017752532103 45356658490    0    0    0     0       0          0
1784771217 | enp139s0f0np0: 225708961457459 61008390030    0 2473    0     0          0    501900 175022073771627 45357695480    0    0    0     0       0          0
1784771218 | enp139s0f0np0: 225708968658969 61008429877    0 2473    0     0          0    501900 175026381669327 45358729174    0    0    0     0       0          0
1784771219 | enp139s0f0np0: 225708975916395 61008469698    0 2473    0     0          0    501900 175030694902417 45359764184    0    0    0     0       0          0
1784771220 | enp139s0f0np0: 225708982713814 61008505171    0 2473    0     0          0    501900 175034835849537 45360757945    0    0    0     0       0          0
1784771221 | enp139s0f0np0: 225708985565593 61008522428    0 2473    0     0          0    501900 175036362300695 45361125275    0    0    0     0       0          0
1784771222 | enp139s0f0np0: 225708992567586 61008558432    0 2473    0     0          0    501900 175040745102745 45362176948    0    0    0     0       0          0
1784771223 | enp139s0f0np0: 225708999866317 61008597448    0 2473    0     0          0    501900 175045205524919 45363247271    0    0    0     0       0          0
1784771224 | enp139s0f0np0: 225709007338656 61008638166    0 2473    0     0          0    501900 175049718847885 45364330190    0    0    0     0       0          0
1784771225 | enp139s0f0np0: 225709014429378 61008677486    0 2473    0     0          0    501900 175053960811093 45365348136    0    0    0     0       0          0
1784771226 | enp139s0f0np0: 225709021772883 61008717770    0 2473    0     0          0    501900 175058331800704 45366397090    0    0    0     0       0          0
1784771227 | enp139s0f0np0: 225709029147642 61008757921    0 2473    0     0          0    501901 175062741848574 45367455300    0    0    0     0       0          0
1784771228 | enp139s0f0np0: 225709036487046 61008798630    0 2473    0     0          0    501901 175067116882862 45368505145    0    0    0     0       0          0
1784771229 | enp139s0f0np0: 225709039711832 61008818711    0 2473    0     0          0    501901 175068817272416 45368913919    0    0    0     0       0          0
1784771230 | enp139s0f0np0: 225709046434532 61008855856    0 2473    0     0          0    501901 175072811754814 45369872678    0    0    0     0       0          0
1784771231 | enp139s0f0np0: 225709053486264 61008893870    0 2473    0     0          0    501901 175077061259182 45370892601    0    0    0     0       0          0
1784771232 | enp139s0f0np0: 225709060806304 61008933535    0 2473    0     0          0    501901 175081432566964 45371941660    0    0    0     0       0          0
1784771233 | enp139s0f0np0: 225709067920428 61008971401    0 2473    0     0          0    501901 175085762617818 45372980912    0    0    0     0       0          0
1784771234 | enp139s0f0np0: 225709075191004 61009008668    0 2473    0     0          0    501901 175090273026114 45374063417    0    0    0     0       0          0
1784771235 | enp139s0f0np0: 225709082428002 61009046160    0 2473    0     0          0    501901 175094721630678 45375131031    0    0    0     0       0          0
1784771236 | enp139s0f0np0: 225709089688165 61009084886    0 2473    0     0          0    501901 175099152612185 45376194321    0    0    0     0       0          0
1784771237 | enp139s0f0np0: 225709093412286 61009106293    0 2473    0     0          0    501901 175101266880115 45376702318    0    0    0     0       0          0
