hints = 1
  sec Cur ops   started  finished  avg MB/s  cur MB/s last lat(s)  avg lat(s)
    0       0         0         0         0         0           -           0
    1      16     14859     14843   3710.35   3710.75  0.00115336  0.00105737
    2      16     29755     29739    3716.9      3724  0.00111919  0.00105652
    3      15     44702     44687   3723.48      3737 0.000919882  0.00105471
    4      15     59641     59626   3726.22   3734.75 0.000626032  0.00105375
    5      16     74687     74671   3733.16   3761.25  0.00130942  0.00105173
    6      16     89450     89434   3726.04   3690.75 0.000664197  0.00105409
    7      16    104720    104704   3739.05    3817.5  0.00148087  0.00105026
    8      16    119303    119287   3727.33   3645.75 0.000553382  0.00105372
    9      16    134805    134789   3743.76    3875.5 0.000998077    0.001049
   10      16    150370    150354   3758.47   3891.25  0.00213865  0.00104475
   11      16    165857    165841   3768.74   3871.75  0.00115119   0.0010418
   12      15    181280    181265   3775.98      3856  0.00175956  0.00103977
   13      16    196731    196715   3782.61    3862.5  0.00320016  0.00103791
   14      16    212024    212008   3785.48   3823.25  0.00188601  0.00103709
   15      16    227459    227443   3790.35   3858.75 0.000925814  0.00103575
   16      15    242793    242778   3793.04   3833.75  0.00161566  0.00103499
   17      16    258325    258309   3798.29   3882.75 0.000977872  0.00103354
   18      16    273749    273733   3801.48      3856 0.000477005  0.00103266
   19      16    289005    288989   3802.13      3814 0.000980984  0.00103251
2026-07-19T00:51:03.789897+0700 min lat: 0.000337055 max lat: 0.00466383 avg lat: 0.00103253
  sec Cur ops   started  finished  avg MB/s  cur MB/s last lat(s)  avg lat(s)
   20      15    304205    304190   3802.02   3800.25 0.000920495  0.00103253
   21      16    319577    319561   3803.94   3842.75 0.000684788    0.001032
   22      16    334731    334715   3803.23    3788.5  0.00109791  0.00103219
   23      16    350010    349994   3803.93   3819.75 0.000888287  0.00103199
   24      16    365391    365375   3805.64   3845.25 0.000836305  0.00103153
   25      16    380794    380778   3807.44   3850.75 0.000920593  0.00103104
   26      16    396013    395997   3807.32   3804.75  0.00193816  0.00103109
   27      15    411425    411410   3809.01   3853.25  0.00124565  0.00103064
   28      16    426885    426869   3810.98   3864.75  0.00148807  0.00103008
   29      15    442214    442199   3811.71    3832.5 0.000459414  0.00102988
   30      16    457610    457594   3812.92   3848.75  0.00122728  0.00102956
   31      15    472800    472785   3812.42   3797.75  0.00103826  0.00102969
   32      16    488178    488162    3813.4   3844.25 0.000796772  0.00102943
   33      16    503666    503650   3815.17      3872  0.00265265  0.00102896
   34      16    519490    519474    3819.3      3956 0.000964302  0.00102778
   35      16    534600    534584   3818.09    3777.5  0.00109454  0.00102811
   36      16    549710    549694   3816.96    3777.5  0.00103448  0.00102842
   37      16    564648    564632   3814.72    3734.5 0.000636444  0.00102905
   38      15    579216    579201   3810.18   3642.25 0.000935145  0.00103029
   39      16    593867    593851   3806.38    3662.5  0.00156271  0.00103126
2026-07-19T00:51:23.791789+0700 min lat: 0.00032169 max lat: 0.00502739 avg lat: 0.00103212
  sec Cur ops   started  finished  avg MB/s  cur MB/s last lat(s)  avg lat(s)
   40      16    608554    608538      3803   3671.75 0.000773849  0.00103212
   41      16    623283    623267   3800.05   3682.25  0.00166162  0.00103287
   42      16    637791    637775   3795.92      3627  0.00140369  0.00103396
   43      15    652158    652143   3791.17      3592 0.000722967  0.00103522
   44      16    666838    666822    3788.4   3669.75  0.00110191  0.00103593
   45      16    681730    681714   3786.94      3723  0.00140844  0.00103631
   46      15    696485    696470    3784.8      3689 0.000874592  0.00103686
   47      16    712153    712137    3787.6   3916.75  0.00114632  0.00103606
   48      16    728009    727993   3791.27      3964  0.00124036  0.00103503
   49      16    744246    744230   3796.73   4059.25 0.000721053  0.00103344
   50      16    760483    760467   3801.98   4059.25 0.000865883  0.00103193
   51      16    776280    776264   3804.86   3949.25 0.000531248  0.00103106
   52      16    792170    792154   3808.08    3972.5  0.00116987  0.00103011
   53      15    808631    808616   3813.87    4115.5 0.000498532  0.00102849
   54      16    824676    824660   3817.51      4011  0.00101845  0.00102742
   55      16    840718    840702   3821.01    4010.5  0.00151885  0.00102645
   56      16    856338    856322    3822.5      3905  0.00099878  0.00102604
   57      16    872847    872831   3827.84   4127.25 0.000648962  0.00102455
   58      16    889013    888997   3831.52    4041.5  0.00169259  0.00102351
   59      16    905170    905154   3835.03   4039.25 0.000845461  0.00102252
Total time run:       60.0011
Total reads made:     920976
Read size:            262144
Object size:          262144
Bandwidth (MB/sec):   3837.33
Average IOPS:         15349
Stddev IOPS:          501.828
Max IOPS:             16509
Min IOPS:             14368
Average Latency(s):   0.00102186
Max latency(s):       0.00509906
Min latency(s):       0.00029486
