hints = 1
  sec Cur ops   started  finished  avg MB/s  cur MB/s last lat(s)  avg lat(s)
    0       0         0         0         0         0           -           0
    1    4095     13581      9486   2371.23    2371.5    0.283738    0.307069
    2    4095     28351     24256   3031.71    3692.5    0.288199    0.287865
    3    4095     43219     39124   3259.99      3717    0.257757     0.28475
    4    4095     57468     53373   3335.48   3562.25    0.278125    0.284642
    5    4095     71574     67479   3373.64    3526.5    0.299621    0.285206
    6    4095     86778     82683    3444.8      3801    0.262672     0.28318
    7    4095    101132     97037   3465.29    3588.5    0.292123    0.282634
    8    4095    115990    111895   3496.41    3714.5    0.274004    0.282294
    9    4095    130121    126026   3500.42   3532.75    0.301145    0.282351
   10    4095    144358    140263   3506.27   3559.25     0.28978      0.2832
   11    4095    158896    154801    3517.9    3634.5    0.261289    0.283526
   12    4095    173784    169689   3534.88      3722    0.280441    0.282579
   13    4095    188229    184134   3540.65   3611.25    0.292851    0.282594
   14    4095    203134    199039   3553.89   3726.25      0.2705    0.282215
   15    4095    217341    213246   3553.73   3551.75    0.293214    0.282316
   16    4095    232204    228109   3563.84   3715.75    0.267436    0.282165
   17    4095    246999    242904   3571.76   3698.75    0.273463    0.281782
   18    4095    261448    257353    3573.9   3612.25    0.269352    0.281929
   19    4095    276084    271989   3578.36      3659    0.292176    0.281643
2026-07-19T01:00:47.840788+0700 min lat: 0.255922 max lat: 0.379054 avg lat: 0.282097
  sec Cur ops   started  finished  avg MB/s  cur MB/s last lat(s)  avg lat(s)
   20    4095    290315    286220   3577.32   3557.75    0.286167    0.282097
   21    4095    305161    301066   3583.65    3711.5    0.281123    0.281792
   22    4095    319593    315498   3584.73      3608    0.289291    0.281769
   23    4095    334068    329973   3586.18   3618.75    0.291495    0.281774
   24    4095    348637    344542    3588.5   3642.25    0.274617    0.281895
   25    4095    363242    359147      3591   3651.25    0.288311     0.28174
   26    4095    377615    373520   3591.07   3593.25    0.271432    0.281944
   27    4096    392165    388069   3592.78   3637.25    0.282619    0.281884
   28    4095    406720    402625   3594.42      3639    0.274049    0.281914
   29    4095    421794    417699   3600.41    3768.5    0.255797    0.281624
   30    4095    436085    431990   3599.47   3572.75    0.278129    0.281708
   31    4095    450810    446715   3602.09   3681.25    0.269922    0.281614
   32    4095    465697    461602   3605.82   3721.75    0.268476     0.28141
   33    4095    479816    475721   3603.51   3529.75    0.282735    0.281654
   34    4096    494162    490066   3602.99   3586.25    0.284506    0.281723
   35    4095    508474    504379   3602.28   3578.25    0.292621    0.281764
   36    4095    523288    519193   3605.08    3703.5    0.284861    0.281674
   37    4095    537849    533754   3606.02   3640.25     0.27904    0.281731
   38    4095    551921    547826    3603.7      3518    0.282533    0.281945
   39    4095    566752    562657   3606.36   3707.75    0.276424     0.28179
2026-07-19T01:01:07.842942+0700 min lat: 0.254784 max lat: 0.379054 avg lat: 0.281692
  sec Cur ops   started  finished  avg MB/s  cur MB/s last lat(s)  avg lat(s)
   40    4095    581458    577363   3608.11    3676.5     0.28268    0.281692
   41    4095    596039    591944      3609   3645.25    0.271823    0.281693
   42    4095    610640    606545   3609.98   3650.25    0.277555    0.281669
   43    4095    625697    621602   3613.56   3764.25    0.272522    0.281445
   44    4095    639798    635703   3611.55   3525.25    0.293345    0.281581
   45    4095    654641    650546   3613.75   3710.75    0.262765    0.281559
   46    4095    669011    664916   3613.28    3592.5    0.300327    0.281477
   47    4095    683718    679623   3614.62   3676.75    0.279726    0.281482
   48    4095    698104    694009   3614.24    3596.5    0.288037    0.281514
   49    4095    712887    708792   3615.85   3695.75    0.283848    0.281463
   50    4095    727515    723420   3616.67      3657    0.273281    0.281467
   51    4095    742351    738256   3618.47      3709    0.276543    0.281342
   52    4095    756874    752779    3618.7   3630.75    0.271193    0.281393
   53    4095    771500    767405   3619.41    3656.5     0.29766    0.281269
   54    4095    785738    781643    3618.3    3559.5    0.298431    0.281438
   55    4095    800018    795923   3617.41      3570    0.283112     0.28154
   56    4095    814929    810834   3619.38   3727.75    0.278486    0.281423
   57    4095    829585    825490   3620.16      3664    0.283768    0.281378
   58    4095    844000    839905   3619.87   3603.75    0.293024    0.281413
   59    4095    859230    855135   3623.04    3807.5    0.270949    0.281243
2026-07-19T01:01:27.879878+0700 min lat: 0.178816 max lat: 0.379054 avg lat: 0.281116
  sec Cur ops   started  finished  avg MB/s  cur MB/s last lat(s)  avg lat(s)
   60    1898    873542    871644   3629.34   4127.25    0.178751    0.281116
Total time run:       60.0774
Total reads made:     873542
Read size:            262144
Object size:          262144
Bandwidth (MB/sec):   3635.07
Average IOPS:         14540
Stddev IOPS:          761.975
Max IOPS:             16509
Min IOPS:             9486
Average Latency(s):   0.280781
Max latency(s):       0.379054
Min latency(s):       0.0773825
