1784711294 | enp139s0f0np0: 193655857629251 52658173164    0 2473    0     0          0    499903 134727741417133 35071327062    0    0    0     0       0          0
1784711295 | enp139s0f0np0: 193655859376219 52658185594    0 2473    0     0          0    499903 134728543463611 35071520189    0    0    0     0       0          0
1784711296 | enp139s0f0np0: 193655861636101 52658201968    0 2473    0     0          0    499903 134729598368647 35071774230    0    0    0     0       0          0
1784711297 | enp139s0f0np0: 193655863927950 52658218590    0 2473    0     0          0    499903 134730657539369 35072029269    0    0    0     0       0          0
1784711298 | enp139s0f0np0: 193655866100192 52658234462    0 2473    0     0          0    499903 134731668963488 35072272773    0    0    0     0       0          0
1784711299 | enp139s0f0np0: 193655867804118 52658246644    0 2473    0     0          0    499903 134732444068468 35072459380    0    0    0     0       0          0
1784711300 | enp139s0f0np0: 193655869974323 52658262577    0 2473    0     0          0    499903 134733449358268 35072701413    0    0    0     0       0          0
1784711301 | enp139s0f0np0: 193655872163113 52658278483    0 2473    0     0          0    499903 134734471110298 35072947443    0    0    0     0       0          0
1784711302 | enp139s0f0np0: 193655874442332 52658294898    0 2473    0     0          0    499903 134735514275446 35073198598    0    0    0     0       0          0
1784711303 | enp139s0f0np0: 193655876510404 52658310180    0 2473    0     0          0    499903 134736481500078 35073431458    0    0    0     0       0          0
1784711304 | enp139s0f0np0: 193655878273246 52658323007    0 2473    0     0          0    499903 134737284609972 35073624789    0    0    0     0       0          0
1784711305 | enp139s0f0np0: 193655880413955 52658338839    0 2473    0     0          0    499903 134738278696434 35073864112    0    0    0     0       0          0
1784711306 | enp139s0f0np0: 193655882537482 52658354424    0 2473    0     0          0    499903 134739265046342 35074101549    0    0    0     0       0          0
1784711307 | enp139s0f0np0: 193655884695460 52658370080    0 2473    0     0          0    499903 134740242326710 35074336790    0    0    0     0       0          0
1784711308 | enp139s0f0np0: 193655886370150 52658382256    0 2473    0     0          0    499903 134741015831149 35074523010    0    0    0     0       0          0
1784711309 | enp139s0f0np0: 193655888595775 52658398267    0 2473    0     0          0    499903 134742026721947 35074766387    0    0    0     0       0          0
1784711310 | enp139s0f0np0: 193655890962845 52658415556    0 2473    0     0          0    499903 134743096828393 35075024058    0    0    0     0       0          0
1784711311 | enp139s0f0np0: 193655893314440 52658432572    0 2473    0     0          0    499904 134744171471585 35075282858    0    0    0     0       0          0
1784711312 | enp139s0f0np0: 193655895588619 52658449207    0 2473    0     0          0    499904 134745221575139 35075535736    0    0    0     0       0          0
1784711313 | enp139s0f0np0: 193655897455270 52658462677    0 2473    0     0          0    499904 134746072430007 35075740574    0    0    0     0       0          0
1784711314 | enp139s0f0np0: 193655899757095 52658479528    0 2473    0     0          0    499904 134747134533547 35075996301    0    0    0     0       0          0
1784711315 | enp139s0f0np0: 193655902066062 52658496373    0 2473    0     0          0    499904 134748210774181 35076255442    0    0    0     0       0          0
1784711316 | enp139s0f0np0: 193655904422820 52658513393    0 2473    0     0          0    499904 134749279012325 35076512646    0    0    0     0       0          0
1784711318 | enp139s0f0np0: 193655906314961 52658526669    0 2473    0     0          0    499904 134750116801115 35076714393    0    0    0     0       0          0
1784711319 | enp139s0f0np0: 193655908750025 52658544111    0 2473    0     0          0    499904 134751211901946 35076978070    0    0    0     0       0          0
1784711320 | enp139s0f0np0: 193655911180526 52658561473    0 2473    0     0          0    499904 134752298609794 35077239756    0    0    0     0       0          0
1784711321 | enp139s0f0np0: 193655913624650 52658578636    0 2473    0     0          0    499904 134753397003368 35077504243    0    0    0     0       0          0
1784711322 | enp139s0f0np0: 193655915534281 52658591917    0 2473    0     0          0    499904 134754228923438 35077704566    0    0    0     0       0          0
1784711323 | enp139s0f0np0: 193655917860792 52658608459    0 2473    0     0          0    499904 134755267555166 35077954644    0    0    0     0       0          0
1784711324 | enp139s0f0np0: 193655920172001 52658625021    0 2473    0     0          0    499904 134756312854104 35078206312    0    0    0     0       0          0
1784711325 | enp139s0f0np0: 193655922548021 52658641845    0 2473    0     0          0    499904 134757371759616 35078461309    0    0    0     0       0          0
1784711326 | enp139s0f0np0: 193655924710980 52658657456    0 2473    0     0          0    499904 134758331708816 35078692467    0    0    0     0       0          0
1784711327 | enp139s0f0np0: 193655926773304 52658672137    0 2473    0     0          0    499904 134759252180944 35078914097    0    0    0     0       0          0
1784711328 | enp139s0f0np0: 193655929094145 52658688817    0 2473    0     0          0    499904 134760302283376 35079166958    0    0    0     0       0          0
1784711329 | enp139s0f0np0: 193655931420056 52658705610    0 2473    0     0          0    499904 134761320908917 35079412193    0    0    0     0       0          0
1784711330 | enp139s0f0np0: 193655933690128 52658721626    0 2473    0     0          0    499904 134762334199351 35079656135    0    0    0     0       0          0
1784711331 | enp139s0f0np0: 193655935483766 52658734099    0 2473    0     0          0    499904 134763106105107 35079841994    0    0    0     0       0          0
1784711332 | enp139s0f0np0: 193655937761086 52658750377    0 2473    0     0          0    499904 134764113984021 35080084634    0    0    0     0       0          0
1784711333 | enp139s0f0np0: 193655940100536 52658767043    0 2473    0     0          0    499904 134765142555243 35080332260    0    0    0     0       0          0
1784711334 | enp139s0f0np0: 193655942506816 52658783798    0 2473    0     0          0    499904 134766202792813 35080587554    0    0    0     0       0          0
1784711335 | enp139s0f0np0: 193655944494845 52658797632    0 2473    0     0          0    499904 134767071785953 35080796775    0    0    0     0       0          0
1784711336 | enp139s0f0np0: 193655946561269 52658812195    0 2473    0     0          0    499904 134767972251763 35081013560    0    0    0     0       0          0
1784711337 | enp139s0f0np0: 193655948765818 52658827879    0 2473    0     0          0    499904 134768968740323 35081253484    0    0    0     0       0          0
1784711338 | enp139s0f0np0: 193655951027814 52658843880    0 2473    0     0          0    499904 134769972165383 35081495103    0    0    0     0       0          0
1784711339 | enp139s0f0np0: 193655953413758 52658860787    0 2473    0     0          0    499904 134771033204130 35081750605    0    0    0     0       0          0
1784711340 | enp139s0f0np0: 193655955262853 52658873859    0 2473    0     0          0    499904 134771853387942 35081948098    0    0    0     0       0          0
1784711341 | enp139s0f0np0: 193655957523861 52658890047    0 2473    0     0          0    499904 134772874146788 35082193839    0    0    0     0       0          0
1784711342 | enp139s0f0np0: 193655959841860 52658906095    0 2473    0     0          0    499905 134773902031728 35082441319    0    0    0     0       0          0
1784711343 | enp139s0f0np0: 193655962078573 52658921925    0 2473    0     0          0    499905 134774913800042 35082684912    0    0    0     0       0          0
1784711344 | enp139s0f0np0: 193655964122437 52658935908    0 2473    0     0          0    499905 134775811865772 35082901121    0    0    0     0       0          0
1784711345 | enp139s0f0np0: 193655966155210 52658949992    0 2473    0     0          0    499905 134776699261960 35083114758    0    0    0     0       0          0
1784711346 | enp139s0f0np0: 193655968465047 52658966304    0 2473    0     0          0    499905 134777724555946 35083361603    0    0    0     0       0          0
1784711347 | enp139s0f0np0: 193655970819146 52658983176    0 2473    0     0          0    499905 134778763189239 35083611705    0    0    0     0       0          0
1784711348 | enp139s0f0np0: 193655973340548 52659000942    0 2473    0     0          0    499905 134779888774842 35083882736    0    0    0     0       0          0
1784711349 | enp139s0f0np0: 193655975128360 52659013548    0 2473    0     0          0    499905 134780670814886 35084071016    0    0    0     0       0          0
1784711350 | enp139s0f0np0: 193655977357770 52659029435    0 2473    0     0          0    499905 134781660367211 35084309250    0    0    0     0       0          0
1784711351 | enp139s0f0np0: 193655979550958 52659044894    0 2473    0     0          0    499905 134782673720129 35084553196    0    0    0     0       0          0
1784711352 | enp139s0f0np0: 193655981841223 52659060959    0 2473    0     0          0    499905 134783686415200 35084797014    0    0    0     0       0          0
1784711353 | enp139s0f0np0: 193655983787337 52659074895    0 2473    0     0          0    499905 134784551939909 35085005385    0    0    0     0       0          0
1784711354 | enp139s0f0np0: 193655985831303 52659089115    0 2473    0     0          0    499905 134785444934937 35085220333    0    0    0     0       0          0
1784711355 | enp139s0f0np0: 193655988039105 52659104664    0 2473    0     0          0    499905 134786431004001 35085457699    0    0    0     0       0          0
1784711356 | enp139s0f0np0: 193655990290733 52659120554    0 2473    0     0          0    499905 134787455310273 35085704338    0    0    0     0       0          0
1784711357 | enp139s0f0np0: 193655992566931 52659136659    0 2473    0     0          0    499905 134788473936927 35085949590    0    0    0     0       0          0
1784711358 | enp139s0f0np0: 193655994391831 52659149308    0 2473    0     0          0    499905 134789282588617 35086144311    0    0    0     0       0          0
1784711359 | enp139s0f0np0: 193655996588542 52659165112    0 2473    0     0          0    499905 134790277741340 35086383880    0    0    0     0       0          0
1784711360 | enp139s0f0np0: 193655998837482 52659181532    0 2473    0     0          0    499905 134791303835930 35086630924    0    0    0     0       0          0
1784711361 | enp139s0f0np0: 193656001123052 52659198006    0 2473    0     0          0    499905 134792336064368 35086879432    0    0    0     0       0          0
1784711362 | enp139s0f0np0: 193656003204699 52659213233    0 2473    0     0          0    499905 134793292012096 35087109618    0    0    0     0       0          0
1784711363 | enp139s0f0np0: 193656005209903 52659227563    0 2473    0     0          0    499905 134794218084054 35087332575    0    0    0     0       0          0
1784711364 | enp139s0f0np0: 193656007436355 52659243760    0 2473    0     0          0    499905 134795244711834 35087579742    0    0    0     0       0          0
1784711365 | enp139s0f0np0: 193656009745557 52659260835    0 2473    0     0          0    499905 134796313406225 35087837053    0    0    0     0       0          0
1784711366 | enp139s0f0np0: 193656011956961 52659277112    0 2473    0     0          0    499905 134797339298363 35088084064    0    0    0     0       0          0
1784711367 | enp139s0f0np0: 193656587862044 52659424811    0 2473    0     0          0    499905 134797665980794 35088176523    0    0    0     0       0          0
1784711368 | enp139s0f0np0: 193658333305100 52659856773    0 2473    0     0          0    499905 134797677915583 35088221525    0    0    0     0       0          0
1784711369 | enp139s0f0np0: 193660060539400 52660284268    0 2473    0     0          0    499905 134797689686215 35088265585    0    0    0     0       0          0
1784711370 | enp139s0f0np0: 193661831707006 52660722578    0 2473    0     0          0    499905 134797701752452 35088310640    0    0    0     0       0          0
1784711371 | enp139s0f0np0: 193663593194913 52661158364    0 2473    0     0          0    499905 134797713731377 35088355010    0    0    0     0       0          0
1784711372 | enp139s0f0np0: 193665327223028 52661587388    0 2473    0     0          0    499906 134797725522963 35088398895    0    0    0     0       0          0
1784711373 | enp139s0f0np0: 193667112623359 52662029371    0 2473    0     0          0    499906 134797737698727 35088444433    0    0    0     0       0          0
1784711374 | enp139s0f0np0: 193668890439573 52662469325    0 2473    0     0          0    499906 134797749825585 35088489887    0    0    0     0       0          0
1784711375 | enp139s0f0np0: 193670652997148 52662905491    0 2473    0     0          0    499906 134797761839866 35088534811    0    0    0     0       0          0
1784711376 | enp139s0f0np0: 193672435053154 52663346565    0 2473    0     0          0    499906 134797774042509 35088580990    0    0    0     0       0          0
1784711377 | enp139s0f0np0: 193674188028220 52663780441    0 2473    0     0          0    499906 134797785990659 35088625748    0    0    0     0       0          0
1784711378 | enp139s0f0np0: 193675956820375 52664218198    0 2473    0     0          0    499906 134797798037604 35088670685    0    0    0     0       0          0
1784711379 | enp139s0f0np0: 193677719442492 52664654496    0 2473    0     0          0    499906 134797810091728 35088716218    0    0    0     0       0          0
1784711380 | enp139s0f0np0: 193679472428155 52665088395    0 2473    0     0          0    499906 134797822075385 35088761420    0    0    0     0       0          0
1784711381 | enp139s0f0np0: 193681219353596 52665520706    0 2473    0     0          0    499906 134797834005782 35088806195    0    0    0     0       0          0
1784711382 | enp139s0f0np0: 193682971872365 52665954536    0 2473    0     0          0    499906 134797845967902 35088851173    0    0    0     0       0          0
1784711383 | enp139s0f0np0: 193684722341854 52666387812    0 2473    0     0          0    499906 134797857861230 35088895173    0    0    0     0       0          0
1784711384 | enp139s0f0np0: 193686491540762 52666825680    0 2473    0     0          0    499906 134797869899090 35088939959    0    0    0     0       0          0
1784711385 | enp139s0f0np0: 193688269234362 52667265854    0 2473    0     0          0    499906 134797882016944 35088985283    0    0    0     0       0          0
1784711386 | enp139s0f0np0: 193690042936523 52667704864    0 2473    0     0          0    499906 134797894061702 35089029733    0    0    0     0       0          0
1784711387 | enp139s0f0np0: 193691783990274 52668135726    0 2473    0     0          0    499906 134797905938210 35089074339    0    0    0     0       0          0
1784711388 | enp139s0f0np0: 193693530835183 52668568108    0 2473    0     0          0    499906 134797917788743 35089118022    0    0    0     0       0          0
1784711389 | enp139s0f0np0: 193695287994711 52669003213    0 2473    0     0          0    499906 134797929755197 35089162600    0    0    0     0       0          0
1784711390 | enp139s0f0np0: 193697045951261 52669438347    0 2473    0     0          0    499906 134797941741740 35089207482    0    0    0     0       0          0
1784711391 | enp139s0f0np0: 193698823344931 52669878383    0 2473    0     0          0    499906 134797953848554 35089252609    0    0    0     0       0          0
1784711392 | enp139s0f0np0: 193700588353784 52670315321    0 2473    0     0          0    499906 134797965873763 35089297527    0    0    0     0       0          0
1784711393 | enp139s0f0np0: 193702333479062 52670747212    0 2473    0     0          0    499906 134797977717371 35089341253    0    0    0     0       0          0
1784711394 | enp139s0f0np0: 193704104837326 52671185536    0 2473    0     0          0    499906 134797989847395 35089387175    0    0    0     0       0          0
1784711395 | enp139s0f0np0: 193705852491644 52671618092    0 2473    0     0          0    499906 134798001725252 35089431271    0    0    0     0       0          0
1784711396 | enp139s0f0np0: 193707604333082 52672051672    0 2473    0     0          0    499906 134798013642507 35089475529    0    0    0     0       0          0
1784711397 | enp139s0f0np0: 193709362429302 52672486745    0 2473    0     0          0    499906 134798025635421 35089520440    0    0    0     0       0          0
1784711398 | enp139s0f0np0: 193711125334901 52672923065    0 2473    0     0          0    499906 134798037646739 35089565341    0    0    0     0       0          0
1784711399 | enp139s0f0np0: 193712884053463 52673358421    0 2473    0     0          0    499906 134798049627324 35089610043    0    0    0     0       0          0
1784711400 | enp139s0f0np0: 193714647286018 52673794893    0 2473    0     0          0    499906 134798061665974 35089655335    0    0    0     0       0          0
1784711401 | enp139s0f0np0: 193716415676681 52674232661    0 2473    0     0          0    499906 134798073728645 35089700467    0    0    0     0       0          0
1784711402 | enp139s0f0np0: 193718172174786 52674667619    0 2473    0     0          0    499907 134798085699128 35089745257    0    0    0     0       0          0
1784711403 | enp139s0f0np0: 193719930870599 52675102880    0 2473    0     0          0    499907 134798097668827 35089789790    0    0    0     0       0          0
1784711404 | enp139s0f0np0: 193721692475088 52675538960    0 2473    0     0          0    499907 134798109689550 35089834887    0    0    0     0       0          0
1784711405 | enp139s0f0np0: 193723444910783 52675972792    0 2473    0     0          0    499907 134798121611549 35089879250    0    0    0     0       0          0
1784711406 | enp139s0f0np0: 193725203462907 52676408176    0 2473    0     0          0    499907 134798133578855 35089923701    0    0    0     0       0          0
1784711407 | enp139s0f0np0: 193726965763256 52676844478    0 2473    0     0          0    499907 134798145546818 35089967975    0    0    0     0       0          0
1784711408 | enp139s0f0np0: 193728753637428 52677287163    0 2473    0     0          0    499907 134798157686943 35090012879    0    0    0     0       0          0
1784711409 | enp139s0f0np0: 193730507513693 52677721272    0 2473    0     0          0    499907 134798169600937 35090056936    0    0    0     0       0          0
1784711410 | enp139s0f0np0: 193732254053262 52678153623    0 2473    0     0          0    499907 134798181465129 35090100826    0    0    0     0       0          0
1784711411 | enp139s0f0np0: 193734013661221 52678589194    0 2473    0     0          0    499907 134798193449054 35090145516    0    0    0     0       0          0
1784711412 | enp139s0f0np0: 193735785208460 52679027817    0 2473    0     0          0    499907 134798205508821 35090190464    0    0    0     0       0          0
1784711413 | enp139s0f0np0: 193737524245251 52679458434    0 2473    0     0          0    499907 134798217341383 35090234490    0    0    0     0       0          0
1784711414 | enp139s0f0np0: 193739294488824 52679896865    0 2473    0     0          0    499907 134798229355413 35090278785    0    0    0     0       0          0
1784711415 | enp139s0f0np0: 193741050423906 52680331393    0 2473    0     0          0    499907 134798241292293 35090323126    0    0    0     0       0          0
1784711416 | enp139s0f0np0: 193742829876890 52680772063    0 2473    0     0          0    499907 134798253428532 35090368534    0    0    0     0       0          0
1784711417 | enp139s0f0np0: 193744590925084 52681208123    0 2473    0     0          0    499907 134798265403305 35090413018    0    0    0     0       0          0
1784711418 | enp139s0f0np0: 193746379221050 52681650922    0 2473    0     0          0    499907 134798277592710 35090458638    0    0    0     0       0          0
1784711419 | enp139s0f0np0: 193748151816220 52682089949    0 2473    0     0          0    499907 134798289648607 35090503308    0    0    0     0       0          0
1784711420 | enp139s0f0np0: 193749901535104 52682523239    0 2473    0     0          0    499907 134798301538188 35090547379    0    0    0     0       0          0
1784711421 | enp139s0f0np0: 193751671273718 52682961367    0 2473    0     0          0    499907 134798313576852 35090592168    0    0    0     0       0          0
1784711422 | enp139s0f0np0: 193753422679321 52683394935    0 2473    0     0          0    499907 134798325506866 35090636698    0    0    0     0       0          0
1784711423 | enp139s0f0np0: 193755168997881 52683827421    0 2473    0     0          0    499907 134798337331948 35090680041    0    0    0     0       0          0
1784711424 | enp139s0f0np0: 193756932260652 52684263845    0 2473    0     0          0    499907 134798349339466 35090724738    0    0    0     0       0          0
1784711425 | enp139s0f0np0: 193758695725321 52684700393    0 2473    0     0          0    499907 134798361307438 35090768932    0    0    0     0       0          0
1784711426 | enp139s0f0np0: 193760462706726 52685137825    0 2473    0     0          0    499907 134798373291049 35090813108    0    0    0     0       0          0
1784711427 | enp139s0f0np0: 193762226230542 52685574230    0 2473    0     0          0    499907 134798385271489 35090857345    0    0    0     0       0          0
1784711428 | enp139s0f0np0: 193764020001059 52686018258    0 2473    0     0          0    499907 134798397509133 35090903340    0    0    0     0       0          0
1784711429 | enp139s0f0np0: 193765794099218 52686457482    0 2473    0     0          0    499907 134798409596403 35090948378    0    0    0     0       0          0
1784711430 | enp139s0f0np0: 193767547251024 52686891634    0 2473    0     0          0    499907 134798421551785 35090993145    0    0    0     0       0          0
1784711431 | enp139s0f0np0: 193769310018875 52687327919    0 2473    0     0          0    499907 134798433525256 35091037483    0    0    0     0       0          0
1784711432 | enp139s0f0np0: 193771084619977 52687767215    0 2473    0     0          0    499908 134798445647970 35091083076    0    0    0     0       0          0
1784711433 | enp139s0f0np0: 193772839823351 52688201676    0 2473    0     0          0    499908 134798457586517 35091127510    0    0    0     0       0          0
1784711434 | enp139s0f0np0: 193774597370111 52688636741    0 2473    0     0          0    499908 134798469577534 35091172484    0    0    0     0       0          0
1784711435 | enp139s0f0np0: 193776349450845 52689070422    0 2473    0     0          0    499908 134798481513181 35091216976    0    0    0     0       0          0
1784711436 | enp139s0f0np0: 193778107765405 52689505581    0 2473    0     0          0    499908 134798493488685 35091261714    0    0    0     0       0          0
1784711437 | enp139s0f0np0: 193779877648823 52689943722    0 2473    0     0          0    499908 134798505512532 35091306167    0    0    0     0       0          0
1784711438 | enp139s0f0np0: 193781648874283 52690382195    0 2473    0     0          0    499908 134798517547063 35091350745    0    0    0     0       0          0
1784711439 | enp139s0f0np0: 193783426537996 52690822243    0 2473    0     0          0    499908 134798529649795 35091395859    0    0    0     0       0          0
1784711440 | enp139s0f0np0: 193785185912326 52691257865    0 2473    0     0          0    499908 134798541609702 35091440148    0    0    0     0       0          0
1784711441 | enp139s0f0np0: 193786939690443 52691692025    0 2473    0     0          0    499908 134798553519727 35091484301    0    0    0     0       0          0
1784711442 | enp139s0f0np0: 193788710918502 52692130466    0 2473    0     0          0    499908 134798565551274 35091528739    0    0    0     0       0          0
1784711443 | enp139s0f0np0: 193790475341153 52692567038    0 2473    0     0          0    499908 134798577522796 35091572827    0    0    0     0       0          0
1784711444 | enp139s0f0np0: 193792236683864 52693003067    0 2473    0     0          0    499908 134798589504690 35091617388    0    0    0     0       0          0
1784711445 | enp139s0f0np0: 193793978810084 52693434161    0 2473    0     0          0    499908 134798601326920 35091660982    0    0    0     0       0          0
1784711446 | enp139s0f0np0: 193795731659678 52693867929    0 2473    0     0          0    499908 134798613235232 35091705104    0    0    0     0       0          0
1784711447 | enp139s0f0np0: 193797519089623 52694310405    0 2473    0     0          0    499908 134798625367558 35091749807    0    0    0     0       0          0
1784711448 | enp139s0f0np0: 193799274947930 52694745104    0 2473    0     0          0    499908 134798637303000 35091794129    0    0    0     0       0          0
1784711449 | enp139s0f0np0: 193801052441020 52695185145    0 2473    0     0          0    499908 134798649367948 35091838657    0    0    0     0       0          0
1784711450 | enp139s0f0np0: 193802829045662 52695624778    0 2473    0     0          0    499908 134798661412419 35091882967    0    0    0     0       0          0
1784711451 | enp139s0f0np0: 193804592066756 52696061050    0 2473    0     0          0    499908 134798673421537 35091927828    0    0    0     0       0          0
1784711452 | enp139s0f0np0: 193806356233834 52696497689    0 2473    0     0          0    499908 134798685435833 35091972543    0    0    0     0       0          0
1784711453 | enp139s0f0np0: 193808121616429 52696934498    0 2473    0     0          0    499908 134798697438251 35092017099    0    0    0     0       0          0
1784711454 | enp139s0f0np0: 193809900563409 52697374875    0 2473    0     0          0    499908 134798709549107 35092062213    0    0    0     0       0          0
1784711455 | enp139s0f0np0: 193811645955101 52697806929    0 2473    0     0          0    499908 134798721370099 35092105519    0    0    0     0       0          0
1784711456 | enp139s0f0np0: 193813390758659 52698238690    0 2473    0     0          0    499908 134798733232136 35092149554    0    0    0     0       0          0
1784711457 | enp139s0f0np0: 193815166235457 52698678157    0 2473    0     0          0    499908 134798745314574 35092194457    0    0    0     0       0          0
1784711458 | enp139s0f0np0: 193816921786584 52699112503    0 2473    0     0          0    499908 134798757273202 35092239159    0    0    0     0       0          0
1784711459 | enp139s0f0np0: 193818703013721 52699553272    0 2473    0     0          0    499908 134798769407622 35092284456    0    0    0     0       0          0
1784711460 | enp139s0f0np0: 193820491200363 52699995938    0 2473    0     0          0    499908 134798781608079 35092330139    0    0    0     0       0          0
1784711461 | enp139s0f0np0: 193822231968050 52700426693    0 2473    0     0          0    499908 134798793442682 35092374032    0    0    0     0       0          0
1784711462 | enp139s0f0np0: 193823992807637 52700862480    0 2473    0     0          0    499909 134798805414939 35092418456    0    0    0     0       0          0
1784711463 | enp139s0f0np0: 193825758051291 52701299432    0 2473    0     0          0    499909 134798817443956 35092463398    0    0    0     0       0          0
1784711464 | enp139s0f0np0: 193827498554935 52701730170    0 2473    0     0          0    499909 134798829313389 35092507844    0    0    0     0       0          0
1784711465 | enp139s0f0np0: 193829232173369 52702159177    0 2473    0     0          0    499909 134798841118457 35092551807    0    0    0     0       0          0
1784711466 | enp139s0f0np0: 193831011858261 52702599682    0 2473    0     0          0    499909 134798853275582 35092597605    0    0    0     0       0          0
1784711467 | enp139s0f0np0: 193832779172257 52703036847    0 2473    0     0          0    499909 134798865317212 35092642583    0    0    0     0       0          0
1784711468 | enp139s0f0np0: 193834538559585 52703472177    0 2473    0     0          0    499909 134798877309884 35092687419    0    0    0     0       0          0
1784711469 | enp139s0f0np0: 193836314048165 52703911869    0 2473    0     0          0    499909 134798889433099 35092733001    0    0    0     0       0          0
1784711470 | enp139s0f0np0: 193838074767089 52704347724    0 2473    0     0          0    499909 134798901445304 35092778028    0    0    0     0       0          0
1784711471 | enp139s0f0np0: 193839874253284 52704793242    0 2473    0     0          0    499909 134798913758845 35092824552    0    0    0     0       0          0
1784711472 | enp139s0f0np0: 193841649110561 52705232718    0 2473    0     0          0    499909 134798925865076 35092869986    0    0    0     0       0          0
1784711473 | enp139s0f0np0: 193843439191128 52705675712    0 2473    0     0          0    499909 134798938114405 35092916265    0    0    0     0       0          0
1784711474 | enp139s0f0np0: 193845198648451 52706111230    0 2473    0     0          0    499909 134798950072489 35092960674    0    0    0     0       0          0
1784711475 | enp139s0f0np0: 193846952059377 52706545233    0 2473    0     0          0    499909 134798962011251 35093005144    0    0    0     0       0          0
1784711476 | enp139s0f0np0: 193848680160844 52706972865    0 2473    0     0          0    499909 134798973717251 35093048111    0    0    0     0       0          0
1784711477 | enp139s0f0np0: 193850429969079 52707406000    0 2473    0     0          0    499909 134798985632381 35093092484    0    0    0     0       0          0
1784711478 | enp139s0f0np0: 193852201305598 52707844490    0 2473    0     0          0    499909 134798997743739 35093138144    0    0    0     0       0          0
1784711479 | enp139s0f0np0: 193853974315429 52708283328    0 2473    0     0          0    499909 134799009851434 35093183793    0    0    0     0       0          0
1784711480 | enp139s0f0np0: 193855720873766 52708715801    0 2473    0     0          0    499909 134799021706887 35093227500    0    0    0     0       0          0
1784711481 | enp139s0f0np0: 193857481923521 52709151795    0 2473    0     0          0    499909 134799033719077 35093272440    0    0    0     0       0          0
1784711482 | enp139s0f0np0: 193859238949600 52709586683    0 2473    0     0          0    499909 134799045642262 35093316521    0    0    0     0       0          0
1784711483 | enp139s0f0np0: 193860995979986 52710021532    0 2473    0     0          0    499909 134799057625300 35093361331    0    0    0     0       0          0
1784711484 | enp139s0f0np0: 193862773767297 52710461645    0 2473    0     0          0    499909 134799069742920 35093406677    0    0    0     0       0          0
1784711485 | enp139s0f0np0: 193864523016450 52710894553    0 2473    0     0          0    499909 134799081638501 35093450836    0    0    0     0       0          0
1784711486 | enp139s0f0np0: 193866279312311 52711329155    0 2473    0     0          0    499909 134799093561260 35093494812    0    0    0     0       0          0
1784711487 | enp139s0f0np0: 193868062559241 52711770762    0 2473    0     0          0    499909 134799105684603 35093539809    0    0    0     0       0          0
1784711488 | enp139s0f0np0: 193869825583446 52712207138    0 2473    0     0          0    499909 134799117662394 35093584126    0    0    0     0       0          0
1784711489 | enp139s0f0np0: 193871594670789 52712644944    0 2473    0     0          0    499909 134799129686579 35093628712    0    0    0     0       0          0
1784711490 | enp139s0f0np0: 193873348052736 52713078818    0 2473    0     0          0    499909 134799141582799 35093672593    0    0    0     0       0          0
1784711491 | enp139s0f0np0: 193875088682666 52713509619    0 2473    0     0          0    499909 134799153386383 35093715957    0    0    0     0       0          0
1784711492 | enp139s0f0np0: 193876837750827 52713942567    0 2473    0     0          0    499910 134799165269461 35093759981    0    0    0     0       0          0
1784711493 | enp139s0f0np0: 193878601663762 52714379194    0 2473    0     0          0    499910 134799177274933 35093804658    0    0    0     0       0          0
1784711494 | enp139s0f0np0: 193880352326237 52714812626    0 2473    0     0          0    499910 134799189180807 35093848899    0    0    0     0       0          0
1784711495 | enp139s0f0np0: 193882112596337 52715248435    0 2473    0     0          0    499910 134799201167726 35093893653    0    0    0     0       0          0
1784711496 | enp139s0f0np0: 193883876148394 52715685012    0 2473    0     0          0    499910 134799213177525 35093938372    0    0    0     0       0          0
1784711497 | enp139s0f0np0: 193885647018432 52716123492    0 2473    0     0          0    499910 134799225222262 35093983142    0    0    0     0       0          0
1784711498 | enp139s0f0np0: 193887411757410 52716560361    0 2473    0     0          0    499910 134799237260771 35094028241    0    0    0     0       0          0
1784711499 | enp139s0f0np0: 193889169422040 52716995553    0 2473    0     0          0    499910 134799249273594 35094073542    0    0    0     0       0          0
1784711500 | enp139s0f0np0: 193890934558853 52717432708    0 2473    0     0          0    499910 134799261284435 35094118280    0    0    0     0       0          0
1784711501 | enp139s0f0np0: 193892712953169 52717872942    0 2473    0     0          0    499910 134799273402078 35094163436    0    0    0     0       0          0
1784711502 | enp139s0f0np0: 193894492222121 52718313486    0 2473    0     0          0    499910 134799285527634 35094208869    0    0    0     0       0          0
1784711503 | enp139s0f0np0: 193896251151012 52718749027    0 2473    0     0          0    499910 134799297492468 35094253242    0    0    0     0       0          0
1784711504 | enp139s0f0np0: 193898022169976 52719187506    0 2473    0     0          0    499910 134799309544614 35094298160    0    0    0     0       0          0
1784711505 | enp139s0f0np0: 193899754404943 52719616390    0 2473    0     0          0    499910 134799321306723 35094341637    0    0    0     0       0          0
1784711506 | enp139s0f0np0: 193901514148463 52720052021    0 2473    0     0          0    499910 134799333317195 35094386643    0    0    0     0       0          0
1784711507 | enp139s0f0np0: 193903279465943 52720488972    0 2473    0     0          0    499910 134799345306200 35094431022    0    0    0     0       0          0
1784711508 | enp139s0f0np0: 193905059048268 52720929624    0 2473    0     0          0    499910 134799357436175 35094476388    0    0    0     0       0          0
1784711509 | enp139s0f0np0: 193906821948502 52721366140    0 2473    0     0          0    499910 134799369430209 35094520946    0    0    0     0       0          0
1784711510 | enp139s0f0np0: 193908600203391 52721806431    0 2473    0     0          0    499910 134799381569109 35094566555    0    0    0     0       0          0
1784711511 | enp139s0f0np0: 193910375239369 52722245791    0 2473    0     0          0    499910 134799393646458 35094611478    0    0    0     0       0          0
1784711512 | enp139s0f0np0: 193912121025964 52722677969    0 2473    0     0          0    499910 134799405514735 35094655564    0    0    0     0       0          0
1784711513 | enp139s0f0np0: 193913864845817 52723109543    0 2473    0     0          0    499910 134799417398607 35094699885    0    0    0     0       0          0
1784711514 | enp139s0f0np0: 193915604836187 52723540211    0 2473    0     0          0    499910 134799429232793 35094743855    0    0    0     0       0          0
1784711515 | enp139s0f0np0: 193917368085420 52723976677    0 2473    0     0          0    499910 134799441256689 35094788939    0    0    0     0       0          0
1784711516 | enp139s0f0np0: 193919140361055 52724415446    0 2473    0     0          0    499910 134799453336828 35094834097    0    0    0     0       0          0
1784711517 | enp139s0f0np0: 193920913678762 52724854465    0 2473    0     0          0    499910 134799465372164 35094878476    0    0    0     0       0          0
1784711518 | enp139s0f0np0: 193922659639506 52725286480    0 2473    0     0          0    499910 134799477251113 35094922665    0    0    0     0       0          0
1784711519 | enp139s0f0np0: 193924423306152 52725723051    0 2473    0     0          0    499910 134799489255192 35094967365    0    0    0     0       0          0
1784711520 | enp139s0f0np0: 193926169456168 52726155220    0 2473    0     0          0    499910 134799501124010 35095011389    0    0    0     0       0          0
1784711521 | enp139s0f0np0: 193927925033881 52726589802    0 2473    0     0          0    499910 134799513047308 35095055475    0    0    0     0       0          0
1784711522 | enp139s0f0np0: 193929688405106 52727026334    0 2473    0     0          0    499911 134799525040689 35095100059    0    0    0     0       0          0
1784711523 | enp139s0f0np0: 193931448005011 52727461809    0 2473    0     0          0    499911 134799536994267 35095144305    0    0    0     0       0          0
1784711524 | enp139s0f0np0: 193933191810863 52727893573    0 2473    0     0          0    499911 134799548840360 35095188086    0    0    0     0       0          0
1784711525 | enp139s0f0np0: 193934933503378 52728324640    0 2473    0     0          0    499911 134799560687898 35095232125    0    0    0     0       0          0
1784711526 | enp139s0f0np0: 193936685867711 52728758383    0 2473    0     0          0    499911 134799572600208 35095276306    0    0    0     0       0          0
1784711527 | enp139s0f0np0: 193938400632495 52729182748    0 2473    0     0          0    499911 134799584209126 35095318805    0    0    0     0       0          0
1784711528 | enp139s0f0np0: 193940181675551 52729623715    0 2473    0     0          0    499911 134799596380471 35095364711    0    0    0     0       0          0
1784711529 | enp139s0f0np0: 193941972176290 52730067045    0 2473    0     0          0    499911 134799608651273 35095411287    0    0    0     0       0          0
1784711530 | enp139s0f0np0: 193943726309441 52730501219    0 2473    0     0          0    499911 134799620591180 35095455822    0    0    0     0       0          0
1784711531 | enp139s0f0np0: 193945497590055 52730939611    0 2473    0     0          0    499911 134799632599599 35095499918    0    0    0     0       0          0
1784711532 | enp139s0f0np0: 193947269351153 52731378130    0 2473    0     0          0    499911 134799644641993 35095544555    0    0    0     0       0          0
1784711533 | enp139s0f0np0: 193949052774294 52731819688    0 2473    0     0          0    499911 134799656801045 35095590066    0    0    0     0       0          0
1784711534 | enp139s0f0np0: 193950823747454 52732257988    0 2473    0     0          0    499911 134799668857167 35095634958    0    0    0     0       0          0
1784711535 | enp139s0f0np0: 193952595348673 52732696473    0 2473    0     0          0    499911 134799680920356 35095679941    0    0    0     0       0          0
1784711536 | enp139s0f0np0: 193954342734631 52733128886    0 2473    0     0          0    499911 134799692781419 35095723752    0    0    0     0       0          0
1784711537 | enp139s0f0np0: 193956106876456 52733565588    0 2473    0     0          0    499911 134799704792521 35095768488    0    0    0     0       0          0
1784711538 | enp139s0f0np0: 193957887600216 52734006485    0 2473    0     0          0    499911 134799716916591 35095813656    0    0    0     0       0          0
1784711539 | enp139s0f0np0: 193959637509124 52734439595    0 2473    0     0          0    499911 134799728857470 35095858443    0    0    0     0       0          0
1784711540 | enp139s0f0np0: 193961402822194 52734876475    0 2473    0     0          0    499911 134799740912982 35095903781    0    0    0     0       0          0
1784711541 | enp139s0f0np0: 193963184678766 52735317272    0 2473    0     0          0    499911 134799753058132 35095949207    0    0    0     0       0          0
1784711542 | enp139s0f0np0: 193964956839258 52735755729    0 2473    0     0          0    499911 134799765189425 35095995103    0    0    0     0       0          0
1784711543 | enp139s0f0np0: 193966704677383 52736188315    0 2473    0     0          0    499911 134799777091930 35096039549    0    0    0     0       0          0
1784711544 | enp139s0f0np0: 193968452470719 52736620878    0 2473    0     0          0    499911 134799788980643 35096083700    0    0    0     0       0          0
1784711545 | enp139s0f0np0: 193970164864707 52737044580    0 2473    0     0          0    499911 134799800586282 35096126325    0    0    0     0       0          0
1784711546 | enp139s0f0np0: 193971949549975 52737486414    0 2473    0     0          0    499911 134799812777526 35096172213    0    0    0     0       0          0
