hints = 1
  sec Cur ops   started  finished  avg MB/s  cur MB/s last lat(s)  avg lat(s)
    0       0         0         0         0         0           -           0
    1    1023     18161     17138   4284.02    4284.5   0.0528852   0.0569105
    2    1023     36709     35686   4460.19      4637   0.0429682   0.0559477
    3    1023     54839     53816   4484.19    4532.5   0.0611569   0.0559797
    4    1023     73781     72758   4546.93    4735.5   0.0569234   0.0555951
    5    1023     92145     91122   4555.68      4591   0.0425205   0.0556193
    6    1023    110820    109797   4574.43   4668.75   0.0470162   0.0555158
    7    1023    129604    128581   4591.75      4696   0.0466245   0.0553026
    8    1023    147379    146356    4573.2   4443.75   0.0814699   0.0556206
    9    1023    165239    164216   4561.14      4465   0.0463187   0.0557883
   10    1023    183100    182077   4551.49   4465.25   0.0450553   0.0559548
   11    1024    201195    200171    4548.9    4523.5   0.0467587   0.0560094
   12    1023    219578    218555    4552.8      4596   0.0421534   0.0559808
   13    1023    237474    236451   4546.71      4474   0.0423365   0.0560742
   14    1023    255930    254907   4551.47      4614   0.0432244   0.0560262
   15    1023    274809    273786   4562.67   4719.75   0.0423982   0.0559025
   16    1024    293026    292002   4562.11      4554   0.0929913   0.0559154
   17    1023    311448    310425   4564.65   4605.75   0.0453759   0.0559013
   18    1023    329202    328179   4557.62    4438.5   0.0435427   0.0559974
   19    1023    348308    347285   4569.12    4776.5   0.0415193   0.0558664
2026-07-18T23:54:32.490588+0700 min lat: 0.0384682 max lat: 0.16053 avg lat: 0.0558284
  sec Cur ops   started  finished  avg MB/s  cur MB/s last lat(s)  avg lat(s)
   20    1023    366844    365821   4572.35      4634   0.0420708   0.0558284
   21    1023    385815    384792   4580.44   4742.75   0.0498328   0.0557315
   22    1023    404593    403570    4585.6    4694.5     0.10336   0.0556678
   23    1024    423184    422160   4588.28    4647.5   0.0498819   0.0556467
   24    1023    442127    441104   4594.41      4736   0.0424126   0.0555873
   25    1023    461417    460394   4603.51    4822.5   0.0443384   0.0554749
   26    1023    479544    478521   4600.74   4531.75   0.0830786   0.0555184
   27    1023    497972    496949   4600.96      4607   0.0421874   0.0555182
   28    1023    516739    515716   4604.18   4691.75   0.0420921   0.0554822
   29    1023    535322    534299   4605.59   4645.75    0.084753   0.0554711
   30    1024    554307    553283   4610.26      4746   0.0408034   0.0554191
   31    1023    572200    571177   4605.84    4473.5     0.04277   0.0554722
   32    1023    591383    590360   4611.75   4795.75   0.0427343   0.0554072
   33    1023    609625    608602   4610.19    4560.5   0.0440454   0.0554257
   34    1023    628097    627074   4610.41      4618   0.0440059   0.0554245
   35    1023    647071    646048   4614.19    4743.5   0.0877054   0.0553821
   36    1023    665574    664551   4614.51   4625.75   0.0547078   0.0553781
   37    1023    684195    683172   4615.59   4655.25   0.0500832    0.055374
   38    1023    702585    701562   4615.11    4597.5   0.0491215   0.0553792
   39    1023    721040    720017   4615.07   4613.75   0.0454255   0.0553819
2026-07-18T23:54:52.492451+0700 min lat: 0.0382209 max lat: 0.16053 avg lat: 0.0553919
  sec Cur ops   started  finished  avg MB/s  cur MB/s last lat(s)  avg lat(s)
   40    1024    739387    738363   4614.35    4586.5   0.0478023   0.0553919
   41    1023    758192    757169   4616.46    4701.5   0.0511462   0.0553644
   42    1023    776593    775570   4616.07   4600.25   0.0681596   0.0553628
   43    1023    795236    794213    4617.1   4660.75   0.0610559     0.05536
   44    1023    813942    812919   4618.44    4676.5   0.0518336    0.055352
   45    1023    833061    832038   4622.02   4779.75   0.0505014   0.0553103
   46    1023    851119    850096   4619.67    4514.5   0.0921882   0.0553357
   47    1023    869542    868519   4619.37   4605.75   0.0435735   0.0553415
   48    1023    887616    886593   4617.26    4518.5   0.0419863   0.0553667
   49    1023    906601    905578   4619.88   4746.25   0.0467613   0.0553391
   50    1023    925513    924490   4622.04      4728   0.0512871   0.0553167
   51    1023    944720    943697   4625.55   4801.75   0.0608674   0.0552687
   52    1023    963391    962368   4626.36   4667.75   0.0581204   0.0552544
   53    1023    981900    980877   4626.37   4627.25   0.0486124   0.0552637
   54    1023   1000319    999296   4625.96   4604.75   0.0863536   0.0552686
   55    1023   1018721   1017698   4625.49    4600.5   0.0865719   0.0552767
   56    1024   1037101   1036077   4624.94   4594.75   0.0472008   0.0552836
   57    1023   1055531   1054508   4624.63   4607.75   0.0864658   0.0552858
   58    1023   1074043   1073020   4624.68      4628   0.0472611   0.0552841
   59    1023   1092665   1091642    4625.2    4655.5   0.0493924   0.0552827
2026-07-18T23:55:12.495423+0700 min lat: 0.034929 max lat: 0.16053 avg lat: 0.0552986
  sec Cur ops   started  finished  avg MB/s  cur MB/s last lat(s)  avg lat(s)
   60     685   1110710   1110025   4624.59   4595.75   0.0349447   0.0552986
Total time run:       60.0448
Total reads made:     1110710
Read size:            262144
Object size:          262144
Bandwidth (MB/sec):   4624.51
Average IOPS:         18498
Stddev IOPS:          412.873
Max IOPS:             19290
Min IOPS:             17138
Average Latency(s):   0.0552894
Max latency(s):       0.16053
Min latency(s):       0.0148051
