1784756136 | enp139s0f0np0: 220908135044586 59742783409    0 2473    0     0          0    501398 167314775245514 43418043704    0    0    0     0       0          0
1784756137 | enp139s0f0np0: 220909150863880 59743042131    0 2473    0     0          0    501398 167315348466471 43418199159    0    0    0     0       0          0
1784756138 | enp139s0f0np0: 220911668289320 59743664428    0 2473    0     0          0    501398 167316757070258 43418562652    0    0    0     0       0          0
1784756139 | enp139s0f0np0: 220914480154954 59744357684    0 2473    0     0          0    501398 167318302913135 43418958189    0    0    0     0       0          0
1784756140 | enp139s0f0np0: 220917051351676 59744993870    0 2473    0     0          0    501398 167319595143172 43419297570    0    0    0     0       0          0
1784756141 | enp139s0f0np0: 220919796339100 59745671066    0 2473    0     0          0    501398 167320946812727 43419648377    0    0    0     0       0          0
1784756142 | enp139s0f0np0: 220922338423689 59746300113    0 2473    0     0          0    501398 167322226275385 43419983605    0    0    0     0       0          0
1784756143 | enp139s0f0np0: 220924896541231 59746933218    0 2473    0     0          0    501398 167323608017622 43420342571    0    0    0     0       0          0
1784756144 | enp139s0f0np0: 220927170406904 59747498704    0 2473    0     0          0    501398 167324901066239 43420681060    0    0    0     0       0          0
1784756145 | enp139s0f0np0: 220929608200502 59748102972    0 2473    0     0          0    501398 167326252353923 43421032592    0    0    0     0       0          0
1784756146 | enp139s0f0np0: 220932095484801 59748718983    0 2473    0     0          0    501398 167327571495526 43421377339    0    0    0     0       0          0
1784756147 | enp139s0f0np0: 220934763185490 59749377254    0 2473    0     0          0    501398 167328934536673 43421729933    0    0    0     0       0          0
1784756148 | enp139s0f0np0: 220937510751706 59750055050    0 2473    0     0          0    501398 167330341946674 43422094308    0    0    0     0       0          0
1784756149 | enp139s0f0np0: 220940279300232 59750737814    0 2473    0     0          0    501398 167331731858987 43422454447    0    0    0     0       0          0
1784756150 | enp139s0f0np0: 220943077859710 59751427201    0 2473    0     0          0    501398 167333149375617 43422821175    0    0    0     0       0          0
1784756151 | enp139s0f0np0: 220945613253638 59752054339    0 2473    0     0          0    501398 167334471151048 43423167302    0    0    0     0       0          0
1784756152 | enp139s0f0np0: 220948026142060 59752651281    0 2473    0     0          0    501398 167335778330765 43423509270    0    0    0     0       0          0
1784756153 | enp139s0f0np0: 220950493321558 59753261680    0 2473    0     0          0    501398 167337105899111 43423854921    0    0    0     0       0          0
1784756154 | enp139s0f0np0: 220952898902878 59753857796    0 2473    0     0          0    501398 167338410883252 43424196441    0    0    0     0       0          0
1784756155 | enp139s0f0np0: 220955491576332 59754498043    0 2473    0     0          0    501398 167339773531955 43424550766    0    0    0     0       0          0
1784756156 | enp139s0f0np0: 220958039433055 59755127559    0 2473    0     0          0    501398 167341044989897 43424884037    0    0    0     0       0          0
1784756157 | enp139s0f0np0: 220960504807782 59755737439    0 2473    0     0          0    501398 167342279776351 43425209269    0    0    0     0       0          0
1784756158 | enp139s0f0np0: 220963038411143 59756363321    0 2473    0     0          0    501398 167343529753243 43425537385    0    0    0     0       0          0
1784756159 | enp139s0f0np0: 220965527120875 59756978905    0 2473    0     0          0    501398 167344766095571 43425862676    0    0    0     0       0          0
1784756160 | enp139s0f0np0: 220968044136327 59757601347    0 2473    0     0          0    501398 167346016058205 43426191188    0    0    0     0       0          0
1784756161 | enp139s0f0np0: 220970491759094 59758207097    0 2473    0     0          0    501398 167347228718863 43426512102    0    0    0     0       0          0
1784756162 | enp139s0f0np0: 220972944338962 59758813799    0 2473    0     0          0    501398 167348445368247 43426832549    0    0    0     0       0          0
1784756163 | enp139s0f0np0: 220975377500553 59759416356    0 2473    0     0          0    501398 167349701275942 43427163455    0    0    0     0       0          0
1784756164 | enp139s0f0np0: 220977812370826 59760019218    0 2473    0     0          0    501398 167350961498032 43427495043    0    0    0     0       0          0
1784756165 | enp139s0f0np0: 220980212127390 59760613502    0 2473    0     0          0    501399 167352161005651 43427811689    0    0    0     0       0          0
1784756166 | enp139s0f0np0: 220982703793269 59761229058    0 2473    0     0          0    501399 167353470998875 43428151097    0    0    0     0       0          0
1784756167 | enp139s0f0np0: 220985138440602 59761831946    0 2473    0     0          0    501399 167354765789557 43428490239    0    0    0     0       0          0
1784756168 | enp139s0f0np0: 220987522323723 59762421844    0 2473    0     0          0    501399 167356014330671 43428817439    0    0    0     0       0          0
1784756169 | enp139s0f0np0: 220989574375857 59762929683    0 2473    0     0          0    501399 167357087567680 43429098663    0    0    0     0       0          0
1784756170 | enp139s0f0np0: 220992003263040 59763531111    0 2473    0     0          0    501399 167358267369071 43429410636    0    0    0     0       0          0
1784756171 | enp139s0f0np0: 220994459888103 59764138648    0 2473    0     0          0    501399 167359505320845 43429735302    0    0    0     0       0          0
1784756172 | enp139s0f0np0: 220996982165611 59764762243    0 2473    0     0          0    501399 167360755012210 43430064280    0    0    0     0       0          0
1784756173 | enp139s0f0np0: 220999505396579 59765385714    0 2473    0     0          0    501399 167362018338830 43430395662    0    0    0     0       0          0
1784756174 | enp139s0f0np0: 221001938284617 59765988167    0 2473    0     0          0    501399 167363263456113 43430723583    0    0    0     0       0          0
1784756175 | enp139s0f0np0: 221004416969879 59766601814    0 2473    0     0          0    501399 167364505155542 43431051781    0    0    0     0       0          0
1784756176 | enp139s0f0np0: 221006905449414 59767217644    0 2473    0     0          0    501399 167365744616643 43431379272    0    0    0     0       0          0
1784756177 | enp139s0f0np0: 221009395300667 59767832981    0 2473    0     0          0    501399 167366963284022 43431700439    0    0    0     0       0          0
1784756178 | enp139s0f0np0: 221011830905136 59768436015    0 2473    0     0          0    501399 167368166961687 43432019264    0    0    0     0       0          0
1784756179 | enp139s0f0np0: 221014396705064 59769069993    0 2473    0     0          0    501399 167369439108964 43432352615    0    0    0     0       0          0
1784756180 | enp139s0f0np0: 221016957115275 59769703189    0 2473    0     0          0    501399 167370758005287 43432697708    0    0    0     0       0          0
1784756181 | enp139s0f0np0: 221019581163599 59770350607    0 2473    0     0          0    501399 167372106812977 43433047808    0    0    0     0       0          0
1784756182 | enp139s0f0np0: 221022069324036 59770965786    0 2473    0     0          0    501399 167373390521986 43433382741    0    0    0     0       0          0
1784756183 | enp139s0f0np0: 221024133720304 59771476891    0 2473    0     0          0    501399 167374477874147 43433667781    0    0    0     0       0          0
1784756184 | enp139s0f0np0: 221026849770460 59772146440    0 2473    0     0          0    501399 167375848704943 43434024024    0    0    0     0       0          0
1784756185 | enp139s0f0np0: 221029344919006 59772764037    0 2473    0     0          0    501399 167377177474298 43434370724    0    0    0     0       0          0
1784756186 | enp139s0f0np0: 221032036580484 59773427990    0 2473    0     0          0    501399 167378526293733 43434720770    0    0    0     0       0          0
1784756187 | enp139s0f0np0: 221034804549657 59774110133    0 2473    0     0          0    501399 167379884357029 43435073360    0    0    0     0       0          0
1784756188 | enp139s0f0np0: 221037478933656 59774770490    0 2473    0     0          0    501399 167381199166521 43435415471    0    0    0     0       0          0
1784756189 | enp139s0f0np0: 221039986253516 59775391379    0 2473    0     0          0    501399 167382503695360 43435756601    0    0    0     0       0          0
1784756190 | enp139s0f0np0: 221042535013080 59776021706    0 2473    0     0          0    501399 167383733222833 43436080459    0    0    0     0       0          0
1784756191 | enp139s0f0np0: 221045211804725 59776682148    0 2473    0     0          0    501399 167385000950675 43436411656    0    0    0     0       0          0
1784756192 | enp139s0f0np0: 221047830903325 59777328346    0 2473    0     0          0    501399 167386202679514 43436728079    0    0    0     0       0          0
1784756193 | enp139s0f0np0: 221050106216991 59777888809    0 2473    0     0          0    501399 167387157212850 43436979113    0    0    0     0       0          0
1784756194 | enp139s0f0np0: 221052809109273 59778554411    0 2473    0     0          0    501399 167388200951867 43437257918    0    0    0     0       0          0
1784756195 | enp139s0f0np0: 221055511967785 59779220010    0 2473    0     0          0    501400 167389304695178 43437551090    0    0    0     0       0          0
1784756196 | enp139s0f0np0: 221058151117954 59779870840    0 2473    0     0          0    501400 167390445512876 43437852714    0    0    0     0       0          0
1784756197 | enp139s0f0np0: 221060640917271 59780486652    0 2473    0     0          0    501400 167391686375196 43438179282    0    0    0     0       0          0
1784756198 | enp139s0f0np0: 221063056461528 59781085776    0 2473    0     0          0    501400 167392930304987 43438508196    0    0    0     0       0          0
1784756199 | enp139s0f0np0: 221065552444552 59781703407    0 2473    0     0          0    501400 167394192288026 43438838758    0    0    0     0       0          0
1784756200 | enp139s0f0np0: 221067978162484 59782304507    0 2473    0     0          0    501400 167395427799541 43439164893    0    0    0     0       0          0
1784756201 | enp139s0f0np0: 221070512511922 59782931532    0 2473    0     0          0    501400 167396692038150 43439497516    0    0    0     0       0          0
1784756202 | enp139s0f0np0: 221072956349018 59783537102    0 2473    0     0          0    501400 167397915568920 43439820892    0    0    0     0       0          0
1784756203 | enp139s0f0np0: 221075087515765 59784063540    0 2473    0     0          0    501400 167399010204059 43440104902    0    0    0     0       0          0
1784756204 | enp139s0f0np0: 221077819283711 59784737609    0 2473    0     0          0    501400 167400415521074 43440468529    0    0    0     0       0          0
1784756205 | enp139s0f0np0: 221080354989192 59785364949    0 2473    0     0          0    501400 167401668699802 43440798019    0    0    0     0       0          0
1784756206 | enp139s0f0np0: 221082816455783 59785974299    0 2473    0     0          0    501400 167402893587684 43441119628    0    0    0     0       0          0
1784756207 | enp139s0f0np0: 221085282076971 59786585446    0 2473    0     0          0    501400 167404095393142 43441438211    0    0    0     0       0          0
1784756208 | enp139s0f0np0: 221087771861907 59787202897    0 2473    0     0          0    501400 167405393322975 43441779884    0    0    0     0       0          0
1784756209 | enp139s0f0np0: 221090333268329 59787836450    0 2473    0     0          0    501400 167406640240944 43442108690    0    0    0     0       0          0
1784756210 | enp139s0f0np0: 221092618259201 59788402527    0 2473    0     0          0    501400 167407805995467 43442415905    0    0    0     0       0          0
1784756211 | enp139s0f0np0: 221094707014085 59788918920    0 2473    0     0          0    501400 167408886253275 43442698457    0    0    0     0       0          0
1784756212 | enp139s0f0np0: 221097146187047 59789523429    0 2473    0     0          0    501400 167410215161677 43443045403    0    0    0     0       0          0
1784756213 | enp139s0f0np0: 221099760486068 59790169091    0 2473    0     0          0    501400 167411549899517 43443392543    0    0    0     0       0          0
1784756214 | enp139s0f0np0: 221102190971534 59790770890    0 2473    0     0          0    501400 167412785436500 43443716854    0    0    0     0       0          0
1784756215 | enp139s0f0np0: 221104640571688 59791377399    0 2473    0     0          0    501400 167414059025338 43444050411    0    0    0     0       0          0
1784756216 | enp139s0f0np0: 221107257525458 59792023789    0 2473    0     0          0    501400 167415360422534 43444391061    0    0    0     0       0          0
1784756217 | enp139s0f0np0: 221109781166859 59792648283    0 2473    0     0          0    501400 167416639463530 43444726345    0    0    0     0       0          0
1784756218 | enp139s0f0np0: 221111725057909 59793130972    0 2473    0     0          0    501400 167417587525808 43444978411    0    0    0     0       0          0
1784756219 | enp139s0f0np0: 221114187253022 59793740970    0 2473    0     0          0    501400 167418816798196 43445303601    0    0    0     0       0          0
1784756220 | enp139s0f0np0: 221116558309755 59794329400    0 2473    0     0          0    501400 167420017477047 43445622224    0    0    0     0       0          0
1784756221 | enp139s0f0np0: 221119041942278 59794944434    0 2473    0     0          0    501400 167421249178688 43445946490    0    0    0     0       0          0
1784756222 | enp139s0f0np0: 221121380187787 59795525360    0 2473    0     0          0    501400 167422444342045 43446263349    0    0    0     0       0          0
1784756223 | enp139s0f0np0: 221123848029354 59796136784    0 2473    0     0          0    501400 167423687104388 43446589819    0    0    0     0       0          0
1784756224 | enp139s0f0np0: 221125890311696 59796643460    0 2473    0     0          0    501400 167424790575226 43446878751    0    0    0     0       0          0
1784756225 | enp139s0f0np0: 221128246078899 59797226646    0 2473    0     0          0    501401 167425984331906 43447192526    0    0    0     0       0          0
1784756226 | enp139s0f0np0: 221130749456125 59797846041    0 2473    0     0          0    501401 167427278549289 43447531825    0    0    0     0       0          0
1784756227 | enp139s0f0np0: 221133304766256 59798477751    0 2473    0     0          0    501401 167428573175665 43447871426    0    0    0     0       0          0
1784756228 | enp139s0f0np0: 221135846364631 59799106439    0 2473    0     0          0    501401 167429855460132 43448207067    0    0    0     0       0          0
1784756229 | enp139s0f0np0: 221138265295525 59799706116    0 2473    0     0          0    501401 167431082664704 43448531446    0    0    0     0       0          0
1784756230 | enp139s0f0np0: 221140548463096 59800272708    0 2473    0     0          0    501401 167432217589147 43448832431    0    0    0     0       0          0
1784756231 | enp139s0f0np0: 221142548460307 59800767800    0 2473    0     0          0    501401 167433218360958 43449094795    0    0    0     0       0          0
1784756232 | enp139s0f0np0: 221145039961363 59801385038    0 2473    0     0          0    501401 167434451861784 43449419704    0    0    0     0       0          0
1784756233 | enp139s0f0np0: 221147451909112 59801982200    0 2473    0     0          0    501401 167435686502617 43449745290    0    0    0     0       0          0
1784756234 | enp139s0f0np0: 221149892512161 59802586807    0 2473    0     0          0    501401 167436920477737 43450070521    0    0    0     0       0          0
1784756235 | enp139s0f0np0: 221152368879176 59803200054    0 2473    0     0          0    501401 167438151620448 43450395735    0    0    0     0       0          0
1784756236 | enp139s0f0np0: 221154471460637 59803721042    0 2473    0     0          0    501401 167439206913581 43450672895    0    0    0     0       0          0
1784756237 | enp139s0f0np0: 221156928841887 59804329646    0 2473    0     0          0    501401 167440424724948 43450994773    0    0    0     0       0          0
1784756238 | enp139s0f0np0: 221159398532099 59804941016    0 2473    0     0          0    501401 167441619294360 43451310271    0    0    0     0       0          0
1784756239 | enp139s0f0np0: 221161875826549 59805553974    0 2473    0     0          0    501401 167442843509028 43451633402    0    0    0     0       0          0
1784756240 | enp139s0f0np0: 221164321899147 59806159980    0 2473    0     0          0    501401 167444040800516 43451950390    0    0    0     0       0          0
1784756241 | enp139s0f0np0: 221166808740288 59806775878    0 2473    0     0          0    501401 167445297258761 43452281235    0    0    0     0       0          0
1784756242 | enp139s0f0np0: 221168680279220 59807240203    0 2473    0     0          0    501401 167446218900428 43452526380    0    0    0     0       0          0
1784756243 | enp139s0f0np0: 221171131214322 59807847045    0 2473    0     0          0    501401 167447419559252 43452843851    0    0    0     0       0          0
1784756244 | enp139s0f0np0: 221173657456803 59808472549    0 2473    0     0          0    501401 167448621796896 43453162382    0    0    0     0       0          0
1784756245 | enp139s0f0np0: 221176103444562 59809078632    0 2473    0     0          0    501401 167449811878039 43453477585    0    0    0     0       0          0
1784756246 | enp139s0f0np0: 221178572516404 59809690485    0 2473    0     0          0    501401 167451035095256 43453801233    0    0    0     0       0          0
1784756247 | enp139s0f0np0: 221180619017115 59810197576    0 2473    0     0          0    501401 167451986318935 43454054228    0    0    0     0       0          0
1784756248 | enp139s0f0np0: 221183159278381 59810825473    0 2473    0     0          0    501401 167453232759513 43454381187    0    0    0     0       0          0
1784756249 | enp139s0f0np0: 221185663342327 59811445448    0 2473    0     0          0    501401 167454476870783 43454709000    0    0    0     0       0          0
1784756250 | enp139s0f0np0: 221188281712068 59812092671    0 2473    0     0          0    501401 167455672724967 43455025437    0    0    0     0       0          0
1784756251 | enp139s0f0np0: 221190884373010 59812735096    0 2473    0     0          0    501401 167456799728833 43455325327    0    0    0     0       0          0
1784756252 | enp139s0f0np0: 221193574128409 59813398681    0 2473    0     0          0    501401 167457956916993 43455632105    0    0    0     0       0          0
1784756253 | enp139s0f0np0: 221195634742256 59813907039    0 2473    0     0          0    501401 167458832251709 43455864341    0    0    0     0       0          0
1784756255 | enp139s0f0np0: 221198314459221 59814567086    0 2473    0     0          0    501401 167460038535530 43456181225    0    0    0     0       0          0
1784756256 | enp139s0f0np0: 221200887564406 59815201916    0 2473    0     0          0    501402 167461256847032 43456500790    0    0    0     0       0          0
1784756257 | enp139s0f0np0: 221203445498392 59815833603    0 2473    0     0          0    501402 167462474898669 43456821713    0    0    0     0       0          0
1784756258 | enp139s0f0np0: 221205908700398 59816443498    0 2473    0     0          0    501402 167463686122983 43457142893    0    0    0     0       0          0
1784756259 | enp139s0f0np0: 221207851347291 59816924669    0 2473    0     0          0    501402 167464638696038 43457394924    0    0    0     0       0          0
1784756260 | enp139s0f0np0: 221210396784417 59817553270    0 2473    0     0          0    501402 167465858712835 43457716667    0    0    0     0       0          0
1784756261 | enp139s0f0np0: 221212898273859 59818172106    0 2473    0     0          0    501402 167467072156972 43458037488    0    0    0     0       0          0
1784756262 | enp139s0f0np0: 221215319759200 59818772092    0 2473    0     0          0    501402 167468321993355 43458366817    0    0    0     0       0          0
1784756263 | enp139s0f0np0: 221217597891553 59819336782    0 2473    0     0          0    501402 167469490369896 43458675710    0    0    0     0       0          0
1784756264 | enp139s0f0np0: 221219591968048 59819830316    0 2473    0     0          0    501402 167470503752541 43458941590    0    0    0     0       0          0
1784756265 | enp139s0f0np0: 221222037761593 59820435845    0 2473    0     0          0    501402 167471721697831 43459262242    0    0    0     0       0          0
1784756266 | enp139s0f0np0: 221224494017513 59821043863    0 2473    0     0          0    501402 167472976723443 43459591953    0    0    0     0       0          0
1784756267 | enp139s0f0np0: 221226943164038 59821650190    0 2473    0     0          0    501402 167474248785019 43459926009    0    0    0     0       0          0
1784756268 | enp139s0f0np0: 221228884789203 59822130360    0 2473    0     0          0    501402 167475198250412 43460175703    0    0    0     0       0          0
1784756269 | enp139s0f0np0: 221231463342127 59822767772    0 2473    0     0          0    501402 167476515935246 43460519486    0    0    0     0       0          0
1784756270 | enp139s0f0np0: 221234024920286 59823401124    0 2473    0     0          0    501402 167477796314759 43460855870    0    0    0     0       0          0
1784756271 | enp139s0f0np0: 221236462490276 59824005011    0 2473    0     0          0    501402 167479041626038 43461183620    0    0    0     0       0          0
1784756272 | enp139s0f0np0: 221238320837358 59824466100    0 2473    0     0          0    501402 167480010116077 43461439420    0    0    0     0       0          0
1784756273 | enp139s0f0np0: 221240954766372 59825116841    0 2473    0     0          0    501402 167481348116824 43461787200    0    0    0     0       0          0
1784756274 | enp139s0f0np0: 221243732708240 59825801590    0 2473    0     0          0    501402 167482766789073 43462154004    0    0    0     0       0          0
1784756275 | enp139s0f0np0: 221246446429843 59826471434    0 2473    0     0          0    501402 167484187548500 43462520376    0    0    0     0       0          0
1784756276 | enp139s0f0np0: 221248704822525 59827029833    0 2473    0     0          0    501402 167485385233322 43462829145    0    0    0     0       0          0
1784756277 | enp139s0f0np0: 221251125804364 59827629949    0 2473    0     0          0    501402 167486643393028 43463160619    0    0    0     0       0          0
1784756278 | enp139s0f0np0: 221253514387594 59828222133    0 2473    0     0          0    501402 167487915198753 43463492101    0    0    0     0       0          0
1784756279 | enp139s0f0np0: 221255922771811 59828818835    0 2473    0     0          0    501402 167489082937553 43463802646    0    0    0     0       0          0
1784756280 | enp139s0f0np0: 221257872799790 59829301730    0 2473    0     0          0    501402 167490061901070 43464060102    0    0    0     0       0          0
1784756281 | enp139s0f0np0: 221260273431883 59829896134    0 2473    0     0          0    501402 167491257731831 43464375477    0    0    0     0       0          0
1784756282 | enp139s0f0np0: 221262617467852 59830477837    0 2473    0     0          0    501402 167492459750437 43464694341    0    0    0     0       0          0
1784756283 | enp139s0f0np0: 221264980935479 59831064373    0 2473    0     0          0    501402 167493653716996 43465011092    0    0    0     0       0          0
1784756284 | enp139s0f0np0: 221267081179753 59831585628    0 2473    0     0          0    501402 167494738569726 43465297663    0    0    0     0       0          0
1784756285 | enp139s0f0np0: 221269457538411 59832171819    0 2473    0     0          0    501402 167495931742663 43465607204    0    0    0     0       0          0
1784756286 | enp139s0f0np0: 221271902774293 59832777318    0 2473    0     0          0    501403 167497151377965 43465929849    0    0    0     0       0          0
1784756287 | enp139s0f0np0: 221274368062914 59833387729    0 2473    0     0          0    501403 167498384885371 43466255287    0    0    0     0       0          0
1784756288 | enp139s0f0np0: 221276468687422 59833907641    0 2473    0     0          0    501403 167499489794114 43466543030    0    0    0     0       0          0
1784756289 | enp139s0f0np0: 221279179343206 59834575685    0 2473    0     0          0    501403 167500881377749 43466904065    0    0    0     0       0          0
1784756290 | enp139s0f0np0: 221281860438160 59835236782    0 2473    0     0          0    501403 167502248862225 43467260333    0    0    0     0       0          0
1784756291 | enp139s0f0np0: 221284494552514 59835886286    0 2473    0     0          0    501403 167503564597465 43467603565    0    0    0     0       0          0
1784756292 | enp139s0f0np0: 221286455944969 59836371577    0 2473    0     0          0    501403 167504562733811 43467866222    0    0    0     0       0          0
1784756293 | enp139s0f0np0: 221289002303769 59837000214    0 2473    0     0          0    501403 167505850061010 43468202720    0    0    0     0       0          0
1784756294 | enp139s0f0np0: 221291455161776 59837606810    0 2473    0     0          0    501403 167507072801634 43468524265    0    0    0     0       0          0
1784756295 | enp139s0f0np0: 221293624552712 59838144006    0 2473    0     0          0    501403 167508152249795 43468808640    0    0    0     0       0          0
1784756296 | enp139s0f0np0: 221295995183158 59838729429    0 2473    0     0          0    501403 167509302780396 43469109768    0    0    0     0       0          0
1784756297 | enp139s0f0np0: 221298460266962 59839339567    0 2473    0     0          0    501403 167510509595255 43469428152    0    0    0     0       0          0
1784756298 | enp139s0f0np0: 221300914551538 59839947774    0 2473    0     0          0    501403 167511748369472 43469754809    0    0    0     0       0          0
1784756299 | enp139s0f0np0: 221303015110668 59840468792    0 2473    0     0          0    501403 167512767545904 43470024176    0    0    0     0       0          0
1784756300 | enp139s0f0np0: 221305358004037 59841050683    0 2473    0     0          0    501403 167513917966090 43470330943    0    0    0     0       0          0
1784756301 | enp139s0f0np0: 221307841515881 59841665660    0 2473    0     0          0    501403 167515169893524 43470660772    0    0    0     0       0          0
1784756302 | enp139s0f0np0: 221310371198811 59842291971    0 2473    0     0          0    501403 167516388200238 43470983767    0    0    0     0       0          0
1784756303 | enp139s0f0np0: 221312544757686 59842831280    0 2473    0     0          0    501403 167517508915950 43471279292    0    0    0     0       0          0
1784756304 | enp139s0f0np0: 221315027976923 59843446610    0 2473    0     0          0    501403 167518749343052 43471607082    0    0    0     0       0          0
1784756305 | enp139s0f0np0: 221317580715315 59844078090    0 2473    0     0          0    501403 167519934563475 43471920620    0    0    0     0       0          0
1784756306 | enp139s0f0np0: 221319617830919 59844582641    0 2473    0     0          0    501403 167520964476506 43472191880    0    0    0     0       0          0
1784756307 | enp139s0f0np0: 221322138655662 59845206838    0 2473    0     0          0    501403 167522178042755 43472512054    0    0    0     0       0          0
1784756308 | enp139s0f0np0: 221324641428482 59845826943    0 2473    0     0          0    501403 167523375244102 43472828586    0    0    0     0       0          0
1784756309 | enp139s0f0np0: 221327192652088 59846456878    0 2473    0     0          0    501403 167524515846273 43473131893    0    0    0     0       0          0
1784756310 | enp139s0f0np0: 221329171618495 59846947220    0 2473    0     0          0    501403 167525441194578 43473377896    0    0    0     0       0          0
1784756311 | enp139s0f0np0: 221331765042368 59847589091    0 2473    0     0          0    501403 167526607859470 43473687839    0    0    0     0       0          0
1784756312 | enp139s0f0np0: 221334412244990 59848243493    0 2473    0     0          0    501403 167527789184474 43474001266    0    0    0     0       0          0
1784756313 | enp139s0f0np0: 221336481926575 59848755951    0 2473    0     0          0    501403 167528764020189 43474258996    0    0    0     0       0          0
1784756314 | enp139s0f0np0: 221339083480047 59849398716    0 2473    0     0          0    501403 167529951122839 43474572366    0    0    0     0       0          0
1784756315 | enp139s0f0np0: 221341606701127 59850023209    0 2473    0     0          0    501403 167531146752586 43474888544    0    0    0     0       0          0
1784756316 | enp139s0f0np0: 221344032414264 59850625116    0 2473    0     0          0    501404 167532362529885 43475210177    0    0    0     0       0          0
1784756317 | enp139s0f0np0: 221345856728216 59851078586    0 2473    0     0          0    501404 167533292641268 43475456601    0    0    0     0       0          0
