1784737218 | enp139s0f0np0: 208132660301036 56407707324    0 2473    0     0          0    500767 151862243312876 39457074994    0    0    0     0       0          0
1784737219 | enp139s0f0np0: 208132662030482 56407719255    0 2473    0     0          0    500767 151863003480884 39457258001    0    0    0     0       0          0
1784737220 | enp139s0f0np0: 208132664258856 56407734866    0 2473    0     0          0    500767 151864000236604 39457497996    0    0    0     0       0          0
1784737221 | enp139s0f0np0: 208132666540352 56407750719    0 2473    0     0          0    500767 151865029264300 39457745733    0    0    0     0       0          0
1784737222 | enp139s0f0np0: 208132668826378 56407767030    0 2473    0     0          0    500767 151866058826740 39457993618    0    0    0     0       0          0
1784737223 | enp139s0f0np0: 208132794011075 56407806142    0 2473    0     0          0    500767 151866613839704 39458129654    0    0    0     0       0          0
1784737224 | enp139s0f0np0: 208134065455999 56408116950    0 2473    0     0          0    500767 151866618741104 39458154372    0    0    0     0       0          0
1784737225 | enp139s0f0np0: 208135335847963 56408427510    0 2473    0     0          0    500767 151866623635287 39458179007    0    0    0     0       0          0
1784737226 | enp139s0f0np0: 208136627289341 56408743200    0 2473    0     0          0    500767 151866628591383 39458203725    0    0    0     0       0          0
1784737227 | enp139s0f0np0: 208137933411805 56409062529    0 2473    0     0          0    500767 151866633605409 39458228758    0    0    0     0       0          0
1784737228 | enp139s0f0np0: 208139184565971 56409368356    0 2473    0     0          0    500767 151866638432783 39458253177    0    0    0     0       0          0
1784737229 | enp139s0f0np0: 208140435294403 56409674073    0 2473    0     0          0    500767 151866643215581 39458276846    0    0    0     0       0          0
1784737230 | enp139s0f0np0: 208141689311007 56409980587    0 2473    0     0          0    500767 151866648037449 39458301002    0    0    0     0       0          0
1784737231 | enp139s0f0np0: 208142944984957 56410287475    0 2473    0     0          0    500767 151866652856326 39458325058    0    0    0     0       0          0
1784737232 | enp139s0f0np0: 208144190161100 56410591804    0 2473    0     0          0    500767 151866657634565 39458348934    0    0    0     0       0          0
1784737233 | enp139s0f0np0: 208145435928801 56410896286    0 2473    0     0          0    500767 151866662431309 39458373022    0    0    0     0       0          0
1784737234 | enp139s0f0np0: 208146693985010 56411203801    0 2473    0     0          0    500768 151866667280389 39458397425    0    0    0     0       0          0
1784737235 | enp139s0f0np0: 208147941369766 56411508763    0 2473    0     0          0    500768 151866672064884 39458421338    0    0    0     0       0          0
1784737236 | enp139s0f0np0: 208149205384385 56411817720    0 2473    0     0          0    500768 151866676923656 39458445631    0    0    0     0       0          0
1784737237 | enp139s0f0np0: 208150477713876 56412128696    0 2473    0     0          0    500768 151866681794846 39458469847    0    0    0     0       0          0
1784737238 | enp139s0f0np0: 208151734800308 56412435951    0 2473    0     0          0    500768 151866686668260 39458494638    0    0    0     0       0          0
1784737239 | enp139s0f0np0: 208152992572769 56412743328    0 2473    0     0          0    500768 151866691508018 39458518958    0    0    0     0       0          0
1784737240 | enp139s0f0np0: 208154254935041 56413051736    0 2473    0     0          0    500768 151866696367528 39458543362    0    0    0     0       0          0
1784737241 | enp139s0f0np0: 208155540947173 56413366019    0 2473    0     0          0    500768 151866701323928 39458568314    0    0    0     0       0          0
1784737242 | enp139s0f0np0: 208156859562081 56413688151    0 2473    0     0          0    500768 151866706384658 39458593601    0    0    0     0       0          0
1784737243 | enp139s0f0np0: 208158134975866 56413999772    0 2473    0     0          0    500768 151866711299446 39458618329    0    0    0     0       0          0
1784737244 | enp139s0f0np0: 208159414591819 56414312331    0 2473    0     0          0    500768 151866716218857 39458642959    0    0    0     0       0          0
1784737245 | enp139s0f0np0: 208160688637698 56414623629    0 2473    0     0          0    500768 151866721130637 39458667716    0    0    0     0       0          0
1784737246 | enp139s0f0np0: 208161987402809 56414940881    0 2473    0     0          0    500768 151866726111325 39458692546    0    0    0     0       0          0
1784737247 | enp139s0f0np0: 208163328802870 56415268523    0 2473    0     0          0    500768 151866731251967 39458718109    0    0    0     0       0          0
1784737248 | enp139s0f0np0: 208164646995748 56415590540    0 2473    0     0          0    500768 151866736339177 39458743792    0    0    0     0       0          0
1784737249 | enp139s0f0np0: 208165970570562 56415913859    0 2473    0     0          0    500768 151866741414746 39458769107    0    0    0     0       0          0
1784737250 | enp139s0f0np0: 208167307440347 56416240451    0 2473    0     0          0    500768 151866746531129 39458794494    0    0    0     0       0          0
1784737251 | enp139s0f0np0: 208168619959579 56416561084    0 2473    0     0          0    500768 151866751589923 39458819955    0    0    0     0       0          0
1784737252 | enp139s0f0np0: 208169898973956 56416873498    0 2473    0     0          0    500768 151866756529335 39458844931    0    0    0     0       0          0
1784737253 | enp139s0f0np0: 208171175531917 56417185340    0 2473    0     0          0    500768 151866761464917 39458869947    0    0    0     0       0          0
1784737254 | enp139s0f0np0: 208172487051610 56417505687    0 2473    0     0          0    500768 151866766519097 39458895386    0    0    0     0       0          0
1784737255 | enp139s0f0np0: 208173762896233 56417817366    0 2473    0     0          0    500768 151866771422413 39458919926    0    0    0     0       0          0
1784737256 | enp139s0f0np0: 208175034359705 56418127912    0 2473    0     0          0    500768 151866776313914 39458944465    0    0    0     0       0          0
1784737257 | enp139s0f0np0: 208176326819561 56418443601    0 2473    0     0          0    500768 151866781279306 39458969303    0    0    0     0       0          0
1784737258 | enp139s0f0np0: 208177596798901 56418753817    0 2473    0     0          0    500768 151866786191266 39458994216    0    0    0     0       0          0
1784737259 | enp139s0f0np0: 208178927308360 56419078838    0 2473    0     0          0    500768 151866791300726 39459019779    0    0    0     0       0          0
1784737260 | enp139s0f0np0: 208180265147894 56419405604    0 2473    0     0          0    500768 151866796443771 39459045523    0    0    0     0       0          0
1784737261 | enp139s0f0np0: 208181577296812 56419726132    0 2473    0     0          0    500768 151866801489478 39459070787    0    0    0     0       0          0
1784737262 | enp139s0f0np0: 208182911418165 56420052056    0 2473    0     0          0    500768 151866806624026 39459096567    0    0    0     0       0          0
1784737263 | enp139s0f0np0: 208184251044824 56420379331    0 2473    0     0          0    500768 151866811763030 39459122225    0    0    0     0       0          0
1784737264 | enp139s0f0np0: 208185557971461 56420698657    0 2473    0     0          0    500769 151866816786124 39459147364    0    0    0     0       0          0
1784737265 | enp139s0f0np0: 208186874404820 56421020267    0 2473    0     0          0    500769 151866821847569 39459172728    0    0    0     0       0          0
1784737266 | enp139s0f0np0: 208188237223488 56421353236    0 2473    0     0          0    500769 151866827079371 39459198833    0    0    0     0       0          0
1784737267 | enp139s0f0np0: 208189583893519 56421682211    0 2473    0     0          0    500769 151866832253937 39459224751    0    0    0     0       0          0
1784737268 | enp139s0f0np0: 208190923115227 56422009447    0 2473    0     0          0    500769 151866837425284 39459250897    0    0    0     0       0          0
1784737269 | enp139s0f0np0: 208192291686890 56422343770    0 2473    0     0          0    500769 151866842687557 39459277245    0    0    0     0       0          0
1784737270 | enp139s0f0np0: 208193625119069 56422669575    0 2473    0     0          0    500769 151866847811813 39459302923    0    0    0     0       0          0
1784737271 | enp139s0f0np0: 208194939305179 56422990676    0 2473    0     0          0    500769 151866852878101 39459328435    0    0    0     0       0          0
1784737272 | enp139s0f0np0: 208196262030447 56423313880    0 2473    0     0          0    500769 151866857970007 39459354014    0    0    0     0       0          0
1784737273 | enp139s0f0np0: 208197608444461 56423642834    0 2473    0     0          0    500769 151866863138599 39459379842    0    0    0     0       0          0
1784737274 | enp139s0f0np0: 208198999201976 56423982667    0 2473    0     0          0    500769 151866868474158 39459406427    0    0    0     0       0          0
1784737275 | enp139s0f0np0: 208200411060675 56424327665    0 2473    0     0          0    500769 151866873903288 39459433650    0    0    0     0       0          0
1784737276 | enp139s0f0np0: 208201814634273 56424670580    0 2473    0     0          0    500769 151866879319132 39459460978    0    0    0     0       0          0
1784737277 | enp139s0f0np0: 208203115163902 56424988212    0 2473    0     0          0    500769 151866884343794 39459486417    0    0    0     0       0          0
1784737278 | enp139s0f0np0: 208204381729066 56425297598    0 2473    0     0          0    500769 151866889244254 39459511279    0    0    0     0       0          0
1784737279 | enp139s0f0np0: 208205637877663 56425604449    0 2473    0     0          0    500769 151866894081409 39459535602    0    0    0     0       0          0
1784737280 | enp139s0f0np0: 208206904740090 56425913946    0 2473    0     0          0    500769 151866898944150 39459559877    0    0    0     0       0          0
1784737281 | enp139s0f0np0: 208208222892511 56426235988    0 2473    0     0          0    500769 151866904014371 39459585320    0    0    0     0       0          0
1784737282 | enp139s0f0np0: 208209531963067 56426555774    0 2473    0     0          0    500769 151866909026987 39459610192    0    0    0     0       0          0
1784737283 | enp139s0f0np0: 208210827710506 56426872448    0 2473    0     0          0    500769 151866914002164 39459635084    0    0    0     0       0          0
1784737284 | enp139s0f0np0: 208212142953337 56427193891    0 2473    0     0          0    500769 151866919079048 39459660700    0    0    0     0       0          0
1784737285 | enp139s0f0np0: 208213465938555 56427517239    0 2473    0     0          0    500769 151866924163719 39459686197    0    0    0     0       0          0
1784737286 | enp139s0f0np0: 208214756698746 56427832635    0 2473    0     0          0    500769 151866929124243 39459711029    0    0    0     0       0          0
1784737287 | enp139s0f0np0: 208216114860006 56428164540    0 2473    0     0          0    500769 151866934319921 39459736790    0    0    0     0       0          0
1784737288 | enp139s0f0np0: 208217483383175 56428498984    0 2473    0     0          0    500769 151866939569731 39459762975    0    0    0     0       0          0
1784737289 | enp139s0f0np0: 208218846077973 56428831994    0 2473    0     0          0    500769 151866944832997 39459789588    0    0    0     0       0          0
1784737290 | enp139s0f0np0: 208220169385304 56429155376    0 2473    0     0          0    500769 151866949935033 39459815308    0    0    0     0       0          0
1784737291 | enp139s0f0np0: 208221548500516 56429492428    0 2473    0     0          0    500769 151866955238158 39459841885    0    0    0     0       0          0
1784737292 | enp139s0f0np0: 208222939746382 56429832463    0 2473    0     0          0    500769 151866960582441 39459868628    0    0    0     0       0          0
1784737293 | enp139s0f0np0: 208224342667171 56430175296    0 2473    0     0          0    500769 151866965967005 39459895510    0    0    0     0       0          0
1784737294 | enp139s0f0np0: 208225718953162 56430511656    0 2473    0     0          0    500770 151866971249983 39459921912    0    0    0     0       0          0
1784737295 | enp139s0f0np0: 208227058121041 56430838909    0 2473    0     0          0    500770 151866976412988 39459947931    0    0    0     0       0          0
1784737296 | enp139s0f0np0: 208228371527100 56431159912    0 2473    0     0          0    500770 151866981464676 39459973253    0    0    0     0       0          0
1784737297 | enp139s0f0np0: 208229684363792 56431480790    0 2473    0     0          0    500770 151866986511836 39459998531    0    0    0     0       0          0
1784737298 | enp139s0f0np0: 208230994704911 56431801050    0 2473    0     0          0    500770 151866991557821 39460023893    0    0    0     0       0          0
1784737299 | enp139s0f0np0: 208232318901999 56432124653    0 2473    0     0          0    500770 151866996660594 39460049599    0    0    0     0       0          0
1784737300 | enp139s0f0np0: 208233598744778 56432437433    0 2473    0     0          0    500770 151867001602994 39460074568    0    0    0     0       0          0
1784737301 | enp139s0f0np0: 208234872925909 56432748786    0 2473    0     0          0    500770 151867006506294 39460099197    0    0    0     0       0          0
1784737302 | enp139s0f0np0: 208236164203716 56433064399    0 2473    0     0          0    500770 151867011476444 39460124154    0    0    0     0       0          0
1784737303 | enp139s0f0np0: 208237435499227 56433375020    0 2473    0     0          0    500770 151867016389096 39460149006    0    0    0     0       0          0
1784737304 | enp139s0f0np0: 208238730855767 56433691556    0 2473    0     0          0    500770 151867021382706 39460174183    0    0    0     0       0          0
1784737305 | enp139s0f0np0: 208240008002722 56434003649    0 2473    0     0          0    500770 151867026291983 39460198782    0    0    0     0       0          0
1784737306 | enp139s0f0np0: 208241278476311 56434314115    0 2473    0     0          0    500770 151867031171135 39460223167    0    0    0     0       0          0
1784737307 | enp139s0f0np0: 208242591859676 56434635071    0 2473    0     0          0    500770 151867036235529 39460248692    0    0    0     0       0          0
1784737308 | enp139s0f0np0: 208243898003957 56434954234    0 2473    0     0          0    500770 151867041247387 39460273687    0    0    0     0       0          0
1784737309 | enp139s0f0np0: 208245213216685 56435275620    0 2473    0     0          0    500770 151867046302396 39460299030    0    0    0     0       0          0
1784737310 | enp139s0f0np0: 208246536957271 56435599034    0 2473    0     0          0    500770 151867051388997 39460324460    0    0    0     0       0          0
1784737311 | enp139s0f0np0: 208247837221724 56435916776    0 2473    0     0          0    500770 151867056402707 39460349733    0    0    0     0       0          0
1784737312 | enp139s0f0np0: 208249157914301 56436239488    0 2473    0     0          0    500770 151867061477549 39460375140    0    0    0     0       0          0
1784737313 | enp139s0f0np0: 208250459769175 56436557570    0 2473    0     0          0    500770 151867066495415 39460400403    0    0    0     0       0          0
1784737314 | enp139s0f0np0: 208251786312683 56436881672    0 2473    0     0          0    500770 151867071619782 39460426324    0    0    0     0       0          0
1784737315 | enp139s0f0np0: 208253124226802 56437208550    0 2473    0     0          0    500770 151867076784540 39460452409    0    0    0     0       0          0
1784737316 | enp139s0f0np0: 208254424356510 56437526257    0 2473    0     0          0    500770 151867081798062 39460477700    0    0    0     0       0          0
1784737317 | enp139s0f0np0: 208255686745112 56437834683    0 2473    0     0          0    500770 151867086683344 39460502497    0    0    0     0       0          0
1784737318 | enp139s0f0np0: 208256984969697 56438151925    0 2473    0     0          0    500770 151867091681254 39460527614    0    0    0     0       0          0
1784737319 | enp139s0f0np0: 208258285559171 56438469724    0 2473    0     0          0    500770 151867096670798 39460552500    0    0    0     0       0          0
1784737320 | enp139s0f0np0: 208259600708275 56438791099    0 2473    0     0          0    500770 151867101706032 39460577505    0    0    0     0       0          0
1784737321 | enp139s0f0np0: 208260957549966 56439122633    0 2473    0     0          0    500770 151867106922378 39460603626    0    0    0     0       0          0
1784737322 | enp139s0f0np0: 208262296681604 56439449841    0 2473    0     0          0    500770 151867112079302 39460629564    0    0    0     0       0          0
1784737323 | enp139s0f0np0: 208263651910281 56439781045    0 2473    0     0          0    500770 151867117296138 39460655764    0    0    0     0       0          0
1784737324 | enp139s0f0np0: 208265034548062 56440118894    0 2473    0     0          0    500771 151867122613179 39460682417    0    0    0     0       0          0
1784737325 | enp139s0f0np0: 208266378423039 56440447262    0 2473    0     0          0    500771 151867127779309 39460708295    0    0    0     0       0          0
1784737326 | enp139s0f0np0: 208267698958697 56440769966    0 2473    0     0          0    500771 151867132864449 39460733870    0    0    0     0       0          0
1784737327 | enp139s0f0np0: 208269008616236 56441089877    0 2473    0     0          0    500771 151867137929034 39460759532    0    0    0     0       0          0
1784737328 | enp139s0f0np0: 208270346915009 56441416837    0 2473    0     0          0    500771 151867143094985 39460785632    0    0    0     0       0          0
1784737329 | enp139s0f0np0: 208271680346768 56441742540    0 2473    0     0          0    500771 151867148215859 39460811229    0    0    0     0       0          0
1784737330 | enp139s0f0np0: 208272966723609 56442056703    0 2473    0     0          0    500771 151867153182263 39460836300    0    0    0     0       0          0
1784737331 | enp139s0f0np0: 208274270321700 56442375143    0 2473    0     0          0    500771 151867158212432 39460861703    0    0    0     0       0          0
1784737332 | enp139s0f0np0: 208275581152485 56442695309    0 2473    0     0          0    500771 151867163265253 39460887142    0    0    0     0       0          0
1784737333 | enp139s0f0np0: 208276900146240 56443017449    0 2473    0     0          0    500771 151867168333473 39460912506    0    0    0     0       0          0
1784737334 | enp139s0f0np0: 208278200895624 56443335158    0 2473    0     0          0    500771 151867173353675 39460937867    0    0    0     0       0          0
1784737335 | enp139s0f0np0: 208279538719336 56443661878    0 2473    0     0          0    500771 151867178488124 39460963501    0    0    0     0       0          0
1784737336 | enp139s0f0np0: 208280852118089 56443982703    0 2473    0     0          0    500771 151867183524970 39460988588    0    0    0     0       0          0
1784737337 | enp139s0f0np0: 208282134355530 56444295890    0 2473    0     0          0    500771 151867188461778 39461013399    0    0    0     0       0          0
1784737338 | enp139s0f0np0: 208283445422059 56444616140    0 2473    0     0          0    500771 151867193504426 39461038694    0    0    0     0       0          0
1784737339 | enp139s0f0np0: 208284811581289 56444949816    0 2473    0     0          0    500771 151867198754074 39461064986    0    0    0     0       0          0
1784737340 | enp139s0f0np0: 208286163043196 56445279905    0 2473    0     0          0    500771 151867203919173 39461090512    0    0    0     0       0          0
1784737341 | enp139s0f0np0: 208287529550143 56445613748    0 2473    0     0          0    500771 151867209145810 39461116424    0    0    0     0       0          0
1784737342 | enp139s0f0np0: 208288881148041 56445943914    0 2473    0     0          0    500771 151867214349814 39461142575    0    0    0     0       0          0
1784737343 | enp139s0f0np0: 208290201396710 56446266350    0 2473    0     0          0    500771 151867219400565 39461167630    0    0    0     0       0          0
1784737344 | enp139s0f0np0: 208291523004604 56446589118    0 2473    0     0          0    500771 151867224449573 39461192599    0    0    0     0       0          0
1784737345 | enp139s0f0np0: 208292827252945 56446907663    0 2473    0     0          0    500771 151867229456407 39461217610    0    0    0     0       0          0
1784737346 | enp139s0f0np0: 208294139867685 56447228237    0 2473    0     0          0    500771 151867234497225 39461242809    0    0    0     0       0          0
1784737347 | enp139s0f0np0: 208295431527412 56447543723    0 2473    0     0          0    500771 151867239479731 39461267922    0    0    0     0       0          0
1784737348 | enp139s0f0np0: 208296740024222 56447863380    0 2473    0     0          0    500771 151867244539571 39461293576    0    0    0     0       0          0
1784737349 | enp139s0f0np0: 208298082165455 56448191267    0 2473    0     0          0    500771 151867249692917 39461319321    0    0    0     0       0          0
1784737350 | enp139s0f0np0: 208299361636467 56448503837    0 2473    0     0          0    500771 151867254590964 39461343649    0    0    0     0       0          0
1784737351 | enp139s0f0np0: 208300667960118 56448823005    0 2473    0     0          0    500771 151867259629137 39461369069    0    0    0     0       0          0
1784737352 | enp139s0f0np0: 208302030784048 56449155972    0 2473    0     0          0    500771 151867264876600 39461395432    0    0    0     0       0          0
1784737353 | enp139s0f0np0: 208303367779455 56449482580    0 2473    0     0          0    500771 151867270013201 39461421113    0    0    0     0       0          0
1784737354 | enp139s0f0np0: 208304690344823 56449805687    0 2473    0     0          0    500772 151867275125125 39461447006    0    0    0     0       0          0
1784737355 | enp139s0f0np0: 208305995379155 56450124465    0 2473    0     0          0    500772 151867280142004 39461472175    0    0    0     0       0          0
1784737356 | enp139s0f0np0: 208307300620437 56450443300    0 2473    0     0          0    500772 151867285163336 39461497324    0    0    0     0       0          0
1784737357 | enp139s0f0np0: 208308623050375 56450766292    0 2473    0     0          0    500772 151867290267400 39461523093    0    0    0     0       0          0
1784737358 | enp139s0f0np0: 208309920067962 56451083172    0 2473    0     0          0    500772 151867295281076 39461548501    0    0    0     0       0          0
1784737359 | enp139s0f0np0: 208311210710921 56451398417    0 2473    0     0          0    500772 151867300265134 39461573700    0    0    0     0       0          0
1784737360 | enp139s0f0np0: 208312512804754 56451716429    0 2473    0     0          0    500772 151867305269984 39461598745    0    0    0     0       0          0
1784737361 | enp139s0f0np0: 208313822395406 56452036324    0 2473    0     0          0    500772 151867310321832 39461624231    0    0    0     0       0          0
1784737362 | enp139s0f0np0: 208315114334380 56452351976    0 2473    0     0          0    500772 151867315302532 39461649327    0    0    0     0       0          0
1784737363 | enp139s0f0np0: 208316400646846 56452666183    0 2473    0     0          0    500772 151867320262604 39461674345    0    0    0     0       0          0
1784737364 | enp139s0f0np0: 208317699053178 56452983346    0 2473    0     0          0    500772 151867325333830 39461700526    0    0    0     0       0          0
1784737365 | enp139s0f0np0: 208318983801188 56453297213    0 2473    0     0          0    500772 151867330301709 39461725723    0    0    0     0       0          0
1784737366 | enp139s0f0np0: 208320282441476 56453614501    0 2473    0     0          0    500772 151867335323715 39461751205    0    0    0     0       0          0
1784737367 | enp139s0f0np0: 208321580941436 56453931702    0 2473    0     0          0    500772 151867340358033 39461776832    0    0    0     0       0          0
1784737368 | enp139s0f0np0: 208322894714163 56454252669    0 2473    0     0          0    500772 151867345440497 39461802605    0    0    0     0       0          0
1784737369 | enp139s0f0np0: 208324197839908 56454571024    0 2473    0     0          0    500772 151867350482353 39461828195    0    0    0     0       0          0
1784737370 | enp139s0f0np0: 208325498040487 56454888572    0 2473    0     0          0    500772 151867355464143 39461852974    0    0    0     0       0          0
1784737371 | enp139s0f0np0: 208326821587879 56455212079    0 2473    0     0          0    500772 151867360566055 39461878687    0    0    0     0       0          0
1784737372 | enp139s0f0np0: 208328116697205 56455528548    0 2473    0     0          0    500772 151867365547365 39461903641    0    0    0     0       0          0
1784737373 | enp139s0f0np0: 208329400059948 56455842101    0 2473    0     0          0    500772 151867370462005 39461928127    0    0    0     0       0          0
1784737374 | enp139s0f0np0: 208330730547286 56456167202    0 2473    0     0          0    500772 151867375593818 39461953982    0    0    0     0       0          0
1784737375 | enp139s0f0np0: 208332035078415 56456486010    0 2473    0     0          0    500772 151867380617926 39461979250    0    0    0     0       0          0
1784737376 | enp139s0f0np0: 208333320830749 56456800250    0 2473    0     0          0    500772 151867385566756 39462004091    0    0    0     0       0          0
1784737377 | enp139s0f0np0: 208334622334162 56457118271    0 2473    0     0          0    500772 151867390583910 39462029354    0    0    0     0       0          0
1784737378 | enp139s0f0np0: 208335913514434 56457433833    0 2473    0     0          0    500772 151867395563296 39462054455    0    0    0     0       0          0
1784737379 | enp139s0f0np0: 208337238157483 56457757609    0 2473    0     0          0    500772 151867400661778 39462080093    0    0    0     0       0          0
1784737380 | enp139s0f0np0: 208338567121782 56458082404    0 2473    0     0          0    500772 151867405769698 39462105647    0    0    0     0       0          0
1784737381 | enp139s0f0np0: 208339842842825 56458394193    0 2473    0     0          0    500772 151867410699374 39462130611    0    0    0     0       0          0
1784737382 | enp139s0f0np0: 208341135294025 56458710073    0 2473    0     0          0    500772 151867415692704 39462155893    0    0    0     0       0          0
1784737383 | enp139s0f0np0: 208342468316884 56459035855    0 2473    0     0          0    500772 151867420798090 39462181273    0    0    0     0       0          0
1784737384 | enp139s0f0np0: 208343765971561 56459352966    0 2473    0     0          0    500773 151867425802874 39462206489    0    0    0     0       0          0
1784737385 | enp139s0f0np0: 208345058370880 56459668762    0 2473    0     0          0    500773 151867430793329 39462231726    0    0    0     0       0          0
1784737386 | enp139s0f0np0: 208346374653427 56459990422    0 2473    0     0          0    500773 151867435888291 39462257610    0    0    0     0       0          0
1784737387 | enp139s0f0np0: 208347651158728 56460302392    0 2473    0     0          0    500773 151867440814039 39462282444    0    0    0     0       0          0
1784737388 | enp139s0f0np0: 208348925831434 56460613905    0 2473    0     0          0    500773 151867445735595 39462307347    0    0    0     0       0          0
1784737389 | enp139s0f0np0: 208350248958407 56460937233    0 2473    0     0          0    500773 151867450844579 39462333178    0    0    0     0       0          0
1784737390 | enp139s0f0np0: 208351612113949 56461270397    0 2473    0     0          0    500773 151867456093075 39462359536    0    0    0     0       0          0
1784737391 | enp139s0f0np0: 208352939077234 56461594726    0 2473    0     0          0    500773 151867461197935 39462385174    0    0    0     0       0          0
1784737392 | enp139s0f0np0: 208354247620521 56461914529    0 2473    0     0          0    500773 151867466239992 39462410539    0    0    0     0       0          0
1784737393 | enp139s0f0np0: 208355576974074 56462239332    0 2473    0     0          0    500773 151867471333675 39462435884    0    0    0     0       0          0
1784737394 | enp139s0f0np0: 208356906539083 56462564259    0 2473    0     0          0    500773 151867476440808 39462461420    0    0    0     0       0          0
1784737395 | enp139s0f0np0: 208358252673306 56462893180    0 2473    0     0          0    500773 151867481631528 39462487574    0    0    0     0       0          0
1784737396 | enp139s0f0np0: 208359618242928 56463226921    0 2473    0     0          0    500773 151867486882916 39462513908    0    0    0     0       0          0
1784737397 | enp139s0f0np0: 208360973252620 56463558005    0 2473    0     0          0    500773 151867492086994 39462539937    0    0    0     0       0          0
1784737398 | enp139s0f0np0: 208362326930992 56463888815    0 2473    0     0          0    500773 151867497301572 39462566130    0    0    0     0       0          0
1784737399 | enp139s0f0np0: 208363681391107 56464219773    0 2473    0     0          0    500773 151867502499175 39462592101    0    0    0     0       0          0
1784737400 | enp139s0f0np0: 208364980894595 56464537281    0 2473    0     0          0    500773 151867507495912 39462617143    0    0    0     0       0          0
1784737401 | enp139s0f0np0: 208366309061149 56464861875    0 2473    0     0          0    500773 151867512603778 39462642755    0    0    0     0       0          0
1784737402 | enp139s0f0np0: 208367626551782 56465183768    0 2473    0     0          0    500773 151867517664184 39462668084    0    0    0     0       0          0
