1784760842 | enp139s0f0np0: 223798142501846 60497759730    0 2473    0     0          0    501554 170749238901997 44301448511    0    0    0     0       0          0
1784760843 | enp139s0f0np0: 223798778247158 60497930059    0 2473    0     0          0    501554 170749885944926 44301622894    0    0    0     0       0          0
1784760844 | enp139s0f0np0: 223800328115596 60498324501    0 2473    0     0          0    501554 170751418404429 44302016529    0    0    0     0       0          0
1784760845 | enp139s0f0np0: 223801942240004 60498733985    0 2473    0     0          0    501554 170753042625481 44302431870    0    0    0     0       0          0
1784760846 | enp139s0f0np0: 223803502256885 60499130292    0 2473    0     0          0    501555 170754586719790 44302827714    0    0    0     0       0          0
1784760847 | enp139s0f0np0: 223805095570080 60499535170    0 2473    0     0          0    501555 170756139865195 44303226903    0    0    0     0       0          0
1784760848 | enp139s0f0np0: 223806665035018 60499934449    0 2473    0     0          0    501555 170757742006288 44303637903    0    0    0     0       0          0
1784760849 | enp139s0f0np0: 223808209646237 60500326963    0 2473    0     0          0    501555 170759295368205 44304035867    0    0    0     0       0          0
1784760850 | enp139s0f0np0: 223809749891906 60500718672    0 2473    0     0          0    501555 170760856435848 44304436815    0    0    0     0       0          0
1784760851 | enp139s0f0np0: 223811321383702 60501118151    0 2473    0     0          0    501555 170762421493016 44304838309    0    0    0     0       0          0
1784760852 | enp139s0f0np0: 223812904305261 60501519055    0 2473    0     0          0    501555 170764007850980 44305244487    0    0    0     0       0          0
1784760853 | enp139s0f0np0: 223814453241712 60501913054    0 2473    0     0          0    501555 170765611023135 44305654248    0    0    0     0       0          0
1784760854 | enp139s0f0np0: 223816014277600 60502310382    0 2473    0     0          0    501555 170767204203741 44306061799    0    0    0     0       0          0
1784760855 | enp139s0f0np0: 223817607154767 60502715203    0 2473    0     0          0    501555 170768783146883 44306466861    0    0    0     0       0          0
1784760856 | enp139s0f0np0: 223819142490357 60503105843    0 2473    0     0          0    501555 170770342662612 44306866976    0    0    0     0       0          0
1784760857 | enp139s0f0np0: 223820724163652 60503507727    0 2473    0     0          0    501555 170771931443478 44307274393    0    0    0     0       0          0
1784760858 | enp139s0f0np0: 223822355475374 60503922723    0 2473    0     0          0    501555 170773583927822 44307696922    0    0    0     0       0          0
1784760859 | enp139s0f0np0: 223824028586084 60504346698    0 2473    0     0          0    501555 170775277159539 44308129382    0    0    0     0       0          0
1784760860 | enp139s0f0np0: 223825692020503 60504768193    0 2473    0     0          0    501555 170776944838164 44308555441    0    0    0     0       0          0
1784760861 | enp139s0f0np0: 223827228637936 60505158839    0 2473    0     0          0    501555 170778496478832 44308953478    0    0    0     0       0          0
1784760862 | enp139s0f0np0: 223828920348035 60505587334    0 2473    0     0          0    501555 170780128402204 44309371597    0    0    0     0       0          0
1784760863 | enp139s0f0np0: 223830571331757 60506006379    0 2473    0     0          0    501555 170781787772030 44309795733    0    0    0     0       0          0
1784760864 | enp139s0f0np0: 223832268213071 60506435926    0 2473    0     0          0    501555 170783433937421 44310216861    0    0    0     0       0          0
1784760865 | enp139s0f0np0: 223833943717548 60506860965    0 2473    0     0          0    501555 170785094937092 44310641304    0    0    0     0       0          0
1784760866 | enp139s0f0np0: 223835633247657 60507289696    0 2473    0     0          0    501555 170786794891680 44311075300    0    0    0     0       0          0
1784760867 | enp139s0f0np0: 223837275315157 60507707706    0 2473    0     0          0    501555 170788440868814 44311496979    0    0    0     0       0          0
1784760868 | enp139s0f0np0: 223838870306259 60508113209    0 2473    0     0          0    501555 170790016850756 44311901644    0    0    0     0       0          0
1784760869 | enp139s0f0np0: 223840475627144 60508520509    0 2473    0     0          0    501555 170791596719610 44312306585    0    0    0     0       0          0
1784760870 | enp139s0f0np0: 223842073994931 60508926402    0 2473    0     0          0    501555 170793199556251 44312716901    0    0    0     0       0          0
1784760871 | enp139s0f0np0: 223843584496826 60509310088    0 2473    0     0          0    501555 170794694416082 44313100945    0    0    0     0       0          0
1784760872 | enp139s0f0np0: 223845149227191 60509707338    0 2473    0     0          0    501555 170796249196312 44313499873    0    0    0     0       0          0
1784760873 | enp139s0f0np0: 223846642309096 60510087227    0 2473    0     0          0    501555 170797741765187 44313883401    0    0    0     0       0          0
1784760874 | enp139s0f0np0: 223848251330637 60510495902    0 2473    0     0          0    501555 170799306493442 44314285572    0    0    0     0       0          0
1784760875 | enp139s0f0np0: 223849958127691 60510928817    0 2473    0     0          0    501555 170800992727490 44314716028    0    0    0     0       0          0
1784760876 | enp139s0f0np0: 223851655356374 60511359435    0 2473    0     0          0    501556 170802683371808 44315147613    0    0    0     0       0          0
1784760877 | enp139s0f0np0: 223853339469932 60511786644    0 2473    0     0          0    501556 170804332450760 44315569247    0    0    0     0       0          0
1784760878 | enp139s0f0np0: 223855020575310 60512214059    0 2473    0     0          0    501556 170806065125130 44316010737    0    0    0     0       0          0
1784760879 | enp139s0f0np0: 223856746565655 60512652586    0 2473    0     0          0    501556 170807815073484 44316456503    0    0    0     0       0          0
1784760880 | enp139s0f0np0: 223858514641402 60513100193    0 2473    0     0          0    501556 170809540748435 44316896271    0    0    0     0       0          0
1784760881 | enp139s0f0np0: 223860169480505 60513520896    0 2473    0     0          0    501556 170811188444477 44317317993    0    0    0     0       0          0
1784760882 | enp139s0f0np0: 223861794809975 60513934477    0 2473    0     0          0    501556 170812838732972 44317739234    0    0    0     0       0          0
1784760883 | enp139s0f0np0: 223863298323140 60514317339    0 2473    0     0          0    501556 170814355655754 44318128386    0    0    0     0       0          0
1784760884 | enp139s0f0np0: 223864841179175 60514709204    0 2473    0     0          0    501556 170815862486522 44318515521    0    0    0     0       0          0
1784760885 | enp139s0f0np0: 223866400557988 60515105835    0 2473    0     0          0    501556 170817437651935 44318919160    0    0    0     0       0          0
1784760886 | enp139s0f0np0: 223867976090145 60515506666    0 2473    0     0          0    501556 170818987446479 44319316925    0    0    0     0       0          0
1784760887 | enp139s0f0np0: 223869524065311 60515900525    0 2473    0     0          0    501556 170820556300595 44319719084    0    0    0     0       0          0
1784760888 | enp139s0f0np0: 223871078596991 60516295842    0 2473    0     0          0    501556 170822104628951 44320116407    0    0    0     0       0          0
1784760889 | enp139s0f0np0: 223872626827553 60516689230    0 2473    0     0          0    501556 170823639920832 44320510108    0    0    0     0       0          0
1784760890 | enp139s0f0np0: 223874148287159 60517075868    0 2473    0     0          0    501556 170825196140160 44320908760    0    0    0     0       0          0
1784760891 | enp139s0f0np0: 223875764191211 60517485842    0 2473    0     0          0    501556 170826807176323 44321321406    0    0    0     0       0          0
1784760892 | enp139s0f0np0: 223877328726378 60517883556    0 2473    0     0          0    501556 170828394044917 44321727169    0    0    0     0       0          0
1784760893 | enp139s0f0np0: 223878887717026 60518279422    0 2473    0     0          0    501556 170829946026941 44322125270    0    0    0     0       0          0
1784760894 | enp139s0f0np0: 223880446241214 60518675701    0 2473    0     0          0    501556 170831520663454 44322528644    0    0    0     0       0          0
1784760895 | enp139s0f0np0: 223881954431383 60519059237    0 2473    0     0          0    501556 170833053582754 44322921996    0    0    0     0       0          0
1784760896 | enp139s0f0np0: 223883565664878 60519468530    0 2473    0     0          0    501556 170834658802779 44323333038    0    0    0     0       0          0
1784760897 | enp139s0f0np0: 223885084388621 60519854881    0 2473    0     0          0    501556 170836155531173 44323718016    0    0    0     0       0          0
1784760898 | enp139s0f0np0: 223886709469698 60520267240    0 2473    0     0          0    501556 170837734102150 44324123002    0    0    0     0       0          0
1784760899 | enp139s0f0np0: 223888289793593 60520668423    0 2473    0     0          0    501556 170839286975293 44324521222    0    0    0     0       0          0
1784760900 | enp139s0f0np0: 223889807259583 60521053911    0 2473    0     0          0    501556 170840845172243 44324921231    0    0    0     0       0          0
1784760901 | enp139s0f0np0: 223891305140908 60521434580    0 2473    0     0          0    501556 170842357197738 44325309859    0    0    0     0       0          0
1784760902 | enp139s0f0np0: 223892777545778 60521809462    0 2473    0     0          0    501556 170843836126669 44325690257    0    0    0     0       0          0
1784760903 | enp139s0f0np0: 223894247807785 60522184339    0 2473    0     0          0    501556 170845321146016 44326072019    0    0    0     0       0          0
1784760904 | enp139s0f0np0: 223895715931630 60522558467    0 2473    0     0          0    501556 170846784372207 44326448581    0    0    0     0       0          0
1784760905 | enp139s0f0np0: 223897174001870 60522929251    0 2473    0     0          0    501556 170848251863477 44326825221    0    0    0     0       0          0
1784760906 | enp139s0f0np0: 223898648531672 60523304999    0 2473    0     0          0    501557 170849752828692 44327210685    0    0    0     0       0          0
1784760907 | enp139s0f0np0: 223900205811322 60523700225    0 2473    0     0          0    501557 170851272113414 44327601102    0    0    0     0       0          0
1784760908 | enp139s0f0np0: 223901785492526 60524101039    0 2473    0     0          0    501557 170852826814614 44327999622    0    0    0     0       0          0
1784760909 | enp139s0f0np0: 223903424025093 60524516501    0 2473    0     0          0    501557 170854417987397 44328407368    0    0    0     0       0          0
1784760910 | enp139s0f0np0: 223904974266076 60524910797    0 2473    0     0          0    501557 170855962894449 44328804218    0    0    0     0       0          0
1784760911 | enp139s0f0np0: 223906533286829 60525306629    0 2473    0     0          0    501557 170857516119280 44329202353    0    0    0     0       0          0
1784760912 | enp139s0f0np0: 223908117483195 60525709194    0 2473    0     0          0    501557 170859111816990 44329610786    0    0    0     0       0          0
1784760913 | enp139s0f0np0: 223909595645810 60526085782    0 2473    0     0          0    501557 170860611251239 44329996206    0    0    0     0       0          0
1784760914 | enp139s0f0np0: 223911202206864 60526494603    0 2473    0     0          0    501557 170862206071577 44330405085    0    0    0     0       0          0
1784760915 | enp139s0f0np0: 223912825954075 60526907427    0 2473    0     0          0    501557 170863849245919 44330825372    0    0    0     0       0          0
1784760916 | enp139s0f0np0: 223914449861252 60527319930    0 2473    0     0          0    501557 170865507871068 44331249121    0    0    0     0       0          0
1784760917 | enp139s0f0np0: 223916095111710 60527737451    0 2473    0     0          0    501557 170867161468924 44331671976    0    0    0     0       0          0
1784760918 | enp139s0f0np0: 223917670602444 60528137474    0 2473    0     0          0    501557 170868696361754 44332066254    0    0    0     0       0          0
1784760919 | enp139s0f0np0: 223919316894872 60528555346    0 2473    0     0          0    501557 170870347159484 44332488623    0    0    0     0       0          0
1784760920 | enp139s0f0np0: 223920900404348 60528958246    0 2473    0     0          0    501557 170871945587155 44332898319    0    0    0     0       0          0
1784760921 | enp139s0f0np0: 223922476279810 60529359734    0 2473    0     0          0    501557 170873521566700 44333302679    0    0    0     0       0          0
1784760922 | enp139s0f0np0: 223924080846156 60529767569    0 2473    0     0          0    501557 170875112386160 44333710212    0    0    0     0       0          0
1784760923 | enp139s0f0np0: 223925698421649 60530178938    0 2473    0     0          0    501557 170876718765106 44334121150    0    0    0     0       0          0
1784760924 | enp139s0f0np0: 223927312032817 60530589649    0 2473    0     0          0    501557 170878362617202 44334541731    0    0    0     0       0          0
1784760925 | enp139s0f0np0: 223928864211227 60530984480    0 2473    0     0          0    501557 170879892430568 44334934256    0    0    0     0       0          0
1784760926 | enp139s0f0np0: 223930509698304 60531403459    0 2473    0     0          0    501557 170881585181921 44335366259    0    0    0     0       0          0
1784760927 | enp139s0f0np0: 223932220743967 60531838115    0 2473    0     0          0    501557 170883279667491 44335798743    0    0    0     0       0          0
1784760928 | enp139s0f0np0: 223933648653969 60532203019    0 2473    0     0          0    501557 170884721534843 44336168768    0    0    0     0       0          0
1784760930 | enp139s0f0np0: 223935201752077 60532598094    0 2473    0     0          0    501557 170886244321561 44336560239    0    0    0     0       0          0
1784760931 | enp139s0f0np0: 223936832722125 60533013542    0 2473    0     0          0    501557 170887947258446 44336994139    0    0    0     0       0          0
1784760932 | enp139s0f0np0: 223938497644337 60533437608    0 2473    0     0          0    501557 170889636046148 44337425007    0    0    0     0       0          0
1784760933 | enp139s0f0np0: 223940179102513 60533865488    0 2473    0     0          0    501557 170891344839947 44337861142    0    0    0     0       0          0
1784760934 | enp139s0f0np0: 223941714390189 60534257058    0 2473    0     0          0    501557 170892871614992 44338252939    0    0    0     0       0          0
1784760935 | enp139s0f0np0: 223943261609031 60534651200    0 2473    0     0          0    501557 170894431048386 44338651960    0    0    0     0       0          0
1784760936 | enp139s0f0np0: 223944916812888 60535071750    0 2473    0     0          0    501557 170896070396593 44339071299    0    0    0     0       0          0
1784760937 | enp139s0f0np0: 223946527084642 60535480870    0 2473    0     0          0    501558 170897681407941 44339483135    0    0    0     0       0          0
1784760938 | enp139s0f0np0: 223948085102391 60535877323    0 2473    0     0          0    501558 170899253094797 44339886083    0    0    0     0       0          0
1784760939 | enp139s0f0np0: 223949645907163 60536274485    0 2473    0     0          0    501558 170900824881320 44340288427    0    0    0     0       0          0
1784760940 | enp139s0f0np0: 223951235753903 60536678570    0 2473    0     0          0    501558 170902390291168 44340690400    0    0    0     0       0          0
1784760941 | enp139s0f0np0: 223952804051995 60537077846    0 2473    0     0          0    501558 170903942937922 44341088573    0    0    0     0       0          0
1784760942 | enp139s0f0np0: 223954410543270 60537485818    0 2473    0     0          0    501558 170905498067264 44341488604    0    0    0     0       0          0
1784760943 | enp139s0f0np0: 223956067399666 60537906784    0 2473    0     0          0    501558 170907191243140 44341920069    0    0    0     0       0          0
1784760944 | enp139s0f0np0: 223957609085067 60538298999    0 2473    0     0          0    501558 170908741127284 44342317255    0    0    0     0       0          0
1784760945 | enp139s0f0np0: 223959143158972 60538689083    0 2473    0     0          0    501558 170910233737045 44342701394    0    0    0     0       0          0
1784760946 | enp139s0f0np0: 223960667384347 60539077271    0 2473    0     0          0    501558 170911765182802 44343094603    0    0    0     0       0          0
1784760947 | enp139s0f0np0: 223962233258736 60539474830    0 2473    0     0          0    501558 170913289270322 44343486484    0    0    0     0       0          0
1784760948 | enp139s0f0np0: 223963893124762 60539896270    0 2473    0     0          0    501558 170914946524121 44343909381    0    0    0     0       0          0
1784760949 | enp139s0f0np0: 223965483276986 60540299981    0 2473    0     0          0    501558 170916493597117 44344306553    0    0    0     0       0          0
1784760950 | enp139s0f0np0: 223967031707789 60540693538    0 2473    0     0          0    501558 170918025970535 44344700395    0    0    0     0       0          0
1784760951 | enp139s0f0np0: 223968562864506 60541082514    0 2473    0     0          0    501558 170919566800272 44345095843    0    0    0     0       0          0
1784760952 | enp139s0f0np0: 223970064185265 60541463978    0 2473    0     0          0    501558 170921066896759 44345481526    0    0    0     0       0          0
1784760953 | enp139s0f0np0: 223971632161007 60541862330    0 2473    0     0          0    501558 170922613707268 44345879554    0    0    0     0       0          0
1784760954 | enp139s0f0np0: 223973153404934 60542249825    0 2473    0     0          0    501558 170924205429135 44346286308    0    0    0     0       0          0
1784760955 | enp139s0f0np0: 223974698826411 60542642189    0 2473    0     0          0    501558 170925762639183 44346685748    0    0    0     0       0          0
1784760956 | enp139s0f0np0: 223976181610983 60543019469    0 2473    0     0          0    501558 170927256597818 44347069639    0    0    0     0       0          0
1784760957 | enp139s0f0np0: 223977732126791 60543412862    0 2473    0     0          0    501558 170928772706893 44347458974    0    0    0     0       0          0
1784760958 | enp139s0f0np0: 223979251887020 60543799906    0 2473    0     0          0    501558 170930314559299 44347854247    0    0    0     0       0          0
1784760959 | enp139s0f0np0: 223980755839884 60544181781    0 2473    0     0          0    501558 170931802902638 44348236335    0    0    0     0       0          0
1784760960 | enp139s0f0np0: 223982248852131 60544561550    0 2473    0     0          0    501558 170933282424932 44348617024    0    0    0     0       0          0
1784760961 | enp139s0f0np0: 223983765997862 60544947484    0 2473    0     0          0    501558 170934817730734 44349010419    0    0    0     0       0          0
1784760962 | enp139s0f0np0: 223985283525928 60545333539    0 2473    0     0          0    501558 170936329411244 44349398707    0    0    0     0       0          0
1784760963 | enp139s0f0np0: 223986794709179 60545718885    0 2473    0     0          0    501558 170937867783816 44349793668    0    0    0     0       0          0
1784760964 | enp139s0f0np0: 223988337295966 60546111896    0 2473    0     0          0    501558 170939386223500 44350183488    0    0    0     0       0          0
1784760965 | enp139s0f0np0: 223989870020550 60546502799    0 2473    0     0          0    501558 170940951892351 44350584180    0    0    0     0       0          0
1784760966 | enp139s0f0np0: 223991421867436 60546898052    0 2473    0     0          0    501559 170942505401202 44350982926    0    0    0     0       0          0
1784760967 | enp139s0f0np0: 223992881757520 60547270622    0 2473    0     0          0    501559 170944027308698 44351372814    0    0    0     0       0          0
1784760968 | enp139s0f0np0: 223994515556244 60547685203    0 2473    0     0          0    501559 170945636938762 44351784149    0    0    0     0       0          0
1784760969 | enp139s0f0np0: 223996178790924 60548108187    0 2473    0     0          0    501559 170947333908642 44352217011    0    0    0     0       0          0
1784760970 | enp139s0f0np0: 223997810854480 60548522910    0 2473    0     0          0    501559 170948978815121 44352637527    0    0    0     0       0          0
1784760971 | enp139s0f0np0: 223999466446302 60548943359    0 2473    0     0          0    501559 170950624841045 44353058528    0    0    0     0       0          0
1784760972 | enp139s0f0np0: 224001151407801 60549371491    0 2473    0     0          0    501559 170952329393662 44353493291    0    0    0     0       0          0
1784760973 | enp139s0f0np0: 224002912469044 60549817627    0 2473    0     0          0    501559 170954090775029 44353941594    0    0    0     0       0          0
1784760974 | enp139s0f0np0: 224004690725759 60550268143    0 2473    0     0          0    501559 170955829375419 44354385122    0    0    0     0       0          0
1784760975 | enp139s0f0np0: 224006385289959 60550698552    0 2473    0     0          0    501559 170957540711538 44354821748    0    0    0     0       0          0
1784760976 | enp139s0f0np0: 224008007363642 60551110515    0 2473    0     0          0    501559 170959197621898 44355244301    0    0    0     0       0          0
1784760977 | enp139s0f0np0: 224009650738746 60551528270    0 2473    0     0          0    501559 170960849374479 44355666784    0    0    0     0       0          0
1784760978 | enp139s0f0np0: 224011361536469 60551962941    0 2473    0     0          0    501559 170962610768939 44356115268    0    0    0     0       0          0
1784760979 | enp139s0f0np0: 224013074228609 60552398313    0 2473    0     0          0    501559 170964320570684 44356550898    0    0    0     0       0          0
1784760980 | enp139s0f0np0: 224014787354417 60552833141    0 2473    0     0          0    501559 170965997423408 44356978045    0    0    0     0       0          0
1784760981 | enp139s0f0np0: 224016508336518 60553270461    0 2473    0     0          0    501559 170967762278634 44357427678    0    0    0     0       0          0
1784760982 | enp139s0f0np0: 224018255166781 60553714133    0 2473    0     0          0    501559 170969559883248 44357884661    0    0    0     0       0          0
1784760983 | enp139s0f0np0: 224020016610135 60554160082    0 2473    0     0          0    501559 170971285674821 44358323589    0    0    0     0       0          0
1784760984 | enp139s0f0np0: 224021550895611 60554550541    0 2473    0     0          0    501559 170972836051562 44358720914    0    0    0     0       0          0
1784760985 | enp139s0f0np0: 224023217340566 60554974830    0 2473    0     0          0    501559 170974521148921 44359151139    0    0    0     0       0          0
1784760986 | enp139s0f0np0: 224024872660706 60555395348    0 2473    0     0          0    501559 170976158955458 44359570821    0    0    0     0       0          0
1784760987 | enp139s0f0np0: 224026520155409 60555814029    0 2473    0     0          0    501559 170977797873757 44359989710    0    0    0     0       0          0
1784760988 | enp139s0f0np0: 224028047433894 60556203294    0 2473    0     0          0    501559 170979319346448 44360380730    0    0    0     0       0          0
1784760989 | enp139s0f0np0: 224029607220216 60556599709    0 2473    0     0          0    501559 170980903071134 44360786407    0    0    0     0       0          0
1784760990 | enp139s0f0np0: 224031137723365 60556988362    0 2473    0     0          0    501559 170982404033660 44361172378    0    0    0     0       0          0
1784760991 | enp139s0f0np0: 224032678778730 60557380787    0 2473    0     0          0    501559 170983970409080 44361574797    0    0    0     0       0          0
1784760992 | enp139s0f0np0: 224034162953125 60557759428    0 2473    0     0          0    501559 170985433902736 44361952978    0    0    0     0       0          0
1784760993 | enp139s0f0np0: 224035662513454 60558141754    0 2473    0     0          0    501559 170986894778898 44362331642    0    0    0     0       0          0
1784760994 | enp139s0f0np0: 224037202568918 60558534143    0 2473    0     0          0    501559 170988408646040 44362722751    0    0    0     0       0          0
1784760995 | enp139s0f0np0: 224038524393744 60558873203    0 2473    0     0          0    501559 170989720427644 44363063600    0    0    0     0       0          0
1784760996 | enp139s0f0np0: 224039943474943 60559235987    0 2473    0     0          0    501560 170991163994157 44363437166    0    0    0     0       0          0
1784760997 | enp139s0f0np0: 224041415438784 60559611316    0 2473    0     0          0    501560 170992647001554 44363819789    0    0    0     0       0          0
1784760998 | enp139s0f0np0: 224042789882589 60559963007    0 2473    0     0          0    501560 170993979742456 44364166590    0    0    0     0       0          0
1784760999 | enp139s0f0np0: 224044221800514 60560328872    0 2473    0     0          0    501560 170995396541821 44364534566    0    0    0     0       0          0
1784761000 | enp139s0f0np0: 224045659858442 60560696241    0 2473    0     0          0    501560 170996863146615 44364913759    0    0    0     0       0          0
1784761001 | enp139s0f0np0: 224046994541327 60561037681    0 2473    0     0          0    501560 170998227232460 44365267680    0    0    0     0       0          0
1784761002 | enp139s0f0np0: 224048466987236 60561413624    0 2473    0     0          0    501560 170999704028568 44365648120    0    0    0     0       0          0
1784761003 | enp139s0f0np0: 224050216827590 60561858080    0 2473    0     0          0    501560 171001416935930 44366086799    0    0    0     0       0          0
1784761004 | enp139s0f0np0: 224051811517196 60562264161    0 2473    0     0          0    501560 171003009460663 44366496112    0    0    0     0       0          0
1784761005 | enp139s0f0np0: 224053378434409 60562663934    0 2473    0     0          0    501560 171004559627662 44366893430    0    0    0     0       0          0
1784761006 | enp139s0f0np0: 224055039957816 60563086761    0 2473    0     0          0    501560 171006215186272 44367317447    0    0    0     0       0          0
1784761007 | enp139s0f0np0: 224056446140889 60563447347    0 2473    0     0          0    501560 171007642720232 44367685628    0    0    0     0       0          0
1784761008 | enp139s0f0np0: 224058019450211 60563848360    0 2473    0     0          0    501560 171009258832779 44368101151    0    0    0     0       0          0
1784761009 | enp139s0f0np0: 224059588650836 60564248573    0 2473    0     0          0    501560 171010843783691 44368508705    0    0    0     0       0          0
1784761010 | enp139s0f0np0: 224060856003771 60564573559    0 2473    0     0          0    501560 171012157028363 44368848000    0    0    0     0       0          0
1784761011 | enp139s0f0np0: 224062343231241 60564953394    0 2473    0     0          0    501560 171013649549432 44369233956    0    0    0     0       0          0
1784761012 | enp139s0f0np0: 224063828808020 60565332462    0 2473    0     0          0    501560 171015147620768 44369620524    0    0    0     0       0          0
1784761013 | enp139s0f0np0: 224065096225722 60565657008    0 2473    0     0          0    501560 171016431752724 44369952003    0    0    0     0       0          0
1784761014 | enp139s0f0np0: 224066689604188 60566061888    0 2473    0     0          0    501560 171017998960811 44370355257    0    0    0     0       0          0
1784761015 | enp139s0f0np0: 224068337916738 60566481483    0 2473    0     0          0    501560 171019636915422 44370776328    0    0    0     0       0          0
1784761016 | enp139s0f0np0: 224069445399734 60566765049    0 2473    0     0          0    501560 171020739429103 44371061778    0    0    0     0       0          0
1784761017 | enp139s0f0np0: 224070872692379 60567129990    0 2473    0     0          0    501560 171022174514452 44371433685    0    0    0     0       0          0
1784761018 | enp139s0f0np0: 224072327061597 60567501235    0 2473    0     0          0    501560 171023635897361 44371811789    0    0    0     0       0          0
1784761019 | enp139s0f0np0: 224073429409149 60567783816    0 2473    0     0          0    501560 171024742465921 44372099930    0    0    0     0       0          0
1784761020 | enp139s0f0np0: 224074834653069 60568142401    0 2473    0     0          0    501560 171026113250397 44372455728    0    0    0     0       0          0
1784761021 | enp139s0f0np0: 224076342377818 60568526034    0 2473    0     0          0    501560 171027603620855 44372840256    0    0    0     0       0          0
1784761022 | enp139s0f0np0: 224077693673903 60568871165    0 2473    0     0          0    501560 171028973315765 44373193169    0    0    0     0       0          0
1784761023 | enp139s0f0np0: 224079285203035 60569276051    0 2473    0     0          0    501560 171030563348482 44373601886    0    0    0     0       0          0
