Linux 5.15.0-181-generic (tikv-node) 	07/09/26 	_x86_64_	(64 CPU)

18:47:47      UID       PID    %usr %system  %guest   %wait    %CPU   CPU  Command
18:47:48        0    824504   92.00   57.00    0.00    0.00  149.00    58  juicefs.v1.3.1
18:47:49        0    824504  130.00   81.00    0.00    0.00  211.00    34  juicefs.v1.3.1
18:47:50        0    824504  165.00   91.00    0.00    0.00  256.00    34  juicefs.v1.3.1
18:47:51        0    824504  142.00   99.00    0.00    0.00  241.00     8  juicefs.v1.3.1
18:47:52        0    824504  133.00   97.00    0.00    0.00  230.00    14  juicefs.v1.3.1
18:47:53        0    824504  116.00   76.00    0.00    0.00  192.00    14  juicefs.v1.3.1
18:47:54        0    824504  140.00   93.00    0.00    0.00  233.00    55  juicefs.v1.3.1
18:47:55        0    824504  146.00   88.00    0.00    0.00  234.00    12  juicefs.v1.3.1
18:47:56        0    824504  164.00  106.00    0.00    0.00  270.00    14  juicefs.v1.3.1
18:47:57        0    824504  143.00   84.00    0.00    0.00  227.00    16  juicefs.v1.3.1
18:47:58        0    824504  130.00   95.00    0.00    0.00  225.00    16  juicefs.v1.3.1
18:47:59        0    824504  114.00   74.00    0.00    0.00  188.00    28  juicefs.v1.3.1
18:48:00        0    824504  140.00   88.00    0.00    0.00  228.00    34  juicefs.v1.3.1
18:48:01        0    824504  181.00   95.00    0.00    0.00  276.00    38  juicefs.v1.3.1
18:48:02        0    824504  151.00   92.00    0.00    0.00  243.00    26  juicefs.v1.3.1
18:48:03        0    824504  143.00   95.00    0.00    0.00  238.00    44  juicefs.v1.3.1
18:48:04        0    824504  138.00   94.00    0.00    0.00  232.00    38  juicefs.v1.3.1
18:48:05        0    824504  129.00   81.00    0.00    0.00  210.00    20  juicefs.v1.3.1
18:48:06        0    824504  129.00   93.00    0.00    0.00  222.00    36  juicefs.v1.3.1
18:48:07        0    824504  156.00  100.00    0.00    0.00  256.00    12  juicefs.v1.3.1
18:48:08        0    824504  138.00   97.00    0.00    0.00  235.00    33  juicefs.v1.3.1
18:48:09        0    824504  151.00   92.00    0.00    0.00  243.00    30  juicefs.v1.3.1
18:48:10        0    824504  116.00   81.00    0.00    0.00  197.00    36  juicefs.v1.3.1
18:48:11        0    824504  117.00   85.00    0.00    0.00  202.00    36  juicefs.v1.3.1
18:48:12        0    824504  143.00  106.00    0.00    0.00  249.00    36  juicefs.v1.3.1
18:48:13        0    824504  143.00  105.00    0.00    0.00  248.00    38  juicefs.v1.3.1
18:48:14        0    824504  160.00   97.00    0.00    0.00  257.00     3  juicefs.v1.3.1
18:48:15        0    824504  136.00   91.00    0.00    0.00  227.00    32  juicefs.v1.3.1
18:48:16        0    824504  111.00   76.00    0.00    0.00  187.00    30  juicefs.v1.3.1
18:48:17        0    824504  150.00   89.00    0.00    0.00  239.00    30  juicefs.v1.3.1
18:48:18        0    824504  159.00  101.00    0.00    0.00  260.00    14  juicefs.v1.3.1
18:48:19        0    824504  153.00   95.00    0.00    0.00  248.00    34  juicefs.v1.3.1
18:48:20        0    824504  136.00   85.00    0.00    0.00  221.00    30  juicefs.v1.3.1
18:48:21        0    824504  129.00  101.00    0.00    1.00  230.00    59  juicefs.v1.3.1
18:48:22        0    824504  119.00   70.00    0.00    0.00  189.00     6  juicefs.v1.3.1
18:48:23        0    824504  164.00   99.00    0.00    0.00  263.00    27  juicefs.v1.3.1
18:48:24        0    824504  144.00  102.00    0.00    0.00  246.00    52  juicefs.v1.3.1
18:48:25        0    824504  140.00  108.00    0.00    0.00  248.00    48  juicefs.v1.3.1
18:48:26        0    824504  134.00   91.00    0.00    0.00  225.00    13  juicefs.v1.3.1
18:48:27        0    824504  149.00   75.00    0.00    0.00  224.00    13  juicefs.v1.3.1
18:48:28        0    824504  130.00   81.00    0.00    0.00  211.00    13  juicefs.v1.3.1
18:48:29        0    824504  148.00  104.00    0.00    0.00  252.00    13  juicefs.v1.3.1
18:48:30        0    824504  151.00   95.00    0.00    0.00  246.00    13  juicefs.v1.3.1
18:48:31        0    824504  141.00  108.00    0.00    0.00  249.00    13  juicefs.v1.3.1
18:48:32        0    824504  151.00   94.00    0.00    0.00  245.00    13  juicefs.v1.3.1
18:48:33        0    824504  112.00   81.00    0.00    0.00  193.00    13  juicefs.v1.3.1
18:48:34        0    824504  119.00   87.00    0.00    0.00  206.00    13  juicefs.v1.3.1
18:48:35        0    824504  154.00  102.00    0.00    0.00  256.00    13  juicefs.v1.3.1
18:48:36        0    824504  176.00   84.00    0.00    0.00  260.00    13  juicefs.v1.3.1
18:48:37        0    824504  129.00   87.00    0.00    0.00  216.00    13  juicefs.v1.3.1
18:48:38        0    824504  150.00   92.00    0.00    0.00  242.00    13  juicefs.v1.3.1
18:48:39        0    824504  119.00   83.00    0.00    0.00  202.00    13  juicefs.v1.3.1
18:48:40        0    824504  139.00   93.00    0.00    0.00  232.00    13  juicefs.v1.3.1
18:48:41        0    824504  162.00  105.00    0.00    0.00  267.00    13  juicefs.v1.3.1
18:48:42        0    824504  145.00   97.00    0.00    0.00  242.00    13  juicefs.v1.3.1
18:48:43        0    824504  138.00   99.00    0.00    0.00  237.00    13  juicefs.v1.3.1
18:48:44        0    824504  132.00   83.00    0.00    0.00  215.00    13  juicefs.v1.3.1
18:48:45        0    824504  141.00   77.00    0.00    0.00  218.00    13  juicefs.v1.3.1
18:48:46        0    824504  142.00   98.00    0.00    0.00  240.00    13  juicefs.v1.3.1
18:48:47        0    824504  139.00   95.00    0.00    0.00  234.00    13  juicefs.v1.3.1
18:48:48        0    824504  148.00   96.00    0.00    0.00  244.00    13  juicefs.v1.3.1
