---------usage--------- ----------fuse--------- -------------meta------------ -blockcache ---------------------object--------------------
 cpu   mem   buf  cache| ops   lat   read write| ops   lat   txn   lat  retry| read write| get  get_c  lat   put  put_c  lat  del_c  lat 
 0.0%  923M 8192K    0 |   0     0     0     0 |   0     0     0     0     0 |   0     0 |   0     0     0     0     0     0     0     0 
82.1%  924M  255M    0 |2713  0.06     0   336M|  12  1.17     7  2.58     0 |   0     0 |   0     0     0    90M  361   235     0     0 
67.0%  927M  299M    0 |1268  0.51     0   156M|   3  2.14     1  4.25     0 |   0     0 |   0     0     0   111M  447   323     0     0 
62.3%  927M  299M    0 | 899  0.81     0   110M|   3  3.38     2  4.50     0 |   0     0 |   0     0     0   111M  442   322     0     0 
55.5%  927M  299M    0 | 916  0.81     0   113M|   3  1.95     1  4.27     0 |   0     0 |   0     0     0   112M  451   296     0     0 
45.3%  927M  300M    0 | 916  0.88     0   111M|   2  2.05     1  3.17     0 |   0     0 |   0     0     0   111M  446   278     0     0 
52.6%  927M  299M    0 | 901  0.84     0   111M|   4  2.29     2  3.56     0 |   0     0 |   0     0     0   112M  448   367     0     0 
59.6%  927M  300M    0 | 920  0.81     0   113M|   3  3.08     2  4.04     0 |   0     0 |   0     0     0   112M  448   351     0     0 
61.7%  927M  299M    0 | 914  0.81     0   112M|   4  2.68     2  4.13     0 |   0     0 |   0     0     0   113M  452   361     0     0 
61.5%  927M  300M    0 | 914  0.81     0   112M|   5  2.47     2  4.11     0 |   0     0 |   0     0     0   111M  448   343     0     0 
52.0%  927M  299M    0 | 898  0.86     0   110M|   3  2.61     2  3.51     0 |   0     0 |   0     0     0   111M  446   337     0     0 
46.3%  928M  298M    0 | 913  0.89     0   112M|   3  1.59     3  2.52     0 |   0     0 |   0     0     0   112M  448   327     0     0 
56.9%  928M  299M    0 | 920  0.83     0   113M|   3  3.02     2  3.93     0 |   0     0 |   0     0     0   112M  450   315     0     0 
60.0%  928M  298M    0 | 910  0.82     0   111M|   3  2.62     1  5.36     0 |   0     0 |   0     0     0   112M  452   276     0     0 
59.9%  928M  299M    0 | 913  0.79     0   112M|   3  2.18     1  4.39     0 |   0     0 |   0     0     0   112M  446   300     0     0 
61.2%  928M  298M    0 | 909  0.79     0   111M|   4  3.25     3  3.91     0 |   0     0 |   0     0     0   112M  451   388     0     0 
47.2%  928M  299M    0 | 913  0.88     0   112M|   4  1.80     2  2.89     0 |   0     0 |   0     0     0   111M  447   365     0     0 
48.3%  928M  300M    0 | 912  0.85     0   112M|   3  2.53     2  3.30     0 |   0     0 |   0     0     0   111M  446   351     0     0 
56.5%  928M  299M    0 | 909  0.84     0   111M|   5  2.46     2  4.00     0 |   0     0 |   0     0     0   112M  450   374     0     0 
62.1%  928M  299M    0 | 909  0.80     0   112M|   4  2.57     2  4.11     0 |   0     0 |   0     0     0   112M  447   322     0     0 
62.2%  928M  299M    0 | 914  0.80     0   112M|   2  2.63     1  4.06     0 |   0     0 |   0     0     0   112M  447   314     0     0 
51.5%  928M  299M    0 | 914  0.85     0   112M|   3  1.68     1  3.52     0 |   0     0 |   0     0     0   112M  451   323     0     0 
48.8%  928M  300M    0 | 909  0.85     0   112M|   4  2.36     5  2.58     0 |   0     0 |   0     0     0   111M  446   355     0     0 
56.7%  928M  299M    0 | 922  0.82     0   112M|   3  2.00     1  3.67     0 |   0     0 |   0     0     0   113M  453   322     0     0 
63.1%  928M  300M    0 | 908  0.79     0   112M|   4  2.81     2  4.34     0 |   0     0 |   0     0     0   111M  449   363     0     0 
61.6%  928M  299M    0 | 890  0.82     0   109M|   3  3.05     2  4.00     0 |   0     0 |   0     0     0   110M  440   344     0     0 
61.1%  928M  299M    0 | 904  0.80     0   110M|   4  2.65     2  4.30     0 |   0     0 |   0     0     0   110M  440   338     0     0 
50.2%  928M  300M    0 | 905  0.86     0   111M|   3  2.57     2  3.45     0 |   0     0 |   0     0     0   111M  445   343     0     0 
48.1%  928M  300M    0 | 915  0.85     0   112M|   4  1.68     1  3.07     0 |   0     0 |   0     0     0   112M  450   322     0     0 
58.6%  928M  300M    0 | 911  0.82     0   112M|   4  2.54     2  4.01     0 |   0     0 |   0     0     0   111M  448   284     0     0 
---------usage--------- ----------fuse--------- -------------meta------------ -blockcache ---------------------object--------------------
 cpu   mem   buf  cache| ops   lat   read write| ops   lat   txn   lat  retry| read write| get  get_c  lat   put  put_c  lat  del_c  lat 
60.9%  928M  298M    0 | 898  0.81     0   110M|   2  2.60     1  4.26     0 |   0     0 |   0     0     0   112M  448   329     0     0 
58.3%  928M  299M    0 | 917  0.81     0   112M|   4  2.73     2  4.27     0 |   0     0 |   0     0     0   111M  448   309     0     0 
57.8%  928M  300M    0 | 902  0.82     0   111M|   3  3.55     2  4.85     0 |   0     0 |   0     0     0   110M  442   334     0     0 
46.6%  928M  300M    0 | 911  0.87     0   112M|   3  1.55     1  2.94     0 |   0     0 |   0     0     0   112M  450   336     0     0 
52.2%  928M  299M    0 | 907  0.83     0   111M|   4  2.48     2  3.79     0 |   0     0 |   0     0     0   112M  447   332     0     0 
44.1%  928M  210M    0 | 193  0.80     0    22M|   3  3.17     4  3.77     0 |   0     0 |   0     0     0   110M  444   342     0     0 
40.1%  928M   98M    0 |  15  0.42     0     0 |   4  2.64     2  4.27     0 |   0     0 |   0     0     0   112M  448   333     0     0 
25.5%  928M 8192K    0 |  15   176     0     0 |   4  3.06     3  3.79     0 |   0     0 |   0     0     0    90M  362   499     0     0 
43.4%  928M   11M    0 | 311  3.48    36M    0 |  11  1.10     0     0     0 |   0     0 |  36M  146  19.8     0     0     0     0     0 
99.9%  928M   11M    0 | 804  3.54    99M    0 |  10  0.71     0     0     0 |   0     0 |  98M  398  20.4     0     0     0     0     0 
 115%  928M   11M    0 | 809  3.63    98M    0 |   4  1.11     0     0     0 |   0     0 |  99M  395  20.5     0     0     0     0     0 
 122%  928M   11M    0 | 820  3.37   100M    0 |   7  1.09     0     0     0 |   0     0 | 100M  403  19.8     0     0     0     0     0 
 127%  928M   11M    0 | 835  3.38   102M    0 |   5  1.04     0     0     0 |   0     0 | 102M  409  19.6     0     0     0     0     0 
 125%  928M   11M    0 | 832  3.30   102M    0 |   7  1.00     0     0     0 |   0     0 | 102M  409  19.9     0     0     0     0     0 
 113%  928M   11M    0 | 804  3.70    98M    0 |   6  0.93     0     0     0 |   0     0 |  98M  394  20.6     0     0     0     0     0 
 103%  928M   10M    0 | 833  3.57   102M    0 |   7  0.78     0     0     0 |   0     0 | 101M  407  20.1     0     0     0     0     0 
 128%  928M   10M    0 | 816  3.67   100M    0 |   9  1.08     2  4.33     0 |   0     0 | 101M  403  20.5     0     0     0     0     0 
 128%  928M   10M    0 | 847  3.19   104M    0 |   3  1.31     0     0     0 |   0     0 | 102M  413  19.5     0     0     0     0     0 
 126%  928M   11M    0 | 812  3.55    99M    0 |   6  1.25     0     0     0 |   0     0 |  99M  398  19.7     0     0     0     0     0 
 127%  928M   11M    0 | 838  3.44   102M    0 |   8  0.98     0     0     0 |   0     0 | 102M  411  19.6     0     0     0     0     0 
