Linux 5.15.0-181-generic (tikv-node) 	07/09/26 	_x86_64_	(64 CPU)

18:44:23      UID       PID    %usr %system  %guest   %wait    %CPU   CPU  Command
18:44:24        0    824504  137.00   71.00    0.00    0.00  208.00    10  juicefs.v1.3.1
18:44:25        0    824504  100.00  108.00    0.00    0.00  208.00    10  juicefs.v1.3.1
18:44:26        0    824504   89.00   92.00    0.00    0.00  181.00    10  juicefs.v1.3.1
18:44:27        0    824504   98.00   85.00    0.00    0.00  183.00    10  juicefs.v1.3.1
18:44:28        0    824504   75.00   82.00    0.00    0.00  157.00    10  juicefs.v1.3.1
18:44:29        0    824504   81.00   91.00    0.00    0.00  172.00    10  juicefs.v1.3.1
18:44:30        0    824504   87.00   95.00    0.00    0.00  182.00    10  juicefs.v1.3.1
18:44:31        0    824504   87.00   99.00    0.00    0.00  186.00    10  juicefs.v1.3.1
18:44:32        0    824504   91.00   86.00    0.00    0.00  177.00    10  juicefs.v1.3.1
18:44:33        0    824504   86.00   91.00    0.00    0.00  177.00    10  juicefs.v1.3.1
18:44:34        0    824504   69.00   77.00    0.00    0.00  146.00    10  juicefs.v1.3.1
18:44:35        0    824504   83.00   85.00    0.00    0.00  168.00    10  juicefs.v1.3.1
18:44:36        0    824504   98.00   88.00    0.00    0.00  186.00    10  juicefs.v1.3.1
18:44:37        0    824504   88.00   95.00    0.00    0.00  183.00    10  juicefs.v1.3.1
18:44:38        0    824504   96.00   93.00    0.00    0.00  189.00    10  juicefs.v1.3.1
18:44:39        0    824504   80.00   95.00    0.00    0.00  175.00    10  juicefs.v1.3.1
18:44:40        0    824504   76.00   75.00    0.00    0.00  151.00    10  juicefs.v1.3.1
18:44:41        0    824504   89.00   97.00    0.00    0.00  186.00    10  juicefs.v1.3.1
18:44:42        0    824504   94.00   95.00    0.00    0.00  189.00    10  juicefs.v1.3.1
18:44:43        0    824504   95.05   92.08    0.00    0.00  187.13    10  juicefs.v1.3.1
18:44:44        0    824504  100.00   83.00    0.00    0.00  183.00    10  juicefs.v1.3.1
18:44:45        0    824504   74.00   84.00    0.00    0.00  158.00    10  juicefs.v1.3.1
18:44:46        0    824504   80.00   77.00    0.00    0.00  157.00    10  juicefs.v1.3.1
18:44:47        0    824504   84.00   96.00    0.00    0.00  180.00    10  juicefs.v1.3.1
18:44:48        0    824504   91.00   97.00    0.00    0.00  188.00    10  juicefs.v1.3.1
18:44:49        0    824504   88.00   91.00    0.00    0.00  179.00    10  juicefs.v1.3.1
18:44:50        0    824504   94.00   93.00    0.00    0.00  187.00    10  juicefs.v1.3.1
18:44:51        0    824504   83.00   73.00    0.00    0.00  156.00    10  juicefs.v1.3.1
18:44:52        0    824504   80.00   92.00    0.00    0.00  172.00    10  juicefs.v1.3.1
18:44:53        0    824504   94.00   91.00    0.00    0.00  185.00    10  juicefs.v1.3.1
18:44:54        0    824504   89.00   92.00    0.00    0.00  181.00    10  juicefs.v1.3.1
18:44:55        0    824504   93.00   91.00    0.00    0.00  184.00    10  juicefs.v1.3.1
18:44:56        0    824504   88.00   85.00    0.00    0.00  173.00    10  juicefs.v1.3.1
18:44:57        0    824504   66.00   81.00    0.00    0.00  147.00    10  juicefs.v1.3.1
18:44:58        0    824504   88.00   98.00    0.00    0.00  186.00    10  juicefs.v1.3.1
18:44:59        0    824504   95.00   88.00    0.00    0.00  183.00    10  juicefs.v1.3.1
18:45:00        0    824504   90.00  100.00    0.00    0.00  190.00    10  juicefs.v1.3.1
18:45:01        0    824504   94.00   85.00    0.00    0.00  179.00    10  juicefs.v1.3.1
18:45:02        0    824504   87.00   87.00    0.00    0.00  174.00    10  juicefs.v1.3.1
18:45:03        0    824504   83.00   76.00    0.00    0.00  159.00    10  juicefs.v1.3.1
18:45:04        0    824504   95.00   91.00    0.00    0.00  186.00    10  juicefs.v1.3.1
18:45:05        0    824504   98.00   93.00    0.00    0.00  191.00    10  juicefs.v1.3.1
18:45:06        0    824504   92.00   87.00    0.00    0.00  179.00    10  juicefs.v1.3.1
18:45:07        0    824504   86.00   93.00    0.00    0.00  179.00    10  juicefs.v1.3.1
18:45:08        0    824504   79.00   66.00    0.00    0.00  145.00    10  juicefs.v1.3.1
18:45:09        0    824504   89.00   86.00    0.00    0.00  175.00    10  juicefs.v1.3.1
18:45:10        0    824504   92.00   92.00    0.00    0.00  184.00    10  juicefs.v1.3.1
18:45:11        0    824504   88.00   92.00    0.00    0.00  180.00    10  juicefs.v1.3.1
18:45:12        0    824504   90.00   98.00    0.00    0.00  188.00    10  juicefs.v1.3.1
18:45:13        0    824504   83.00   96.00    0.00    0.00  179.00    10  juicefs.v1.3.1
18:45:14        0    824504   70.00   74.00    0.00    0.00  144.00    10  juicefs.v1.3.1
18:45:15        0    824504   84.00   84.00    0.00    0.00  168.00    10  juicefs.v1.3.1
18:45:16        0    824504  124.00  108.00    0.00    0.00  232.00    10  juicefs.v1.3.1
18:45:17        0    824504   79.00   97.00    0.00    0.00  176.00    10  juicefs.v1.3.1
18:45:18        0    824504   88.00   93.00    0.00    0.00  181.00    10  juicefs.v1.3.1
18:45:19        0    824504   81.00   88.00    0.00    0.00  169.00    10  juicefs.v1.3.1
18:45:20        0    824504   74.00   84.00    0.00    0.00  158.00    10  juicefs.v1.3.1
18:45:21        0    824504   88.00   91.00    0.00    0.00  179.00    10  juicefs.v1.3.1
18:45:22        0    824504   96.00   82.00    0.00    0.00  178.00    10  juicefs.v1.3.1
18:45:23        0    824504   90.00   88.00    0.00    0.00  178.00    10  juicefs.v1.3.1
18:45:24        0    824504   84.00   92.00    0.00    0.00  176.00    10  juicefs.v1.3.1
