1783592611 7706024512408 17865941572923
1783592612 7706025655752 17865941633383
1783592613 7706146305479 17865946175400
1783592614 7706270235016 17865958304107
1783592615 7706393724071 17865969913679
1783592616 7706516658981 17865980133530
1783592617 7706639840055 17865989247187
1783592618 7706763105301 17865998759573
1783592619 7706886760779 17866007189823
1783592620 7707010575569 17866016867964
1783592621 7707133029090 17866030298675
1783592622 7707255358540 17866039415276
1783592623 7707378883946 17866046690984
1783592624 7707501906541 17866061641962
1783592625 7707625210368 17866073499175
1783592626 7707746596721 17866091785756
1783592627 7707869349353 17866103034661
1783592628 7707992299400 17866114836669
1783592629 7708115046499 17866128101314
1783592630 7708238146552 17866140313289
1783592631 7708361216233 17866152175678
1783592632 7708484129958 17866162860043
1783592633 7708606489285 17866173878146
1783592634 7708730247714 17866189276598
1783592635 7708853205532 17866200672484
1783592636 7708976385271 17866209923825
1783592637 7709099833215 17866221760655
1783592638 7709222624716 17866234687092
1783592639 7709344594049 17866246150958
1783592640 7709467904896 17866258300921
1783592641 7709590646025 17866267779515
1783592642 7709712813196 17866286972760
1783592643 7709836388399 17866297523882
1783592644 7709959469285 17866307471049
1783592645 7710082904219 17866317492107
1783592646 7710206564641 17866329120099
1783592647 7710330214234 17866339461654
1783592648 7710453715506 17866351572894
1783592649 7710576395269 17866364778464
1783592650 7710699673238 17866373886362
1783592651 7710822961962 17866386009221
1783592652 7710945195501 17866399532291
1783592653 7711068628664 17866412790007
1783592654 7711191299460 17866421594137
1783592655 7711314855799 17866434188049
1783592656 7711437637405 17866443346393
1783592657 7711561140691 17866454403951
1783592658 7711683951593 17866468020767
1783592659 7711805932874 17866479275565
1783592660 7711929761248 17866486516041
1783592661 7712053250187 17866496708817
1783592662 7712176171521 17866507682829
1783592663 7712299372880 17866516586172
1783592664 7712422849173 17866530981984
1783592665 7712545769106 17866544376526
1783592666 7712668377321 17866553764418
1783592668 7712791900317 17866563099085
1783592669 7712914426523 17866574130522
1783592670 7713037166508 17866587121745
1783592671 7713159992794 17866599034368
1783592672 7713282541421 17866613296790
1783592673 7713404243780 17866628348848
