1783594176 7783572521659 17984140785778
1783594177 7783574961093 17984230608738
1783594178 7783577381586 17984353699892
1783594179 7783580725757 17984476810492
1783594180 7783583171787 17984599591363
1783594181 7783589500503 17984721690243
1783594182 7783591787754 17984845402101
1783594183 7783594383220 17984969432646
1783594184 7783597264337 17985093145482
1783594185 7783599804104 17985216280014
1783594186 7783604336777 17985339622650
1783594187 7783608338112 17985463093354
1783594188 7783610874263 17985586293407
1783594189 7783613006498 17985709153883
1783594190 7783615652187 17985831194320
1783594191 7783617995290 17985953510985
1783594192 7783624012240 17986076591678
1783594193 7783626627812 17986199890564
1783594194 7783629168513 17986321997918
1783594195 7783631915710 17986444458803
1783594196 7783634180602 17986567122965
1783594197 7783636803845 17986689640734
1783594198 7783642127164 17986811950524
1783594199 7783644235654 17986934871795
1783594200 7783646652871 17987057486327
1783594201 7783649325797 17987179382497
1783594202 7783651809454 17987301685550
1783594203 7783656786038 17987423888447
1783594204 7783659977576 17987546422006
1783594205 7783662412126 17987669259520
1783594206 7783664426054 17987791300246
1783594207 7783667404923 17987913034322
1783594208 7783669554814 17988035671522
1783594209 7783675673156 17988158151502
1783594210 7783677865609 17988280442265
1783594211 7783680524018 17988403216904
1783594212 7783683485231 17988525757060
1783594213 7783685810673 17988603776996
1783594214 7783725503327 17988605586546
1783594215 7783793768424 17988607639722
1783594216 7783859269668 17988609561410
1783594217 7783925322623 17988611541842
1783594218 7783992101989 17988613510990
1783594219 7784060561696 17988614928460
1783594220 7784137770401 17988616261808
1783594221 7784211294098 17988617429548
1783594222 7784286488555 17988618545400
1783594223 7784360388583 17988619651338
1783594224 7784434414197 17988620814152
1783594225 7784509931884 17988621987676
1783594226 7784585495845 17988623338546
1783594227 7784659408370 17988624460736
1783594228 7784732611536 17988625555916
1783594229 7784803995629 17988626689190
1783594230 7784877918626 17988627804376
