1783592748 7720577162549 17870715099702
1783592749 7720581972244 17870726887361
1783592750 7720676619960 17870808469761
1783592751 7720792969347 17870868792540
1783592752 7720906835140 17870922894734
1783592753 7721017879953 17870985826263
1783592754 7721130479235 17871048803425
1783592755 7721240982863 17871109856279
1783592756 7721356376827 17871165286635
1783592757 7721466588278 17871225712276
1783592758 7721575466747 17871293907255
1783592759 7721687157394 17871359350008
1783592760 7721802383454 17871420602870
1783592761 7721915802081 17871478996844
1783592762 7722029793860 17871537077609
1783592763 7722143595432 17871600837944
1783592764 7722253427087 17871660915702
1783592765 7722367913436 17871719404964
1783592766 7722484435998 17871778090206
1783592767 7722597444624 17871836482636
1783592768 7722711617969 17871896930825
1783592769 7722827207676 17871959743691
1783592770 7722937186655 17872017196823
1783592771 7723050408056 17872071598712
1783592772 7723164411953 17872124703806
1783592773 7723275487604 17872190265895
1783592774 7723387161976 17872251912319
1783592775 7723501066602 17872309840604
1783592776 7723611876687 17872366470393
1783592777 7723725680306 17872431690131
1783592778 7723838499917 17872495282190
1783592779 7723952265296 17872552495441
1783592780 7724062619287 17872623191498
1783592781 7724171395578 17872694743875
1783592782 7724282926431 17872754960106
1783592783 7724398830464 17872818697591
1783592784 7724511251851 17872874037336
1783592785 7724622639753 17872937173097
1783592786 7724733825396 17873001434775
1783592787 7724845716969 17873058327241
1783592788 7724959606121 17873123865695
1783592789 7725074881908 17873184506983
1783592790 7725186073329 17873247812897
1783592791 7725299554182 17873304435761
1783592792 7725410986797 17873363489433
1783592793 7725525480161 17873424844615
1783592794 7725638875208 17873488000023
1783592795 7725748863896 17873548977500
1783592796 7725864468832 17873607645440
1783592797 7725976725928 17873669765152
1783592798 7726089798496 17873731055298
1783592799 7726201880709 17873787828302
1783592800 7726318284585 17873843066481
1783592801 7726431008240 17873904215413
1783592802 7726546344864 17873973085978
1783592803 7726660228654 17874038536767
1783592804 7726771634221 17874092235185
1783592805 7726887585556 17874151590589
1783592806 7726998941912 17874220359298
1783592807 7727109979860 17874281312420
1783592808 7727222975508 17874340200839
1783592809 7727339253006 17874377794768
