1783593727 7741462325467 17959085084484
1783593728 7741463880199 17959086922519
1783593729 7741573785176 17959104842260
1783593730 7741696436331 17959123202964
1783593731 7741818300054 17959146653836
1783593732 7741941306657 17959163697579
1783593733 7742063716325 17959181027045
1783593734 7742186075604 17959203225079
1783593735 7742306849287 17959221554858
1783593736 7742428336917 17959241600958
1783593737 7742551615068 17959260388669
1783593738 7742674085156 17959279618478
1783593739 7742794301555 17959302272115
1783593740 7742917477030 17959319879910
1783593741 7743038470399 17959343421321
1783593742 7743160950476 17959361620205
1783593743 7743283528620 17959376145349
1783593744 7743405872387 17959394505771
1783593745 7743528625154 17959413996738
1783593746 7743651402564 17959431219511
1783593747 7743774001619 17959449770396
1783593748 7743895328449 17959470920516
1783593749 7744017636629 17959487285249
1783593750 7744138933337 17959509249341
1783593751 7744260700338 17959529740932
1783593752 7744383388041 17959547607530
1783593753 7744504109015 17959566535480
1783593754 7744627627808 17959586997606
1783593755 7744750478759 17959605178008
1783593756 7744871465342 17959627325442
1783593757 7744994042895 17959646486717
1783593758 7745116872598 17959667576698
1783593759 7745238265935 17959683831974
1783593760 7745358827032 17959704279240
1783593761 7745481898969 17959719670715
1783593762 7745603020029 17959742638636
1783593763 7745724044238 17959762372922
1783593764 7745845904092 17959781617703
1783593765 7745968412935 17959797382803
1783593766 7746089726098 17959815040970
1783593767 7746212054377 17959833958214
1783593768 7746334853529 17959852616665
1783593769 7746456541835 17959869887481
1783593770 7746579165387 17959886713098
1783593771 7746701572955 17959903063837
1783593772 7746824881254 17959913653047
1783593773 7746947595689 17959925842993
1783593774 7747070648411 17959936918022
1783593775 7747193934560 17959948853315
1783593776 7747317483987 17959955661365
1783593777 7747441165378 17959960904363
1783593778 7747564963797 17959964668466
1783593779 7747688771564 17959968451606
1783593780 7747812498017 17959971650926
1783593781 7747935645059 17959977062362
1783593782 7748059293891 17959980132826
1783593783 7748183284887 17959983186586
1783593784 7748306950682 17959986692688
1783593785 7748430528244 17959989076625
1783593786 7748554176664 17959991502951
1783593787 7748678045222 17959993992015
1783593788 7748786393566 17959996264900
