1783594067 7776818851703 17973208784989
1783594068 7776878873412 17973272086758
1783594069 7776955106341 17973375114802
1783594070 7777054748234 17973466143372
1783594071 7777160985940 17973561235503
1783594072 7777260702308 17973660632977
1783594073 7777360115634 17973756572138
1783594074 7777462101796 17973853938270
1783594075 7777557615451 17973953356208
1783594076 7777653419376 17974053718038
1783594077 7777752295732 17974159160190
1783594078 7777850421040 17974250581491
1783594079 7777951331245 17974341995249
1783594080 7778051196424 17974436883788
1783594081 7778148223072 17974538292960
1783594082 7778246964876 17974638783988
1783594083 7778348821262 17974731192343
1783594084 7778450079105 17974826013552
1783594085 7778554492793 17974917011056
1783594086 7778657475597 17975012917233
1783594087 7778760443737 17975113823387
1783594088 7778855900310 17975213894313
1783594089 7778952134773 17975318362469
1783594090 7779047781450 17975419366745
1783594091 7779143466614 17975519275298
1783594092 7779243560727 17975618813302
1783594093 7779344598195 17975721904823
1783594094 7779444746791 17975812857138
1783594095 7779548914660 17975909259006
1783594096 7779652149053 17976004260530
1783594097 7779749732291 17976107577456
1783594098 7779848676335 17976204559094
1783594099 7779948896426 17976304489435
1783594100 7780047338398 17976402247769
1783594101 7780149464614 17976500070523
1783594102 7780250834164 17976598613713
1783594103 7780350433527 17976701724510
1783594104 7780449325611 17976801084702
1783594105 7780554345133 17976895858132
1783594106 7780654485103 17976996849338
1783594107 7780756058726 17977095553896
1783594108 7780854246904 17977201088902
1783594109 7780956384460 17977296350681
1783594110 7781053705444 17977402168987
1783594111 7781148280727 17977506562551
1783594112 7781247446640 17977599414397
1783594113 7781346327158 17977702423045
1783594114 7781448516546 17977793435377
1783594115 7781551350176 17977880664228
1783594116 7781651109200 17977973536757
1783594117 7781749819761 17978066404576
1783594118 7781854326722 17978155417321
1783594119 7781950989725 17978256291343
1783594120 7782053958788 17978349057575
1783594121 7782157053452 17978448008144
1783594122 7782257843811 17978548425681
1783594123 7782360629303 17978640377089
1783594124 7782463737759 17978735914290
1783594125 7782567718464 17978821395621
1783594126 7782665283063 17978921085069
1783594127 7782765798075 17979025790839
1783594128 7782868423650 17979100372035
