1783593863 7756214942734 17960170799389
1783593864 7756216520410 17960172664631
1783593865 7756339753115 17960175200418
1783593866 7756463671031 17960177604473
1783593867 7756587327156 17960180053784
1783593868 7756711058749 17960182630685
1783593869 7756835168385 17960185127235
1783593870 7756959153303 17960187539772
1783593871 7757083033490 17960189972052
1783593872 7757206829501 17960192383342
1783593873 7757330395826 17960194816421
1783593874 7757454022162 17960197346266
1783593875 7757577988188 17960199804164
1783593876 7757701939625 17960202223045
1783593877 7757825843720 17960204671788
1783593878 7757949780654 17960207116975
1783593879 7758073253583 17960209630988
1783593880 7758197469659 17960212163795
1783593881 7758321399119 17960214583233
1783593882 7758445408266 17960217017252
1783593883 7758569132131 17960219463290
1783593884 7758692852847 17960221910701
1783593885 7758816428097 17960224460296
1783593886 7758940182568 17960226902715
1783593887 7759064249382 17960229310710
1783593888 7759187819733 17960231710346
1783593889 7759311467301 17960234097220
1783593890 7759435208878 17960236572474
1783593891 7759559136679 17960239104172
1783593892 7759682754004 17960241534380
1783593893 7759806351751 17960243966754
1783593894 7759930169468 17960246420983
1783593895 7760053718949 17960248876682
1783593896 7760177468085 17960251395287
1783593897 7760300873580 17960253856670
1783593898 7760424973438 17960256268790
1783593899 7760548907475 17960258723901
1783593900 7760672614394 17960261172814
1783593901 7760796089299 17960263603708
1783593902 7760919349942 17960266140187
1783593903 7761042678497 17960268613193
1783593904 7761166560219 17960271025971
1783593905 7761290134785 17960273456006
1783593906 7761413713005 17960275920580
1783593907 7761537431452 17960278404591
1783593908 7761661533999 17960280934472
1783593909 7761785493554 17960283412910
1783593910 7761909352907 17960285853367
1783593911 7762033259707 17960288276850
1783593912 7762157076589 17960290746718
1783593913 7762281056470 17960293314901
1783593914 7762405021325 17960295805762
1783593915 7762528939964 17960298197855
1783593916 7762652982613 17960300656753
1783593917 7762776578138 17960303076491
1783593918 7762900502010 17960305559880
1783593919 7763024389839 17960308112392
1783593920 7763148264073 17960310533512
1783593921 7763272172652 17960312963131
1783593922 7763395837655 17960315393932
1783593923 7763519573377 17960317857616
