1784759082 | enp139s0f0np0: 222214236185689 60085368362    0 2473    0     0          0    501496 169378969777492 43936585062    0    0    0     0       0          0
1784759083 | enp139s0f0np0: 222214236288735 60085368414    0 2473    0     0          0    501496 169378969777492 43936585062    0    0    0     0       0          0
1784759084 | enp139s0f0np0: 222214236353123 60085368440    0 2473    0     0          0    501496 169378969777492 43936585062    0    0    0     0       0          0
1784759085 | enp139s0f0np0: 222214236414835 60085368469    0 2473    0     0          0    501496 169378969777492 43936585062    0    0    0     0       0          0
1784759086 | enp139s0f0np0: 222214236494151 60085368506    0 2473    0     0          0    501496 169378969777492 43936585062    0    0    0     0       0          0
1784759087 | enp139s0f0np0: 222214236573542 60085368544    0 2473    0     0          0    501496 169378969777633 43936585064    0    0    0     0       0          0
1784759088 | enp139s0f0np0: 222214236625846 60085368578    0 2473    0     0          0    501496 169378969777633 43936585064    0    0    0     0       0          0
1784759089 | enp139s0f0np0: 222214236671679 60085368604    0 2473    0     0          0    501496 169378969777633 43936585064    0    0    0     0       0          0
1784759090 | enp139s0f0np0: 222214236726398 60085368645    0 2473    0     0          0    501496 169378969777633 43936585064    0    0    0     0       0          0
1784759091 | enp139s0f0np0: 222214236788524 60085368708    0 2473    0     0          0    501496 169378969777861 43936585066    0    0    0     0       0          0
1784759092 | enp139s0f0np0: 222214236878274 60085368786    0 2473    0     0          0    501496 169378969777861 43936585066    0    0    0     0       0          0
1784759093 | enp139s0f0np0: 222214236965348 60085368867    0 2473    0     0          0    501496 169378969777861 43936585066    0    0    0     0       0          0
1784759094 | enp139s0f0np0: 222214237047331 60085368944    0 2473    0     0          0    501496 169378969777861 43936585066    0    0    0     0       0          0
1784759095 | enp139s0f0np0: 222214238347200 60085378511    0 2473    0     0          0    501496 169379563770863 43936728046    0    0    0     0       0          0
1784759096 | enp139s0f0np0: 222214240065351 60085390912    0 2473    0     0          0    501496 169380355137317 43936918508    0    0    0     0       0          0
1784759097 | enp139s0f0np0: 222214241699934 60085402882    0 2473    0     0          0    501496 169381112632006 43937100848    0    0    0     0       0          0
1784759098 | enp139s0f0np0: 222214243474969 60085415688    0 2473    0     0          0    501496 169381904268008 43937291417    0    0    0     0       0          0
1784759099 | enp139s0f0np0: 222214248139385 60085442631    0 2473    0     0          0    501496 169384642354764 43937949058    0    0    0     0       0          0
1784759100 | enp139s0f0np0: 222214254167764 60085475799    0 2473    0     0          0    501496 169388260370922 43938817697    0    0    0     0       0          0
1784759101 | enp139s0f0np0: 222214259328317 60085503369    0 2473    0     0          0    501496 169391390443002 43939569378    0    0    0     0       0          0
1784759102 | enp139s0f0np0: 222214264669104 60085533748    0 2473    0     0          0    501496 169394564874036 43940331566    0    0    0     0       0          0
1784759103 | enp139s0f0np0: 222214270221334 60085564419    0 2473    0     0          0    501496 169397835701302 43941116940    0    0    0     0       0          0
1784759104 | enp139s0f0np0: 222214276042506 60085596091    0 2473    0     0          0    501496 169401352100334 43941961392    0    0    0     0       0          0
1784759105 | enp139s0f0np0: 222214282135044 60085629605    0 2473    0     0          0    501496 169405010686344 43942839818    0    0    0     0       0          0
1784759106 | enp139s0f0np0: 222214288397818 60085664291    0 2473    0     0          0    501497 169408735866213 43943734314    0    0    0     0       0          0
1784759107 | enp139s0f0np0: 222214294575264 60085698255    0 2473    0     0          0    501497 169412385221091 43944610580    0    0    0     0       0          0
1784759108 | enp139s0f0np0: 222214300667618 60085731827    0 2473    0     0          0    501497 169416026318837 43945484839    0    0    0     0       0          0
1784759109 | enp139s0f0np0: 222214306803814 60085765868    0 2473    0     0          0    501497 169419691358197 43946364857    0    0    0     0       0          0
1784759110 | enp139s0f0np0: 222214311621085 60085791808    0 2473    0     0          0    501497 169422604133213 43947064197    0    0    0     0       0          0
1784759111 | enp139s0f0np0: 222214316715786 60085819822    0 2473    0     0          0    501497 169425618580465 43947788128    0    0    0     0       0          0
1784759112 | enp139s0f0np0: 222214321666967 60085847343    0 2473    0     0          0    501497 169428525976515 43948486347    0    0    0     0       0          0
1784759113 | enp139s0f0np0: 222214326657557 60085875586    0 2473    0     0          0    501497 169431417683033 43949180703    0    0    0     0       0          0
1784759114 | enp139s0f0np0: 222214331748646 60085903386    0 2473    0     0          0    501497 169434445948461 43949907931    0    0    0     0       0          0
1784759115 | enp139s0f0np0: 222214336931857 60085931746    0 2473    0     0          0    501497 169437508886877 43950643419    0    0    0     0       0          0
1784759116 | enp139s0f0np0: 222214342462328 60085962169    0 2473    0     0          0    501497 169440764578126 43951425209    0    0    0     0       0          0
1784759117 | enp139s0f0np0: 222214348632490 60085997035    0 2473    0     0          0    501497 169444355405476 43952287368    0    0    0     0       0          0
1784759118 | enp139s0f0np0: 222214354344579 60086029377    0 2473    0     0          0    501497 169447657047030 43953080189    0    0    0     0       0          0
1784759119 | enp139s0f0np0: 222214359344953 60086057122    0 2473    0     0          0    501497 169450544816806 43953773681    0    0    0     0       0          0
1784759120 | enp139s0f0np0: 222214364596472 60086086452    0 2473    0     0          0    501497 169453590091408 43954505070    0    0    0     0       0          0
1784759121 | enp139s0f0np0: 222214369781032 60086115230    0 2473    0     0          0    501497 169456590085066 43955225505    0    0    0     0       0          0
1784759122 | enp139s0f0np0: 222214375595190 60086146688    0 2473    0     0          0    501497 169460052820134 43956057010    0    0    0     0       0          0
1784759123 | enp139s0f0np0: 222214381315907 60086178196    0 2473    0     0          0    501497 169463385319366 43956857164    0    0    0     0       0          0
1784759124 | enp139s0f0np0: 222214387399759 60086212014    0 2473    0     0          0    501497 169466952681782 43957713740    0    0    0     0       0          0
1784759125 | enp139s0f0np0: 222214392887571 60086242187    0 2473    0     0          0    501497 169470181149280 43958488933    0    0    0     0       0          0
1784759126 | enp139s0f0np0: 222214399147754 60086276778    0 2473    0     0          0    501497 169473831994455 43959365579    0    0    0     0       0          0
1784759127 | enp139s0f0np0: 222214405116301 60086309483    0 2473    0     0          0    501497 169477366915439 43960214364    0    0    0     0       0          0
1784759128 | enp139s0f0np0: 222214411101365 60086342347    0 2473    0     0          0    501497 169480911554047 43961065409    0    0    0     0       0          0
1784759129 | enp139s0f0np0: 222214416624954 60086372673    0 2473    0     0          0    501497 169484147390297 43961842330    0    0    0     0       0          0
1784759130 | enp139s0f0np0: 222214422492384 60086405418    0 2473    0     0          0    501497 169487573837329 43962665066    0    0    0     0       0          0
1784759131 | enp139s0f0np0: 222214428290580 60086436802    0 2473    0     0          0    501497 169491008298101 43963489741    0    0    0     0       0          0
1784759132 | enp139s0f0np0: 222214434284066 60086468949    0 2473    0     0          0    501497 169494618804775 43964356712    0    0    0     0       0          0
1784759133 | enp139s0f0np0: 222214439968616 60086500212    0 2473    0     0          0    501497 169497963384911 43965159811    0    0    0     0       0          0
1784759134 | enp139s0f0np0: 222214445299071 60086529016    0 2473    0     0          0    501497 169501101582141 43965913387    0    0    0     0       0          0
1784759135 | enp139s0f0np0: 222214450827536 60086559608    0 2473    0     0          0    501497 169504342553767 43966691547    0    0    0     0       0          0
1784759136 | enp139s0f0np0: 222214456132376 60086588395    0 2473    0     0          0    501498 169507446171716 43967436822    0    0    0     0       0          0
1784759137 | enp139s0f0np0: 222214461459568 60086616694    0 2473    0     0          0    501498 169510638724592 43968203367    0    0    0     0       0          0
1784759138 | enp139s0f0np0: 222214466706290 60086644880    0 2473    0     0          0    501498 169513774946236 43968956511    0    0    0     0       0          0
1784759139 | enp139s0f0np0: 222214472206233 60086674434    0 2473    0     0          0    501498 169517018496108 43969735365    0    0    0     0       0          0
1784759140 | enp139s0f0np0: 222214477457642 60086702731    0 2473    0     0          0    501498 169520139791446 43970484858    0    0    0     0       0          0
1784759141 | enp139s0f0np0: 222214482939650 60086732588    0 2473    0     0          0    501498 169523372621730 43971261113    0    0    0     0       0          0
1784759142 | enp139s0f0np0: 222214488021104 60086760422    0 2473    0     0          0    501498 169526367815086 43971980279    0    0    0     0       0          0
1784759143 | enp139s0f0np0: 222214493399884 60086789800    0 2473    0     0          0    501498 169529498761254 43972732080    0    0    0     0       0          0
1784759144 | enp139s0f0np0: 222214498462201 60086816791    0 2473    0     0          0    501498 169532477029290 43973447232    0    0    0     0       0          0
1784759145 | enp139s0f0np0: 222214503777046 60086846159    0 2473    0     0          0    501498 169535561194190 43974187838    0    0    0     0       0          0
1784759146 | enp139s0f0np0: 222214508918964 60086873676    0 2473    0     0          0    501498 169538605286511 43974918803    0    0    0     0       0          0
1784759147 | enp139s0f0np0: 222214514236198 60086903760    0 2473    0     0          0    501498 169541718303253 43975666299    0    0    0     0       0          0
1784759148 | enp139s0f0np0: 222214519481765 60086933312    0 2473    0     0          0    501498 169544727297971 43976388785    0    0    0     0       0          0
1784759149 | enp139s0f0np0: 222214524839356 60086962976    0 2473    0     0          0    501498 169547852094075 43977139127    0    0    0     0       0          0
1784759150 | enp139s0f0np0: 222214530126018 60086991984    0 2473    0     0          0    501498 169550945714173 43977881990    0    0    0     0       0          0
1784759151 | enp139s0f0np0: 222214535216299 60087019711    0 2473    0     0          0    501498 169553967555421 43978607593    0    0    0     0       0          0
1784759152 | enp139s0f0np0: 222214541044201 60087052150    0 2473    0     0          0    501498 169557399114457 43979431522    0    0    0     0       0          0
1784759153 | enp139s0f0np0: 222214547234398 60087087110    0 2473    0     0          0    501498 169561013073751 43980299308    0    0    0     0       0          0
1784759154 | enp139s0f0np0: 222214553543800 60087123479    0 2473    0     0          0    501498 169564651832799 43981172983    0    0    0     0       0          0
1784759155 | enp139s0f0np0: 222214559623721 60087157799    0 2473    0     0          0    501498 169568196178421 43982024031    0    0    0     0       0          0
1784759156 | enp139s0f0np0: 222214565553850 60087190356    0 2473    0     0          0    501498 169571794141752 43982888044    0    0    0     0       0          0
1784759157 | enp139s0f0np0: 222214570619972 60087217715    0 2473    0     0          0    501498 169574850805944 43983622085    0    0    0     0       0          0
1784759158 | enp139s0f0np0: 222214575717657 60087245545    0 2473    0     0          0    501498 169577917258302 43984358429    0    0    0     0       0          0
1784759159 | enp139s0f0np0: 222214580770651 60087273899    0 2473    0     0          0    501498 169580907743010 43985076592    0    0    0     0       0          0
1784759160 | enp139s0f0np0: 222214585507944 60087299659    0 2473    0     0          0    501498 169583734883110 43985755448    0    0    0     0       0          0
1784759161 | enp139s0f0np0: 222214590351941 60087326460    0 2473    0     0          0    501498 169586623938468 43986449199    0    0    0     0       0          0
1784759162 | enp139s0f0np0: 222214595287291 60087353983    0 2473    0     0          0    501498 169589575666638 43987157929    0    0    0     0       0          0
1784759163 | enp139s0f0np0: 222214600348301 60087382384    0 2473    0     0          0    501498 169592568728566 43987876690    0    0    0     0       0          0
1784759164 | enp139s0f0np0: 222214605347907 60087409960    0 2473    0     0          0    501498 169595546042322 43988591597    0    0    0     0       0          0
1784759165 | enp139s0f0np0: 222214610266937 60087436772    0 2473    0     0          0    501498 169598486027244 43989297596    0    0    0     0       0          0
1784759166 | enp139s0f0np0: 222214615215207 60087464469    0 2473    0     0          0    501499 169601428159756 43990004094    0    0    0     0       0          0
1784759167 | enp139s0f0np0: 222214620364044 60087493593    0 2473    0     0          0    501499 169604436691615 43990726533    0    0    0     0       0          0
1784759168 | enp139s0f0np0: 222214625453141 60087522308    0 2473    0     0          0    501499 169607458011897 43991452071    0    0    0     0       0          0
1784759169 | enp139s0f0np0: 222214630413641 60087550442    0 2473    0     0          0    501499 169610378467607 43992153441    0    0    0     0       0          0
1784759170 | enp139s0f0np0: 222214635352974 60087577298    0 2473    0     0          0    501499 169613363338085 43992870215    0    0    0     0       0          0
1784759171 | enp139s0f0np0: 222214640330857 60087604365    0 2473    0     0          0    501499 169616316468053 43993579256    0    0    0     0       0          0
1784759172 | enp139s0f0np0: 222214645326368 60087632189    0 2473    0     0          0    501499 169619316759247 43994299723    0    0    0     0       0          0
1784759173 | enp139s0f0np0: 222214650161026 60087658991    0 2473    0     0          0    501499 169622220890617 43994997127    0    0    0     0       0          0
1784759174 | enp139s0f0np0: 222214655171729 60087686753    0 2473    0     0          0    501499 169625211286461 43995715228    0    0    0     0       0          0
1784759175 | enp139s0f0np0: 222214660288292 60087715488    0 2473    0     0          0    501499 169628243215117 43996443314    0    0    0     0       0          0
1784759176 | enp139s0f0np0: 222214665382384 60087744298    0 2473    0     0          0    501499 169631241673637 43997163340    0    0    0     0       0          0
1784759177 | enp139s0f0np0: 222214670452703 60087772979    0 2473    0     0          0    501499 169634235187509 43997882161    0    0    0     0       0          0
1784759178 | enp139s0f0np0: 222214675524745 60087801191    0 2473    0     0          0    501499 169637253415730 43998607013    0    0    0     0       0          0
1784759179 | enp139s0f0np0: 222214680462799 60087828561    0 2473    0     0          0    501499 169640209396058 43999316743    0    0    0     0       0          0
1784759180 | enp139s0f0np0: 222214685441316 60087856114    0 2473    0     0          0    501499 169643162709170 44000025865    0    0    0     0       0          0
1784759181 | enp139s0f0np0: 222214690455367 60087884151    0 2473    0     0          0    501499 169646122963260 44000736716    0    0    0     0       0          0
1784759182 | enp139s0f0np0: 222214695494308 60087911939    0 2473    0     0          0    501499 169649127763516 44001458375    0    0    0     0       0          0
1784759183 | enp139s0f0np0: 222214700753540 60087940206    0 2473    0     0          0    501499 169652303635918 44002220963    0    0    0     0       0          0
1784759184 | enp139s0f0np0: 222214705558208 60087966767    0 2473    0     0          0    501499 169655170079834 44002909224    0    0    0     0       0          0
1784759185 | enp139s0f0np0: 222214710670121 60087994726    0 2473    0     0          0    501499 169658237611926 44003645831    0    0    0     0       0          0
1784759186 | enp139s0f0np0: 222214715618278 60088022232    0 2473    0     0          0    501499 169661175778516 44004351435    0    0    0     0       0          0
1784759187 | enp139s0f0np0: 222214720759213 60088051526    0 2473    0     0          0    501499 169664195734076 44005076593    0    0    0     0       0          0
1784759188 | enp139s0f0np0: 222214725781000 60088080442    0 2473    0     0          0    501499 169667111707317 44005776802    0    0    0     0       0          0
1784759189 | enp139s0f0np0: 222214730874802 60088109594    0 2473    0     0          0    501499 169670084090107 44006490568    0    0    0     0       0          0
1784759190 | enp139s0f0np0: 222214735729805 60088135917    0 2473    0     0          0    501499 169672994593447 44007189496    0    0    0     0       0          0
1784759191 | enp139s0f0np0: 222214740538107 60088162891    0 2473    0     0          0    501499 169675861513367 44007877993    0    0    0     0       0          0
1784759192 | enp139s0f0np0: 222214745452140 60088189765    0 2473    0     0          0    501499 169678811750769 44008586525    0    0    0     0       0          0
1784759193 | enp139s0f0np0: 222214750469971 60088217947    0 2473    0     0          0    501499 169681782552273 44009299835    0    0    0     0       0          0
1784759194 | enp139s0f0np0: 222214755482765 60088245910    0 2473    0     0          0    501499 169684722314043 44010005711    0    0    0     0       0          0
1784759195 | enp139s0f0np0: 222214760522345 60088273831    0 2473    0     0          0    501499 169687692381637 44010718872    0    0    0     0       0          0
1784759196 | enp139s0f0np0: 222214765440034 60088301261    0 2473    0     0          0    501500 169690611816455 44011419928    0    0    0     0       0          0
1784759197 | enp139s0f0np0: 222214770441635 60088328662    0 2473    0     0          0    501500 169693568087753 44012129813    0    0    0     0       0          0
1784759198 | enp139s0f0np0: 222214775556321 60088356886    0 2473    0     0          0    501500 169696637956968 44012866980    0    0    0     0       0          0
1784759199 | enp139s0f0np0: 222214780542600 60088383971    0 2473    0     0          0    501500 169699627818746 44013584961    0    0    0     0       0          0
1784759200 | enp139s0f0np0: 222214785568385 60088410179    0 2473    0     0          0    501500 169702699285236 44014322410    0    0    0     0       0          0
1784759201 | enp139s0f0np0: 222214790619407 60088437252    0 2473    0     0          0    501500 169705695795350 44015041903    0    0    0     0       0          0
1784759202 | enp139s0f0np0: 222214795729676 60088465900    0 2473    0     0          0    501500 169708688072444 44015760480    0    0    0     0       0          0
1784759203 | enp139s0f0np0: 222214800810503 60088494122    0 2473    0     0          0    501500 169711659262740 44016473954    0    0    0     0       0          0
1784759204 | enp139s0f0np0: 222214805923485 60088522431    0 2473    0     0          0    501500 169714634720184 44017188484    0    0    0     0       0          0
1784759205 | enp139s0f0np0: 222214810962100 60088549283    0 2473    0     0          0    501500 169717617901542 44017904879    0    0    0     0       0          0
1784759206 | enp139s0f0np0: 222214815877829 60088576065    0 2473    0     0          0    501500 169720531088582 44018604441    0    0    0     0       0          0
1784759207 | enp139s0f0np0: 222214821024854 60088605276    0 2473    0     0          0    501500 169723497810778 44019316831    0    0    0     0       0          0
1784759208 | enp139s0f0np0: 222214826253960 60088634569    0 2473    0     0          0    501500 169726529629917 44020044909    0    0    0     0       0          0
1784759209 | enp139s0f0np0: 222214831307542 60088662020    0 2473    0     0          0    501500 169729505871455 44020759594    0    0    0     0       0          0
1784759210 | enp139s0f0np0: 222214836267302 60088689741    0 2473    0     0          0    501500 169732377061095 44021448981    0    0    0     0       0          0
1784759211 | enp139s0f0np0: 222214841466173 60088718697    0 2473    0     0          0    501500 169735354639577 44022164020    0    0    0     0       0          0
1784759212 | enp139s0f0np0: 222214846455167 60088746083    0 2473    0     0          0    501500 169738302346657 44022871928    0    0    0     0       0          0
1784759213 | enp139s0f0np0: 222214851461622 60088772812    0 2473    0     0          0    501500 169741255019185 44023580881    0    0    0     0       0          0
1784759214 | enp139s0f0np0: 222214856758296 60088801930    0 2473    0     0          0    501500 169744344765459 44024322804    0    0    0     0       0          0
1784759215 | enp139s0f0np0: 222214861892242 60088830103    0 2473    0     0          0    501500 169747355964973 44025045972    0    0    0     0       0          0
1784759216 | enp139s0f0np0: 222214866840276 60088857323    0 2473    0     0          0    501500 169750230873275 44025736382    0    0    0     0       0          0
1784759217 | enp139s0f0np0: 222214871837563 60088884645    0 2473    0     0          0    501500 169753146105487 44026436470    0    0    0     0       0          0
1784759218 | enp139s0f0np0: 222214876879628 60088912240    0 2473    0     0          0    501500 169756100713100 44027145960    0    0    0     0       0          0
1784759219 | enp139s0f0np0: 222214881719486 60088938928    0 2473    0     0          0    501500 169758923087048 44027823725    0    0    0     0       0          0
1784759220 | enp139s0f0np0: 222214886658379 60088965806    0 2473    0     0          0    501500 169761806764849 44028516109    0    0    0     0       0          0
1784759221 | enp139s0f0np0: 222214905799181 60088995729    0 2473    0     0          0    501500 169764600102101 44029187247    0    0    0     0       0          0
1784759222 | enp139s0f0np0: 222214917855964 60089023413    0 2473    0     0          0    501500 169767468604357 44029876239    0    0    0     0       0          0
1784759223 | enp139s0f0np0: 222214929620295 60089053083    0 2473    0     0          0    501500 169770422636093 44030585731    0    0    0     0       0          0
1784759224 | enp139s0f0np0: 222214949477316 60089084959    0 2473    0     0          0    501500 169773433768799 44031309177    0    0    0     0       0          0
1784759225 | enp139s0f0np0: 222214967923851 60089115639    0 2473    0     0          0    501501 169776509615889 44032048058    0    0    0     0       0          0
1784759226 | enp139s0f0np0: 222214979531340 60089147672    0 2473    0     0          0    501501 169779825632442 44032844471    0    0    0     0       0          0
1784759227 | enp139s0f0np0: 222214997829308 60089178958    0 2473    0     0          0    501501 169782846614639 44033570250    0    0    0     0       0          0
1784759228 | enp139s0f0np0: 222215007760491 60089208258    0 2473    0     0          0    501501 169785867711742 44034295776    0    0    0     0       0          0
1784759229 | enp139s0f0np0: 222215017633201 60089236854    0 2473    0     0          0    501501 169788870120524 44035016681    0    0    0     0       0          0
1784759231 | enp139s0f0np0: 222215038523982 60089268572    0 2473    0     0          0    501501 169791875848106 44035738796    0    0    0     0       0          0
1784759232 | enp139s0f0np0: 222215050841196 60089297694    0 2473    0     0          0    501501 169794848445292 44036452811    0    0    0     0       0          0
1784759233 | enp139s0f0np0: 222215066012905 60089327537    0 2473    0     0          0    501501 169797814920427 44037165470    0    0    0     0       0          0
1784759234 | enp139s0f0np0: 222215088398921 60089358729    0 2473    0     0          0    501501 169800826792264 44037889086    0    0    0     0       0          0
1784759235 | enp139s0f0np0: 222215103009898 60089389593    0 2473    0     0          0    501501 169803880995926 44038622741    0    0    0     0       0          0
1784759236 | enp139s0f0np0: 222215115406642 60089419462    0 2473    0     0          0    501501 169806900265128 44039347916    0    0    0     0       0          0
1784759237 | enp139s0f0np0: 222215137169350 60089450857    0 2473    0     0          0    501501 169809841852584 44040054699    0    0    0     0       0          0
1784759238 | enp139s0f0np0: 222215160048180 60089483261    0 2473    0     0          0    501501 169812800512777 44040765599    0    0    0     0       0          0
1784759239 | enp139s0f0np0: 222215169844031 60089512429    0 2473    0     0          0    501501 169815770687426 44041478955    0    0    0     0       0          0
1784759240 | enp139s0f0np0: 222215182740162 60089542713    0 2473    0     0          0    501501 169818719512894 44042187208    0    0    0     0       0          0
1784759241 | enp139s0f0np0: 222215187780860 60089570798    0 2473    0     0          0    501501 169821655705384 44042892356    0    0    0     0       0          0
1784759242 | enp139s0f0np0: 222215192776059 60089599136    0 2473    0     0          0    501501 169824553372544 44043588192    0    0    0     0       0          0
1784759243 | enp139s0f0np0: 222215198120447 60089628974    0 2473    0     0          0    501501 169827696321676 44044342916    0    0    0     0       0          0
1784759244 | enp139s0f0np0: 222215203084055 60089656324    0 2473    0     0          0    501501 169830597766430 44045039779    0    0    0     0       0          0
1784759245 | enp139s0f0np0: 222215208032589 60089683934    0 2473    0     0          0    501501 169833524020094 44045742497    0    0    0     0       0          0
1784759246 | enp139s0f0np0: 222215212926595 60089710862    0 2473    0     0          0    501501 169836440707564 44046442846    0    0    0     0       0          0
1784759247 | enp139s0f0np0: 222215217747251 60089737393    0 2473    0     0          0    501501 169839330100232 44047136635    0    0    0     0       0          0
1784759248 | enp139s0f0np0: 222215222700241 60089764648    0 2473    0     0          0    501501 169842283204432 44047845816    0    0    0     0       0          0
1784759249 | enp139s0f0np0: 222215227870757 60089793415    0 2473    0     0          0    501501 169845345118667 44048580983    0    0    0     0       0          0
1784759250 | enp139s0f0np0: 222215232719115 60089820624    0 2473    0     0          0    501501 169848222864795 44049272053    0    0    0     0       0          0
1784759251 | enp139s0f0np0: 222215237594094 60089847534    0 2473    0     0          0    501501 169851122826683 44049968406    0    0    0     0       0          0
1784759252 | enp139s0f0np0: 222215242629863 60089875837    0 2473    0     0          0    501501 169854126289219 44050689629    0    0    0     0       0          0
1784759253 | enp139s0f0np0: 222215247557688 60089903260    0 2473    0     0          0    501501 169857047884163 44051391203    0    0    0     0       0          0
1784759254 | enp139s0f0np0: 222215252638510 60089931715    0 2473    0     0          0    501501 169860059883187 44052114536    0    0    0     0       0          0
1784759255 | enp139s0f0np0: 222215257505367 60089958822    0 2473    0     0          0    501501 169862976931459 44052815002    0    0    0     0       0          0
1784759256 | enp139s0f0np0: 222215262553160 60089986433    0 2473    0     0          0    501502 169865992986265 44053539170    0    0    0     0       0          0
1784759257 | enp139s0f0np0: 222215267454597 60090013231    0 2473    0     0          0    501502 169868945570629 44054248107    0    0    0     0       0          0
1784759258 | enp139s0f0np0: 222215272435306 60090040982    0 2473    0     0          0    501502 169871904096151 44054958533    0    0    0     0       0          0
1784759259 | enp139s0f0np0: 222215277254578 60090067107    0 2473    0     0          0    501502 169874822737258 44055659376    0    0    0     0       0          0
1784759260 | enp139s0f0np0: 222215282095786 60090093907    0 2473    0     0          0    501502 169877688172546 44056347509    0    0    0     0       0          0
1784759261 | enp139s0f0np0: 222215286882791 60090120233    0 2473    0     0          0    501502 169880585202132 44057043196    0    0    0     0       0          0
1784759262 | enp139s0f0np0: 222215291696666 60090146878    0 2473    0     0          0    501502 169883483196032 44057739010    0    0    0     0       0          0
1784759263 | enp139s0f0np0: 222215296482662 60090172669    0 2473    0     0          0    501502 169886390824070 44058437144    0    0    0     0       0          0
1784759264 | enp139s0f0np0: 222215301218829 60090198379    0 2473    0     0          0    501502 169889267675250 44059127958    0    0    0     0       0          0
1784759265 | enp139s0f0np0: 222215306100109 60090225526    0 2473    0     0          0    501502 169892149781950 44059820054    0    0    0     0       0          0
1784759266 | enp139s0f0np0: 222215310980354 60090252136    0 2473    0     0          0    501502 169895072150670 44060521833    0    0    0     0       0          0
1784759267 | enp139s0f0np0: 222215315904064 60090279512    0 2473    0     0          0    501502 169898013600010 44061228267    0    0    0     0       0          0
1784759268 | enp139s0f0np0: 222215320836969 60090306601    0 2473    0     0          0    501502 169900978276848 44061940181    0    0    0     0       0          0
1784759269 | enp139s0f0np0: 222215325601096 60090332039    0 2473    0     0          0    501502 169903864117523 44062633191    0    0    0     0       0          0
1784759270 | enp139s0f0np0: 222215330297682 60090357098    0 2473    0     0          0    501502 169906718931217 44063318719    0    0    0     0       0          0
1784759271 | enp139s0f0np0: 222215335387503 60090385820    0 2473    0     0          0    501502 169909737416373 44064043503    0    0    0     0       0          0
1784759272 | enp139s0f0np0: 222215340244336 60090412806    0 2473    0     0          0    501502 169912624383763 44064736716    0    0    0     0       0          0
1784759273 | enp139s0f0np0: 222215345111853 60090439780    0 2473    0     0          0    501502 169915499791329 44065427184    0    0    0     0       0          0
1784759274 | enp139s0f0np0: 222215350127027 60090468100    0 2473    0     0          0    501502 169918476541227 44066141987    0    0    0     0       0          0
1784759275 | enp139s0f0np0: 222215353460193 60090486448    0 2473    0     0          0    501502 169920387302859 44066600884    0    0    0     0       0          0
