1784719350 | enp139s0f0np0: 198990968603377 54048849751    0 2473    0     0          0    500171 140705257584938 36618636978    0    0    0     0       0          0
1784719351 | enp139s0f0np0: 198991230310253 54048915929    0 2473    0     0          0    500171 140705415226615 36618679384    0    0    0     0       0          0
1784719352 | enp139s0f0np0: 198993260751193 54049417301    0 2473    0     0          0    500171 140706502272790 36618961705    0    0    0     0       0          0
1784719353 | enp139s0f0np0: 198995260130293 54049911594    0 2473    0     0          0    500172 140707617736132 36619251773    0    0    0     0       0          0
1784719354 | enp139s0f0np0: 198997367157677 54050431736    0 2473    0     0          0    500172 140708771207215 36619550460    0    0    0     0       0          0
1784719355 | enp139s0f0np0: 198999497150016 54050957496    0 2473    0     0          0    500172 140709916847892 36619847520    0    0    0     0       0          0
1784719356 | enp139s0f0np0: 199001543097237 54051463033    0 2473    0     0          0    500172 140710991023251 36620127825    0    0    0     0       0          0
1784719357 | enp139s0f0np0: 199003693931569 54051994020    0 2473    0     0          0    500172 140712182145257 36620436322    0    0    0     0       0          0
1784719358 | enp139s0f0np0: 199005958979406 54052552313    0 2473    0     0          0    500172 140713410055171 36620753207    0    0    0     0       0          0
1784719359 | enp139s0f0np0: 199008214624182 54053108407    0 2473    0     0          0    500172 140714695140643 36621082646    0    0    0     0       0          0
1784719360 | enp139s0f0np0: 199010394000435 54053645768    0 2473    0     0          0    500172 140715927845981 36621399573    0    0    0     0       0          0
1784719361 | enp139s0f0np0: 199012424327397 54054147920    0 2473    0     0          0    500172 140717041860728 36621688485    0    0    0     0       0          0
1784719362 | enp139s0f0np0: 199014487124837 54054657591    0 2473    0     0          0    500172 140718157971769 36621978333    0    0    0     0       0          0
1784719363 | enp139s0f0np0: 199016497588916 54055155338    0 2473    0     0          0    500172 140719295938010 36622273738    0    0    0     0       0          0
1784719364 | enp139s0f0np0: 199018510170569 54055653450    0 2473    0     0          0    500172 140720412897850 36622563740    0    0    0     0       0          0
1784719365 | enp139s0f0np0: 199020558204247 54056159801    0 2473    0     0          0    500172 140721560449166 36622860789    0    0    0     0       0          0
1784719366 | enp139s0f0np0: 199022608976357 54056666467    0 2473    0     0          0    500172 140722678378228 36623150830    0    0    0     0       0          0
1784719367 | enp139s0f0np0: 199024639451062 54057168959    0 2473    0     0          0    500172 140723850344424 36623454100    0    0    0     0       0          0
1784719368 | enp139s0f0np0: 199026593648760 54057652696    0 2473    0     0          0    500172 140724933726221 36623735877    0    0    0     0       0          0
1784719369 | enp139s0f0np0: 199028567322154 54058140761    0 2473    0     0          0    500172 140726002178069 36624014098    0    0    0     0       0          0
1784719370 | enp139s0f0np0: 199029993838959 54058493779    0 2473    0     0          0    500172 140726802718590 36624221469    0    0    0     0       0          0
1784719371 | enp139s0f0np0: 199032018277176 54058994036    0 2473    0     0          0    500172 140727892489133 36624505198    0    0    0     0       0          0
1784719372 | enp139s0f0np0: 199033995014798 54059483423    0 2473    0     0          0    500172 140728989743937 36624790528    0    0    0     0       0          0
1784719373 | enp139s0f0np0: 199035965185597 54059971370    0 2473    0     0          0    500172 140730090763589 36625076087    0    0    0     0       0          0
1784719374 | enp139s0f0np0: 199037942277633 54060460501    0 2473    0     0          0    500172 140731194168775 36625363059    0    0    0     0       0          0
1784719375 | enp139s0f0np0: 199039932700874 54060953126    0 2473    0     0          0    500172 140732252961833 36625639186    0    0    0     0       0          0
1784719376 | enp139s0f0np0: 199041955336728 54061453894    0 2473    0     0          0    500172 140733365999281 36625928406    0    0    0     0       0          0
1784719377 | enp139s0f0np0: 199043941054808 54061945387    0 2473    0     0          0    500172 140734481338635 36626217824    0    0    0     0       0          0
1784719378 | enp139s0f0np0: 199045956249615 54062443937    0 2473    0     0          0    500172 140735561552734 36626498941    0    0    0     0       0          0
1784719379 | enp139s0f0np0: 199048013901283 54062953006    0 2473    0     0          0    500172 140736671235034 36626787686    0    0    0     0       0          0
1784719380 | enp139s0f0np0: 199050030285895 54063451626    0 2473    0     0          0    500172 140737794583436 36627078825    0    0    0     0       0          0
1784719381 | enp139s0f0np0: 199052085479878 54063959197    0 2473    0     0          0    500172 140738875015288 36627360179    0    0    0     0       0          0
1784719382 | enp139s0f0np0: 199054192208602 54064479469    0 2473    0     0          0    500172 140740016735200 36627656426    0    0    0     0       0          0
1784719383 | enp139s0f0np0: 199055536358739 54064811219    0 2473    0     0          0    500173 140740713651735 36627838457    0    0    0     0       0          0
1784719384 | enp139s0f0np0: 199057325121966 54065252117    0 2473    0     0          0    500173 140741728098075 36628099967    0    0    0     0       0          0
1784719385 | enp139s0f0np0: 199059484542989 54065785460    0 2473    0     0          0    500173 140742927128574 36628410087    0    0    0     0       0          0
1784719386 | enp139s0f0np0: 199061755770552 54066345130    0 2473    0     0          0    500173 140744198978749 36628737754    0    0    0     0       0          0
1784719387 | enp139s0f0np0: 199063950241617 54066887249    0 2473    0     0          0    500173 140745388732417 36629046602    0    0    0     0       0          0
1784719388 | enp139s0f0np0: 199066149523046 54067429543    0 2473    0     0          0    500173 140746576046354 36629352992    0    0    0     0       0          0
1784719389 | enp139s0f0np0: 199068383431214 54067980391    0 2473    0     0          0    500173 140747785656274 36629665551    0    0    0     0       0          0
1784719390 | enp139s0f0np0: 199070549655344 54068515437    0 2473    0     0          0    500173 140748985647485 36629975793    0    0    0     0       0          0
1784719391 | enp139s0f0np0: 199072801183671 54069070981    0 2473    0     0          0    500173 140750215004755 36630293384    0    0    0     0       0          0
1784719392 | enp139s0f0np0: 199075081849614 54069632884    0 2473    0     0          0    500173 140751450796633 36630612201    0    0    0     0       0          0
1784719393 | enp139s0f0np0: 199076971246956 54070102229    0 2473    0     0          0    500173 140752565237745 36630901010    0    0    0     0       0          0
1784719394 | enp139s0f0np0: 199079054071007 54070617301    0 2473    0     0          0    500173 140753669400942 36631188328    0    0    0     0       0          0
1784719395 | enp139s0f0np0: 199081028485132 54071105432    0 2473    0     0          0    500173 140754736039442 36631466296    0    0    0     0       0          0
1784719396 | enp139s0f0np0: 199083072759986 54071610457    0 2473    0     0          0    500173 140755857607512 36631757330    0    0    0     0       0          0
1784719397 | enp139s0f0np0: 199085290331126 54072156976    0 2473    0     0          0    500173 140757067552215 36632069813    0    0    0     0       0          0
1784719398 | enp139s0f0np0: 199087554782562 54072715172    0 2473    0     0          0    500173 140758263042231 36632378651    0    0    0     0       0          0
1784719399 | enp139s0f0np0: 199089775349084 54073263230    0 2473    0     0          0    500173 140759505044051 36632698844    0    0    0     0       0          0
1784719400 | enp139s0f0np0: 199092053535025 54073825116    0 2473    0     0          0    500173 140760744175667 36633018389    0    0    0     0       0          0
1784719401 | enp139s0f0np0: 199094290822911 54074377723    0 2473    0     0          0    500173 140762019813575 36633346862    0    0    0     0       0          0
1784719402 | enp139s0f0np0: 199096546929578 54074934358    0 2473    0     0          0    500173 140763226204071 36633659029    0    0    0     0       0          0
1784719403 | enp139s0f0np0: 199098755799765 54075479863    0 2473    0     0          0    500173 140764432726663 36633970864    0    0    0     0       0          0
1784719404 | enp139s0f0np0: 199101044735063 54076044356    0 2473    0     0          0    500173 140765667247212 36634289745    0    0    0     0       0          0
1784719405 | enp139s0f0np0: 199103267418848 54076593190    0 2473    0     0          0    500173 140766896033261 36634607221    0    0    0     0       0          0
1784719406 | enp139s0f0np0: 199105467931227 54077136210    0 2473    0     0          0    500173 140768099600559 36634918668    0    0    0     0       0          0
1784719407 | enp139s0f0np0: 199107650853513 54077674645    0 2473    0     0          0    500173 140769295796609 36635227877    0    0    0     0       0          0
1784719408 | enp139s0f0np0: 199109809974787 54078207557    0 2473    0     0          0    500173 140770450106176 36635527622    0    0    0     0       0          0
1784719409 | enp139s0f0np0: 199111953750657 54078737235    0 2473    0     0          0    500173 140771643293293 36635836220    0    0    0     0       0          0
1784719410 | enp139s0f0np0: 199114048696665 54079254371    0 2473    0     0          0    500173 140772783925847 36636131816    0    0    0     0       0          0
1784719411 | enp139s0f0np0: 199116037214365 54079747499    0 2473    0     0          0    500173 140773938505575 36636430275    0    0    0     0       0          0
1784719412 | enp139s0f0np0: 199118219925552 54080286039    0 2473    0     0          0    500173 140775117036930 36636735604    0    0    0     0       0          0
1784719413 | enp139s0f0np0: 199120370119860 54080816092    0 2473    0     0          0    500174 140776343417255 36637050185    0    0    0     0       0          0
1784719414 | enp139s0f0np0: 199122627683219 54081372834    0 2473    0     0          0    500174 140777550831044 36637362553    0    0    0     0       0          0
1784719415 | enp139s0f0np0: 199124869706926 54081925660    0 2473    0     0          0    500174 140778733715184 36637668673    0    0    0     0       0          0
1784719416 | enp139s0f0np0: 199127114363860 54082479187    0 2473    0     0          0    500174 140779958483587 36637984891    0    0    0     0       0          0
1784719417 | enp139s0f0np0: 199129361619623 54083033180    0 2473    0     0          0    500174 140781173971956 36638298667    0    0    0     0       0          0
1784719418 | enp139s0f0np0: 199131609533690 54083587912    0 2473    0     0          0    500174 140782408227843 36638617743    0    0    0     0       0          0
1784719419 | enp139s0f0np0: 199133823889883 54084133125    0 2473    0     0          0    500174 140783566005846 36638917549    0    0    0     0       0          0
1784719420 | enp139s0f0np0: 199136053105110 54084682293    0 2473    0     0          0    500174 140784715602233 36639215455    0    0    0     0       0          0
1784719421 | enp139s0f0np0: 199138325239751 54085242151    0 2473    0     0          0    500174 140785886416763 36639519600    0    0    0     0       0          0
1784719422 | enp139s0f0np0: 199140642496982 54085812778    0 2473    0     0          0    500174 140787015153450 36639814065    0    0    0     0       0          0
1784719423 | enp139s0f0np0: 199142907689076 54086370891    0 2473    0     0          0    500174 140788104363331 36640098993    0    0    0     0       0          0
1784719424 | enp139s0f0np0: 199145127866575 54086917406    0 2473    0     0          0    500174 140789142168847 36640370603    0    0    0     0       0          0
1784719425 | enp139s0f0np0: 199147350090889 54087465297    0 2473    0     0          0    500174 140790212463022 36640649664    0    0    0     0       0          0
1784719426 | enp139s0f0np0: 199149729569495 54088050354    0 2473    0     0          0    500174 140791284110394 36640931203    0    0    0     0       0          0
1784719427 | enp139s0f0np0: 199152077800470 54088628383    0 2473    0     0          0    500174 140792431416656 36641230109    0    0    0     0       0          0
1784719428 | enp139s0f0np0: 199154284918186 54089172298    0 2473    0     0          0    500174 140793603263153 36641533498    0    0    0     0       0          0
1784719429 | enp139s0f0np0: 199156532791594 54089726270    0 2473    0     0          0    500174 140794850262519 36641855310    0    0    0     0       0          0
1784719430 | enp139s0f0np0: 199158740832129 54090271176    0 2473    0     0          0    500174 140796035236836 36642162761    0    0    0     0       0          0
1784719431 | enp139s0f0np0: 199160909112042 54090806787    0 2473    0     0          0    500174 140797216258253 36642468580    0    0    0     0       0          0
1784719432 | enp139s0f0np0: 199163101409222 54091347887    0 2473    0     0          0    500174 140798425594897 36642781625    0    0    0     0       0          0
1784719433 | enp139s0f0np0: 199165261074346 54091881205    0 2473    0     0          0    500174 140799602312677 36643086313    0    0    0     0       0          0
1784719434 | enp139s0f0np0: 199167423820220 54092415248    0 2473    0     0          0    500174 140800806948639 36643397650    0    0    0     0       0          0
1784719435 | enp139s0f0np0: 199169566676131 54092944778    0 2473    0     0          0    500174 140802032769861 36643712952    0    0    0     0       0          0
1784719436 | enp139s0f0np0: 199171735168753 54093479475    0 2473    0     0          0    500174 140803200423898 36644014791    0    0    0     0       0          0
1784719437 | enp139s0f0np0: 199173566864131 54093935017    0 2473    0     0          0    500174 140804299058531 36644299752    0    0    0     0       0          0
1784719438 | enp139s0f0np0: 199175582899512 54094433389    0 2473    0     0          0    500174 140805369112678 36644578844    0    0    0     0       0          0
1784719439 | enp139s0f0np0: 199177667908689 54094948210    0 2473    0     0          0    500174 140806466112167 36644864615    0    0    0     0       0          0
1784719440 | enp139s0f0np0: 199179683169402 54095446403    0 2473    0     0          0    500174 140807567404835 36645151287    0    0    0     0       0          0
1784719441 | enp139s0f0np0: 199181920685003 54095998090    0 2473    0     0          0    500174 140808771472823 36645462488    0    0    0     0       0          0
1784719442 | enp139s0f0np0: 199184170531859 54096552512    0 2473    0     0          0    500174 140810000793053 36645779752    0    0    0     0       0          0
1784719443 | enp139s0f0np0: 199186426836255 54097108772    0 2473    0     0          0    500175 140811220023566 36646094342    0    0    0     0       0          0
1784719444 | enp139s0f0np0: 199188663861814 54097659920    0 2473    0     0          0    500175 140812477200205 36646416606    0    0    0     0       0          0
1784719445 | enp139s0f0np0: 199190952176479 54098224153    0 2473    0     0          0    500175 140813749924058 36646744022    0    0    0     0       0          0
1784719446 | enp139s0f0np0: 199193231806385 54098785607    0 2473    0     0          0    500175 140815019862552 36647069860    0    0    0     0       0          0
1784719447 | enp139s0f0np0: 199195256910523 54099286875    0 2473    0     0          0    500175 140816194630434 36647372909    0    0    0     0       0          0
1784719448 | enp139s0f0np0: 199197526334399 54099845936    0 2473    0     0          0    500175 140817421442277 36647689731    0    0    0     0       0          0
1784719449 | enp139s0f0np0: 199199783850298 54100402071    0 2473    0     0          0    500175 140818676421651 36648012861    0    0    0     0       0          0
1784719450 | enp139s0f0np0: 199201973944230 54100942004    0 2473    0     0          0    500175 140819893901618 36648325791    0    0    0     0       0          0
1784719451 | enp139s0f0np0: 199204250488569 54101503173    0 2473    0     0          0    500175 140821164047623 36648652773    0    0    0     0       0          0
1784719452 | enp139s0f0np0: 199206455892231 54102047078    0 2473    0     0          0    500175 140822431035025 36648978312    0    0    0     0       0          0
1784719453 | enp139s0f0np0: 199208649112753 54102587899    0 2473    0     0          0    500175 140823645515091 36649291792    0    0    0     0       0          0
1784719454 | enp139s0f0np0: 199210855397328 54103131838    0 2473    0     0          0    500175 140824838146367 36649600813    0    0    0     0       0          0
1784719455 | enp139s0f0np0: 199212934223773 54103645481    0 2473    0     0          0    500175 140825919845185 36649883142    0    0    0     0       0          0
1784719456 | enp139s0f0np0: 199214851387451 54104121236    0 2473    0     0          0    500175 140827083215924 36650182761    0    0    0     0       0          0
1784719457 | enp139s0f0np0: 199216903697799 54104628657    0 2473    0     0          0    500175 140828195556208 36650472104    0    0    0     0       0          0
1784719458 | enp139s0f0np0: 199218865060598 54105113614    0 2473    0     0          0    500175 140829253359492 36650747446    0    0    0     0       0          0
1784719459 | enp139s0f0np0: 199220915360794 54105620631    0 2473    0     0          0    500175 140830376282111 36651038925    0    0    0     0       0          0
1784719460 | enp139s0f0np0: 199222941050634 54106121464    0 2473    0     0          0    500175 140831510383001 36651333058    0    0    0     0       0          0
1784719461 | enp139s0f0np0: 199224958175467 54106619942    0 2473    0     0          0    500175 140832625523056 36651622257    0    0    0     0       0          0
1784719462 | enp139s0f0np0: 199226963149123 54107116089    0 2473    0     0          0    500175 140833754968524 36651915203    0    0    0     0       0          0
1784719463 | enp139s0f0np0: 199228955421334 54107608339    0 2473    0     0          0    500175 140834869431539 36652204002    0    0    0     0       0          0
1784719464 | enp139s0f0np0: 199230961924608 54108104987    0 2473    0     0          0    500175 140835986658130 36652494021    0    0    0     0       0          0
1784719465 | enp139s0f0np0: 199232886181122 54108583320    0 2473    0     0          0    500175 140837136009863 36652791167    0    0    0     0       0          0
1784719466 | enp139s0f0np0: 199235099125316 54109129403    0 2473    0     0          0    500175 140838383680858 36653113368    0    0    0     0       0          0
1784719467 | enp139s0f0np0: 199237256334386 54109661654    0 2473    0     0          0    500175 140839601407394 36653426974    0    0    0     0       0          0
1784719468 | enp139s0f0np0: 199239246000720 54110153948    0 2473    0     0          0    500175 140840688454219 36653710108    0    0    0     0       0          0
1784719469 | enp139s0f0np0: 199241288128728 54110658699    0 2473    0     0          0    500175 140841850006937 36654011058    0    0    0     0       0          0
1784719470 | enp139s0f0np0: 199243276571083 54111150028    0 2473    0     0          0    500175 140842930914226 36654291674    0    0    0     0       0          0
1784719471 | enp139s0f0np0: 199245290906288 54111647978    0 2473    0     0          0    500175 140844051658150 36654582528    0    0    0     0       0          0
1784719472 | enp139s0f0np0: 199247304367906 54112145816    0 2473    0     0          0    500175 140845111235344 36654858533    0    0    0     0       0          0
1784719473 | enp139s0f0np0: 199249502784002 54112688154    0 2473    0     0          0    500176 140846337364430 36655174419    0    0    0     0       0          0
1784719474 | enp139s0f0np0: 199251608355317 54113209479    0 2473    0     0          0    500176 140847584407265 36655494915    0    0    0     0       0          0
1784719475 | enp139s0f0np0: 199253630114110 54113709199    0 2473    0     0          0    500176 140848709612800 36655786355    0    0    0     0       0          0
1784719476 | enp139s0f0np0: 199255665770285 54114212393    0 2473    0     0          0    500176 140849818976946 36656074703    0    0    0     0       0          0
1784719477 | enp139s0f0np0: 199257806871194 54114740870    0 2473    0     0          0    500176 140851021507272 36656385113    0    0    0     0       0          0
1784719478 | enp139s0f0np0: 199260041407896 54115291852    0 2473    0     0          0    500176 140852253170731 36656703031    0    0    0     0       0          0
1784719479 | enp139s0f0np0: 199262298078091 54115847835    0 2473    0     0          0    500176 140853467884724 36657016601    0    0    0     0       0          0
1784719480 | enp139s0f0np0: 199264542980726 54116400930    0 2473    0     0          0    500176 140854668953263 36657327199    0    0    0     0       0          0
1784719481 | enp139s0f0np0: 199266564798156 54116902225    0 2473    0     0          0    500176 140855860334849 36657635100    0    0    0     0       0          0
1784719482 | enp139s0f0np0: 199268841578278 54117462643    0 2473    0     0          0    500176 140857100336553 36657953550    0    0    0     0       0          0
1784719483 | enp139s0f0np0: 199271157456884 54118032722    0 2473    0     0          0    500176 140858335143988 36658270838    0    0    0     0       0          0
1784719484 | enp139s0f0np0: 199273200065852 54118537769    0 2473    0     0          0    500176 140859440717470 36658558186    0    0    0     0       0          0
1784719485 | enp139s0f0np0: 199275186389321 54119028885    0 2473    0     0          0    500176 140860513273994 36658837096    0    0    0     0       0          0
1784719486 | enp139s0f0np0: 199277227695425 54119533494    0 2473    0     0          0    500176 140861600765916 36659120666    0    0    0     0       0          0
1784719487 | enp139s0f0np0: 199279391123271 54120068040    0 2473    0     0          0    500176 140862780443337 36659426027    0    0    0     0       0          0
1784719488 | enp139s0f0np0: 199281665702266 54120627920    0 2473    0     0          0    500176 140864031719707 36659747606    0    0    0     0       0          0
1784719489 | enp139s0f0np0: 199283519654079 54121088660    0 2473    0     0          0    500176 140865077575052 36660019932    0    0    0     0       0          0
1784719490 | enp139s0f0np0: 199285508659769 54121580666    0 2473    0     0          0    500176 140866145556700 36660298055    0    0    0     0       0          0
1784719491 | enp139s0f0np0: 199287543922716 54122083914    0 2473    0     0          0    500176 140867239067897 36660582558    0    0    0     0       0          0
1784719492 | enp139s0f0np0: 199289572640768 54122585264    0 2473    0     0          0    500176 140868317616258 36660863376    0    0    0     0       0          0
1784719493 | enp139s0f0np0: 199291599648366 54123086002    0 2473    0     0          0    500176 140869334930140 36661130130    0    0    0     0       0          0
1784719494 | enp139s0f0np0: 199293618272122 54123584918    0 2473    0     0          0    500176 140870384423799 36661403985    0    0    0     0       0          0
1784719495 | enp139s0f0np0: 199295613425995 54124078407    0 2473    0     0          0    500176 140871426502695 36661676339    0    0    0     0       0          0
1784719496 | enp139s0f0np0: 199297467443583 54124538940    0 2473    0     0          0    500176 140872457365360 36661945155    0    0    0     0       0          0
1784719497 | enp139s0f0np0: 199299732642245 54125096564    0 2473    0     0          0    500176 140873557068691 36662231010    0    0    0     0       0          0
1784719498 | enp139s0f0np0: 199302038051571 54125663370    0 2473    0     0          0    500176 140874641091024 36662513448    0    0    0     0       0          0
1784719499 | enp139s0f0np0: 199304259004062 54126209724    0 2473    0     0          0    500176 140875706073320 36662791432    0    0    0     0       0          0
1784719500 | enp139s0f0np0: 199306371378120 54126730460    0 2473    0     0          0    500176 140876733365501 36663059907    0    0    0     0       0          0
1784719501 | enp139s0f0np0: 199308659714640 54127293652    0 2473    0     0          0    500176 140877862722133 36663353499    0    0    0     0       0          0
1784719502 | enp139s0f0np0: 199310955629823 54127859354    0 2473    0     0          0    500177 140879001431025 36663650024    0    0    0     0       0          0
1784719503 | enp139s0f0np0: 199313184087428 54128408113    0 2473    0     0          0    500177 140880128826326 36663942907    0    0    0     0       0          0
1784719504 | enp139s0f0np0: 199315238876821 54128917214    0 2473    0     0          0    500177 140881292287380 36664243074    0    0    0     0       0          0
1784719505 | enp139s0f0np0: 199317508998694 54129476945    0 2473    0     0          0    500177 140882525102165 36664561088    0    0    0     0       0          0
1784719506 | enp139s0f0np0: 199319745167753 54130028155    0 2473    0     0          0    500177 140883730016451 36664872041    0    0    0     0       0          0
1784719507 | enp139s0f0np0: 199321793437988 54130534147    0 2473    0     0          0    500177 140884878291894 36665168862    0    0    0     0       0          0
1784719508 | enp139s0f0np0: 199324023558867 54131084036    0 2473    0     0          0    500177 140886109448926 36665486195    0    0    0     0       0          0
1784719509 | enp139s0f0np0: 199326160177160 54131610700    0 2473    0     0          0    500177 140887288500736 36665790789    0    0    0     0       0          0
1784719510 | enp139s0f0np0: 199328281354178 54132134661    0 2473    0     0          0    500177 140888468233736 36666095604    0    0    0     0       0          0
1784719511 | enp139s0f0np0: 199330489621647 54132679807    0 2473    0     0          0    500177 140889676853916 36666407634    0    0    0     0       0          0
1784719512 | enp139s0f0np0: 199332667653202 54133216941    0 2473    0     0          0    500177 140890896977677 36666721659    0    0    0     0       0          0
1784719513 | enp139s0f0np0: 199334934623516 54133775347    0 2473    0     0          0    500177 140892139316063 36667041181    0    0    0     0       0          0
1784719514 | enp139s0f0np0: 199337176940580 54134328229    0 2473    0     0          0    500177 140893360607237 36667356024    0    0    0     0       0          0
1784719515 | enp139s0f0np0: 199339417638701 54134880693    0 2473    0     0          0    500177 140894551144079 36667663753    0    0    0     0       0          0
1784719516 | enp139s0f0np0: 199341649366198 54135431083    0 2473    0     0          0    500177 140895851499819 36667997054    0    0    0     0       0          0
1784719517 | enp139s0f0np0: 199343864791471 54135978635    0 2473    0     0          0    500177 140897097217594 36668317899    0    0    0     0       0          0
1784719518 | enp139s0f0np0: 199346085263844 54136526822    0 2473    0     0          0    500177 140898346881387 36668641244    0    0    0     0       0          0
1784719519 | enp139s0f0np0: 199348283309772 54137068435    0 2473    0     0          0    500177 140899549226313 36668951279    0    0    0     0       0          0
1784719520 | enp139s0f0np0: 199350492574970 54137613062    0 2473    0     0          0    500177 140900758966633 36669263371    0    0    0     0       0          0
1784719521 | enp139s0f0np0: 199352786381351 54138178442    0 2473    0     0          0    500177 140902009771647 36669584488    0    0    0     0       0          0
1784719522 | enp139s0f0np0: 199355048532782 54138735425    0 2473    0     0          0    500177 140903255142462 36669904938    0    0    0     0       0          0
1784719523 | enp139s0f0np0: 199357217065872 54139270591    0 2473    0     0          0    500177 140904462362625 36670216664    0    0    0     0       0          0
1784719524 | enp139s0f0np0: 199359411238916 54139811604    0 2473    0     0          0    500177 140905729567672 36670542078    0    0    0     0       0          0
1784719525 | enp139s0f0np0: 199361672571922 54140368353    0 2473    0     0          0    500177 140906931138837 36670851152    0    0    0     0       0          0
1784719526 | enp139s0f0np0: 199363852447508 54140905999    0 2473    0     0          0    500177 140908137039134 36671162098    0    0    0     0       0          0
1784719527 | enp139s0f0np0: 199366102418089 54141461080    0 2473    0     0          0    500177 140909410730497 36671489893    0    0    0     0       0          0
1784719528 | enp139s0f0np0: 199368321757441 54142008519    0 2473    0     0          0    500177 140910643527786 36671807490    0    0    0     0       0          0
1784719529 | enp139s0f0np0: 199370527148082 54142552410    0 2473    0     0          0    500177 140911863523620 36672121444    0    0    0     0       0          0
1784719530 | enp139s0f0np0: 199372697653699 54143087995    0 2473    0     0          0    500177 140913075509112 36672433554    0    0    0     0       0          0
