1784772333 | enp139s0f0np0: 226444155294263 61205953445    0 2473    0     0          0    501937 175251811570897 45436583488    0    0    0     0       0          0
1784772334 | enp139s0f0np0: 226446071358417 61206416467    0 2473    0     0          0    501937 175251819964793 45436600358    0    0    0     0       0          0
1784772335 | enp139s0f0np0: 226450026212843 61207373129    0 2473    0     0          0    501937 175251837570889 45436640164    0    0    0     0       0          0
1784772336 | enp139s0f0np0: 226454017221857 61208337832    0 2473    0     0          0    501937 175251855087576 45436677484    0    0    0     0       0          0
1784772337 | enp139s0f0np0: 226458089073477 61209322466    0 2473    0     0          0    501938 175251873128550 45436717054    0    0    0     0       0          0
1784772338 | enp139s0f0np0: 226462185887903 61210312646    0 2473    0     0          0    501938 175251891058001 45436754057    0    0    0     0       0          0
1784772339 | enp139s0f0np0: 226466241573710 61211293068    0 2473    0     0          0    501938 175251908679356 45436789016    0    0    0     0       0          0
1784772340 | enp139s0f0np0: 226470151428592 61212239098    0 2473    0     0          0    501938 175251925958614 45436827073    0    0    0     0       0          0
1784772341 | enp139s0f0np0: 226474238622540 61213227270    0 2473    0     0          0    501938 175251943825409 45436863565    0    0    0     0       0          0
1784772342 | enp139s0f0np0: 226478335497307 61214217132    0 2473    0     0          0    501938 175251961550312 45436897537    0    0    0     0       0          0
1784772343 | enp139s0f0np0: 226482373884101 61215193247    0 2473    0     0          0    501938 175251979106364 45436932168    0    0    0     0       0          0
1784772344 | enp139s0f0np0: 226486481888927 61216186630    0 2473    0     0          0    501938 175251997107714 45436969204    0    0    0     0       0          0
1784772345 | enp139s0f0np0: 226490491456650 61217155941    0 2473    0     0          0    501938 175252014573374 45437004584    0    0    0     0       0          0
1784772346 | enp139s0f0np0: 226494656231324 61218161623    0 2473    0     0          0    501938 175252032535504 45437038214    0    0    0     0       0          0
1784772347 | enp139s0f0np0: 226498732278122 61219146480    0 2473    0     0          0    501938 175252050004080 45437070115    0    0    0     0       0          0
1784772348 | enp139s0f0np0: 226502904333960 61220154652    0 2473    0     0          0    501938 175252068191918 45437105951    0    0    0     0       0          0
1784772349 | enp139s0f0np0: 226507005894077 61221145497    0 2473    0     0          0    501938 175252085972069 45437140928    0    0    0     0       0          0
1784772350 | enp139s0f0np0: 226511084598929 61222130834    0 2473    0     0          0    501938 175252103705860 45437175976    0    0    0     0       0          0
1784772351 | enp139s0f0np0: 226515141083252 61223111387    0 2473    0     0          0    501938 175252121528177 45437214396    0    0    0     0       0          0
1784772352 | enp139s0f0np0: 226519212764295 61224095520    0 2473    0     0          0    501938 175252139446796 45437253099    0    0    0     0       0          0
1784772353 | enp139s0f0np0: 226523249647947 61225072228    0 2473    0     0          0    501938 175252157471907 45437294237    0    0    0     0       0          0
1784772354 | enp139s0f0np0: 226527537923414 61226108357    0 2473    0     0          0    501938 175252176123458 45437331428    0    0    0     0       0          0
1784772355 | enp139s0f0np0: 226531617474499 61227093984    0 2473    0     0          0    501938 175252193855610 45437366645    0    0    0     0       0          0
1784772356 | enp139s0f0np0: 226535786511702 61228101383    0 2473    0     0          0    501938 175252212148585 45437404810    0    0    0     0       0          0
1784772357 | enp139s0f0np0: 226539787928731 61229069341    0 2473    0     0          0    501938 175252230025087 45437446728    0    0    0     0       0          0
1784772358 | enp139s0f0np0: 226543798219852 61230039035    0 2473    0     0          0    501938 175252247781421 45437486249    0    0    0     0       0          0
1784772359 | enp139s0f0np0: 226547814378524 61231008947    0 2473    0     0          0    501938 175252265087643 45437518572    0    0    0     0       0          0
1784772360 | enp139s0f0np0: 226551641430728 61231935020    0 2473    0     0          0    501938 175252282084750 45437557240    0    0    0     0       0          0
1784772361 | enp139s0f0np0: 226555675722239 61232910327    0 2473    0     0          0    501938 175252299818332 45437594572    0    0    0     0       0          0
1784772362 | enp139s0f0np0: 226559660085100 61233874296    0 2473    0     0          0    501938 175252317473499 45437634325    0    0    0     0       0          0
1784772363 | enp139s0f0np0: 226563885141678 61234894662    0 2473    0     0          0    501938 175252335883857 45437670895    0    0    0     0       0          0
1784772364 | enp139s0f0np0: 226568041827844 61235898954    0 2473    0     0          0    501938 175252353950708 45437706937    0    0    0     0       0          0
1784772365 | enp139s0f0np0: 226572090064889 61236878469    0 2473    0     0          0    501938 175252371998392 45437748623    0    0    0     0       0          0
1784772366 | enp139s0f0np0: 226575978213709 61237819947    0 2473    0     0          0    501938 175252389505061 45437791427    0    0    0     0       0          0
1784772367 | enp139s0f0np0: 226580009346556 61238794575    0 2473    0     0          0    501939 175252407304443 45437830393    0    0    0     0       0          0
1784772368 | enp139s0f0np0: 226584018881007 61239763537    0 2473    0     0          0    501939 175252424927418 45437867310    0    0    0     0       0          0
1784772369 | enp139s0f0np0: 226588187435510 61240771019    0 2473    0     0          0    501939 175252443294575 45437907758    0    0    0     0       0          0
1784772370 | enp139s0f0np0: 226592287143625 61241761906    0 2473    0     0          0    501939 175252461301294 45437945855    0    0    0     0       0          0
1784772371 | enp139s0f0np0: 226596395467179 61242754969    0 2473    0     0          0    501939 175252479207676 45437982215    0    0    0     0       0          0
1784772372 | enp139s0f0np0: 226600753345451 61243807284    0 2473    0     0          0    501939 175252498062362 45438018445    0    0    0     0       0          0
1784772373 | enp139s0f0np0: 226604902788157 61244809715    0 2473    0     0          0    501939 175252516045172 45438053731    0    0    0     0       0          0
1784772374 | enp139s0f0np0: 226608907460668 61245778178    0 2473    0     0          0    501939 175252533757024 45438092819    0    0    0     0       0          0
1784772375 | enp139s0f0np0: 226613045521598 61246777632    0 2473    0     0          0    501939 175252551592176 45438126345    0    0    0     0       0          0
1784772376 | enp139s0f0np0: 226617104722852 61247759347    0 2473    0     0          0    501939 175252569491695 45438165084    0    0    0     0       0          0
1784772377 | enp139s0f0np0: 226621045124885 61248713165    0 2473    0     0          0    501939 175252587074872 45438205656    0    0    0     0       0          0
1784772378 | enp139s0f0np0: 226625038247617 61249678642    0 2473    0     0          0    501939 175252604489197 45438241564    0    0    0     0       0          0
1784772379 | enp139s0f0np0: 226629002461303 61250636971    0 2473    0     0          0    501939 175252621905027 45438278696    0    0    0     0       0          0
1784772380 | enp139s0f0np0: 226633059630211 61251617261    0 2473    0     0          0    501939 175252639497323 45438313364    0    0    0     0       0          0
1784772381 | enp139s0f0np0: 226637061416888 61252584077    0 2473    0     0          0    501939 175252656975868 45438349039    0    0    0     0       0          0
1784772382 | enp139s0f0np0: 226641204486886 61253585159    0 2473    0     0          0    501939 175252674864401 45438383315    0    0    0     0       0          0
1784772383 | enp139s0f0np0: 226645227349303 61254557198    0 2473    0     0          0    501939 175252692379689 45438418364    0    0    0     0       0          0
1784772384 | enp139s0f0np0: 226649241753461 61255527628    0 2473    0     0          0    501939 175252709925449 45438455034    0    0    0     0       0          0
1784772385 | enp139s0f0np0: 226653389548336 61256529036    0 2473    0     0          0    501939 175252727744106 45438488474    0    0    0     0       0          0
1784772386 | enp139s0f0np0: 226657501950349 61257522339    0 2473    0     0          0    501939 175252745589654 45438523759    0    0    0     0       0          0
1784772387 | enp139s0f0np0: 226661682138101 61258532553    0 2473    0     0          0    501939 175252763817648 45438562032    0    0    0     0       0          0
1784772388 | enp139s0f0np0: 226665763633957 61259518697    0 2473    0     0          0    501939 175252781595695 45438597925    0    0    0     0       0          0
1784772389 | enp139s0f0np0: 226669721797171 61260476569    0 2473    0     0          0    501939 175252799133663 45438637937    0    0    0     0       0          0
1784772390 | enp139s0f0np0: 226673607713306 61261416619    0 2473    0     0          0    501939 175252816189607 45438675549    0    0    0     0       0          0
1784772391 | enp139s0f0np0: 226677596050199 61262380611    0 2473    0     0          0    501939 175252833548570 45438711162    0    0    0     0       0          0
1784772392 | enp139s0f0np0: 226681586595283 61263345602    0 2473    0     0          0    501939 175252851081920 45438749876    0    0    0     0       0          0
1784772393 | enp139s0f0np0: 226685575279531 61264309776    0 2473    0     0          0    501939 175252868533614 45438787434    0    0    0     0       0          0
1784772394 | enp139s0f0np0: 226689721081531 61265311174    0 2473    0     0          0    501939 175252886431673 45438824090    0    0    0     0       0          0
1784772395 | enp139s0f0np0: 226693798816130 61266296234    0 2473    0     0          0    501939 175252904051999 45438860496    0    0    0     0       0          0
1784772396 | enp139s0f0np0: 226697876588545 61267281981    0 2473    0     0          0    501939 175252921691077 45438897450    0    0    0     0       0          0
1784772397 | enp139s0f0np0: 226701890457388 61268252766    0 2473    0     0          0    501940 175252939164615 45438936548    0    0    0     0       0          0
1784772398 | enp139s0f0np0: 226705906363925 61269223800    0 2473    0     0          0    501940 175252956502180 45438975651    0    0    0     0       0          0
1784772399 | enp139s0f0np0: 226709867562942 61270181665    0 2473    0     0          0    501940 175252973557715 45439015130    0    0    0     0       0          0
1784772400 | enp139s0f0np0: 226713817729416 61271135699    0 2473    0     0          0    501940 175252989975778 45439049423    0    0    0     0       0          0
1784772401 | enp139s0f0np0: 226717882801500 61272117194    0 2473    0     0          0    501940 175253006496327 45439085429    0    0    0     0       0          0
1784772402 | enp139s0f0np0: 226721985093716 61273107889    0 2473    0     0          0    501940 175253022730931 45439120995    0    0    0     0       0          0
1784772403 | enp139s0f0np0: 226726028720464 61274085379    0 2473    0     0          0    501940 175253038840019 45439160008    0    0    0     0       0          0
1784772404 | enp139s0f0np0: 226730115451535 61275073382    0 2473    0     0          0    501940 175253055240837 45439202467    0    0    0     0       0          0
1784772405 | enp139s0f0np0: 226734026298504 61276019266    0 2473    0     0          0    501940 175253071505512 45439242522    0    0    0     0       0          0
1784772406 | enp139s0f0np0: 226738096775056 61277003306    0 2473    0     0          0    501940 175253089060291 45439278494    0    0    0     0       0          0
1784772407 | enp139s0f0np0: 226742328449292 61278025390    0 2473    0     0          0    501940 175253107338777 45439313356    0    0    0     0       0          0
1784772408 | enp139s0f0np0: 226746400639985 61279009562    0 2473    0     0          0    501940 175253125197451 45439350864    0    0    0     0       0          0
1784772409 | enp139s0f0np0: 226750420945088 61279981531    0 2473    0     0          0    501940 175253142870194 45439388487    0    0    0     0       0          0
1784772410 | enp139s0f0np0: 226754440175244 61280952760    0 2473    0     0          0    501940 175253160508452 45439425532    0    0    0     0       0          0
1784772411 | enp139s0f0np0: 226758545257249 61281945124    0 2473    0     0          0    501940 175253178445897 45439462010    0    0    0     0       0          0
1784772412 | enp139s0f0np0: 226762634514609 61282933485    0 2473    0     0          0    501940 175253196437217 45439500762    0    0    0     0       0          0
1784772413 | enp139s0f0np0: 226766739129711 61283924619    0 2473    0     0          0    501940 175253214193127 45439534593    0    0    0     0       0          0
1784772414 | enp139s0f0np0: 226770864748406 61284921811    0 2473    0     0          0    501940 175253232158787 45439570814    0    0    0     0       0          0
1784772415 | enp139s0f0np0: 226774925216168 61285903231    0 2473    0     0          0    501940 175253250155350 45439610848    0    0    0     0       0          0
1784772416 | enp139s0f0np0: 226778984500535 61286884481    0 2473    0     0          0    501940 175253267990348 45439648327    0    0    0     0       0          0
1784772417 | enp139s0f0np0: 226783092424294 61287876991    0 2473    0     0          0    501940 175253285807086 45439683271    0    0    0     0       0          0
1784772418 | enp139s0f0np0: 226787240931010 61288879674    0 2473    0     0          0    501940 175253303853544 45439719316    0    0    0     0       0          0
1784772419 | enp139s0f0np0: 226791231129396 61289844864    0 2473    0     0          0    501940 175253321483537 45439757723    0    0    0     0       0          0
1784772420 | enp139s0f0np0: 226795202566867 61290805153    0 2473    0     0          0    501940 175253338887465 45439794093    0    0    0     0       0          0
1784772421 | enp139s0f0np0: 226799364051756 61291810478    0 2473    0     0          0    501940 175253357026300 45439830567    0    0    0     0       0          0
1784772422 | enp139s0f0np0: 226803461259344 61292800039    0 2473    0     0          0    501940 175253374640554 45439862680    0    0    0     0       0          0
1784772423 | enp139s0f0np0: 226807527391125 61293782965    0 2473    0     0          0    501940 175253392486625 45439901010    0    0    0     0       0          0
1784772424 | enp139s0f0np0: 226811533763741 61294751609    0 2473    0     0          0    501940 175253410046471 45439937546    0    0    0     0       0          0
1784772425 | enp139s0f0np0: 226815502861696 61295711789    0 2473    0     0          0    501940 175253427585158 45439976526    0    0    0     0       0          0
1784772426 | enp139s0f0np0: 226819512333571 61296681130    0 2473    0     0          0    501940 175253445131937 45440012121    0    0    0     0       0          0
1784772427 | enp139s0f0np0: 226823524597685 61297651187    0 2473    0     0          0    501941 175253462726384 45440049153    0    0    0     0       0          0
1784772428 | enp139s0f0np0: 226827520133691 61298617078    0 2473    0     0          0    501941 175253480277053 45440086298    0    0    0     0       0          0
1784772429 | enp139s0f0np0: 226831457232778 61299569479    0 2473    0     0          0    501941 175253497639476 45440124471    0    0    0     0       0          0
1784772430 | enp139s0f0np0: 226835490163819 61300545175    0 2473    0     0          0    501941 175253515438933 45440162854    0    0    0     0       0          0
1784772431 | enp139s0f0np0: 226839622872398 61301543754    0 2473    0     0          0    501941 175253533303047 45440197204    0    0    0     0       0          0
1784772432 | enp139s0f0np0: 226843689045826 61302526668    0 2473    0     0          0    501941 175253551221111 45440235713    0    0    0     0       0          0
1784772433 | enp139s0f0np0: 226847764526975 61303511884    0 2473    0     0          0    501941 175253569037320 45440272680    0    0    0     0       0          0
1784772434 | enp139s0f0np0: 226851943465321 61304521322    0 2473    0     0          0    501941 175253587128459 45440307029    0    0    0     0       0          0
1784772435 | enp139s0f0np0: 226855893849451 61305476925    0 2473    0     0          0    501941 175253604488490 45440344267    0    0    0     0       0          0
1784772436 | enp139s0f0np0: 226859916260132 61306449313    0 2473    0     0          0    501941 175253621834750 45440376626    0    0    0     0       0          0
1784772437 | enp139s0f0np0: 226864074469755 61307454400    0 2473    0     0          0    501941 175253640023163 45440414315    0    0    0     0       0          0
1784772438 | enp139s0f0np0: 226868147399719 61308439226    0 2473    0     0          0    501941 175253657877818 45440451467    0    0    0     0       0          0
1784772439 | enp139s0f0np0: 226872308502263 61309444982    0 2473    0     0          0    501941 175253675853737 45440485753    0    0    0     0       0          0
1784772440 | enp139s0f0np0: 226876413007852 61310436410    0 2473    0     0          0    501941 175253693608952 45440519774    0    0    0     0       0          0
1784772441 | enp139s0f0np0: 226880442938170 61311410575    0 2473    0     0          0    501941 175253711337043 45440557861    0    0    0     0       0          0
1784772442 | enp139s0f0np0: 226884449362862 61312378845    0 2473    0     0          0    501941 175253728632443 45440590602    0    0    0     0       0          0
1784772443 | enp139s0f0np0: 226888450740108 61313346151    0 2473    0     0          0    501941 175253746032526 45440624792    0    0    0     0       0          0
1784772444 | enp139s0f0np0: 226892543019290 61314335077    0 2473    0     0          0    501941 175253763956458 45440662611    0    0    0     0       0          0
1784772445 | enp139s0f0np0: 226896533921971 61315301249    0 2473    0     0          0    501941 175253781767910 45440704058    0    0    0     0       0          0
1784772446 | enp139s0f0np0: 226900530977522 61316267512    0 2473    0     0          0    501941 175253799145940 45440738496    0    0    0     0       0          0
1784772447 | enp139s0f0np0: 226904510210859 61317229296    0 2473    0     0          0    501941 175253816751973 45440777292    0    0    0     0       0          0
1784772448 | enp139s0f0np0: 226908582208881 61318213031    0 2473    0     0          0    501941 175253834350327 45440811135    0    0    0     0       0          0
1784772449 | enp139s0f0np0: 226912561427913 61319175134    0 2473    0     0          0    501941 175253851802957 45440847711    0    0    0     0       0          0
1784772450 | enp139s0f0np0: 226916702376435 61320175893    0 2473    0     0          0    501941 175253870022904 45440886712    0    0    0     0       0          0
1784772451 | enp139s0f0np0: 226920980977345 61321209213    0 2473    0     0          0    501941 175253888577759 45440923741    0    0    0     0       0          0
1784772452 | enp139s0f0np0: 226925025324915 61322185926    0 2473    0     0          0    501941 175253905965669 45440955858    0    0    0     0       0          0
1784772453 | enp139s0f0np0: 226929079939727 61323165923    0 2473    0     0          0    501941 175253923608648 45440991533    0    0    0     0       0          0
1784772454 | enp139s0f0np0: 226933014317327 61324117989    0 2473    0     0          0    501941 175253941114776 45441031648    0    0    0     0       0          0
1784772455 | enp139s0f0np0: 226937112689258 61325108793    0 2473    0     0          0    501941 175253959167958 45441070479    0    0    0     0       0          0
1784772456 | enp139s0f0np0: 226941173367768 61326089687    0 2473    0     0          0    501941 175253976686929 45441104538    0    0    0     0       0          0
1784772457 | enp139s0f0np0: 226945207183213 61327064005    0 2473    0     0          0    501942 175253994043604 45441136806    0    0    0     0       0          0
1784772458 | enp139s0f0np0: 226949358059313 61328066426    0 2473    0     0          0    501942 175254011903565 45441171137    0    0    0     0       0          0
1784772459 | enp139s0f0np0: 226953403043017 61329044648    0 2473    0     0          0    501942 175254029742176 45441210054    0    0    0     0       0          0
1784772460 | enp139s0f0np0: 226957426483607 61330017504    0 2473    0     0          0    501942 175254047470526 45441249231    0    0    0     0       0          0
1784772461 | enp139s0f0np0: 226961471395318 61330994570    0 2473    0     0          0    501942 175254065049080 45441285340    0    0    0     0       0          0
1784772462 | enp139s0f0np0: 226965507413821 61331970991    0 2473    0     0          0    501942 175254082957668 45441326373    0    0    0     0       0          0
1784772463 | enp139s0f0np0: 226969616333695 61332963678    0 2473    0     0          0    501942 175254100718145 45441361865    0    0    0     0       0          0
1784772464 | enp139s0f0np0: 226973732934969 61333958976    0 2473    0     0          0    501942 175254118607707 45441399574    0    0    0     0       0          0
1784772465 | enp139s0f0np0: 226977835773362 61334950289    0 2473    0     0          0    501942 175254136523117 45441438196    0    0    0     0       0          0
1784772466 | enp139s0f0np0: 226981890530936 61335930589    0 2473    0     0          0    501942 175254154195611 45441476040    0    0    0     0       0          0
1784772467 | enp139s0f0np0: 226986023036274 61336928653    0 2473    0     0          0    501942 175254171765670 45441510634    0    0    0     0       0          0
1784772468 | enp139s0f0np0: 226990076260386 61337908114    0 2473    0     0          0    501942 175254189007427 45441545272    0    0    0     0       0          0
1784772469 | enp139s0f0np0: 226994030204615 61338863995    0 2473    0     0          0    501942 175254205981739 45441583851    0    0    0     0       0          0
1784772470 | enp139s0f0np0: 226998121539668 61339853041    0 2473    0     0          0    501942 175254222990261 45441619855    0    0    0     0       0          0
1784772471 | enp139s0f0np0: 227002105296388 61340816836    0 2473    0     0          0    501942 175254239617106 45441660154    0    0    0     0       0          0
1784772472 | enp139s0f0np0: 227006132995129 61341790990    0 2473    0     0          0    501942 175254255941628 45441699687    0    0    0     0       0          0
1784772473 | enp139s0f0np0: 227010225962756 61342779552    0 2473    0     0          0    501942 175254272002278 45441734292    0    0    0     0       0          0
1784772474 | enp139s0f0np0: 227014477881892 61343806641    0 2473    0     0          0    501942 175254288989418 45441772705    0    0    0     0       0          0
1784772475 | enp139s0f0np0: 227018552776618 61344791196    0 2473    0     0          0    501942 175254305727524 45441812338    0    0    0     0       0          0
1784772476 | enp139s0f0np0: 227022651125129 61345780819    0 2473    0     0          0    501942 175254322551103 45441846206    0    0    0     0       0          0
1784772477 | enp139s0f0np0: 227026798583112 61346783519    0 2473    0     0          0    501942 175254340547892 45441884257    0    0    0     0       0          0
1784772478 | enp139s0f0np0: 227030696159178 61347726899    0 2473    0     0          0    501942 175254357908256 45441924567    0    0    0     0       0          0
1784772479 | enp139s0f0np0: 227034698948127 61348695158    0 2473    0     0          0    501942 175254375667047 45441964614    0    0    0     0       0          0
1784772480 | enp139s0f0np0: 227038715613025 61349666510    0 2473    0     0          0    501942 175254393362029 45442002281    0    0    0     0       0          0
1784772481 | enp139s0f0np0: 227042823702081 61350659496    0 2473    0     0          0    501942 175254411237418 45442038380    0    0    0     0       0          0
1784772482 | enp139s0f0np0: 227046970289294 61351661360    0 2473    0     0          0    501942 175254429273125 45442074295    0    0    0     0       0          0
1784772483 | enp139s0f0np0: 227051264822556 61352698673    0 2473    0     0          0    501942 175254447871696 45442109925    0    0    0     0       0          0
1784772484 | enp139s0f0np0: 227055275413930 61353668338    0 2473    0     0          0    501942 175254465488131 45442146918    0    0    0     0       0          0
1784772485 | enp139s0f0np0: 227059415624530 61354668858    0 2473    0     0          0    501942 175254483408729 45442181738    0    0    0     0       0          0
1784772486 | enp139s0f0np0: 227063332117665 61355616377    0 2473    0     0          0    501942 175254500726059 45442219923    0    0    0     0       0          0
1784772487 | enp139s0f0np0: 227067423135810 61356605720    0 2473    0     0          0    501943 175254518786093 45442259212    0    0    0     0       0          0
1784772488 | enp139s0f0np0: 227071367747648 61357559050    0 2473    0     0          0    501943 175254535972103 45442293490    0    0    0     0       0          0
1784772489 | enp139s0f0np0: 227075533173572 61358565489    0 2473    0     0          0    501943 175254554024582 45442329057    0    0    0     0       0          0
1784772490 | enp139s0f0np0: 227079526642570 61359531760    0 2473    0     0          0    501943 175254571785407 45442369677    0    0    0     0       0          0
1784772491 | enp139s0f0np0: 227083454617840 61360482217    0 2473    0     0          0    501943 175254589224439 45442408670    0    0    0     0       0          0
1784772492 | enp139s0f0np0: 227087361809040 61361427942    0 2473    0     0          0    501943 175254606540508 45442447652    0    0    0     0       0          0
1784772493 | enp139s0f0np0: 227091550999200 61362440399    0 2473    0     0          0    501943 175254624779303 45442484104    0    0    0     0       0          0
1784772494 | enp139s0f0np0: 227095894783706 61363489349    0 2473    0     0          0    501943 175254643665772 45442521793    0    0    0     0       0          0
1784772495 | enp139s0f0np0: 227099947509141 61364469292    0 2473    0     0          0    501943 175254661639594 45442561984    0    0    0     0       0          0
1784772496 | enp139s0f0np0: 227104015018924 61365452589    0 2473    0     0          0    501943 175254679424370 45442598500    0    0    0     0       0          0
1784772497 | enp139s0f0np0: 227107968366648 61366409106    0 2473    0     0          0    501943 175254697002539 45442638523    0    0    0     0       0          0
1784772498 | enp139s0f0np0: 227111910608014 61367362591    0 2473    0     0          0    501943 175254714267869 45442673805    0    0    0     0       0          0
1784772499 | enp139s0f0np0: 227115954773183 61368340228    0 2473    0     0          0    501943 175254732131490 45442713713    0    0    0     0       0          0
1784772500 | enp139s0f0np0: 227120036893318 61369326664    0 2473    0     0          0    501943 175254749748559 45442746561    0    0    0     0       0          0
1784772502 | enp139s0f0np0: 227124007095202 61370287090    0 2473    0     0          0    501943 175254767272404 45442784838    0    0    0     0       0          0
1784772503 | enp139s0f0np0: 227128357404148 61371337308    0 2473    0     0          0    501943 175254786100517 45442820952    0    0    0     0       0          0
1784772504 | enp139s0f0np0: 227132351425379 61372303105    0 2473    0     0          0    501943 175254803491233 45442855677    0    0    0     0       0          0
1784772505 | enp139s0f0np0: 227136435670116 61373290553    0 2473    0     0          0    501943 175254821477746 45442894436    0    0    0     0       0          0
1784772506 | enp139s0f0np0: 227140565618005 61374288115    0 2473    0     0          0    501943 175254839309200 45442928010    0    0    0     0       0          0
1784772507 | enp139s0f0np0: 227144679308708 61375282596    0 2473    0     0          0    501943 175254857390732 45442966583    0    0    0     0       0          0
1784772508 | enp139s0f0np0: 227148640688903 61376240884    0 2473    0     0          0    501943 175254874894800 45443004784    0    0    0     0       0          0
1784772509 | enp139s0f0np0: 227152844350528 61377256192    0 2473    0     0          0    501943 175254893142314 45443041070    0    0    0     0       0          0
1784772510 | enp139s0f0np0: 227157202894899 61378308577    0 2473    0     0          0    501943 175254911849963 45443075112    0    0    0     0       0          0
1784772511 | enp139s0f0np0: 227161273020629 61379292627    0 2473    0     0          0    501943 175254929732335 45443113599    0    0    0     0       0          0
1784772512 | enp139s0f0np0: 227165345535604 61380276233    0 2473    0     0          0    501943 175254947207498 45443144999    0    0    0     0       0          0
1784772513 | enp139s0f0np0: 227169383302785 61381252058    0 2473    0     0          0    501943 175254964846766 45443181406    0    0    0     0       0          0
1784772514 | enp139s0f0np0: 227173097584008 61382149821    0 2473    0     0          0    501943 175254981043534 45443215521    0    0    0     0       0          0
