1784782584 | enp139s0f0np0: 234150342672448 63175909131    0 2473    0     0          0    502279 181782492835229 47125265797    0    0    0     0       0          0
1784782585 | enp139s0f0np0: 234150346906817 63175930827    0 2473    0     0          0    502279 181785165625941 47125907302    0    0    0     0       0          0
1784782586 | enp139s0f0np0: 234150354135368 63175968892    0 2473    0     0          0    502279 181789676571404 47126989973    0    0    0     0       0          0
1784782587 | enp139s0f0np0: 234150361261324 63176005729    0 2473    0     0          0    502279 181794187642399 47128072664    0    0    0     0       0          0
1784782588 | enp139s0f0np0: 234150368386300 63176042170    0 2473    0     0          0    502279 181798715513244 47129159349    0    0    0     0       0          0
1784782589 | enp139s0f0np0: 234150375648969 63176080163    0 2473    0     0          0    502279 181803265247669 47130251188    0    0    0     0       0          0
1784782590 | enp139s0f0np0: 234150382891859 63176118887    0 2473    0     0          0    502279 181807773645803 47131333153    0    0    0     0       0          0
1784782591 | enp139s0f0np0: 234150389747669 63176151143    0 2473    0     0          0    502279 181812298051537 47132419036    0    0    0     0       0          0
1784782592 | enp139s0f0np0: 234150396756552 63176186352    0 2473    0     0          0    502279 181816766955982 47133491412    0    0    0     0       0          0
1784782593 | enp139s0f0np0: 234150403918065 63176223478    0 2473    0     0          0    502279 181821271203351 47134572440    0    0    0     0       0          0
1784782594 | enp139s0f0np0: 234150411272561 63176261374    0 2473    0     0          0    502279 181825937908626 47135692343    0    0    0     0       0          0
1784782595 | enp139s0f0np0: 234150418611188 63176299276    0 2473    0     0          0    502279 181830554344509 47136800357    0    0    0     0       0          0
1784782596 | enp139s0f0np0: 234150425800676 63176335915    0 2473    0     0          0    502279 181835109411608 47137893656    0    0    0     0       0          0
1784782597 | enp139s0f0np0: 234150433121864 63176373547    0 2473    0     0          0    502279 181839767171018 47139011554    0    0    0     0       0          0
1784782598 | enp139s0f0np0: 234150440475926 63176411709    0 2473    0     0          0    502280 181844325800018 47140105770    0    0    0     0       0          0
1784782599 | enp139s0f0np0: 234150447794901 63176449986    0 2473    0     0          0    502280 181848953888965 47141216505    0    0    0     0       0          0
