1784740408 | enp139s0f0np0: 210141165761161 56941424317    0 2473    0     0          0    500873 154228051140360 40074058721    0    0    0     0       0          0
1784740409 | enp139s0f0np0: 210141835962007 56941598881    0 2473    0     0          0    500873 154228420101270 40074163280    0    0    0     0       0          0
1784740410 | enp139s0f0np0: 210143466734034 56942002285    0 2473    0     0          0    500873 154229324550999 40074397399    0    0    0     0       0          0
1784740411 | enp139s0f0np0: 210145150809007 56942418532    0 2473    0     0          0    500873 154230231949987 40074632556    0    0    0     0       0          0
1784740412 | enp139s0f0np0: 210146922187031 56942855762    0 2473    0     0          0    500873 154231187126781 40074879595    0    0    0     0       0          0
1784740413 | enp139s0f0np0: 210148562645568 56943261227    0 2473    0     0          0    500873 154232113748075 40075118856    0    0    0     0       0          0
1784740414 | enp139s0f0np0: 210150201598424 56943666103    0 2473    0     0          0    500873 154232978499980 40075343117    0    0    0     0       0          0
1784740415 | enp139s0f0np0: 210151866493931 56944077506    0 2473    0     0          0    500874 154233873502702 40075575098    0    0    0     0       0          0
1784740416 | enp139s0f0np0: 210153544008893 56944491917    0 2473    0     0          0    500874 154234761900093 40075805577    0    0    0     0       0          0
1784740417 | enp139s0f0np0: 210155172078656 56944894158    0 2473    0     0          0    500874 154235660165163 40076037882    0    0    0     0       0          0
1784740418 | enp139s0f0np0: 210156808454679 56945298550    0 2473    0     0          0    500874 154236573951391 40076274207    0    0    0     0       0          0
1784740419 | enp139s0f0np0: 210158463103419 56945707912    0 2473    0     0          0    500874 154237532392306 40076521421    0    0    0     0       0          0
1784740420 | enp139s0f0np0: 210160121299242 56946118279    0 2473    0     0          0    500874 154238451850476 40076759161    0    0    0     0       0          0
1784740421 | enp139s0f0np0: 210161782704353 56946529200    0 2473    0     0          0    500874 154239368475603 40076996485    0    0    0     0       0          0
1784740422 | enp139s0f0np0: 210163425280341 56946935067    0 2473    0     0          0    500874 154240251811732 40077225730    0    0    0     0       0          0
1784740423 | enp139s0f0np0: 210165074223225 56947343209    0 2473    0     0          0    500874 154241196223349 40077469685    0    0    0     0       0          0
1784740424 | enp139s0f0np0: 210166739207673 56947755136    0 2473    0     0          0    500874 154242108069366 40077706424    0    0    0     0       0          0
1784740425 | enp139s0f0np0: 210168424611440 56948171751    0 2473    0     0          0    500874 154243025072872 40077943906    0    0    0     0       0          0
1784740426 | enp139s0f0np0: 210170049983845 56948573953    0 2473    0     0          0    500874 154243978784093 40078189394    0    0    0     0       0          0
1784740427 | enp139s0f0np0: 210171691539008 56948979193    0 2473    0     0          0    500874 154244858171204 40078417363    0    0    0     0       0          0
1784740428 | enp139s0f0np0: 210173341385886 56949387071    0 2473    0     0          0    500874 154245764034881 40078651562    0    0    0     0       0          0
1784740429 | enp139s0f0np0: 210174952710946 56949785620    0 2473    0     0          0    500874 154246694023163 40078891179    0    0    0     0       0          0
1784740430 | enp139s0f0np0: 210176638141052 56950201996    0 2473    0     0          0    500874 154247623483661 40079131768    0    0    0     0       0          0
1784740431 | enp139s0f0np0: 210178264789867 56950603802    0 2473    0     0          0    500874 154248510562147 40079361395    0    0    0     0       0          0
1784740432 | enp139s0f0np0: 210179911691707 56951010987    0 2473    0     0          0    500874 154249395535754 40079590632    0    0    0     0       0          0
1784740433 | enp139s0f0np0: 210181510639326 56951406585    0 2473    0     0          0    500874 154250300645690 40079824662    0    0    0     0       0          0
1784740434 | enp139s0f0np0: 210183141784531 56951809728    0 2473    0     0          0    500874 154251194476682 40080056481    0    0    0     0       0          0
1784740435 | enp139s0f0np0: 210184747251832 56952206490    0 2473    0     0          0    500874 154252102584268 40080291271    0    0    0     0       0          0
1784740436 | enp139s0f0np0: 210186368747012 56952607270    0 2473    0     0          0    500874 154252991690366 40080521495    0    0    0     0       0          0
1784740437 | enp139s0f0np0: 210187982333139 56953006312    0 2473    0     0          0    500874 154253901785751 40080756417    0    0    0     0       0          0
1784740438 | enp139s0f0np0: 210189617261078 56953410293    0 2473    0     0          0    500874 154254785701988 40080985473    0    0    0     0       0          0
1784740439 | enp139s0f0np0: 210191263190404 56953816819    0 2473    0     0          0    500874 154255676036047 40081216376    0    0    0     0       0          0
1784740440 | enp139s0f0np0: 210192871259654 56954214614    0 2473    0     0          0    500874 154256563088347 40081446159    0    0    0     0       0          0
1784740441 | enp139s0f0np0: 210194501490523 56954617394    0 2473    0     0          0    500874 154257431051044 40081671731    0    0    0     0       0          0
1784740442 | enp139s0f0np0: 210196159857229 56955027393    0 2473    0     0          0    500874 154258321976332 40081902716    0    0    0     0       0          0
1784740443 | enp139s0f0np0: 210197799330837 56955432928    0 2473    0     0          0    500874 154259237657006 40082139381    0    0    0     0       0          0
1784740444 | enp139s0f0np0: 210199438653335 56955838124    0 2473    0     0          0    500874 154260131491344 40082370877    0    0    0     0       0          0
1784740445 | enp139s0f0np0: 210201062755807 56956239434    0 2473    0     0          0    500875 154261004436128 40082597287    0    0    0     0       0          0
1784740446 | enp139s0f0np0: 210202660851134 56956634584    0 2473    0     0          0    500875 154261859975677 40082819416    0    0    0     0       0          0
1784740447 | enp139s0f0np0: 210204306008774 56957041263    0 2473    0     0          0    500875 154262750594397 40083050186    0    0    0     0       0          0
1784740448 | enp139s0f0np0: 210205959490291 56957450274    0 2473    0     0          0    500875 154263650068104 40083282652    0    0    0     0       0          0
1784740449 | enp139s0f0np0: 210207648495547 56957867615    0 2473    0     0          0    500875 154264552065409 40083516252    0    0    0     0       0          0
1784740450 | enp139s0f0np0: 210209262436199 56958267059    0 2473    0     0          0    500875 154265446570143 40083747400    0    0    0     0       0          0
1784740451 | enp139s0f0np0: 210210875900190 56958666194    0 2473    0     0          0    500875 154266351769683 40083981333    0    0    0     0       0          0
1784740452 | enp139s0f0np0: 210212516103050 56959071957    0 2473    0     0          0    500875 154267242340782 40084212057    0    0    0     0       0          0
1784740453 | enp139s0f0np0: 210214170634944 56959481125    0 2473    0     0          0    500875 154268147710938 40084446584    0    0    0     0       0          0
1784740454 | enp139s0f0np0: 210215802052648 56959884652    0 2473    0     0          0    500875 154269031559919 40084675382    0    0    0     0       0          0
1784740455 | enp139s0f0np0: 210217446093713 56960291123    0 2473    0     0          0    500875 154269927453386 40084907750    0    0    0     0       0          0
1784740456 | enp139s0f0np0: 210219018601550 56960679833    0 2473    0     0          0    500875 154270789395775 40085131189    0    0    0     0       0          0
1784740457 | enp139s0f0np0: 210220659819943 56961085907    0 2473    0     0          0    500875 154271664031180 40085358252    0    0    0     0       0          0
1784740458 | enp139s0f0np0: 210222290871720 56961489823    0 2473    0     0          0    500875 154272544234880 40085586534    0    0    0     0       0          0
1784740459 | enp139s0f0np0: 210223948764053 56961900476    0 2473    0     0          0    500875 154273479711280 40085828335    0    0    0     0       0          0
1784740460 | enp139s0f0np0: 210225581552646 56962304179    0 2473    0     0          0    500875 154274356443935 40086055888    0    0    0     0       0          0
1784740461 | enp139s0f0np0: 210227105058911 56962683301    0 2473    0     0          0    500875 154275227821504 40086281827    0    0    0     0       0          0
1784740462 | enp139s0f0np0: 210228769502859 56963095071    0 2473    0     0          0    500875 154276119664059 40086512946    0    0    0     0       0          0
1784740463 | enp139s0f0np0: 210230375952871 56963492355    0 2473    0     0          0    500875 154276999703868 40086740908    0    0    0     0       0          0
1784740464 | enp139s0f0np0: 210231971011424 56963886923    0 2473    0     0          0    500875 154277865147313 40086965081    0    0    0     0       0          0
1784740465 | enp139s0f0np0: 210233579510904 56964284527    0 2473    0     0          0    500875 154278735561515 40087190935    0    0    0     0       0          0
1784740466 | enp139s0f0np0: 210235243902075 56964696203    0 2473    0     0          0    500875 154279659381445 40087429802    0    0    0     0       0          0
1784740467 | enp139s0f0np0: 210236905185919 56965107037    0 2473    0     0          0    500875 154280555987289 40087662031    0    0    0     0       0          0
1784740468 | enp139s0f0np0: 210238593478243 56965524512    0 2473    0     0          0    500875 154281483607699 40087902383    0    0    0     0       0          0
1784740469 | enp139s0f0np0: 210240233507135 56965929715    0 2473    0     0          0    500875 154282375610374 40088133121    0    0    0     0       0          0
1784740470 | enp139s0f0np0: 210241889105413 56966338774    0 2473    0     0          0    500875 154283280891573 40088367468    0    0    0     0       0          0
1784740471 | enp139s0f0np0: 210243575896528 56966755770    0 2473    0     0          0    500875 154284205912928 40088606917    0    0    0     0       0          0
1784740472 | enp139s0f0np0: 210245204949592 56967158882    0 2473    0     0          0    500875 154285119424436 40088842879    0    0    0     0       0          0
1784740473 | enp139s0f0np0: 210246867089158 56967569719    0 2473    0     0          0    500875 154286020549082 40089076347    0    0    0     0       0          0
1784740474 | enp139s0f0np0: 210248520358765 56967978243    0 2473    0     0          0    500876 154286928998749 40089311486    0    0    0     0       0          0
1784740475 | enp139s0f0np0: 210250152462966 56968381334    0 2473    0     0          0    500876 154287792960600 40089535498    0    0    0     0       0          0
1784740476 | enp139s0f0np0: 210251834084602 56968796763    0 2473    0     0          0    500876 154288680852250 40089765970    0    0    0     0       0          0
1784740477 | enp139s0f0np0: 210253523072755 56969214521    0 2473    0     0          0    500876 154289610408073 40090006862    0    0    0     0       0          0
1784740478 | enp139s0f0np0: 210255186519800 56969625935    0 2473    0     0          0    500876 154290547057708 40090248853    0    0    0     0       0          0
1784740479 | enp139s0f0np0: 210256843366804 56970035686    0 2473    0     0          0    500876 154291432312681 40090478214    0    0    0     0       0          0
1784740480 | enp139s0f0np0: 210258503901256 56970446352    0 2473    0     0          0    500876 154292326773949 40090709950    0    0    0     0       0          0
1784740481 | enp139s0f0np0: 210260129858882 56970848929    0 2473    0     0          0    500876 154293231520504 40090944083    0    0    0     0       0          0
1784740482 | enp139s0f0np0: 210261820075167 56971266258    0 2473    0     0          0    500876 154294136696901 40091178748    0    0    0     0       0          0
1784740483 | enp139s0f0np0: 210263406159270 56971659122    0 2473    0     0          0    500876 154295054800397 40091415450    0    0    0     0       0          0
1784740484 | enp139s0f0np0: 210264968502967 56972047678    0 2473    0     0          0    500876 154295970755062 40091652065    0    0    0     0       0          0
1784740485 | enp139s0f0np0: 210266638738300 56972460407    0 2473    0     0          0    500876 154296864430737 40091883833    0    0    0     0       0          0
1784740486 | enp139s0f0np0: 210268269016507 56972863690    0 2473    0     0          0    500876 154297742995754 40092111547    0    0    0     0       0          0
1784740487 | enp139s0f0np0: 210269905469791 56973268219    0 2473    0     0          0    500876 154298654622353 40092347136    0    0    0     0       0          0
1784740488 | enp139s0f0np0: 210271554226857 56973675668    0 2473    0     0          0    500876 154299557753457 40092581028    0    0    0     0       0          0
1784740489 | enp139s0f0np0: 210273221559502 56974087510    0 2473    0     0          0    500876 154300458224117 40092814246    0    0    0     0       0          0
1784740490 | enp139s0f0np0: 210274879862397 56974497450    0 2473    0     0          0    500876 154301351950956 40093045786    0    0    0     0       0          0
1784740491 | enp139s0f0np0: 210276575662925 56974916376    0 2473    0     0          0    500876 154302276599871 40093284916    0    0    0     0       0          0
1784740492 | enp139s0f0np0: 210278245688958 56975329063    0 2473    0     0          0    500876 154303155594208 40093513119    0    0    0     0       0          0
1784740493 | enp139s0f0np0: 210279881862858 56975733115    0 2473    0     0          0    500876 154304002114083 40093733172    0    0    0     0       0          0
1784740494 | enp139s0f0np0: 210281521473622 56976138385    0 2473    0     0          0    500876 154304868662768 40093957883    0    0    0     0       0          0
1784740495 | enp139s0f0np0: 210283190084881 56976550785    0 2473    0     0          0    500876 154305768650966 40094191056    0    0    0     0       0          0
1784740496 | enp139s0f0np0: 210284853057474 56976961414    0 2473    0     0          0    500876 154306637637801 40094416894    0    0    0     0       0          0
1784740497 | enp139s0f0np0: 210286500620337 56977368065    0 2473    0     0          0    500876 154307501203467 40094641187    0    0    0     0       0          0
1784740498 | enp139s0f0np0: 210288197408334 56977786522    0 2473    0     0          0    500876 154308388174724 40094871665    0    0    0     0       0          0
1784740499 | enp139s0f0np0: 210289874399574 56978199593    0 2473    0     0          0    500876 154309206516776 40095085121    0    0    0     0       0          0
1784740500 | enp139s0f0np0: 210291539228422 56978610343    0 2473    0     0          0    500876 154310025496972 40095298971    0    0    0     0       0          0
1784740501 | enp139s0f0np0: 210293224198232 56979025485    0 2473    0     0          0    500876 154310848376249 40095513559    0    0    0     0       0          0
1784740502 | enp139s0f0np0: 210294962776843 56979452946    0 2473    0     0          0    500876 154311608976477 40095713772    0    0    0     0       0          0
1784740503 | enp139s0f0np0: 210296588561520 56979855105    0 2473    0     0          0    500876 154312444939142 40095931012    0    0    0     0       0          0
1784740504 | enp139s0f0np0: 210298303807773 56980277299    0 2473    0     0          0    500877 154313206732567 40096130907    0    0    0     0       0          0
1784740505 | enp139s0f0np0: 210300047214839 56980706422    0 2473    0     0          0    500877 154314002944845 40096339777    0    0    0     0       0          0
1784740506 | enp139s0f0np0: 210301774253549 56981131856    0 2473    0     0          0    500877 154314827198445 40096555591    0    0    0     0       0          0
1784740507 | enp139s0f0np0: 210303459870421 56981547717    0 2473    0     0          0    500877 154315692971977 40096780738    0    0    0     0       0          0
1784740508 | enp139s0f0np0: 210305144388800 56981964007    0 2473    0     0          0    500877 154316596376399 40097015027    0    0    0     0       0          0
1784740509 | enp139s0f0np0: 210306767147238 56982365212    0 2473    0     0          0    500877 154317492000356 40097246573    0    0    0     0       0          0
1784740510 | enp139s0f0np0: 210308409145451 56982771048    0 2473    0     0          0    500877 154318397293636 40097480616    0    0    0     0       0          0
1784740511 | enp139s0f0np0: 210310026486296 56983170919    0 2473    0     0          0    500877 154319313133635 40097716848    0    0    0     0       0          0
1784740512 | enp139s0f0np0: 210311648541175 56983571802    0 2473    0     0          0    500877 154320201594556 40097946913    0    0    0     0       0          0
1784740513 | enp139s0f0np0: 210313337516889 56983989212    0 2473    0     0          0    500877 154321118553225 40098183993    0    0    0     0       0          0
1784740514 | enp139s0f0np0: 210314961292066 56984390549    0 2473    0     0          0    500877 154322004825339 40098413136    0    0    0     0       0          0
1784740515 | enp139s0f0np0: 210316588065538 56984792951    0 2473    0     0          0    500877 154322903688979 40098645653    0    0    0     0       0          0
1784740516 | enp139s0f0np0: 210318267617217 56985207753    0 2473    0     0          0    500877 154323815332462 40098881948    0    0    0     0       0          0
1784740517 | enp139s0f0np0: 210319912073748 56985614554    0 2473    0     0          0    500877 154324726827183 40099117457    0    0    0     0       0          0
1784740518 | enp139s0f0np0: 210321582889418 56986027757    0 2473    0     0          0    500877 154325662414497 40099359025    0    0    0     0       0          0
1784740519 | enp139s0f0np0: 210323245240376 56986438400    0 2473    0     0          0    500877 154326539200911 40099586673    0    0    0     0       0          0
1784740520 | enp139s0f0np0: 210324870520118 56986840176    0 2473    0     0          0    500877 154327405785452 40099811728    0    0    0     0       0          0
1784740521 | enp139s0f0np0: 210326497093611 56987242303    0 2473    0     0          0    500877 154328285858234 40100039796    0    0    0     0       0          0
1784740522 | enp139s0f0np0: 210328146597647 56987650519    0 2473    0     0          0    500877 154329206628384 40100277404    0    0    0     0       0          0
1784740523 | enp139s0f0np0: 210329807709238 56988060504    0 2473    0     0          0    500877 154330061879939 40100499811    0    0    0     0       0          0
1784740524 | enp139s0f0np0: 210331444327548 56988465203    0 2473    0     0          0    500877 154330941361296 40100728436    0    0    0     0       0          0
1784740525 | enp139s0f0np0: 210333029556005 56988857167    0 2473    0     0          0    500877 154331806079884 40100951977    0    0    0     0       0          0
1784740526 | enp139s0f0np0: 210334669432111 56989262670    0 2473    0     0          0    500877 154332726257869 40101189857    0    0    0     0       0          0
1784740527 | enp139s0f0np0: 210336303608607 56989666829    0 2473    0     0          0    500877 154333629831393 40101423668    0    0    0     0       0          0
1784740528 | enp139s0f0np0: 210337937515409 56990070836    0 2473    0     0          0    500877 154334510045321 40101652058    0    0    0     0       0          0
1784740529 | enp139s0f0np0: 210339585276670 56990478436    0 2473    0     0          0    500877 154335403641699 40101883602    0    0    0     0       0          0
1784740530 | enp139s0f0np0: 210341180798128 56990872886    0 2473    0     0          0    500877 154336258376926 40102105292    0    0    0     0       0          0
1784740531 | enp139s0f0np0: 210342798892109 56991273390    0 2473    0     0          0    500877 154337188839899 40102345489    0    0    0     0       0          0
1784740532 | enp139s0f0np0: 210344412654640 56991672716    0 2473    0     0          0    500877 154338102194241 40102581367    0    0    0     0       0          0
1784740533 | enp139s0f0np0: 210346053542893 56992078716    0 2473    0     0          0    500877 154339010419619 40102816260    0    0    0     0       0          0
1784740534 | enp139s0f0np0: 210347690151897 56992483912    0 2473    0     0          0    500878 154339931462033 40103054284    0    0    0     0       0          0
1784740535 | enp139s0f0np0: 210349298462171 56992882083    0 2473    0     0          0    500878 154340814807124 40103283003    0    0    0     0       0          0
1784740536 | enp139s0f0np0: 210350935251232 56993286701    0 2473    0     0          0    500878 154341704097116 40103513162    0    0    0     0       0          0
1784740537 | enp139s0f0np0: 210352582156610 56993693936    0 2473    0     0          0    500878 154342607047277 40103746841    0    0    0     0       0          0
1784740538 | enp139s0f0np0: 210354220165999 56994099427    0 2473    0     0          0    500878 154343527021804 40103984581    0    0    0     0       0          0
1784740539 | enp139s0f0np0: 210355865186973 56994506131    0 2473    0     0          0    500878 154344417437927 40104215468    0    0    0     0       0          0
1784740540 | enp139s0f0np0: 210357566322461 56994926714    0 2473    0     0          0    500878 154345344081869 40104455466    0    0    0     0       0          0
1784740541 | enp139s0f0np0: 210359213223832 56995334084    0 2473    0     0          0    500878 154346237991970 40104687257    0    0    0     0       0          0
1784740542 | enp139s0f0np0: 210360878992294 56995745960    0 2473    0     0          0    500878 154347133812424 40104919235    0    0    0     0       0          0
1784740543 | enp139s0f0np0: 210362484308755 56996143386    0 2473    0     0          0    500878 154348020083594 40105148905    0    0    0     0       0          0
1784740544 | enp139s0f0np0: 210364101052186 56996543536    0 2473    0     0          0    500878 154348914418084 40105379950    0    0    0     0       0          0
1784740545 | enp139s0f0np0: 210365713537225 56996942419    0 2473    0     0          0    500878 154349789385725 40105606620    0    0    0     0       0          0
1784740546 | enp139s0f0np0: 210367387951043 56997356604    0 2473    0     0          0    500878 154350698645662 40105842022    0    0    0     0       0          0
1784740547 | enp139s0f0np0: 210369043596950 56997766474    0 2473    0     0          0    500878 154351639726826 40106084971    0    0    0     0       0          0
1784740548 | enp139s0f0np0: 210370684152926 56998172018    0 2473    0     0          0    500878 154352540773614 40106318126    0    0    0     0       0          0
1784740549 | enp139s0f0np0: 210372301152836 56998572409    0 2473    0     0          0    500878 154353461235728 40106556059    0    0    0     0       0          0
1784740550 | enp139s0f0np0: 210373943970822 56998978530    0 2473    0     0          0    500878 154354336900156 40106783481    0    0    0     0       0          0
1784740551 | enp139s0f0np0: 210375561405995 56999378629    0 2473    0     0          0    500878 154355262968310 40107022256    0    0    0     0       0          0
1784740552 | enp139s0f0np0: 210377188939787 56999781099    0 2473    0     0          0    500878 154356170620515 40107257188    0    0    0     0       0          0
1784740553 | enp139s0f0np0: 210378836136969 57000188862    0 2473    0     0          0    500878 154357072287018 40107490713    0    0    0     0       0          0
1784740554 | enp139s0f0np0: 210380429953235 57000583158    0 2473    0     0          0    500878 154357946487836 40107717237    0    0    0     0       0          0
1784740555 | enp139s0f0np0: 210382046009903 57000983158    0 2473    0     0          0    500878 154358836210230 40107947085    0    0    0     0       0          0
1784740556 | enp139s0f0np0: 210383670114402 57001384807    0 2473    0     0          0    500878 154359733453418 40108179145    0    0    0     0       0          0
1784740557 | enp139s0f0np0: 210385314820580 57001791594    0 2473    0     0          0    500878 154360635500441 40108412097    0    0    0     0       0          0
1784740558 | enp139s0f0np0: 210386888107022 57002181412    0 2473    0     0          0    500878 154361516313494 40108640064    0    0    0     0       0          0
1784740559 | enp139s0f0np0: 210388561337351 57002595355    0 2473    0     0          0    500878 154362432205419 40108877244    0    0    0     0       0          0
1784740560 | enp139s0f0np0: 210390172940173 57002994124    0 2473    0     0          0    500878 154363338964242 40109111102    0    0    0     0       0          0
1784740561 | enp139s0f0np0: 210391828736579 57003404032    0 2473    0     0          0    500878 154364262236206 40109349991    0    0    0     0       0          0
1784740562 | enp139s0f0np0: 210393500224483 57003817084    0 2473    0     0          0    500878 154365193054588 40109590747    0    0    0     0       0          0
1784740563 | enp139s0f0np0: 210395128613447 57004219481    0 2473    0     0          0    500878 154366044841077 40109812024    0    0    0     0       0          0
1784740564 | enp139s0f0np0: 210396762696508 57004624006    0 2473    0     0          0    500879 154366943111020 40110044455    0    0    0     0       0          0
1784740565 | enp139s0f0np0: 210398370230720 57005021616    0 2473    0     0          0    500879 154367824502204 40110272378    0    0    0     0       0          0
1784740566 | enp139s0f0np0: 210399999150098 57005424924    0 2473    0     0          0    500879 154368725797891 40110505437    0    0    0     0       0          0
1784740567 | enp139s0f0np0: 210401634248884 57005829454    0 2473    0     0          0    500879 154369628168062 40110738593    0    0    0     0       0          0
1784740568 | enp139s0f0np0: 210403263165885 57006232977    0 2473    0     0          0    500879 154370551834135 40110976999    0    0    0     0       0          0
1784740569 | enp139s0f0np0: 210404925535501 57006644018    0 2473    0     0          0    500879 154371452467250 40111210244    0    0    0     0       0          0
1784740570 | enp139s0f0np0: 210406548479815 57007045534    0 2473    0     0          0    500879 154372336346942 40111439343    0    0    0     0       0          0
1784740571 | enp139s0f0np0: 210408182764795 57007449731    0 2473    0     0          0    500879 154373229624622 40111670660    0    0    0     0       0          0
1784740572 | enp139s0f0np0: 210409839019643 57007859157    0 2473    0     0          0    500879 154374133380202 40111904523    0    0    0     0       0          0
1784740573 | enp139s0f0np0: 210411454185247 57008258986    0 2473    0     0          0    500879 154375029819874 40112136343    0    0    0     0       0          0
1784740574 | enp139s0f0np0: 210413108927462 57008668054    0 2473    0     0          0    500879 154375939789776 40112371686    0    0    0     0       0          0
1784740575 | enp139s0f0np0: 210414779939194 57009081400    0 2473    0     0          0    500879 154376843834126 40112606066    0    0    0     0       0          0
1784740576 | enp139s0f0np0: 210416420429614 57009487064    0 2473    0     0          0    500879 154377774253603 40112846553    0    0    0     0       0          0
1784740577 | enp139s0f0np0: 210418053318894 57009890858    0 2473    0     0          0    500879 154378648041533 40113073112    0    0    0     0       0          0
1784740578 | enp139s0f0np0: 210419662641576 57010288846    0 2473    0     0          0    500879 154379512444613 40113297245    0    0    0     0       0          0
1784740579 | enp139s0f0np0: 210421314840378 57010697362    0 2473    0     0          0    500879 154380407596813 40113528714    0    0    0     0       0          0
1784740580 | enp139s0f0np0: 210422991549389 57011111542    0 2473    0     0          0    500879 154381314678217 40113764085    0    0    0     0       0          0
1784740581 | enp139s0f0np0: 210424619305224 57011514039    0 2473    0     0          0    500879 154382199150259 40113993545    0    0    0     0       0          0
1784740582 | enp139s0f0np0: 210426276496807 57011923572    0 2473    0     0          0    500879 154383075200467 40114221129    0    0    0     0       0          0
1784740583 | enp139s0f0np0: 210427931009689 57012332950    0 2473    0     0          0    500879 154383983751001 40114456117    0    0    0     0       0          0
1784740584 | enp139s0f0np0: 210429615129625 57012749240    0 2473    0     0          0    500879 154384861254621 40114684218    0    0    0     0       0          0
1784740585 | enp139s0f0np0: 210431236332861 57013150613    0 2473    0     0          0    500879 154385754747418 40114915286    0    0    0     0       0          0
1784740586 | enp139s0f0np0: 210432902394666 57013562897    0 2473    0     0          0    500879 154386660872290 40115149500    0    0    0     0       0          0
1784740587 | enp139s0f0np0: 210434574232184 57013975669    0 2473    0     0          0    500879 154387513391518 40115371313    0    0    0     0       0          0
1784740588 | enp139s0f0np0: 210436168374640 57014369507    0 2473    0     0          0    500879 154388365457610 40115592272    0    0    0     0       0          0
