hints = 1
  sec Cur ops   started  finished  avg MB/s  cur MB/s last lat(s)  avg lat(s)
    0       0         0         0         0         0           -           0
    1   12207     12207         0         0         0           -           0
    2   16383     26698     10315   1289.25   1289.38     1.16649      1.3036
    3   16383     43800     27417   2284.55    4275.5    0.950285     1.11906
    4   16383     60969     44586   2786.39   4292.25    0.947569     1.05821
    5   16383     77789     61406   3070.04      4205     0.97538     1.03192
    6   16383     95420     79037   3292.94   4407.75     0.93015     1.01032
    7   16383    112047     95664   3416.29   4156.75    0.986158     1.00384
    8   16383    128083    111700   3490.33      4009      1.0202     1.00639
    9   16383    145186    128803    3577.5   4275.75    0.956174     1.00111
   10   16383    161056    144673   3616.47    3967.5     1.02997    0.996212
   11   16383    179064    162681   3696.95      4502    0.917433    0.994081
   12   16383    196207    179824   3745.97   4285.75    0.952139    0.990739
   13   16384    212972    196588   3780.15      4191    0.971536    0.988837
   14   16383    229500    213117   3805.26   4132.25    0.989279    0.988359
   15   16383    246571    230188   3836.06   4267.75    0.965521    0.987037
   16   16384    262861    246477   3850.79   4072.25     1.00501    0.986264
   17   16383    280214    263831   3879.46    4338.5    0.956167    0.985245
   18   16383    296486    280103   3889.87      4068     1.00592    0.985106
   19   16383    312485    296102   3895.64   3999.75      1.0284    0.986363
2026-07-19T01:17:31.591791+0700 min lat: 0.882337 max lat: 1.39991 avg lat: 0.987537
  sec Cur ops   started  finished  avg MB/s  cur MB/s last lat(s)  avg lat(s)
   20   16383    329000    312617   3907.25   4128.75    0.992932    0.987537
   21   16383    345897    329514   3922.32   4224.25    0.962038    0.987749
   22   16383    362212    345829   3929.42   4078.75     1.00339    0.986986
   23   16383    378523    362140   3935.82   4077.75     1.00435    0.988504
   24   16383    395739    379356   3951.15      4304    0.957812     0.98722
   25   16383    413043    396660   3966.11      4326    0.949654    0.985964
   26   16383    429863    413480   3975.29      4205    0.967325    0.984966
   27   16383    445958    429575   3977.07   4023.75     1.01499    0.985952
   28   16384    461668    445284   3975.24   3927.25     1.03904    0.987113
   29   16383    478934    462551      3987   4316.75    0.955317    0.986672
   30   16383    494505    478122   3983.83   3892.75      1.0534    0.987859
   31   16383    511463    495080   3992.07    4239.5    0.956793    0.988199
   32   16383    527573    511190   3993.15    4027.5     1.01597    0.988492
   33   16383    544525    528142   4000.56      4238    0.958112    0.988664
   34   16383    561350    544967   4006.59   4206.25    0.974489    0.987805
   35   16383    577790    561407   4009.49      4110    0.997353    0.987764
   36   16383    594287    577904   4012.67   4124.25    0.990964    0.987807
   37   16383    610407    594024   4013.13      4030     1.01392    0.988281
   38   16383    627641    611258    4020.9    4308.5    0.937381    0.988537
   39   16383    644087    627704    4023.2    4111.5    0.996537    0.987836
2026-07-19T01:17:51.594740+0700 min lat: 0.882337 max lat: 1.39991 avg lat: 0.988051
  sec Cur ops   started  finished  avg MB/s  cur MB/s last lat(s)  avg lat(s)
   40   16383    660931    644548   4027.89      4211    0.966258    0.988051
   41   16383    677167    660784   4028.56      4059     1.00885    0.987834
   42   16383    692806    676423   4025.72   3909.75     1.04526    0.988757
   43   16383    710255    693872   4033.54   4362.25    0.960834    0.988371
   44   16383    726318    709935   4033.11   4015.75     1.02265    0.988514
   45   16383    743979    727596    4041.6   4415.25    0.899172    0.988314
   46   16383    760774    744391      4045   4198.75    0.978997    0.987753
   47   16383    777143    760760   4045.99   4092.25     1.00092    0.987104
   48   16383    794936    778553   4054.36   4448.25    0.935405    0.986478
   49   16383    811052    794669   4053.84      4029     1.01453    0.986148
   50   16383    828091    811708   4057.95   4259.75    0.951527    0.986543
   51   16383    845912    829529   4065.73   4455.25    0.922705    0.985324
   52   16383    862882    846499   4069.13    4242.5    0.966647    0.984395
   53   16383    879000    862617   4068.37    4029.5     1.01534    0.984363
   54   16383    895599    879216   4069.87   4149.75     0.98394    0.985113
   55   16383    912744    896361    4073.8   4286.25    0.958748    0.984678
   56   16383    928351    911968   4070.72   3901.75     1.05202    0.984736
   57   16383    945526    929143   4074.63   4293.75    0.974577    0.985031
   58   16383    962310    945927    4076.7      4196    0.978183    0.984625
   59   16383    979105    962722   4078.76   4198.75    0.969847    0.984744
2026-07-19T01:18:11.724625+0700 min lat: 0.80985 max lat: 1.39991 avg lat: 0.984235
  sec Cur ops   started  finished  avg MB/s  cur MB/s last lat(s)  avg lat(s)
   60   11690    995944    984254   4091.84      5383     0.80985    0.984235
Total time run:       60.3757
Total reads made:     995944
Read size:            262144
Object size:          262144
Bandwidth (MB/sec):   4123.94
Average IOPS:         16495
Stddev IOPS:          2750.13
Max IOPS:             21532
Min IOPS:             0
Average Latency(s):   0.979446
Max latency(s):       1.39991
Min latency(s):       0.375715
