1784772527 | enp139s0f0np0: 227173099188380 61382151912    0 2473    0     0          0    501944 175254981044284 45443215528    0    0    0     0       0          0
1784772528 | enp139s0f0np0: 227175196279457 61382658727    0 2473    0     0          0    501944 175254990190846 45443232982    0    0    0     0       0          0
1784772529 | enp139s0f0np0: 227179567687403 61383714610    0 2473    0     0          0    501944 175255009142869 45443269686    0    0    0     0       0          0
1784772530 | enp139s0f0np0: 227183592650777 61384687985    0 2473    0     0          0    501944 175255026937028 45443309227    0    0    0     0       0          0
1784772531 | enp139s0f0np0: 227187644756767 61385667277    0 2473    0     0          0    501944 175255044609463 45443345094    0    0    0     0       0          0
1784772532 | enp139s0f0np0: 227191626355712 61386629953    0 2473    0     0          0    501944 175255062060632 45443380585    0    0    0     0       0          0
1784772533 | enp139s0f0np0: 227195571099244 61387584140    0 2473    0     0          0    501944 175255079257223 45443415519    0    0    0     0       0          0
1784772534 | enp139s0f0np0: 227199735433025 61388590098    0 2473    0     0          0    501944 175255097359086 45443451757    0    0    0     0       0          0
1784772535 | enp139s0f0np0: 227203779797989 61389567681    0 2473    0     0          0    501944 175255115106462 45443488654    0    0    0     0       0          0
1784772536 | enp139s0f0np0: 227207819012098 61390544778    0 2473    0     0          0    501944 175255133041861 45443529444    0    0    0     0       0          0
1784772537 | enp139s0f0np0: 227211784417391 61391503547    0 2473    0     0          0    501944 175255150393836 45443565551    0    0    0     0       0          0
1784772538 | enp139s0f0np0: 227215896402602 61392497466    0 2473    0     0          0    501944 175255168455956 45443603453    0    0    0     0       0          0
1784772539 | enp139s0f0np0: 227220054905420 61393502195    0 2473    0     0          0    501944 175255186662010 45443640637    0    0    0     0       0          0
1784772540 | enp139s0f0np0: 227224147391909 61394491241    0 2473    0     0          0    501944 175255204655017 45443679243    0    0    0     0       0          0
1784772541 | enp139s0f0np0: 227228198806623 61395470509    0 2473    0     0          0    501944 175255222398209 45443716140    0    0    0     0       0          0
1784772542 | enp139s0f0np0: 227232345788116 61396472339    0 2473    0     0          0    501944 175255240442018 45443751768    0    0    0     0       0          0
1784772543 | enp139s0f0np0: 227236570027736 61397492625    0 2473    0     0          0    501944 175255258707059 45443786799    0    0    0     0       0          0
1784772544 | enp139s0f0np0: 227240749185888 61398502519    0 2473    0     0          0    501944 175255276934369 45443823265    0    0    0     0       0          0
1784772545 | enp139s0f0np0: 227244892273740 61399503063    0 2473    0     0          0    501944 175255294662526 45443855529    0    0    0     0       0          0
1784772546 | enp139s0f0np0: 227249077361925 61400513816    0 2473    0     0          0    501944 175255312697811 45443888940    0    0    0     0       0          0
1784772547 | enp139s0f0np0: 227253303923306 61401535042    0 2473    0     0          0    501945 175255331319514 45443929503    0    0    0     0       0          0
1784772548 | enp139s0f0np0: 227257426505451 61402531621    0 2473    0     0          0    501945 175255349481163 45443968724    0    0    0     0       0          0
1784772549 | enp139s0f0np0: 227261628298146 61403546783    0 2473    0     0          0    501945 175255367650709 45444003457    0    0    0     0       0          0
1784772550 | enp139s0f0np0: 227265743142999 61404541260    0 2473    0     0          0    501945 175255385592571 45444039023    0    0    0     0       0          0
1784772551 | enp139s0f0np0: 227269814450810 61405525563    0 2473    0     0          0    501945 175255403616334 45444079002    0    0    0     0       0          0
1784772552 | enp139s0f0np0: 227273961005497 61406527289    0 2473    0     0          0    501945 175255421862768 45444117983    0    0    0     0       0          0
1784772553 | enp139s0f0np0: 227278050765112 61407515448    0 2473    0     0          0    501945 175255439634752 45444153166    0    0    0     0       0          0
1784772554 | enp139s0f0np0: 227282176174845 61408512525    0 2473    0     0          0    501945 175255457638311 45444190209    0    0    0     0       0          0
1784772555 | enp139s0f0np0: 227286099095979 61409461459    0 2473    0     0          0    501945 175255475054868 45444229565    0    0    0     0       0          0
1784772556 | enp139s0f0np0: 227290295052764 61410474247    0 2473    0     0          0    501945 175255492952593 45444260049    0    0    0     0       0          0
1784772557 | enp139s0f0np0: 227294342406755 61411452290    0 2473    0     0          0    501945 175255510653820 45444296585    0    0    0     0       0          0
1784772558 | enp139s0f0np0: 227298379225752 61412428429    0 2473    0     0          0    501945 175255528404245 45444334735    0    0    0     0       0          0
1784772559 | enp139s0f0np0: 227302311023711 61413379756    0 2473    0     0          0    501945 175255545794989 45444373158    0    0    0     0       0          0
1784772560 | enp139s0f0np0: 227306341421987 61414354186    0 2473    0     0          0    501945 175255563317916 45444407586    0    0    0     0       0          0
1784772561 | enp139s0f0np0: 227310399139889 61415335148    0 2473    0     0          0    501945 175255581146020 45444446222    0    0    0     0       0          0
1784772562 | enp139s0f0np0: 227314423513476 61416308433    0 2473    0     0          0    501945 175255598858286 45444483753    0    0    0     0       0          0
1784772563 | enp139s0f0np0: 227318729103412 61417348956    0 2473    0     0          0    501945 175255617671325 45444522450    0    0    0     0       0          0
1784772564 | enp139s0f0np0: 227322841033824 61418343089    0 2473    0     0          0    501945 175255635769096 45444561459    0    0    0     0       0          0
1784772565 | enp139s0f0np0: 227327049440504 61419359489    0 2473    0     0          0    501945 175255654049233 45444597119    0    0    0     0       0          0
1784772566 | enp139s0f0np0: 227331387848149 61420407151    0 2473    0     0          0    501945 175255672702570 45444631679    0    0    0     0       0          0
1784772567 | enp139s0f0np0: 227335547235911 61421412034    0 2473    0     0          0    501945 175255690852049 45444669256    0    0    0     0       0          0
1784772568 | enp139s0f0np0: 227339718516077 61422419798    0 2473    0     0          0    501945 175255709077698 45444706001    0    0    0     0       0          0
1784772569 | enp139s0f0np0: 227343759349358 61423397109    0 2473    0     0          0    501945 175255726828054 45444744548    0    0    0     0       0          0
1784772570 | enp139s0f0np0: 227347877811967 61424393068    0 2473    0     0          0    501945 175255744884695 45444782238    0    0    0     0       0          0
1784772571 | enp139s0f0np0: 227351802802505 61425342651    0 2473    0     0          0    501945 175255762347285 45444821832    0    0    0     0       0          0
1784772572 | enp139s0f0np0: 227355892119284 61426331493    0 2473    0     0          0    501945 175255780362644 45444861209    0    0    0     0       0          0
1784772573 | enp139s0f0np0: 227360008423567 61427326605    0 2473    0     0          0    501945 175255798555612 45444900906    0    0    0     0       0          0
1784772574 | enp139s0f0np0: 227364330656502 61428370324    0 2473    0     0          0    501945 175255817162897 45444936387    0    0    0     0       0          0
1784772575 | enp139s0f0np0: 227368279262951 61429325618    0 2473    0     0          0    501945 175255834881381 45444978494    0    0    0     0       0          0
1784772576 | enp139s0f0np0: 227372361938240 61430312387    0 2473    0     0          0    501945 175255852827758 45445017394    0    0    0     0       0          0
1784772577 | enp139s0f0np0: 227376546201007 61431323035    0 2473    0     0          0    501946 175255870814894 45445051018    0    0    0     0       0          0
1784772578 | enp139s0f0np0: 227380499522987 61432278847    0 2473    0     0          0    501946 175255888332221 45445090297    0    0    0     0       0          0
1784772579 | enp139s0f0np0: 227384693428236 61433291759    0 2473    0     0          0    501946 175255906539500 45445126661    0    0    0     0       0          0
1784772580 | enp139s0f0np0: 227388797632247 61434283481    0 2473    0     0          0    501946 175255924349623 45445162595    0    0    0     0       0          0
1784772581 | enp139s0f0np0: 227392904997089 61435276362    0 2473    0     0          0    501946 175255942246028 45445199690    0    0    0     0       0          0
1784772582 | enp139s0f0np0: 227396904205407 61436243406    0 2473    0     0          0    501946 175255959986333 45445239848    0    0    0     0       0          0
1784772583 | enp139s0f0np0: 227400871819626 61437202772    0 2473    0     0          0    501946 175255977464608 45445278919    0    0    0     0       0          0
1784772584 | enp139s0f0np0: 227404992251074 61438198727    0 2473    0     0          0    501946 175255995378158 45445315837    0    0    0     0       0          0
1784772585 | enp139s0f0np0: 227409106446107 61439193491    0 2473    0     0          0    501946 175256013459567 45445355143    0    0    0     0       0          0
1784772586 | enp139s0f0np0: 227413153991678 61440172855    0 2473    0     0          0    501946 175256031145364 45445393430    0    0    0     0       0          0
1784772587 | enp139s0f0np0: 227417170055137 61441144310    0 2473    0     0          0    501946 175256048738973 45445432601    0    0    0     0       0          0
1784772588 | enp139s0f0np0: 227421297313529 61442141507    0 2473    0     0          0    501946 175256066651058 45445469855    0    0    0     0       0          0
1784772589 | enp139s0f0np0: 227425440853900 61443142886    0 2473    0     0          0    501946 175256084639360 45445508021    0    0    0     0       0          0
1784772590 | enp139s0f0np0: 227429442269337 61444110140    0 2473    0     0          0    501946 175256101978148 45445546152    0    0    0     0       0          0
1784772591 | enp139s0f0np0: 227433586768822 61445111148    0 2473    0     0          0    501946 175256119697779 45445583178    0    0    0     0       0          0
1784772592 | enp139s0f0np0: 227437529268202 61446064101    0 2473    0     0          0    501946 175256136663990 45445621816    0    0    0     0       0          0
1784772593 | enp139s0f0np0: 227441473951220 61447018558    0 2473    0     0          0    501946 175256153544859 45445661549    0    0    0     0       0          0
1784772594 | enp139s0f0np0: 227445512212329 61447994355    0 2473    0     0          0    501946 175256170181835 45445698053    0    0    0     0       0          0
1784772595 | enp139s0f0np0: 227449562199710 61448973049    0 2473    0     0          0    501946 175256186352970 45445734454    0    0    0     0       0          0
1784772596 | enp139s0f0np0: 227453631373089 61449956409    0 2473    0     0          0    501946 175256202389569 45445772600    0    0    0     0       0          0
1784772597 | enp139s0f0np0: 227458071201456 61451027229    0 2473    0     0          0    501946 175256219327486 45445805931    0    0    0     0       0          0
1784772598 | enp139s0f0np0: 227462055227166 61451990045    0 2473    0     0          0    501946 175256235365747 45445842931    0    0    0     0       0          0
1784772599 | enp139s0f0np0: 227466130249448 61452974990    0 2473    0     0          0    501946 175256252909991 45445879852    0    0    0     0       0          0
1784772600 | enp139s0f0np0: 227470319387666 61453987032    0 2473    0     0          0    501946 175256271187372 45445916878    0    0    0     0       0          0
1784772601 | enp139s0f0np0: 227474391879011 61454971243    0 2473    0     0          0    501946 175256288971682 45445952919    0    0    0     0       0          0
1784772602 | enp139s0f0np0: 227478463375561 61455955237    0 2473    0     0          0    501946 175256306682106 45445988200    0    0    0     0       0          0
1784772603 | enp139s0f0np0: 227482561346211 61456945564    0 2473    0     0          0    501946 175256324686442 45446026143    0    0    0     0       0          0
1784772604 | enp139s0f0np0: 227486423211718 61457879839    0 2473    0     0          0    501946 175256341798851 45446064369    0    0    0     0       0          0
1784772605 | enp139s0f0np0: 227490567966990 61458880716    0 2473    0     0          0    501946 175256359662652 45446097738    0    0    0     0       0          0
1784772606 | enp139s0f0np0: 227494669014372 61459871939    0 2473    0     0          0    501946 175256377687024 45446135950    0    0    0     0       0          0
1784772607 | enp139s0f0np0: 227498723625614 61460851962    0 2473    0     0          0    501947 175256395426869 45446172313    0    0    0     0       0          0
1784772608 | enp139s0f0np0: 227502838717147 61461846514    0 2473    0     0          0    501947 175256413380934 45446208579    0    0    0     0       0          0
1784772609 | enp139s0f0np0: 227506856945265 61462818124    0 2473    0     0          0    501947 175256431062994 45446246859    0    0    0     0       0          0
1784772610 | enp139s0f0np0: 227511034290116 61463827868    0 2473    0     0          0    501947 175256449504792 45446286344    0    0    0     0       0          0
1784772611 | enp139s0f0np0: 227515100264958 61464810572    0 2473    0     0          0    501947 175256467135184 45446321287    0    0    0     0       0          0
1784772612 | enp139s0f0np0: 227519114858640 61465781063    0 2473    0     0          0    501947 175256484888123 45446360298    0    0    0     0       0          0
1784772613 | enp139s0f0np0: 227523093682876 61466743453    0 2473    0     0          0    501947 175256502602507 45446400418    0    0    0     0       0          0
1784772614 | enp139s0f0np0: 227527092871350 61467709931    0 2473    0     0          0    501947 175256519981884 45446434933    0    0    0     0       0          0
1784772615 | enp139s0f0np0: 227531109579232 61468680766    0 2473    0     0          0    501947 175256537656919 45446472902    0    0    0     0       0          0
1784772616 | enp139s0f0np0: 227535212261737 61469672486    0 2473    0     0          0    501947 175256555694608 45446511377    0    0    0     0       0          0
1784772617 | enp139s0f0np0: 227539304288856 61470661281    0 2473    0     0          0    501947 175256573508271 45446547089    0    0    0     0       0          0
1784772618 | enp139s0f0np0: 227543401975028 61471651476    0 2473    0     0          0    501947 175256591316821 45446582569    0    0    0     0       0          0
1784772619 | enp139s0f0np0: 227547539194529 61472651028    0 2473    0     0          0    501947 175256609310332 45446618862    0    0    0     0       0          0
1784772620 | enp139s0f0np0: 227551581691160 61473628080    0 2473    0     0          0    501947 175256626936888 45446653702    0    0    0     0       0          0
1784772621 | enp139s0f0np0: 227555746971574 61474634020    0 2473    0     0          0    501947 175256644978573 45446688879    0    0    0     0       0          0
1784772622 | enp139s0f0np0: 227559909440792 61475639399    0 2473    0     0          0    501947 175256662891887 45446722434    0    0    0     0       0          0
1784772623 | enp139s0f0np0: 227563906609731 61476606427    0 2473    0     0          0    501947 175256680606116 45446761548    0    0    0     0       0          0
1784772624 | enp139s0f0np0: 227567985827074 61477591927    0 2473    0     0          0    501947 175256698442717 45446798395    0    0    0     0       0          0
1784772625 | enp139s0f0np0: 227572037963521 61478570871    0 2473    0     0          0    501947 175256715877311 45446830712    0    0    0     0       0          0
1784772626 | enp139s0f0np0: 227576287171308 61479597527    0 2473    0     0          0    501947 175256734385958 45446867713    0    0    0     0       0          0
1784772627 | enp139s0f0np0: 227580331164140 61480575217    0 2473    0     0          0    501947 175256752172545 45446905511    0    0    0     0       0          0
1784772628 | enp139s0f0np0: 227584414267148 61481562352    0 2473    0     0          0    501947 175256770008286 45446942293    0    0    0     0       0          0
1784772629 | enp139s0f0np0: 227588496165643 61482548548    0 2473    0     0          0    501947 175256787816019 45446978129    0    0    0     0       0          0
1784772630 | enp139s0f0np0: 227592617974345 61483544346    0 2473    0     0          0    501947 175256805732512 45447014033    0    0    0     0       0          0
1784772631 | enp139s0f0np0: 227596764629590 61484546323    0 2473    0     0          0    501947 175256823862479 45447051626    0    0    0     0       0          0
1784772632 | enp139s0f0np0: 227600848580961 61485533508    0 2473    0     0          0    501947 175256841865051 45447090375    0    0    0     0       0          0
1784772633 | enp139s0f0np0: 227604915127988 61486516446    0 2473    0     0          0    501947 175256859671536 45447127173    0    0    0     0       0          0
1784772634 | enp139s0f0np0: 227608933547321 61487487758    0 2473    0     0          0    501947 175256877186880 45447162926    0    0    0     0       0          0
1784772635 | enp139s0f0np0: 227613048267278 61488482330    0 2473    0     0          0    501947 175256895242086 45447200251    0    0    0     0       0          0
1784772636 | enp139s0f0np0: 227617112833484 61489464895    0 2473    0     0          0    501947 175256912978700 45447236411    0    0    0     0       0          0
1784772637 | enp139s0f0np0: 227621076771427 61490423917    0 2473    0     0          0    501948 175256930452512 45447274727    0    0    0     0       0          0
1784772638 | enp139s0f0np0: 227625146883488 61491407490    0 2473    0     0          0    501948 175256948180430 45447309724    0    0    0     0       0          0
1784772639 | enp139s0f0np0: 227629264864770 61492402728    0 2473    0     0          0    501948 175256966370108 45447349733    0    0    0     0       0          0
1784772640 | enp139s0f0np0: 227633243216511 61493364507    0 2473    0     0          0    501948 175256983895244 45447387778    0    0    0     0       0          0
1784772641 | enp139s0f0np0: 227637244571716 61494331728    0 2473    0     0          0    501948 175257001399741 45447424141    0    0    0     0       0          0
1784772642 | enp139s0f0np0: 227641280908574 61495307250    0 2473    0     0          0    501948 175257018931276 45447459380    0    0    0     0       0          0
1784772643 | enp139s0f0np0: 227645266511320 61496270382    0 2473    0     0          0    501948 175257036163456 45447492074    0    0    0     0       0          0
1784772644 | enp139s0f0np0: 227649367085436 61497261512    0 2473    0     0          0    501948 175257054067451 45447528624    0    0    0     0       0          0
1784772645 | enp139s0f0np0: 227653458469799 61498250548    0 2473    0     0          0    501948 175257071860695 45447564163    0    0    0     0       0          0
1784772646 | enp139s0f0np0: 227657480294601 61499223301    0 2473    0     0          0    501948 175257089615467 45447603591    0    0    0     0       0          0
1784772647 | enp139s0f0np0: 227661475123349 61500188792    0 2473    0     0          0    501948 175257107078603 45447639790    0    0    0     0       0          0
1784772648 | enp139s0f0np0: 227665556657821 61501175195    0 2473    0     0          0    501948 175257124734709 45447673905    0    0    0     0       0          0
1784772649 | enp139s0f0np0: 227669522325413 61502133783    0 2473    0     0          0    501948 175257142207022 45447711857    0    0    0     0       0          0
1784772650 | enp139s0f0np0: 227673637188089 61503128073    0 2473    0     0          0    501948 175257160004147 45447747272    0    0    0     0       0          0
1784772651 | enp139s0f0np0: 227677604618662 61504087556    0 2473    0     0          0    501948 175257177437181 45447784940    0    0    0     0       0          0
1784772652 | enp139s0f0np0: 227681705364810 61505078377    0 2473    0     0          0    501948 175257195311865 45447821450    0    0    0     0       0          0
1784772653 | enp139s0f0np0: 227685721808180 61506048944    0 2473    0     0          0    501948 175257212648092 45447855403    0    0    0     0       0          0
1784772654 | enp139s0f0np0: 227689938239071 61507066915    0 2473    0     0          0    501948 175257230826718 45447890140    0    0    0     0       0          0
1784772655 | enp139s0f0np0: 227694088449337 61508069164    0 2473    0     0          0    501948 175257248760261 45447925781    0    0    0     0       0          0
1784772656 | enp139s0f0np0: 227698154846238 61509052245    0 2473    0     0          0    501948 175257266638680 45447965521    0    0    0     0       0          0
1784772657 | enp139s0f0np0: 227702173605335 61510024291    0 2473    0     0          0    501948 175257284307918 45448004587    0    0    0     0       0          0
1784772658 | enp139s0f0np0: 227706391774801 61511043232    0 2473    0     0          0    501948 175257302578916 45448041815    0    0    0     0       0          0
1784772659 | enp139s0f0np0: 227710166439452 61511956322    0 2473    0     0          0    501948 175257319022053 45448078141    0    0    0     0       0          0
1784772660 | enp139s0f0np0: 227714130316381 61512915314    0 2473    0     0          0    501948 175257336454497 45448118197    0    0    0     0       0          0
1784772661 | enp139s0f0np0: 227718026510973 61513857227    0 2473    0     0          0    501948 175257353313508 45448155683    0    0    0     0       0          0
1784772662 | enp139s0f0np0: 227722069669142 61514834517    0 2473    0     0          0    501948 175257370608510 45448192729    0    0    0     0       0          0
1784772663 | enp139s0f0np0: 227726190786616 61515828984    0 2473    0     0          0    501948 175257387497364 45448223760    0    0    0     0       0          0
1784772664 | enp139s0f0np0: 227730242170786 61516807800    0 2473    0     0          0    501948 175257404356277 45448263115    0    0    0     0       0          0
1784772665 | enp139s0f0np0: 227734272036945 61517781712    0 2473    0     0          0    501948 175257420673248 45448302202    0    0    0     0       0          0
1784772666 | enp139s0f0np0: 227738424972699 61518785575    0 2473    0     0          0    501948 175257437301232 45448343588    0    0    0     0       0          0
1784772667 | enp139s0f0np0: 227742439873872 61519756264    0 2473    0     0          0    501949 175257453421982 45448382451    0    0    0     0       0          0
1784772668 | enp139s0f0np0: 227746742044411 61520794978    0 2473    0     0          0    501949 175257470514729 45448419585    0    0    0     0       0          0
1784772669 | enp139s0f0np0: 227750809934539 61521777896    0 2473    0     0          0    501949 175257487639977 45448457626    0    0    0     0       0          0
1784772670 | enp139s0f0np0: 227754957504171 61522780408    0 2473    0     0          0    501949 175257505601640 45448495476    0    0    0     0       0          0
1784772671 | enp139s0f0np0: 227759072856846 61523774398    0 2473    0     0          0    501949 175257523612319 45448533755    0    0    0     0       0          0
1784772672 | enp139s0f0np0: 227763166084596 61524764005    0 2473    0     0          0    501949 175257541713160 45448573242    0    0    0     0       0          0
1784772673 | enp139s0f0np0: 227767271867360 61525756083    0 2473    0     0          0    501949 175257559543563 45448608689    0    0    0     0       0          0
1784772674 | enp139s0f0np0: 227771384266222 61526750982    0 2473    0     0          0    501949 175257577745041 45448648612    0    0    0     0       0          0
1784772675 | enp139s0f0np0: 227775470120568 61527739280    0 2473    0     0          0    501949 175257595720410 45448687319    0    0    0     0       0          0
1784772676 | enp139s0f0np0: 227779507270312 61528715607    0 2473    0     0          0    501949 175257613521839 45448725730    0    0    0     0       0          0
1784772677 | enp139s0f0np0: 227783556930780 61529694502    0 2473    0     0          0    501949 175257631245848 45448762655    0    0    0     0       0          0
1784772678 | enp139s0f0np0: 227787671471956 61530688397    0 2473    0     0          0    501949 175257648934220 45448794792    0    0    0     0       0          0
1784772679 | enp139s0f0np0: 227792016431496 61531737961    0 2473    0     0          0    501949 175257667861907 45448833178    0    0    0     0       0          0
1784772680 | enp139s0f0np0: 227795867175240 61532670107    0 2473    0     0          0    501949 175257684968504 45448871645    0    0    0     0       0          0
1784772681 | enp139s0f0np0: 227800006151836 61533670317    0 2473    0     0          0    501949 175257703014761 45448908132    0    0    0     0       0          0
1784772682 | enp139s0f0np0: 227804004691313 61534637309    0 2473    0     0          0    501949 175257720841917 45448948957    0    0    0     0       0          0
1784772683 | enp139s0f0np0: 227808127899143 61535633875    0 2473    0     0          0    501949 175257738710885 45448984261    0    0    0     0       0          0
1784772684 | enp139s0f0np0: 227812347414185 61536652976    0 2473    0     0          0    501949 175257757042508 45449019936    0    0    0     0       0          0
1784772685 | enp139s0f0np0: 227816316587309 61537613035    0 2473    0     0          0    501949 175257774391812 45449056056    0    0    0     0       0          0
1784772686 | enp139s0f0np0: 227820334163329 61538584633    0 2473    0     0          0    501949 175257792005721 45449092759    0    0    0     0       0          0
1784772687 | enp139s0f0np0: 227824343614076 61539554114    0 2473    0     0          0    501949 175257809627800 45449130228    0    0    0     0       0          0
1784772688 | enp139s0f0np0: 227828419025760 61540539057    0 2473    0     0          0    501949 175257827352398 45449165572    0    0    0     0       0          0
1784772689 | enp139s0f0np0: 227832392250784 61541499596    0 2473    0     0          0    501949 175257844682349 45449200621    0    0    0     0       0          0
1784772690 | enp139s0f0np0: 227836471915978 61542485799    0 2473    0     0          0    501949 175257862586810 45449238399    0    0    0     0       0          0
1784772691 | enp139s0f0np0: 227840609111215 61543485383    0 2473    0     0          0    501949 175257880558240 45449273550    0    0    0     0       0          0
1784772692 | enp139s0f0np0: 227844606090212 61544453096    0 2473    0     0          0    501949 175257898436628 45449315915    0    0    0     0       0          0
1784772693 | enp139s0f0np0: 227848622463393 61545424738    0 2473    0     0          0    501949 175257916124501 45449353688    0    0    0     0       0          0
1784772694 | enp139s0f0np0: 227852556060936 61546375770    0 2473    0     0          0    501949 175257933248892 45449388190    0    0    0     0       0          0
1784772695 | enp139s0f0np0: 227856711274161 61547380169    0 2473    0     0          0    501949 175257951414673 45449425151    0    0    0     0       0          0
1784772696 | enp139s0f0np0: 227860833576731 61548376823    0 2473    0     0          0    501949 175257969567651 45449464443    0    0    0     0       0          0
1784772697 | enp139s0f0np0: 227864893582118 61549357852    0 2473    0     0          0    501950 175257987244673 45449499742    0    0    0     0       0          0
1784772698 | enp139s0f0np0: 227868856429375 61550316633    0 2473    0     0          0    501950 175258004749079 45449538153    0    0    0     0       0          0
1784772699 | enp139s0f0np0: 227872948717846 61551306157    0 2473    0     0          0    501950 175258022799950 45449577160    0    0    0     0       0          0
1784772700 | enp139s0f0np0: 227876991564977 61552283302    0 2473    0     0          0    501950 175258040478861 45449613724    0    0    0     0       0          0
1784772701 | enp139s0f0np0: 227881229760151 61553308087    0 2473    0     0          0    501950 175258059037549 45449652427    0    0    0     0       0          0
1784772702 | enp139s0f0np0: 227885371633449 61554309196    0 2473    0     0          0    501950 175258077101148 45449689247    0    0    0     0       0          0
1784772703 | enp139s0f0np0: 227889329992639 61555266768    0 2473    0     0          0    501950 175258094720626 45449730021    0    0    0     0       0          0
1784772704 | enp139s0f0np0: 227893179022794 61556198051    0 2473    0     0          0    501950 175258111776506 45449768312    0    0    0     0       0          0
1784772705 | enp139s0f0np0: 227897154422826 61557159429    0 2473    0     0          0    501950 175258129283706 45449805978    0    0    0     0       0          0
1784772706 | enp139s0f0np0: 227901184351460 61558134309    0 2473    0     0          0    501950 175258147235110 45449847428    0    0    0     0       0          0
1784772707 | enp139s0f0np0: 227904888381257 61559029718    0 2473    0     0          0    501950 175258163357844 45449880570    0    0    0     0       0          0
