1784755440 | enp139s0f0np0: 219067467228332 59291178636    0 2473    0     0          0    501374 166783062554464 43272084364    0    0    0     0       0          0
1784755441 | enp139s0f0np0: 219069375827207 59291641039    0 2473    0     0          0    501374 166783070994821 43272101285    0    0    0     0       0          0
1784755442 | enp139s0f0np0: 219073424178124 59292622075    0 2473    0     0          0    501374 166783088863540 43272141096    0    0    0     0       0          0
1784755443 | enp139s0f0np0: 219077429290828 59293592285    0 2473    0     0          0    501374 166783106614187 43272180269    0    0    0     0       0          0
1784755444 | enp139s0f0np0: 219081387703783 59294550739    0 2473    0     0          0    501374 166783124011734 43272217459    0    0    0     0       0          0
1784755445 | enp139s0f0np0: 219085264996736 59295490289    0 2473    0     0          0    501374 166783141161560 43272255127    0    0    0     0       0          0
1784755446 | enp139s0f0np0: 219089312472576 59296470243    0 2473    0     0          0    501375 166783158934950 43272292940    0    0    0     0       0          0
1784755447 | enp139s0f0np0: 219093201553429 59297413066    0 2473    0     0          0    501375 166783176470086 43272335122    0    0    0     0       0          0
1784755448 | enp139s0f0np0: 219097128388285 59298364825    0 2473    0     0          0    501375 166783193956466 43272375769    0    0    0     0       0          0
1784755449 | enp139s0f0np0: 219100977557285 59299297781    0 2473    0     0          0    501375 166783211087718 43272414632    0    0    0     0       0          0
1784755450 | enp139s0f0np0: 219104787784069 59300220819    0 2473    0     0          0    501375 166783228030543 43272453453    0    0    0     0       0          0
1784755451 | enp139s0f0np0: 219108687543508 59301165536    0 2473    0     0          0    501375 166783245323747 43272492080    0    0    0     0       0          0
1784755452 | enp139s0f0np0: 219112692761075 59302134995    0 2473    0     0          0    501375 166783262948109 43272529487    0    0    0     0       0          0
1784755453 | enp139s0f0np0: 219116594330006 59303079883    0 2473    0     0          0    501375 166783280050607 43272565735    0    0    0     0       0          0
1784755454 | enp139s0f0np0: 219120469366021 59304018876    0 2473    0     0          0    501375 166783297318145 43272605165    0    0    0     0       0          0
1784755455 | enp139s0f0np0: 219124298344757 59304946790    0 2473    0     0          0    501375 166783314363659 43272643962    0    0    0     0       0          0
1784755456 | enp139s0f0np0: 219128248421548 59305903953    0 2473    0     0          0    501375 166783331955476 43272684866    0    0    0     0       0          0
1784755457 | enp139s0f0np0: 219132040981150 59306823099    0 2473    0     0          0    501375 166783348937722 43272724633    0    0    0     0       0          0
1784755458 | enp139s0f0np0: 219135938805453 59307767934    0 2473    0     0          0    501375 166783366220905 43272763238    0    0    0     0       0          0
1784755459 | enp139s0f0np0: 219139745769203 59308690797    0 2473    0     0          0    501375 166783383190757 43272803432    0    0    0     0       0          0
1784755460 | enp139s0f0np0: 219143658819404 59309638645    0 2473    0     0          0    501375 166783400673947 43272843255    0    0    0     0       0          0
1784755461 | enp139s0f0np0: 219147725534162 59310623181    0 2473    0     0          0    501375 166783418586750 43272882129    0    0    0     0       0          0
1784755462 | enp139s0f0np0: 219151715165300 59311588847    0 2473    0     0          0    501375 166783436063135 43272918842    0    0    0     0       0          0
1784755463 | enp139s0f0np0: 219155625656753 59312536436    0 2473    0     0          0    501375 166783453561306 43272960116    0    0    0     0       0          0
1784755464 | enp139s0f0np0: 219159420430191 59313456159    0 2473    0     0          0    501375 166783470542285 43272999324    0    0    0     0       0          0
1784755465 | enp139s0f0np0: 219163132019683 59314356637    0 2473    0     0          0    501375 166783487393074 43273042369    0    0    0     0       0          0
1784755466 | enp139s0f0np0: 219166833957006 59315254547    0 2473    0     0          0    501375 166783504085516 43273084427    0    0    0     0       0          0
1784755467 | enp139s0f0np0: 219170620011485 59316171973    0 2473    0     0          0    501375 166783520905635 43273122077    0    0    0     0       0          0
1784755468 | enp139s0f0np0: 219174719647993 59317164629    0 2473    0     0          0    501375 166783539128659 43273162797    0    0    0     0       0          0
1784755469 | enp139s0f0np0: 219178632125945 59318112441    0 2473    0     0          0    501375 166783556407357 43273200866    0    0    0     0       0          0
1784755470 | enp139s0f0np0: 219182414445170 59319029895    0 2473    0     0          0    501375 166783573395673 43273241594    0    0    0     0       0          0
1784755471 | enp139s0f0np0: 219186283350587 59319967047    0 2473    0     0          0    501375 166783590454127 43273279028    0    0    0     0       0          0
1784755472 | enp139s0f0np0: 219190217477123 59320920283    0 2473    0     0          0    501375 166783608005514 43273319222    0    0    0     0       0          0
1784755473 | enp139s0f0np0: 219194111061594 59321863988    0 2473    0     0          0    501375 166783625501802 43273361051    0    0    0     0       0          0
1784755474 | enp139s0f0np0: 219198078231797 59322824084    0 2473    0     0          0    501375 166783642855902 43273397612    0    0    0     0       0          0
1784755475 | enp139s0f0np0: 219201964821389 59323765997    0 2473    0     0          0    501376 166783660151097 43273437384    0    0    0     0       0          0
1784755476 | enp139s0f0np0: 219205881746835 59324715084    0 2473    0     0          0    501376 166783677643417 43273477525    0    0    0     0       0          0
1784755477 | enp139s0f0np0: 219209730407594 59325648224    0 2473    0     0          0    501376 166783694995578 43273520579    0    0    0     0       0          0
1784755478 | enp139s0f0np0: 219213622654577 59326590729    0 2473    0     0          0    501376 166783712121649 43273557217    0    0    0     0       0          0
1784755479 | enp139s0f0np0: 219217469013211 59327522588    0 2473    0     0          0    501376 166783729160766 43273595412    0    0    0     0       0          0
1784755480 | enp139s0f0np0: 219221335517354 59328459426    0 2473    0     0          0    501376 166783746487619 43273636594    0    0    0     0       0          0
1784755481 | enp139s0f0np0: 219225261981272 59329410710    0 2473    0     0          0    501376 166783763961372 43273676246    0    0    0     0       0          0
1784755482 | enp139s0f0np0: 219229110846959 59330343685    0 2473    0     0          0    501376 166783781012096 43273715603    0    0    0     0       0          0
1784755483 | enp139s0f0np0: 219233006026439 59331287325    0 2473    0     0          0    501376 166783798335596 43273754790    0    0    0     0       0          0
1784755484 | enp139s0f0np0: 219236823982315 59332213079    0 2473    0     0          0    501376 166783815481837 43273796226    0    0    0     0       0          0
1784755485 | enp139s0f0np0: 219240738628188 59333161647    0 2473    0     0          0    501376 166783832850784 43273834979    0    0    0     0       0          0
1784755486 | enp139s0f0np0: 219244541420874 59334083175    0 2473    0     0          0    501376 166783849681811 43273871908    0    0    0     0       0          0
1784755487 | enp139s0f0np0: 219248401507420 59335018748    0 2473    0     0          0    501376 166783866888550 43273912829    0    0    0     0       0          0
1784755488 | enp139s0f0np0: 219252291357952 59335961039    0 2473    0     0          0    501376 166783884156123 43273951887    0    0    0     0       0          0
1784755489 | enp139s0f0np0: 219256207873311 59336909935    0 2473    0     0          0    501376 166783901578253 43273991756    0    0    0     0       0          0
1784755490 | enp139s0f0np0: 219260142684282 59337863169    0 2473    0     0          0    501376 166783919024909 43274030548    0    0    0     0       0          0
1784755491 | enp139s0f0np0: 219264062500574 59338813101    0 2473    0     0          0    501376 166783936485211 43274071167    0    0    0     0       0          0
1784755492 | enp139s0f0np0: 219267729167874 59339702347    0 2473    0     0          0    501376 166783953077331 43274112833    0    0    0     0       0          0
1784755493 | enp139s0f0np0: 219271467304570 59340608888    0 2473    0     0          0    501376 166783969894329 43274154644    0    0    0     0       0          0
1784755494 | enp139s0f0np0: 219275160585495 59341504093    0 2473    0     0          0    501376 166783986429201 43274193842    0    0    0     0       0          0
1784755495 | enp139s0f0np0: 219279043291029 59342444904    0 2473    0     0          0    501376 166784003680156 43274233799    0    0    0     0       0          0
1784755496 | enp139s0f0np0: 219282663133625 59343323426    0 2473    0     0          0    501376 166784020132200 43274276620    0    0    0     0       0          0
1784755497 | enp139s0f0np0: 219286560395494 59344268003    0 2473    0     0          0    501376 166784037591266 43274318160    0    0    0     0       0          0
1784755498 | enp139s0f0np0: 219290399498944 59345198354    0 2473    0     0          0    501376 166784054696672 43274359132    0    0    0     0       0          0
1784755499 | enp139s0f0np0: 219294148713802 59346107040    0 2473    0     0          0    501376 166784071390260 43274398544    0    0    0     0       0          0
1784755500 | enp139s0f0np0: 219298004292674 59347041395    0 2473    0     0          0    501376 166784088560480 43274438459    0    0    0     0       0          0
1784755501 | enp139s0f0np0: 219301980229569 59348004140    0 2473    0     0          0    501376 166784105999089 43274477132    0    0    0     0       0          0
1784755502 | enp139s0f0np0: 219305821514511 59348934689    0 2473    0     0          0    501376 166784123042348 43274516725    0    0    0     0       0          0
1784755503 | enp139s0f0np0: 219309821080700 59349903047    0 2473    0     0          0    501376 166784140574933 43274554345    0    0    0     0       0          0
1784755504 | enp139s0f0np0: 219313658422761 59350832948    0 2473    0     0          0    501376 166784157520294 43274593601    0    0    0     0       0          0
1784755505 | enp139s0f0np0: 219317584288199 59351784201    0 2473    0     0          0    501377 166784174844408 43274633930    0    0    0     0       0          0
1784755506 | enp139s0f0np0: 219321350999772 59352697821    0 2473    0     0          0    501377 166784191629236 43274675325    0    0    0     0       0          0
1784755507 | enp139s0f0np0: 219325248062951 59353641647    0 2473    0     0          0    501377 166784208646822 43274713564    0    0    0     0       0          0
1784755508 | enp139s0f0np0: 219329243505300 59354608696    0 2473    0     0          0    501377 166784225835270 43274751148    0    0    0     0       0          0
1784755509 | enp139s0f0np0: 219333116414904 59355546401    0 2473    0     0          0    501377 166784242272098 43274786654    0    0    0     0       0          0
1784755510 | enp139s0f0np0: 219337101781090 59356511006    0 2473    0     0          0    501377 166784258867176 43274821690    0    0    0     0       0          0
1784755511 | enp139s0f0np0: 219341075168514 59357473100    0 2473    0     0          0    501377 166784275398719 43274860718    0    0    0     0       0          0
1784755512 | enp139s0f0np0: 219345058796903 59358436864    0 2473    0     0          0    501377 166784291125507 43274895975    0    0    0     0       0          0
1784755513 | enp139s0f0np0: 219349018086095 59359394758    0 2473    0     0          0    501377 166784306389781 43274930973    0    0    0     0       0          0
1784755514 | enp139s0f0np0: 219353007890485 59360359893    0 2473    0     0          0    501377 166784321833369 43274965131    0    0    0     0       0          0
1784755515 | enp139s0f0np0: 219356864188426 59361293660    0 2473    0     0          0    501377 166784337657989 43275001324    0    0    0     0       0          0
1784755516 | enp139s0f0np0: 219360735017341 59362231440    0 2473    0     0          0    501377 166784354604449 43275040134    0    0    0     0       0          0
1784755517 | enp139s0f0np0: 219364592809212 59363166237    0 2473    0     0          0    501377 166784371872124 43275080229    0    0    0     0       0          0
1784755518 | enp139s0f0np0: 219368536404073 59364121729    0 2473    0     0          0    501377 166784389367476 43275119542    0    0    0     0       0          0
1784755519 | enp139s0f0np0: 219372367405210 59365049953    0 2473    0     0          0    501377 166784406317703 43275156947    0    0    0     0       0          0
1784755520 | enp139s0f0np0: 219376200689311 59365979677    0 2473    0     0          0    501377 166784423578948 43275198839    0    0    0     0       0          0
1784755521 | enp139s0f0np0: 219380057707450 59366914467    0 2473    0     0          0    501377 166784440813675 43275239556    0    0    0     0       0          0
1784755522 | enp139s0f0np0: 219383967882995 59367861719    0 2473    0     0          0    501377 166784458116384 43275277850    0    0    0     0       0          0
1784755523 | enp139s0f0np0: 219387864233671 59368806101    0 2473    0     0          0    501377 166784475519148 43275318648    0    0    0     0       0          0
1784755524 | enp139s0f0np0: 219391754370596 59369748940    0 2473    0     0          0    501377 166784492998686 43275360215    0    0    0     0       0          0
1784755525 | enp139s0f0np0: 219395624123049 59370687384    0 2473    0     0          0    501377 166784510501807 43275403888    0    0    0     0       0          0
1784755526 | enp139s0f0np0: 219399546633089 59371638009    0 2473    0     0          0    501377 166784528135901 43275445852    0    0    0     0       0          0
1784755527 | enp139s0f0np0: 219403295858546 59372547055    0 2473    0     0          0    501377 166784545037149 43275487530    0    0    0     0       0          0
1784755528 | enp139s0f0np0: 219407087410338 59373466853    0 2473    0     0          0    501377 166784562115541 43275530116    0    0    0     0       0          0
1784755529 | enp139s0f0np0: 219410896632896 59374389766    0 2473    0     0          0    501377 166784579096051 43275569291    0    0    0     0       0          0
1784755530 | enp139s0f0np0: 219414788357695 59375332688    0 2473    0     0          0    501377 166784596486955 43275609677    0    0    0     0       0          0
1784755531 | enp139s0f0np0: 219418632396779 59376263880    0 2473    0     0          0    501377 166784613543942 43275647649    0    0    0     0       0          0
1784755532 | enp139s0f0np0: 219422424406527 59377182633    0 2473    0     0          0    501377 166784630309774 43275684757    0    0    0     0       0          0
1784755533 | enp139s0f0np0: 219426361945691 59378136487    0 2473    0     0          0    501377 166784647814746 43275723824    0    0    0     0       0          0
1784755534 | enp139s0f0np0: 219430233769059 59379074547    0 2473    0     0          0    501377 166784664884468 43275761839    0    0    0     0       0          0
1784755535 | enp139s0f0np0: 219434096008819 59380010095    0 2473    0     0          0    501378 166784682012834 43275799719    0    0    0     0       0          0
1784755536 | enp139s0f0np0: 219437979430146 59380951068    0 2473    0     0          0    501378 166784699246513 43275838702    0    0    0     0       0          0
1784755537 | enp139s0f0np0: 219441768768641 59381869736    0 2473    0     0          0    501378 166784716197726 43275879273    0    0    0     0       0          0
1784755538 | enp139s0f0np0: 219445732131154 59382830152    0 2473    0     0          0    501378 166784733799232 43275919410    0    0    0     0       0          0
1784755539 | enp139s0f0np0: 219449517709299 59383747436    0 2473    0     0          0    501378 166784750710865 43275957777    0    0    0     0       0          0
1784755540 | enp139s0f0np0: 219453532273567 59384719670    0 2473    0     0          0    501378 166784768340368 43275995393    0    0    0     0       0          0
1784755541 | enp139s0f0np0: 219457470457738 59385673798    0 2473    0     0          0    501378 166784785734906 43276033766    0    0    0     0       0          0
1784755542 | enp139s0f0np0: 219461442866918 59386635720    0 2473    0     0          0    501378 166784803142158 43276070315    0    0    0     0       0          0
1784755543 | enp139s0f0np0: 219465271176329 59387562760    0 2473    0     0          0    501378 166784819960431 43276105978    0    0    0     0       0          0
1784755544 | enp139s0f0np0: 219469173575839 59388508299    0 2473    0     0          0    501378 166784837331877 43276145282    0    0    0     0       0          0
1784755545 | enp139s0f0np0: 219473073920862 59389453728    0 2473    0     0          0    501378 166784854646315 43276184960    0    0    0     0       0          0
1784755546 | enp139s0f0np0: 219476962689826 59390396332    0 2473    0     0          0    501378 166784872078940 43276225328    0    0    0     0       0          0
1784755547 | enp139s0f0np0: 219480734723043 59391310553    0 2473    0     0          0    501378 166784888917200 43276265414    0    0    0     0       0          0
1784755548 | enp139s0f0np0: 219484622699924 59392253074    0 2473    0     0          0    501378 166784906328201 43276306343    0    0    0     0       0          0
1784755549 | enp139s0f0np0: 219488467777100 59393184861    0 2473    0     0          0    501378 166784923480221 43276346302    0    0    0     0       0          0
1784755550 | enp139s0f0np0: 219492470462913 59394153972    0 2473    0     0          0    501378 166784941086647 43276383833    0    0    0     0       0          0
1784755551 | enp139s0f0np0: 219496411669503 59395108952    0 2473    0     0          0    501378 166784958813758 43276426390    0    0    0     0       0          0
1784755552 | enp139s0f0np0: 219500298241234 59396050317    0 2473    0     0          0    501378 166784975975426 43276464938    0    0    0     0       0          0
1784755553 | enp139s0f0np0: 219504223820071 59397000816    0 2473    0     0          0    501378 166784993277568 43276501650    0    0    0     0       0          0
1784755554 | enp139s0f0np0: 219508148545304 59397952299    0 2473    0     0          0    501378 166785010737449 43276542114    0    0    0     0       0          0
1784755555 | enp139s0f0np0: 219512210178117 59398935442    0 2473    0     0          0    501378 166785028545955 43276579257    0    0    0     0       0          0
1784755556 | enp139s0f0np0: 219516252083848 59399914602    0 2473    0     0          0    501378 166785046390957 43276618434    0    0    0     0       0          0
1784755557 | enp139s0f0np0: 219520207577903 59400872757    0 2473    0     0          0    501378 166785063936939 43276657372    0    0    0     0       0          0
1784755558 | enp139s0f0np0: 219523998613576 59401791711    0 2473    0     0          0    501378 166785080899262 43276696907    0    0    0     0       0          0
1784755559 | enp139s0f0np0: 219527757691571 59402703565    0 2473    0     0          0    501378 166785097933503 43276739995    0    0    0     0       0          0
1784755560 | enp139s0f0np0: 219531599441140 59403634885    0 2473    0     0          0    501378 166785115053603 43276780433    0    0    0     0       0          0
1784755561 | enp139s0f0np0: 219535484962515 59404576452    0 2473    0     0          0    501378 166785132406634 43276821179    0    0    0     0       0          0
1784755562 | enp139s0f0np0: 219539303713690 59405501798    0 2473    0     0          0    501378 166785149517474 43276861061    0    0    0     0       0          0
1784755563 | enp139s0f0np0: 219543200315728 59406446374    0 2473    0     0          0    501378 166785166894126 43276902378    0    0    0     0       0          0
1784755564 | enp139s0f0np0: 219547068076611 59407383838    0 2473    0     0          0    501378 166785184130803 43276942071    0    0    0     0       0          0
1784755565 | enp139s0f0np0: 219550962837072 59408327314    0 2473    0     0          0    501379 166785201358936 43276980151    0    0    0     0       0          0
1784755566 | enp139s0f0np0: 219554925266844 59409287012    0 2473    0     0          0    501379 166785218868158 43277019109    0    0    0     0       0          0
1784755567 | enp139s0f0np0: 219559019893256 59410278258    0 2473    0     0          0    501379 166785236957194 43277059047    0    0    0     0       0          0
1784755568 | enp139s0f0np0: 219562967355553 59411234601    0 2473    0     0          0    501379 166785254398152 43277098239    0    0    0     0       0          0
1784755569 | enp139s0f0np0: 219566927792981 59412193903    0 2473    0     0          0    501379 166785271923650 43277137402    0    0    0     0       0          0
1784755570 | enp139s0f0np0: 219570923294339 59413160999    0 2473    0     0          0    501379 166785289393256 43277174277    0    0    0     0       0          0
1784755571 | enp139s0f0np0: 219574751540538 59414088683    0 2473    0     0          0    501379 166785306481351 43277214676    0    0    0     0       0          0
1784755572 | enp139s0f0np0: 219578593681153 59415019674    0 2473    0     0          0    501379 166785323560232 43277254208    0    0    0     0       0          0
1784755573 | enp139s0f0np0: 219582517180338 59415970403    0 2473    0     0          0    501379 166785340935466 43277293680    0    0    0     0       0          0
1784755574 | enp139s0f0np0: 219586482181815 59416930971    0 2473    0     0          0    501379 166785358507740 43277334058    0    0    0     0       0          0
1784755576 | enp139s0f0np0: 219590223034974 59417837820    0 2473    0     0          0    501379 166785375139709 43277373898    0    0    0     0       0          0
1784755577 | enp139s0f0np0: 219593916097633 59418733890    0 2473    0     0          0    501379 166785391874365 43277417004    0    0    0     0       0          0
1784755578 | enp139s0f0np0: 219597830094036 59419682351    0 2473    0     0          0    501379 166785409312436 43277459041    0    0    0     0       0          0
1784755579 | enp139s0f0np0: 219601685440139 59420617021    0 2473    0     0          0    501379 166785426630296 43277502789    0    0    0     0       0          0
1784755580 | enp139s0f0np0: 219605597659489 59421564945    0 2473    0     0          0    501379 166785443996288 43277544396    0    0    0     0       0          0
1784755581 | enp139s0f0np0: 219609521366877 59422515996    0 2473    0     0          0    501379 166785461423890 43277587724    0    0    0     0       0          0
1784755582 | enp139s0f0np0: 219613470047136 59423471414    0 2473    0     0          0    501379 166785478392246 43277624764    0    0    0     0       0          0
1784755583 | enp139s0f0np0: 219617480163357 59424442600    0 2473    0     0          0    501379 166785495834373 43277666873    0    0    0     0       0          0
1784755584 | enp139s0f0np0: 219621446635482 59425402814    0 2473    0     0          0    501379 166785512540267 43277704587    0    0    0     0       0          0
1784755585 | enp139s0f0np0: 219625346769456 59426346641    0 2473    0     0          0    501379 166785528441094 43277740054    0    0    0     0       0          0
1784755586 | enp139s0f0np0: 219629263284361 59427294960    0 2473    0     0          0    501379 166785544608406 43277778795    0    0    0     0       0          0
1784755587 | enp139s0f0np0: 219633211961126 59428251258    0 2473    0     0          0    501379 166785560679472 43277820102    0    0    0     0       0          0
1784755588 | enp139s0f0np0: 219637249296593 59429228207    0 2473    0     0          0    501379 166785576550065 43277856838    0    0    0     0       0          0
1784755589 | enp139s0f0np0: 219641173869586 59430179011    0 2473    0     0          0    501379 166785592751093 43277897950    0    0    0     0       0          0
1784755590 | enp139s0f0np0: 219645101868203 59431131065    0 2473    0     0          0    501379 166785609592376 43277941553    0    0    0     0       0          0
1784755591 | enp139s0f0np0: 219648942399204 59432061794    0 2473    0     0          0    501379 166785626478057 43277983350    0    0    0     0       0          0
1784755592 | enp139s0f0np0: 219652929624594 59433027858    0 2473    0     0          0    501379 166785644286050 43278024724    0    0    0     0       0          0
1784755593 | enp139s0f0np0: 219657004181187 59434014608    0 2473    0     0          0    501379 166785662325824 43278064836    0    0    0     0       0          0
1784755594 | enp139s0f0np0: 219660817233560 59434938722    0 2473    0     0          0    501379 166785679291773 43278104034    0    0    0     0       0          0
1784755595 | enp139s0f0np0: 219664688473051 59435876395    0 2473    0     0          0    501379 166785696466392 43278142393    0    0    0     0       0          0
1784755596 | enp139s0f0np0: 219668612024663 59436827330    0 2473    0     0          0    501380 166785714188901 43278185687    0    0    0     0       0          0
1784755597 | enp139s0f0np0: 219672477237947 59437764669    0 2473    0     0          0    501380 166785731510014 43278226905    0    0    0     0       0          0
1784755598 | enp139s0f0np0: 219676399086816 59438715450    0 2473    0     0          0    501380 166785749181413 43278270685    0    0    0     0       0          0
1784755599 | enp139s0f0np0: 219680228290760 59439644125    0 2473    0     0          0    501380 166785766445668 43278312673    0    0    0     0       0          0
1784755600 | enp139s0f0np0: 219684099541260 59440582539    0 2473    0     0          0    501380 166785783734745 43278353162    0    0    0     0       0          0
1784755601 | enp139s0f0np0: 219687977389353 59441522404    0 2473    0     0          0    501380 166785801002171 43278392936    0    0    0     0       0          0
1784755602 | enp139s0f0np0: 219691879773304 59442468729    0 2473    0     0          0    501380 166785818565837 43278435724    0    0    0     0       0          0
1784755603 | enp139s0f0np0: 219695779533929 59443413767    0 2473    0     0          0    501380 166785835999884 43278476230    0    0    0     0       0          0
1784755604 | enp139s0f0np0: 219699701413135 59444364665    0 2473    0     0          0    501380 166785853486671 43278516887    0    0    0     0       0          0
1784755605 | enp139s0f0np0: 219703460129059 59445276630    0 2473    0     0          0    501380 166785870496398 43278558799    0    0    0     0       0          0
1784755606 | enp139s0f0np0: 219707364856784 59446223232    0 2473    0     0          0    501380 166785888013935 43278601129    0    0    0     0       0          0
1784755607 | enp139s0f0np0: 219711196148247 59447152342    0 2473    0     0          0    501380 166785905264042 43278643194    0    0    0     0       0          0
1784755608 | enp139s0f0np0: 219715198898310 59448121741    0 2473    0     0          0    501380 166785922921742 43278681738    0    0    0     0       0          0
1784755609 | enp139s0f0np0: 219719097245488 59449066491    0 2473    0     0          0    501380 166785940247019 43278721508    0    0    0     0       0          0
1784755610 | enp139s0f0np0: 219722952997842 59450000786    0 2473    0     0          0    501380 166785957485557 43278761850    0    0    0     0       0          0
1784755611 | enp139s0f0np0: 219726912349954 59450960403    0 2473    0     0          0    501380 166785975134507 43278801954    0    0    0     0       0          0
1784755612 | enp139s0f0np0: 219730869743038 59451919409    0 2473    0     0          0    501380 166785992712584 43278841734    0    0    0     0       0          0
1784755613 | enp139s0f0np0: 219734660184686 59452838287    0 2473    0     0          0    501380 166786009597437 43278880818    0    0    0     0       0          0
1784755614 | enp139s0f0np0: 219738493115642 59453767488    0 2473    0     0          0    501380 166786026795946 43278921952    0    0    0     0       0          0
1784755615 | enp139s0f0np0: 219742336025318 59454698957    0 2473    0     0          0    501380 166786044066703 43278963127    0    0    0     0       0          0
1784755616 | enp139s0f0np0: 219746198924840 59455635411    0 2473    0     0          0    501380 166786061441460 43279005827    0    0    0     0       0          0
1784755617 | enp139s0f0np0: 219750016053684 59456560718    0 2473    0     0          0    501380 166786078374515 43279044129    0    0    0     0       0          0
1784755618 | enp139s0f0np0: 219753837332265 59457486686    0 2473    0     0          0    501380 166786095408980 43279082586    0    0    0     0       0          0
1784755619 | enp139s0f0np0: 219757728502053 59458429866    0 2473    0     0          0    501380 166786112706970 43279121649    0    0    0     0       0          0
1784755620 | enp139s0f0np0: 219761629607708 59459375245    0 2473    0     0          0    501380 166786130163241 43279163233    0    0    0     0       0          0
1784755621 | enp139s0f0np0: 219765280425437 59460260016    0 2473    0     0          0    501380 166786146274715 43279199880    0    0    0     0       0          0
