hints = 1
  sec Cur ops   started  finished  avg MB/s  cur MB/s last lat(s)  avg lat(s)
    0       0         0         0         0         0           -           0
    1      64       503       439   109.727    109.75    0.507347    0.115647
    2      64       944       880   109.981    110.25   0.0177401    0.130084
    3      64      1394      1330   110.817     112.5   0.0282669    0.135429
    4      64      1843      1779   111.172    112.25   0.0184646    0.136783
    5      64      2293      2229   111.435     112.5    0.507829     0.13725
    6      64      2745      2681   111.693       113   0.0164778    0.138855
    7      64      3186      3122   111.485    110.25   0.0138033    0.139795
    8      64      3628      3564    111.36     110.5    0.351039    0.140639
    9      64      4077      4013   111.457    112.25   0.0178492    0.140361
   10      64      4527      4463    111.56     112.5   0.0123136    0.140552
   11      64      4978      4914   111.667    112.75   0.0175434    0.140863
   12      64      5429      5365   111.756    112.75   0.0258449    0.140816
   13      64      5869      5805    111.62       110   0.0300213    0.140919
   14      64      6316      6252   111.628    111.75    0.377925     0.14165
   15      64      6765      6701   111.668    112.25   0.0138017    0.141154
   16      64      7215      7151   111.719     112.5   0.0193843    0.141079
   17      64      7665      7601   111.764     112.5    0.468033     0.14143
   18      64      8108      8044   111.707    110.75    0.430636    0.141559
   19      64      8553      8489   111.683    111.25   0.0400435    0.141726
2026-07-07T21:00:18.397352+0800 min lat: 0.006806 max lat: 0.561657 avg lat: 0.141872
  sec Cur ops   started  finished  avg MB/s  cur MB/s last lat(s)  avg lat(s)
   20      64      9000      8936   111.685    111.75    0.409015    0.141872
   21      64      9451      9387   111.735    112.75   0.0349113    0.141835
   22      64      9901      9837   111.769     112.5   0.0729002    0.141652
   23      64     10353     10289   111.822       113   0.0192409    0.141807
   24      64     10794     10730   111.756    110.25   0.0213958    0.141935
   25      64     11238     11174   111.725       111     0.01086    0.142016
   26      64     11688     11624   111.754     112.5   0.0168031    0.141899
   27      64     12138     12074   111.781     112.5   0.0279917    0.141913
   28      64     12589     12525   111.816    112.75   0.0376731     0.14207
   29      64     13038     12974    111.83    112.25   0.0137162    0.141944
   30      64     13477     13413    111.76    109.75   0.0381395    0.142123
   31      64     13926     13862   111.776    112.25    0.395296    0.142278
   32      64     14373     14309   111.775    111.75   0.0325215    0.142156
   33      64     14825     14761   111.811       113   0.0567314    0.142155
   34      64     15273     15209   111.816       112     0.40141      0.1423
   35      64     15718     15654     111.8    111.25    0.355367    0.142421
   36      64     16161     16097    111.77    110.75    0.015842    0.142389
   37      64     16607     16543   111.763     111.5    0.410916    0.142373
   38      64     17059     16995   111.795       113    0.410997    0.142426
   39      64     17509     17445   111.813     112.5   0.0216748    0.142435
2026-07-07T21:00:38.399876+0800 min lat: 0.006806 max lat: 0.569102 avg lat: 0.142324
  sec Cur ops   started  finished  avg MB/s  cur MB/s last lat(s)  avg lat(s)
   40      64     17959     17895   111.829     112.5   0.0286945    0.142324
   41      64     18400     18336    111.79    110.25     0.47253    0.142387
   42      64     18845     18781   111.777    111.25   0.0252053    0.142319
   43      64     19294     19230   111.788    112.25     0.10892     0.14239
   44      64     19745     19681   111.809    112.75    0.025019    0.142407
   45      64     20192     20128   111.808    111.75   0.0530855    0.142377
   46      64     20640     20576   111.811       112    0.018542     0.14243
   47      64     21081     21017   111.778    110.25   0.0177539    0.142578
   48      64     21530     21466   111.787    112.25   0.0212144    0.142414
   49      64     21980     21916   111.802     112.5    0.465204    0.142476
   50      64     22431     22367    111.82    112.75    0.460206    0.142461
   51      64     22880     22816   111.828    112.25   0.0129551     0.14248
   52      64     23324     23260   111.812       111   0.0218125    0.142562
   53      64     23768     23704   111.797       111    0.465376    0.142508
   54      64     24216     24152     111.8       112    0.438893    0.142566
   55      64     24668     24604   111.822       113    0.015719    0.142541
   56      64     25118     25054   111.833     112.5   0.0560131    0.142524
   57      64     25566     25502   111.836       112   0.0277162     0.14255
   58      64     26006     25942   111.804       110   0.0184178    0.142555
   59      64     26454     26390   111.807       112    0.497234    0.142552
2026-07-07T21:00:58.402691+0800 min lat: 0.006806 max lat: 0.569102 avg lat: 0.142564
  sec Cur ops   started  finished  avg MB/s  cur MB/s last lat(s)  avg lat(s)
   60      64     26902     26838    111.81       112   0.0270562    0.142564
   61      64     27354     27290   111.829       113     0.01448    0.142635
   62      64     27803     27739   111.836    112.25    0.361034    0.142626
   63      64     28248     28184   111.826    111.25   0.0308311    0.142632
   64      64     28692     28628   111.813       111    0.398161    0.142639
   65      64     29138     29074   111.808     111.5   0.0235963    0.142657
   66      64     29589     29525   111.823    112.75    0.391692    0.142653
   67      64     30038     29974   111.829    112.25    0.016814    0.142622
   68      64     30490     30426   111.845       113   0.0343408    0.142552
   69      63     30932     30869   111.829    110.75   0.0167316    0.142629
   70      64     31374     31310   111.806    110.25   0.0255327    0.142641
   71      64     31822     31758   111.809       112   0.0541816    0.142641
   72      64     32274     32210   111.825       113    0.431975    0.142662
   73      64     32725     32661   111.838    112.75   0.0702171    0.142626
   74      64     33173     33109    111.84       112   0.0148421    0.142612
   75      63     33613     33550   111.818    110.25   0.0174069     0.14268
   76      64     34063     33999   111.824    112.25   0.0339084    0.142664
   77      64     34510     34446   111.823    111.75   0.0174815     0.14271
   78      64     34958     34894   111.825       112    0.407736    0.142706
   79      64     35408     35344   111.833     112.5    0.395267    0.142689
2026-07-07T21:01:18.405541+0800 min lat: 0.006806 max lat: 0.569102 avg lat: 0.142639
  sec Cur ops   started  finished  avg MB/s  cur MB/s last lat(s)  avg lat(s)
   80      64     35854     35790   111.829     111.5     0.48652    0.142639
   81      64     36296     36232   111.812     110.5   0.0224148    0.142734
   82      64     36741     36677   111.805    111.25   0.0289038    0.142689
   83      64     37193     37129   111.819       113   0.0208904    0.142742
   84      64     37642     37578   111.824    112.25   0.0186329    0.142662
   85      64     38091     38027   111.829    112.25    0.437599    0.142708
   86      64     38533     38469   111.813     110.5    0.420764    0.142746
   87      64     38979     38915   111.809     111.5   0.0155599    0.142689
   88      64     39428     39364   111.814    112.25    0.435474    0.142739
   89      64     39880     39816   111.827       113     0.46746     0.14271
   90      64     40330     40266   111.835     112.5   0.0214433    0.142721
   91      64     40778     40714   111.836       112     0.45739    0.142734
   92      64     41220     41156   111.822     110.5    0.405783    0.142763
   93      64     41666     41602   111.818     111.5    0.385278    0.142763
   94      63     42116     42053   111.828    112.75   0.0596882     0.14274
   95      64     42566     42502   111.832    112.25    0.437765    0.142747
   96      64     43018     42954   111.844       113    0.452007     0.14271
   97      64     43460     43396    111.83     110.5    0.428192    0.142733
   98      64     43903     43839   111.819    110.75   0.0191112    0.142739
   99      64     44348     44284   111.813    111.25    0.031408    0.142774
2026-07-07T21:01:38.408140+0800 min lat: 0.006806 max lat: 0.569102 avg lat: 0.142752
  sec Cur ops   started  finished  avg MB/s  cur MB/s last lat(s)  avg lat(s)
  100      64     44799     44735   111.823    112.75    0.445007    0.142752
  101      64     45249     45185   111.829     112.5   0.0621699    0.142728
  102      64     45699     45635   111.836     112.5    0.384639    0.142781
  103      64     46141     46077   111.822     110.5   0.0185716    0.142774
  104      64     46586     46522   111.817    111.25   0.0102715    0.142747
  105      64     47035     46971   111.821    112.25    0.428343    0.142787
  106      64     47484     47420   111.825    112.25   0.0473786    0.142761
  107      64     47932     47868   111.826       112    0.014741    0.142761
  108      64     48381     48317    111.83    112.25   0.0332178    0.142771
  109      64     48822     48758   111.815    110.25   0.0119681    0.142776
  110      64     49270     49206   111.817       112     0.49607    0.142773
  111      64     49720     49656   111.823     112.5   0.0441264    0.142797
  112      64     50170     50106   111.829     112.5   0.0247091    0.142782
  113      64     50618     50554    111.83       112    0.408683    0.142793
  114      64     51063     50999   111.825    111.25   0.0262351    0.142783
  115      64     51506     51442   111.816    110.75    0.328542    0.142837
  116      64     51955     51891   111.819    112.25   0.0238324    0.142799
  117      64     52406     52342   111.827    112.75    0.408054    0.142801
  118      64     52855     52791   111.831    112.25   0.0147796    0.142778
  119      64     53301     53237   111.828     111.5   0.0251622    0.142784
2026-07-07T21:01:58.410573+0800 min lat: 0.00645007 max lat: 0.569102 avg lat: 0.14282
  sec Cur ops   started  finished  avg MB/s  cur MB/s last lat(s)  avg lat(s)
  120      64     53744     53680   111.819    110.75    0.449438     0.14282
  121      64     54187     54123    111.81    110.75    0.407659    0.142837
  122      64     54639     54575   111.819       113    0.411689    0.142841
  123      64     55088     55024   111.823    112.25   0.0219295    0.142798
  124      64     55540     55476   111.832       113    0.372511    0.142817
  125      64     55986     55922   111.829     111.5    0.392481    0.142807
  126      64     56427     56363   111.817    110.25   0.0131824    0.142805
  127      63     56874     56811   111.818       112   0.0281086    0.142838
  128      64     57324     57260   111.821    112.25    0.435196    0.142803
  129      64     57773     57709   111.825    112.25    0.433552    0.142815
  130      64     58224     58160   111.832    112.75   0.0342402    0.142814
  131      64     58670     58606   111.829     111.5   0.0104827    0.142807
  132      64     59111     59047   111.817    110.25    0.505697    0.142814
  133      64     59560     59496    111.82    112.25    0.074864    0.142822
  134      64     60010     59946   111.825     112.5    0.455081    0.142815
  135      64     60461     60397   111.832    112.75    0.411628     0.14282
  136      64     60911     60847   111.837     112.5   0.0206162    0.142791
  137      64     61348     61284   111.818    109.25    0.449304    0.142809
  138      64     61796     61732   111.819       112    0.351275    0.142884
  139      64     62245     62181   111.822    112.25   0.0621516    0.142818
2026-07-07T21:02:18.412819+0800 min lat: 0.00644744 max lat: 0.569102 avg lat: 0.142839
  sec Cur ops   started  finished  avg MB/s  cur MB/s last lat(s)  avg lat(s)
  140      64     62694     62630   111.825    112.25   0.0156802    0.142839
  141      64     63146     63082   111.833       113    0.476463    0.142809
  142      64     63592     63528   111.831     111.5    0.030714    0.142824
  143      64     64032     63968   111.818       110    0.423337    0.142841
  144      64     64480     64416   111.819       112   0.0202011    0.142837
  145      64     64929     64865   111.822    112.25   0.0442772    0.142838
  146      64     65380     65316   111.828    112.75    0.522611    0.142804
  147      64     65829     65765   111.831    112.25    0.366294    0.142857
  148      64     66271     66207   111.822     110.5    0.451066    0.142851
  149      64     66715     66651   111.816       111    0.395876    0.142864
  150      64     67162     67098   111.816    111.75    0.391216    0.142868
  151      64     67613     67549   111.822    112.75    0.407194     0.14286
  152      64     68064     68000   111.828    112.75    0.439452    0.142834
  153      64     68511     68447   111.827    111.75   0.0278806    0.142828
  154      64     68952     68888   111.817    110.25   0.0212843    0.142866
  155      64     69399     69335   111.816    111.75   0.0299841    0.142875
  156      64     69847     69783   111.817       112   0.0156548    0.142885
  157      64     70299     70235   111.825       113   0.0136229    0.142852
  158      64     70749     70685   111.829     112.5   0.0207576    0.142848
  159      64     71193     71129   111.824       111   0.0292804    0.142857
2026-07-07T21:02:38.415333+0800 min lat: 0.00644744 max lat: 0.569102 avg lat: 0.142865
  sec Cur ops   started  finished  avg MB/s  cur MB/s last lat(s)  avg lat(s)
  160      64     71634     71570   111.814    110.25    0.439367    0.142865
  161      64     72082     72018   111.815       112   0.0275141    0.142881
  162      64     72532     72468   111.819     112.5     0.50387    0.142834
  163      64     72985     72921   111.828    113.25   0.0176014    0.142847
  164      64     73435     73371   111.832     112.5    0.019744    0.142858
  165      64     73875     73811    111.82       110    0.058779    0.142857
  166      64     74321     74257   111.818     111.5    0.435103    0.142859
  167      64     74771     74707   111.822     112.5    0.440005    0.142855
  168      64     75222     75158   111.828    112.75   0.0281004     0.14286
  169      64     75672     75608   111.832     112.5   0.0433186    0.142859
  170      64     76119     76055   111.831    111.75   0.0601216    0.142847
  171      64     76557     76493   111.817     109.5    0.467848    0.142878
  172      64     77006     76942    111.82    112.25    0.445732    0.142879
  173      64     77457     77393   111.825    112.75   0.0135908    0.142845
  174      64     77906     77842   111.828    112.25   0.0137966    0.142888
  175      64     78355     78291    111.83    112.25    0.439222    0.142867
  176      64     78802     78738   111.829    111.75    0.374661    0.142884
  177      64     79242     79178   111.819       110   0.0157732    0.142893
  178      64     79690     79626    111.82       112   0.0187235    0.142875
  179      64     80143     80079   111.828    113.25   0.0210431    0.142846
2026-07-07T21:02:58.418004+0800 min lat: 0.00644744 max lat: 0.569102 avg lat: 0.142854
  sec Cur ops   started  finished  avg MB/s  cur MB/s last lat(s)  avg lat(s)
  180      64     80594     80530   111.833    112.75     0.45196    0.142854
  181      63     81043     80980   111.836     112.5   0.0178257    0.142869
  182      64     81484     81420   111.826       110   0.0551873    0.142857
  183      64     81931     81867   111.826    111.75   0.0159439    0.142876
  184      64     82380     82316   111.828    112.25    0.334355    0.142894
  185      64     82829     82765    111.83    112.25   0.0105932    0.142886
  186      64     83278     83214   111.832    112.25    0.458552    0.142858
  187      64     83726     83662   111.833       112   0.0430664     0.14287
  188      64     84167     84103   111.825    110.25    0.410002    0.142886
  189      64     84615     84551   111.825       112   0.0216371    0.142864
  190      63     85064     85001   111.829     112.5    0.412874    0.142884
  191      64     85514     85450   111.831    112.25   0.0248277    0.142857
  192      64     85964     85900   111.834     112.5   0.0209873    0.142883
  193      64     86410     86346   111.833     111.5   0.0168616    0.142879
  194      64     86852     86788   111.826     110.5    0.447119    0.142886
  195      64     87300     87236   111.826       112    0.463175    0.142867
  196      64     87750     87686    111.83     112.5   0.0163026    0.142893
  197      64     88202     88138   111.836       113   0.0178176    0.142862
  198      64     88651     88587   111.838    112.25    0.479705    0.142862
  199      64     89093     89029   111.831     110.5    0.368476    0.142888
2026-07-07T21:03:18.420750+0800 min lat: 0.00644744 max lat: 0.569102 avg lat: 0.142893
  sec Cur ops   started  finished  avg MB/s  cur MB/s last lat(s)  avg lat(s)
  200      64     89539     89475   111.829     111.5    0.441655    0.142893
  201      64     89987     89923    111.83       112     0.41124    0.142893
  202      64     90437     90373   111.833     112.5   0.0184113    0.142862
  203      64     90887     90823   111.836     112.5   0.0222926    0.142869
  204      63     91333     91270   111.836    111.75   0.0221699    0.142844
  205      64     91776     91712   111.829     110.5    0.011886    0.142873
  206      64     92225     92161   111.831    112.25   0.0155627    0.142877
  207      64     92676     92612   111.836    112.75    0.445078    0.142876
  208      64     93125     93061   111.838    112.25   0.0287813    0.142859
  209      64     93575     93511   111.841     112.5     0.42852    0.142886
  210      64     94019     93955   111.837       111   0.0170662    0.142882
  211      64     94461     94397    111.83     110.5    0.414488    0.142897
  212      64     94909     94845   111.831       112   0.0131497     0.14289
  213      64     95360     95296   111.835    112.75   0.0589449    0.142883
  214      64     95808     95744   111.836       112   0.0233407    0.142885
  215      64     96257     96193   111.838    112.25   0.0386345    0.142879
  216      64     96699     96635   111.831     110.5    0.457862    0.142888
  217      64     97146     97082   111.831    111.75   0.0217093    0.142895
  218      64     97595     97531   111.833    112.25   0.0416098    0.142867
  219      64     98044     97980   111.835    112.25   0.0112083    0.142891
2026-07-07T21:03:38.423522+0800 min lat: 0.00644744 max lat: 0.569102 avg lat: 0.142887
  sec Cur ops   started  finished  avg MB/s  cur MB/s last lat(s)  avg lat(s)
  220      64     98495     98431   111.839    112.75   0.0217166    0.142887
  221      64     98939     98875   111.835       111    0.427513    0.142884
  222      64     99381     99317   111.829     110.5   0.0196025    0.142893
  223      64     99830     99766   111.831    112.25    0.457959    0.142887
  224      64    100280    100216   111.834     112.5   0.0183883    0.142892
  225      64    100732    100668   111.839       113   0.0193601    0.142893
  226      64    101177    101113   111.836    111.25   0.0421635    0.142883
  227      64    101622    101558   111.833    111.25    0.463281    0.142887
  228      63    102064    102001   111.829    110.75    0.421486    0.142899
  229      64    102515    102451   111.831     112.5     0.36449    0.142915
  230      64    102965    102901   111.834     112.5   0.0209362    0.142896
  231      64    103416    103352   111.838    112.75   0.0197927     0.14286
  232      64    103861    103797   111.836    111.25    0.029775     0.14288
  233      64    104304    104240   111.831    110.75   0.0279386    0.142884
  234      64    104751    104687    111.83    111.75    0.436555    0.142901
  235      64    105201    105137   111.833     112.5   0.0299141    0.142908
  236      63    105650    105587   111.836     112.5     0.41069    0.142909
  237      64    106097    106033   111.835     111.5    0.363197    0.142922
  238      64    106543    106479   111.833     111.5   0.0376082     0.14289
  239      64    106984    106920   111.826    110.25   0.0188649    0.142899
2026-07-07T21:03:58.426104+0800 min lat: 0.00644744 max lat: 0.582702 avg lat: 0.142905
  sec Cur ops   started  finished  avg MB/s  cur MB/s last lat(s)  avg lat(s)
  240      63    107435    107372   111.831       113       0.431    0.142905
  241      64    107885    107821   111.833    112.25   0.0337705    0.142907
  242      64    108335    108271   111.836     112.5   0.0205235    0.142886
  243      64    108785    108721   111.838     112.5   0.0195434    0.142896
  244      64    109227    109163   111.833     110.5   0.0160017     0.14292
  245      64    109671    109607   111.829       111     0.46155    0.142905
  246      64    110122    110058   111.833    112.75    0.417052    0.142906
  247      64    110572    110508   111.836     112.5    0.442278    0.142914
  248      64    111022    110958   111.838     112.5    0.101424    0.142904
  249      64    111468    111404   111.837     111.5   0.0197573    0.142908
  250      64    111908    111844   111.829       110    0.436925    0.142906
  251      64    112355    112291   111.829    111.75    0.014324    0.142919
  252      64    112805    112741   111.832     112.5   0.0190774    0.142904
  253      64    113254    113190   111.833    112.25   0.0214782    0.142901
  254      64    113704    113640   111.836     112.5   0.0432762    0.142908
  255      64    114147    114083   111.831    110.75   0.0229268    0.142913
  256      63    114590    114527   111.828       111    0.449331    0.142912
  257      64    115038    114974   111.828    111.75   0.0114025    0.142912
  258      64    115486    115422   111.828       112    0.438655    0.142912
  259      64    115934    115870   111.829       112    0.010895     0.14292
2026-07-07T21:04:18.428761+0800 min lat: 0.00644744 max lat: 0.582702 avg lat: 0.142906
  sec Cur ops   started  finished  avg MB/s  cur MB/s last lat(s)  avg lat(s)
  260      64    116383    116319   111.831    112.25  0.00733919    0.142906
  261      64    116826    116762   111.826    110.75   0.0460119     0.14292
  262      64    117272    117208   111.825     111.5    0.372023    0.142934
  263      64    117720    117656   111.826       112    0.463712    0.142928
  264      63    118167    118104   111.826       112   0.0202473    0.142906
  265      64    118618    118554   111.829     112.5   0.0373792    0.142915
  266      64    119060    118996   111.824     110.5    0.421913    0.142922
  267      64    119503    119439    111.82    110.75   0.0140024    0.142922
  268      64    119950    119886   111.819    111.75    0.479504    0.142933
  269      64    120401    120337   111.823    112.75   0.0159571    0.142939
  270      64    120850    120786   111.824    112.25   0.0443599    0.142916
  271      64    121302    121238   111.829       113      0.0268    0.142939
  272      64    121743    121679   111.823    110.25   0.0225446    0.142953
  273      64    122188    122124   111.821    111.25    0.531708    0.142926
  274      64    122638    122574   111.823     112.5    0.406764    0.142931
  275      64    123087    123023   111.824    112.25   0.0470581    0.142929
  276      64    123538    123474   111.828    112.75    0.389778    0.142934
  277      64    123985    123921   111.827    111.75    0.342828    0.142936
  278      64    124427    124363   111.823     110.5   0.0342279    0.142919
  279      64    124874    124810   111.822    111.75    0.432552    0.142933
2026-07-07T21:04:38.431245+0800 min lat: 0.00644744 max lat: 0.582702 avg lat: 0.142944
  sec Cur ops   started  finished  avg MB/s  cur MB/s last lat(s)  avg lat(s)
  280      64    125321    125257   111.822    111.75   0.0187529    0.142944
  281      64    125773    125709   111.826       113    0.507588     0.14291
  282      64    126221    126157   111.827       112   0.0256933    0.142914
  283      64    126667    126603   111.826     111.5   0.0203749    0.142924
  284      64    127111    127047   111.823       111   0.0190101    0.142922
  285      64    127559    127495   111.823       112   0.0130423    0.142941
  286      64    128010    127946   111.826    112.75    0.439589    0.142933
  287      64    128459    128395   111.828    112.25   0.0235182    0.142921
  288      63    128905    128842   111.827    111.75   0.0254182    0.142939
  289      64    129350    129286   111.825       111    0.447003    0.142933
  290      64    129796    129732   111.823     111.5   0.0566604    0.142926
  291      64    130242    130178   111.822     111.5   0.0173352    0.142928
  292      64    130695    130631   111.827    113.25   0.0144549    0.142932
  293      64    131143    131079   111.828       112  0.00905322    0.142926
  294      64    131591    131527   111.828       112   0.0490499    0.142921
  295      64    132031    131967   111.822       110   0.0283716    0.142926
  296      64    132479    132415   111.822       112    0.407107    0.142942
  297      64    132929    132865   111.825     112.5   0.0233832    0.142937
  298      64    133379    133315   111.827     112.5   0.0230352    0.142941
  299      64    133827    133763   111.827       112    0.017867    0.142934
2026-07-07T21:04:58.433943+0800 min lat: 0.00644744 max lat: 0.582702 avg lat: 0.142937
  sec Cur ops   started  finished  avg MB/s  cur MB/s last lat(s)  avg lat(s)
  300      47    134256    134209   111.826     111.5    0.423345    0.142937
Total time run:       300.144
Total reads made:     134256
Read size:            262144
Object size:          262144
Bandwidth (MB/sec):   111.826
Average IOPS:         447
Stddev IOPS:          3.4984
Max IOPS:             453
Min IOPS:             437
Average Latency(s):   0.142988
Max latency(s):       0.582702
Min latency(s):       0.00644744
