hints = 1
  sec Cur ops   started  finished  avg MB/s  cur MB/s last lat(s)  avg lat(s)
    0       0         0         0         0         0           -           0
    1      64       354       290   72.4841      72.5    0.141434    0.204103
    2      64       672       608   75.9869      79.5     0.24252     0.20106
    3      64      1024       960   79.9882        88      0.3357    0.192135
    4      64      1335      1271   79.4255     77.75    0.173364    0.197351
    5      64      1691      1627   81.3382        89    0.218564    0.192897
    6      64      2042      1978   82.4046     87.75    0.386773    0.189381
    7      64      2401      2337   83.4523     89.75    0.281479    0.188656
    8      64      2749      2685   83.8942        87   0.0846792    0.187259
    9      64      3047      2983   82.8491      74.5    0.160035    0.191294
   10      64      3417      3353   83.8132      92.5   0.0187231    0.188605
   11      64      3789      3725   84.6475        93   0.0302821    0.186666
   12      64      4133      4069   84.7592        86     0.29436    0.186859
   13      64      4490      4426   85.1039     89.25   0.0738377    0.186643
   14      64      4781      4717   84.2207     72.75   0.0925786    0.188809
   15      64      5106      5042    84.022     81.25   0.0196059    0.189183
   16      64      5456      5392   84.2387      87.5     0.19181    0.188657
   17      64      5821      5757   84.6506     91.25   0.0180223    0.187676
   18      64      6117      6053   84.0583        74    0.184888    0.189378
   19      63      6475      6412   84.3572     89.75    0.197526    0.188795
2026-07-07T20:55:04.928704+0800 min lat: 0.0056126 max lat: 0.785106 avg lat: 0.185527
  sec Cur ops   started  finished  avg MB/s  cur MB/s last lat(s)  avg lat(s)
   20      64      6926      6862   85.7635     112.5    0.195897    0.185527
   21      64      7376      7312   87.0357     112.5   0.0380755     0.18201
   22      64      7819      7755   88.1131    110.75   0.0147859    0.179965
   23      64      8259      8195   89.0642       110   0.0595342     0.17841
   24      64      8709      8645   90.0401     112.5   0.0163934    0.176075
   25      64      9159      9095   90.9377     112.5    0.419124    0.174729
   26      64      9607      9543   91.7471       112    0.103786     0.17335
   27      64     10054      9990   92.4874    111.75   0.0218481    0.171688
   28      64     10499     10435   93.1571    111.25    0.439039    0.170686
   29      64     10944     10880   93.7806    111.25   0.0365771     0.16949
   30      64     11392     11328   94.3874       112   0.0125448    0.168629
   31      64     11842     11778   94.9712     112.5   0.0168822     0.16733
   32      64     12292     12228   95.5185     112.5    0.418535    0.166513
   33      64     12737     12673   95.9947    111.25   0.0119996    0.165646
   34      64     13179     13115   96.4209     110.5   0.0118907    0.165052
   35      64     13627     13563   96.8657       112   0.0221094    0.164184
   36      64     14075     14011   97.2857       112   0.0497669    0.163458
   37      64     14527     14463   97.7099       113   0.0109917    0.162878
   38      64     14977     14913   98.0987     112.5   0.0202534    0.162064
   39      64     15418     15354     98.41    110.25    0.348325    0.161889
2026-07-07T20:55:24.931295+0800 min lat: 0.0056126 max lat: 0.785106 avg lat: 0.161279
  sec Cur ops   started  finished  avg MB/s  cur MB/s last lat(s)  avg lat(s)
   40      64     15861     15797   98.7183    110.75   0.0132135    0.161279
   41      64     16310     16246   99.0479    112.25   0.0159032    0.160869
   42      64     16759     16695   99.3618    112.25    0.433199    0.160185
   43      64     17211     17147   99.6787       113   0.0246589      0.1598
   44      64     17656     17592   99.9413    111.25    0.015197    0.159347
   45      64     18097     18033    100.17    110.25   0.0406845    0.158899
   46      63     18541     18478    100.41    111.25   0.0671655    0.158645
   47      64     18993     18929   100.673    112.75    0.423482    0.158275
   48      64     19443     19379   100.919     112.5   0.0213271    0.157891
   49      64     19892     19828    101.15    112.25   0.0376671    0.157594
   50      64     20336     20272   101.346       111   0.0275826    0.157283
   51      64     20777     20713   101.521    110.25   0.0119476    0.157042
   52      64     21223     21159   101.712     111.5   0.0206685    0.156729
   53      64     21674     21610    101.92    112.75   0.0624095    0.156441
   54      64     22126     22062   102.125       113     0.01944    0.156101
   55      64     22574     22510   102.304       112   0.0194838    0.155837
   56      64     23019     22955   102.464    111.25     0.49864    0.155551
   57      64     23460     23396     102.6    110.25    0.391486    0.155426
   58      64     23909     23845   102.766    112.25   0.0250839    0.155243
   59      64     24361     24297   102.939       113    0.402982    0.154906
2026-07-07T20:55:44.934217+0800 min lat: 0.0056126 max lat: 0.785106 avg lat: 0.154659
  sec Cur ops   started  finished  avg MB/s  cur MB/s last lat(s)  avg lat(s)
   60      64     24812     24748   103.103    112.75    0.425216    0.154659
   61      64     25258     25194    103.24     111.5    0.416915    0.154486
   62      64     25700     25636   103.357     110.5    0.424405    0.154332
   63      64     26147     26083    103.49    111.75    0.502568    0.154088
   64      64     26597     26533    103.63     112.5    0.034769    0.153907
   65      64     27046     26982   103.763    112.25   0.0122796    0.153733
   66      64     27497     27433   103.899    112.75   0.0248719    0.153474
   67      64     27940     27876   104.001    110.75   0.0522261    0.153388
   68      64     28384     28320   104.103       111    0.446084    0.153236
   69      64     28829     28765   104.207    111.25   0.0171908    0.153059
   70      64     29281     29217   104.332       113    0.427629    0.152902
   71      64     29731     29667   104.447     112.5   0.0252949    0.152731
   72      64     30178     30114   104.548    111.75   0.0417293    0.152576
   73      64     30622     30558   104.636       111   0.0184344     0.15249
   74      64     31067     31003   104.726    111.25   0.0212783    0.152338
   75      64     31514     31450   104.819    111.75   0.0163163    0.152221
   76      64     31967     31903    104.93    113.25     0.40907    0.152079
   77      64     32417     32353   105.028     112.5   0.0287384    0.151909
   78      64     32864     32800   105.114    111.75   0.0486872    0.151791
   79      63     33304     33241   105.179    110.25   0.0195199    0.151725
2026-07-07T20:56:04.936788+0800 min lat: 0.0056126 max lat: 0.785106 avg lat: 0.151549
  sec Cur ops   started  finished  avg MB/s  cur MB/s last lat(s)  avg lat(s)
   80      64     33753     33689   105.264       112   0.0317752    0.151549
   81      64     34203     34139   105.353     112.5    0.409336    0.151479
   82      64     34654     34590   105.443    112.75    0.440749    0.151344
   83      64     35104     35040   105.528     112.5    0.401887    0.151256
   84      64     35548     35484   105.593       111   0.0151837    0.151135
   85      64     35993     35929   105.659    111.25   0.0332841    0.151051
   86      64     36440     36376    105.73    111.75   0.0355931    0.150956
   87      64     36890     36826   105.808     112.5    0.021057    0.150864
   88      64     37340     37276   105.883     112.5   0.0357365    0.150683
   89      64     37786     37722   105.946     111.5   0.0195262    0.150633
   90      64     38232     38168   106.008     111.5   0.0324021    0.150548
   91      64     38675     38611    106.06    110.75   0.0244044    0.150461
   92      64     39123     39059   106.124       112   0.0125614    0.150434
   93      64     39574     39510   106.195    112.75   0.0434876    0.150264
   94      64     40026     39962   106.268       113   0.0181163    0.150222
   95      64     40470     40406   106.317       111   0.0207736    0.150137
   96      64     40911     40847   106.358    110.25   0.0559077    0.150125
   97      64     41360     41296   106.419    112.25    0.401539    0.149996
   98      64     41810     41746   106.481     112.5    0.031184    0.149915
   99      64     42261     42197   106.544    112.75   0.0535814    0.149842
2026-07-07T20:56:24.939354+0800 min lat: 0.0056126 max lat: 0.785106 avg lat: 0.149761
  sec Cur ops   started  finished  avg MB/s  cur MB/s last lat(s)  avg lat(s)
  100      64     42708     42644   106.596    111.75   0.0151653    0.149761
  101      64     43153     43089   106.642    111.25    0.446101    0.149695
  102      64     43598     43534   106.687    111.25    0.408307    0.149636
  103      64     44044     43980   106.733     111.5   0.0323965    0.149573
  104      64     44494     44430   106.789     112.5    0.431432    0.149495
  105      64     44947     44883    106.85    113.25    0.345082    0.149479
  106      64     45392     45328   106.891    111.25    0.128412    0.149442
  107      64     45834     45770   106.925     110.5    0.394255    0.149336
  108      63     46275     46212   106.958     110.5    0.382768    0.149313
  109      64     46726     46662   107.009     112.5   0.0793413    0.149221
  110      64     47178     47114   107.063       113   0.0233889    0.149138
  111      64     47628     47564   107.112     112.5   0.0240292    0.149042
  112      64     48071     48007   107.144    110.75    0.435584    0.149023
  113      64     48514     48450   107.176    110.75   0.0345467    0.148987
  114      63     48959     48896   107.214     111.5     0.39612    0.148965
  115      64     49411     49347   107.262    112.75   0.0175696    0.148887
  116      64     49861     49797   107.307     112.5   0.0161475    0.148811
  117      64     50308     50244   107.345    111.75   0.0646808    0.148731
  118      64     50753     50689   107.378    111.25    0.437759    0.148721
  119      64     51198     51134    107.41    111.25    0.448496    0.148689
2026-07-07T20:56:44.941952+0800 min lat: 0.0056126 max lat: 0.785106 avg lat: 0.148627
  sec Cur ops   started  finished  avg MB/s  cur MB/s last lat(s)  avg lat(s)
  120      64     51645     51581   107.446    111.75    0.446176    0.148627
  121      64     52092     52028   107.482    111.75    0.405771      0.1486
  122      64     52540     52476   107.518       112   0.0226572    0.148607
  123      64     52987     52923   107.553    111.75   0.0191931    0.148534
  124      64     53433     53369   107.584     111.5   0.0341493     0.14843
  125      64     53875     53811   107.608     110.5     0.52253     0.14838
  126      64     54325     54261   107.646     112.5   0.0248012    0.148386
  127      64     54776     54712   107.686    112.75   0.0192956    0.148325
  128      64     55226     55162   107.724     112.5   0.0257208    0.148246
  129      64     55670     55606   107.749       111   0.0199129    0.148244
  130      64     56115     56051   107.776    111.25    0.428596    0.148199
  131      64     56560     56496   107.802    111.25    0.404127    0.148163
  132      64     57012     56948   107.842       113   0.0166206    0.148127
  133      64     57464     57400    107.88       113   0.0335981    0.148037
  134      64     57907     57843   107.902    110.75   0.0193816    0.148011
  135      64     58351     58287   107.925       111   0.0163485    0.147986
  136      64     58799     58735   107.954       112   0.0167471    0.147952
  137      64     59245     59181    107.98     111.5   0.0327639    0.147921
  138      64     59697     59633   108.016       113    0.020335     0.14785
  139      64     60147     60083   108.048     112.5    0.439347    0.147832
2026-07-07T20:57:04.944765+0800 min lat: 0.0056126 max lat: 0.785106 avg lat: 0.147798
  sec Cur ops   started  finished  avg MB/s  cur MB/s last lat(s)  avg lat(s)
  140      64     60589     60525   108.066     110.5   0.0119855    0.147798
  141      64     61036     60972   108.092    111.75   0.0294261    0.147807
  142      64     61482     61418   108.116     111.5    0.460399    0.147733
  143      64     61932     61868   108.146     112.5   0.0297373    0.147689
  144      64     62380     62316   108.173       112   0.0149042    0.147681
  145      64     62829     62765   108.201    112.25    0.149154    0.147644
  146      64     63273     63209    108.22       111    0.355883    0.147633
  147      64     63719     63655   108.242     111.5   0.0318127    0.147578
  148      64     64166     64102   108.266    111.75    0.465332    0.147536
  149      64     64616     64552   108.294     112.5    0.471966    0.147494
  150      64     65068     65004   108.326       113    0.420551    0.147477
  151      64     65514     65450   108.346     111.5   0.0135221    0.147419
  152      64     65959     65895   108.365    111.25   0.0237186    0.147394
  153      64     66403     66339   108.383       111     0.40735    0.147406
  154      63     66850     66787   108.406       112   0.0229898    0.147357
  155      64     67301     67237   108.432     112.5    0.417088    0.147327
  156      64     67750     67686   108.457    112.25   0.0272303    0.147287
  157      64     68196     68132   108.476     111.5   0.0190658     0.14727
  158      64     68641     68577   108.493    111.25    0.389924    0.147251
  159      64     69085     69021   108.509       111   0.0294063     0.14722
2026-07-07T20:57:24.947251+0800 min lat: 0.0056126 max lat: 0.785106 avg lat: 0.147204
  sec Cur ops   started  finished  avg MB/s  cur MB/s last lat(s)  avg lat(s)
  160      64     69537     69473   108.537       113    0.384728    0.147204
  161      64     69987     69923   108.562     112.5   0.0699526    0.147167
  162      64     70435     70371   108.583       112   0.0201215    0.147125
  163      64     70876     70812   108.593    110.25   0.0353816     0.14709
  164      64     71324     71260   108.614       112   0.0530104    0.147084
  165      64     71770     71706   108.631     111.5   0.0228267    0.147059
  166      64     72221     72157   108.656    112.75   0.0387155    0.147025
  167      64     72672     72608    108.68    112.75   0.0126153    0.147005
  168      63     73117     73054   108.697     111.5   0.0229522    0.146974
  169      64     73559     73495   108.706    110.25   0.0948709    0.147007
  170      64     74005     73941   108.722     111.5    0.388727    0.146954
  171      64     74455     74391   108.744     112.5    0.421115    0.146924
  172      64     74905     74841   108.766     112.5   0.0281412    0.146911
  173      64     75356     75292   108.789    112.75   0.0222218    0.146871
  174      64     75793     75729   108.792    109.25   0.0290103     0.14685
  175      64     76240     76176   108.808    111.75   0.0165232    0.146857
  176      64     76687     76623   108.825    111.75   0.0311696    0.146828
  177      64     77137     77073   108.846     112.5   0.0309837    0.146749
  178      64     77588     77524   108.868    112.75    0.361437    0.146775
  179      64     78036     77972   108.885       112    0.409475    0.146742
2026-07-07T20:57:44.949915+0800 min lat: 0.0056126 max lat: 0.785106 avg lat: 0.14672
  sec Cur ops   started  finished  avg MB/s  cur MB/s last lat(s)  avg lat(s)
  180      64     78479     78415   108.895    110.75    0.459216     0.14672
  181      64     78925     78861    108.91     111.5   0.0147388    0.146728
  182      64     79372     79308   108.925    111.75    0.425451    0.146692
  183      63     79823     79760   108.947       113     0.01789     0.14666
  184      64     80275     80211   108.968    112.75   0.0364181    0.146635
  185      64     80714     80650   108.972    109.75    0.423373    0.146622
  186      64     81159     81095   108.984    111.25   0.0431407    0.146602
  187      64     81608     81544   109.002    112.25   0.0266474    0.146591
  188      64     82055     81991   109.016    111.75   0.0161102    0.146584
  189      64     82507     82443   109.037       113   0.0394808    0.146551
  190      64     82956     82892   109.054    112.25    0.379151    0.146541
  191      64     83395     83331   109.057    109.75    0.454301     0.14651
  192      64     83842     83778   109.071    111.75    0.454897    0.146495
  193      64     84288     84224   109.084     111.5   0.0745012    0.146466
  194      64     84739     84675   109.103    112.75   0.0208933    0.146469
  195      64     85190     85126   109.121    112.75   0.0843732    0.146444
  196      64     85636     85572   109.133     111.5   0.0568947    0.146415
  197      64     86080     86016   109.143       111    0.408216    0.146411
  198      64     86526     86462   109.155     111.5    0.450029    0.146385
  199      64     86974     86910   109.169       112   0.0755809     0.14638
2026-07-07T20:58:04.952712+0800 min lat: 0.0056126 max lat: 0.785106 avg lat: 0.146336
  sec Cur ops   started  finished  avg MB/s  cur MB/s last lat(s)  avg lat(s)
  200      64     87425     87361   109.187    112.75     0.46525    0.146336
  201      64     87876     87812   109.204    112.75     0.45429    0.146319
  202      64     88320     88256   109.213       111     0.40845    0.146314
  203      64     88765     88701   109.223    111.25    0.338756    0.146326
  204      64     89211     89147   109.234     111.5   0.0513102    0.146285
  205      64     89661     89597    109.25     112.5   0.0510881    0.146244
  206      64     90110     90046   109.265    112.25     0.15404    0.146274
  207      64     90558     90494   109.278       112   0.0289622    0.146246
  208      64     90998     90934   109.281       110    0.429611    0.146242
  209      64     91442     91378   109.289       111    0.023768    0.146216
  210      64     91887     91823   109.298    111.25   0.0148626     0.14618
  211      64     92337     92273   109.314     112.5   0.0238165     0.14618
  212      64     92789     92725   109.331       113    0.447672    0.146157
  213      64     93234     93170    109.34    111.25   0.0247383    0.146132
  214      64     93678     93614   109.348       111     0.01781    0.146125
  215      64     94122     94058   109.355       111   0.0174594    0.146145
  216      64     94574     94510   109.372       113   0.0336036    0.146108
  217      63     95025     94962   109.389       113   0.0107609    0.146099
  218      64     95475     95411   109.402    112.25   0.0201004    0.146085
  219      64     95916     95852   109.405    110.25   0.0197296     0.14608
2026-07-07T20:58:24.955435+0800 min lat: 0.0056126 max lat: 0.785106 avg lat: 0.146051
  sec Cur ops   started  finished  avg MB/s  cur MB/s last lat(s)  avg lat(s)
  220      64     96362     96298   109.415     111.5    0.456824    0.146051
  221      64     96810     96746   109.427       112    0.103862    0.146052
  222      64     97259     97195   109.439    112.25   0.0218595    0.146022
  223      64     97709     97645   109.453     112.5   0.0349729    0.145982
  224      64     98158     98094   109.465    112.25     0.42614    0.145994
  225      64     98600     98536    109.47     110.5   0.0170737    0.145985
  226      64     99045     98981   109.478    111.25    0.429102     0.14597
  227      64     99492     99428   109.488    111.75   0.0277893    0.145973
  228      64     99942     99878   109.501     112.5   0.0243928    0.145925
  229      64    100394    100330   109.516       113   0.0234646    0.145913
  230      64    100840    100776   109.524     111.5   0.0223614    0.145909
  231      64    101282    101218   109.529     110.5    0.027911     0.14589
  232      64    101728    101664   109.537     111.5    0.422863    0.145908
  233      64    102178    102114    109.55     112.5    0.380169    0.145897
  234      64    102626    102562    109.56       112   0.0292805    0.145864
  235      64    103077    103013   109.574    112.75   0.0559549    0.145859
  236      64    103517    103453   109.575       110   0.0502647    0.145862
  237      64    103965    103901   109.585       112   0.0111546    0.145836
  238      64    104413    104349   109.596       112  0.00851929    0.145822
  239      64    104864    104800   109.609    112.75   0.0226681    0.145793
2026-07-07T20:58:44.958300+0800 min lat: 0.0056126 max lat: 0.785106 avg lat: 0.145786
  sec Cur ops   started  finished  avg MB/s  cur MB/s last lat(s)  avg lat(s)
  240      64    105314    105250   109.621     112.5   0.0179295    0.145786
  241      64    105761    105697   109.629    111.75   0.0196758    0.145804
  242      64    106202    106138   109.632    110.25    0.435056    0.145773
  243      64    106647    106583   109.639    111.25   0.0366252    0.145776
  244      63    107095    107032   109.649    112.25    0.014368    0.145747
  245      64    107549    107485   109.664    113.25   0.0133043    0.145725
  246      64    107998    107934   109.674    112.25   0.0249002    0.145725
  247      64    108441    108377   109.679    110.75   0.0213557    0.145703
  248      64    108885    108821   109.684       111    0.417867    0.145712
  249      64    109331    109267   109.691     111.5   0.0491563    0.145698
  250      64    109781    109717   109.702     112.5   0.0130002    0.145675
  251      64    110232    110168   109.714    112.75    0.531296    0.145644
  252      64    110684    110620   109.727       113    0.420291    0.145657
  253      64    111126    111062    109.73     110.5   0.0213633    0.145633
  254      64    111569    111505   109.734    110.75   0.0191699    0.145644
  255      64    112019    111955   109.745     112.5   0.0542924    0.145631
  256      64    112467    112403   109.754       112   0.0209326    0.145623
  257      64    112919    112855   109.766       113   0.0204731    0.145598
  258      64    113367    113303   109.775       112   0.0223271    0.145579
  259      64    113808    113744   109.777    110.25    0.450221    0.145586
2026-07-07T20:59:04.960804+0800 min lat: 0.0056126 max lat: 0.785106 avg lat: 0.14558
  sec Cur ops   started  finished  avg MB/s  cur MB/s last lat(s)  avg lat(s)
  260      64    114255    114191   109.784    111.75    0.439702     0.14558
  261      64    114702    114638   109.792    111.75   0.0232655    0.145562
  262      64    115153    115089   109.803    112.75    0.363714    0.145572
  263      64    115603    115539   109.813     112.5   0.0181971    0.145549
  264      64    116045    115981   109.816     110.5   0.0320592    0.145539
  265      64    116491    116427   109.822     111.5   0.0262113    0.145523
  266      64    116938    116874   109.829    111.75   0.0273789     0.14554
  267      64    117388    117324   109.839     112.5   0.0127687    0.145507
  268      64    117840    117776   109.851       113    0.033349    0.145497
  269      64    118288    118224   109.859       112    0.035417    0.145473
  270      64    118729    118665    109.86    110.25    0.477824    0.145475
  271      64    119173    119109   109.864       111   0.0122775    0.145489
  272      64    119621    119557   109.872       112   0.0122299    0.145471
  273      64    120074    120010   109.885    113.25   0.0409169    0.145444
  274      64    120521    120457   109.891    111.75    0.365473    0.145455
  275      64    120971    120907   109.901     112.5     0.45799    0.145434
  276      64    121414    121350   109.904    110.75   0.0213336    0.145434
  277      64    121861    121797    109.91    111.75    0.502484    0.145423
  278      64    122309    122245   109.918       112   0.0214215     0.14541
  279      64    122759    122695   109.927     112.5    0.015199    0.145394
2026-07-07T20:59:24.963485+0800 min lat: 0.0056126 max lat: 0.785106 avg lat: 0.145406
  sec Cur ops   started  finished  avg MB/s  cur MB/s last lat(s)  avg lat(s)
  280      64    123211    123147   109.938       113     0.10239    0.145406
  281      64    123653    123589    109.94     110.5   0.0149469    0.145386
  282      64    124097    124033   109.944       111   0.0595282    0.145383
  283      64    124544    124480    109.95    111.75     0.02967    0.145362
  284      64    124994    124930   109.959     112.5   0.0126191    0.145353
  285      64    125444    125380   109.968     112.5   0.0381288    0.145341
  286      64    125893    125829   109.976    112.25    0.428654    0.145349
  287      64    126332    126268   109.975    109.75   0.0820379    0.145332
  288      64    126779    126715   109.981    111.75    0.468936    0.145327
  289      64    127228    127164   109.989    112.25   0.0447529    0.145328
  290      64    127679    127615   109.998    112.75    0.066458     0.14531
  291      64    128129    128065   110.007     112.5   0.0258691    0.145293
  292      64    128572    128508   110.009    110.75   0.0141128    0.145288
  293      64    129016    128952   110.013       111    0.416013    0.145296
  294      64    129464    129400   110.019       112   0.0248505    0.145295
  295      64    129913    129849   110.027    112.25    0.481596    0.145264
  296      64    130363    130299   110.035     112.5    0.341895    0.145278
  297      64    130812    130748   110.043    112.25    0.018051    0.145251
  298      64    131255    131191   110.045    110.75    0.465901     0.14524
  299      64    131698    131634   110.047    110.75    0.459589    0.145246
2026-07-07T20:59:44.965994+0800 min lat: 0.0056126 max lat: 0.785106 avg lat: 0.145251
  sec Cur ops   started  finished  avg MB/s  cur MB/s last lat(s)  avg lat(s)
  300      44    132128    132084   110.055     112.5      0.4326    0.145251
Total time run:       300.137
Total reads made:     132128
Read size:            262144
Object size:          262144
Bandwidth (MB/sec):   110.057
Average IOPS:         440
Stddev IOPS:          27.8506
Max IOPS:             453
Min IOPS:             290
Average Latency(s):   0.145293
Max latency(s):       0.785106
Min latency(s):       0.0056126
