hints = 1
  sec Cur ops   started  finished  avg MB/s  cur MB/s last lat(s)  avg lat(s)
    0       0         0         0         0         0           -           0
    1      64       501       437   109.222    109.25   0.0200302    0.123347
    2      64       952       888   110.978    112.75    0.444719    0.130804
    3      64      1398      1334   111.146     111.5   0.0226878    0.133402
    4      64      1850      1786   111.605       113    0.012844    0.135918
    5      64      2296      2232   111.582     111.5    0.455457    0.137795
    6      64      2741      2677   111.524    111.25    0.482196    0.138169
    7      64      3189      3125    111.59       112   0.0147933    0.139915
    8      64      3637      3573   111.639       112    0.468494    0.139789
    9      64      4085      4021   111.677       112    0.532078    0.139751
   10      64      4534      4470   111.733    112.25   0.0133989    0.140512
   11      64      4978      4914   111.665       111    0.382997    0.140881
   12      64      5422      5358   111.608       111   0.0255054    0.141353
   13      64      5871      5807   111.657    112.25    0.446524    0.141132
   14      64      6322      6258   111.734    112.75    0.503173    0.141148
   15      64      6770      6706   111.751       112   0.0296887    0.141343
   16      63      7218      7155   111.781    112.25    0.382925    0.141465
   17      64      7664      7600   111.749    111.25   0.0518437     0.14132
   18      64      8110      8046   111.734     111.5   0.0111238    0.141544
   19      64      8560      8496   111.774     112.5    0.408664     0.14173
2026-07-07T21:34:00.984107+0800 min lat: 0.00695439 max lat: 0.549938 avg lat: 0.141897
  sec Cur ops   started  finished  avg MB/s  cur MB/s last lat(s)  avg lat(s)
   20      64      9008      8944   111.784       112   0.0156882    0.141897
   21      64      9454      9390    111.77     111.5   0.0112374    0.141835
   22      64      9902      9838    111.78       112   0.0457182    0.141753
   23      64     10346     10282   111.746       111   0.0413463    0.141858
   24      64     10791     10727   111.724    111.25   0.0107586    0.141935
   25      64     11244     11180   111.785    113.25     0.01222    0.141967
   26      64     11692     11628   111.792       112    0.017912    0.141918
   27      64     12140     12076   111.799       112    0.433046    0.142024
   28      64     12589     12525   111.815    112.25   0.0235601    0.142045
   29      64     13034     12970   111.795    111.25   0.0284288    0.142185
   30      64     13481     13417   111.793    111.75   0.0198817    0.142201
   31      64     13929     13865   111.799       112    0.455488    0.142126
   32      64     14378     14314   111.813    112.25   0.0386735     0.14216
   33      64     14828     14764   111.833     112.5    0.367494    0.142309
   34      64     15272     15208   111.808       111   0.0191293     0.14214
   35      64     15719     15655   111.806    111.75   0.0304451    0.142223
   36      64     16168     16104   111.818    112.25   0.0199474    0.142287
   37      64     16617     16553   111.829    112.25   0.0616954    0.142209
   38      64     17063     16999    111.82     111.5   0.0135502    0.142292
   39      63     17511     17448   111.831    112.25   0.0108161    0.142425
2026-07-07T21:34:20.986814+0800 min lat: 0.00695439 max lat: 0.549938 avg lat: 0.142459
  sec Cur ops   started  finished  avg MB/s  cur MB/s last lat(s)  avg lat(s)
   40      64     17956     17892    111.81       111   0.0190768    0.142459
   41      64     18403     18339   111.808    111.75    0.509115    0.142285
   42      64     18851     18787   111.812       112   0.0356253    0.142364
   43      64     19302     19238   111.833    112.75   0.0216148    0.142272
   44      64     19748     19684   111.825     111.5    0.426051    0.142456
   45      64     20196     20132   111.829       112   0.0476108    0.142415
   46      64     20642     20578   111.822     111.5   0.0336666    0.142498
   47      64     21089     21025    111.82    111.75   0.0228818    0.142446
   48      64     21539     21475   111.834     112.5   0.0145653    0.142396
   49      64     21988     21924   111.842    112.25   0.0298866    0.142404
   50      64     22434     22370   111.835     111.5   0.0733886    0.142472
   51      64     22880     22816   111.828     111.5   0.0182252    0.142346
   52      64     23324     23260   111.812       111   0.0250059    0.142523
   53      64     23775     23711   111.829    112.75    0.422429    0.142533
   54      64     24225     24161   111.841     112.5    0.415126    0.142493
   55      64     24673     24609   111.844       112   0.0449602    0.142494
   56      64     25119     25055   111.837     111.5    0.433531    0.142492
   57      64     25565     25501   111.831     111.5   0.0213787    0.142499
   58      64     26010     25946   111.821    111.25   0.0185084    0.142511
   59      64     26457     26393   111.819    111.75   0.0269894    0.142556
2026-07-07T21:34:40.989598+0800 min lat: 0.00628712 max lat: 0.572608 avg lat: 0.142472
  sec Cur ops   started  finished  avg MB/s  cur MB/s last lat(s)  avg lat(s)
   60      64     26909     26845   111.839       113   0.0167858    0.142472
   61      64     27357     27293   111.841       112   0.0235016    0.142542
   62      64     27804     27740   111.839    111.75   0.0197772     0.14254
   63      64     28250     28186   111.834     111.5   0.0401183    0.142585
   64      64     28698     28634   111.836       112    0.072354    0.142583
   65      64     29144     29080   111.831     111.5   0.0380469    0.142593
   66      64     29594     29530   111.841     112.5    0.485867    0.142592
   67      64     30040     29976   111.835     111.5   0.0382673     0.14255
   68      64     30487     30423   111.834    111.75   0.0118855    0.142626
   69      64     30934     30870   111.832    111.75   0.0170193    0.142576
   70      64     31383     31319   111.838    112.25   0.0400781    0.142592
   71      64     31835     31771   111.854       113    0.367213    0.142678
   72      63     32281     32218   111.853    111.75   0.0147775     0.14259
   73      64     32730     32666   111.855       112    0.014618    0.142673
   74      64     33175     33111   111.846    111.25   0.0136448    0.142632
   75      64     33621     33557   111.842     111.5    0.428098    0.142653
   76      64     34072     34008   111.853    112.75   0.0142009    0.142619
   77      64     34519     34455   111.852    111.75   0.0414668    0.142644
   78      64     34968     34904   111.857    112.25  0.00823318    0.142622
   79      64     35414     35350   111.852     111.5   0.0257835    0.142611
2026-07-07T21:35:00.992138+0800 min lat: 0.00628712 max lat: 0.572608 avg lat: 0.142647
  sec Cur ops   started  finished  avg MB/s  cur MB/s last lat(s)  avg lat(s)
   80      64     35858     35794   111.841       111   0.0164897    0.142647
   81      64     36308     36244   111.849     112.5    0.446818    0.142658
   82      64     36758     36694   111.857     112.5   0.0601383    0.142629
   83      64     37209     37145   111.867    112.75    0.449943    0.142645
   84      64     37654     37590    111.86    111.25     0.42126     0.14266
   85      64     38097     38033   111.847    110.75   0.0125528    0.142623
   86      64     38545     38481   111.848       112   0.0210715     0.14265
   87      64     38993     38929    111.85       112   0.0441395    0.142652
   88      64     39442     39378   111.854    112.25     0.38151    0.142698
   89      64     39891     39827   111.858    112.25    0.469457    0.142663
   90      64     40337     40273   111.854     111.5     0.03186    0.142646
   91      64     40781     40717   111.845       111   0.0128463    0.142698
   92      64     41232     41168   111.854    112.75    0.403007    0.142718
   93      64     41681     41617   111.859    112.25    0.514549    0.142663
   94      64     42130     42066   111.863    112.25    0.433821    0.142701
   95      64     42575     42511   111.856    111.25   0.0234229    0.142697
   96      64     43023     42959   111.857       112    0.447157    0.142687
   97      64     43467     43403   111.848       111   0.0385357    0.142711
   98      64     43917     43853   111.855     112.5   0.0205932    0.142712
   99      64     44368     44304   111.864    112.75    0.475993    0.142692
2026-07-07T21:35:20.994749+0800 min lat: 0.00628712 max lat: 0.572608 avg lat: 0.142724
  sec Cur ops   started  finished  avg MB/s  cur MB/s last lat(s)  avg lat(s)
  100      64     44816     44752   111.865       112   0.0159002    0.142724
  101      64     45262     45198   111.861     111.5   0.0209697    0.142705
  102      64     45707     45643   111.855    111.25   0.0139659    0.142675
  103      64     46155     46091   111.856       112    0.428322    0.142716
  104      64     46602     46538   111.855    111.75   0.0316091    0.142726
  105      64     47051     46987   111.859    112.25   0.0204899    0.142719
  106      64     47501     47437   111.865     112.5   0.0134955    0.142696
  107      64     47948     47884   111.864    111.75   0.0327216    0.142685
  108      64     48393     48329   111.858    111.25   0.0162761    0.142693
  109      64     48842     48778   111.861    112.25    0.436866    0.142742
  110      64     49292     49228   111.867     112.5    0.376416    0.142769
  111      64     49742     49678   111.872     112.5   0.0271249    0.142707
  112      64     50188     50124   111.869     111.5   0.0471604    0.142718
  113      64     50634     50570   111.866     111.5   0.0311089    0.142737
  114      64     51081     51017   111.864    111.75    0.398686    0.142772
  115      64     51526     51462   111.859    111.25   0.0171766    0.142708
  116      64     51977     51913   111.867    112.75   0.0372274     0.14268
  117      64     52425     52361   111.868       112     0.04556    0.142721
  118      64     52869     52805    111.86       111    0.501264    0.142731
  119      64     53316     53252   111.859    111.75    0.526357    0.142707
2026-07-07T21:35:40.997334+0800 min lat: 0.00628712 max lat: 0.598319 avg lat: 0.142741
  sec Cur ops   started  finished  avg MB/s  cur MB/s last lat(s)  avg lat(s)
  120      64     53765     53701   111.862    112.25    0.443843    0.142741
  121      64     54213     54149   111.863       112   0.0138273    0.142764
  122      64     54667     54603   111.876     113.5    0.499656    0.142721
  123      64     55112     55048   111.871    111.25   0.0264497    0.142733
  124      64     55558     55494   111.868     111.5   0.0248385    0.142742
  125      64     56005     55941   111.867    111.75    0.429893    0.142761
  126      64     56451     56387   111.864     111.5   0.0167089    0.142755
  127      64     56902     56838   111.871    112.75     0.47288    0.142753
  128      64     57351     57287   111.874    112.25    0.031797    0.142742
  129      64     57797     57733   111.871     111.5   0.0194426    0.142743
  130      64     58244     58180    111.87    111.75    0.460072    0.142764
  131      64     58690     58626   111.867     111.5   0.0181031    0.142761
  132      64     59139     59075    111.87    112.25   0.0171939     0.14276
  133      64     59590     59526   111.876    112.75    0.017908    0.142737
  134      64     60036     59972   111.873     111.5   0.0252574     0.14276
  135      64     60481     60417   111.868    111.25   0.0686098    0.142768
  136      64     60928     60864   111.867    111.75    0.476552    0.142762
  137      64     61378     61314   111.872     112.5      0.3545    0.142808
  138      64     61827     61763   111.875    112.25   0.0171361    0.142766
  139      64     62276     62212   111.877    112.25    0.440597    0.142786
2026-07-07T21:36:00.999930+0800 min lat: 0.00628712 max lat: 0.598319 avg lat: 0.142796
  sec Cur ops   started  finished  avg MB/s  cur MB/s last lat(s)  avg lat(s)
  140      64     62722     62658   111.874     111.5    0.100226    0.142796
  141      64     63168     63104   111.872     111.5   0.0173978    0.142784
  142      64     63614     63550   111.869     111.5   0.0141541    0.142806
  143      64     64062     63998    111.87       112   0.0169794    0.142806
  144      64     64510     64446   111.871       112   0.0183003    0.142786
  145      64     64958     64894   111.871       112   0.0185041    0.142741
  146      64     65405     65341    111.87    111.75     0.42625    0.142774
  147      64     65852     65788   111.869    111.75   0.0165508    0.142758
  148      64     66301     66237   111.872    112.25   0.0328179    0.142763
  149      64     66748     66684   111.871    111.75    0.379178    0.142803
  150      64     67198     67134   111.875     112.5    0.470282    0.142756
  151      64     67647     67583   111.878    112.25   0.0196201    0.142782
  152      64     68094     68030   111.877    111.75   0.0694884     0.14276
  153      63     68539     68476   111.874     111.5    0.507049    0.142781
  154      64     68989     68925   111.876    112.25    0.517469    0.142774
  155      64     69436     69372   111.875    111.75    0.035881    0.142763
  156      64     69887     69823   111.881    112.75   0.0262637    0.142795
  157      64     70333     70269   111.878     111.5   0.0215876     0.14278
  158      64     70780     70716   111.878    111.75    0.412513    0.142791
  159      64     71225     71161   111.873    111.25    0.014408    0.142787
2026-07-07T21:36:21.002622+0800 min lat: 0.00628712 max lat: 0.598319 avg lat: 0.142799
  sec Cur ops   started  finished  avg MB/s  cur MB/s last lat(s)  avg lat(s)
  160      64     71675     71611   111.877     112.5   0.0316497    0.142799
  161      64     72122     72058   111.876    111.75    0.382112    0.142808
  162      64     72572     72508    111.88     112.5    0.439565    0.142785
  163      64     73015     72951   111.873    110.75   0.0221718    0.142806
  164      64     73462     73398   111.872    111.75   0.0195217     0.14277
  165      64     73911     73847   111.875    112.25   0.0162227     0.14278
  166      64     74360     74296   111.877    112.25   0.0224225    0.142816
  167      64     74807     74743   111.876    111.75    0.026609    0.142799
  168      64     75252     75188   111.872    111.25   0.0125932    0.142799
  169      64     75700     75636   111.873       112   0.0457398    0.142819
  170      64     76147     76083   111.872    111.75   0.0214341    0.142823
  171      63     76596     76533   111.875     112.5   0.0208388    0.142804
  172      64     77043     76979   111.873     111.5   0.0274997      0.1428
  173      64     77493     77429   111.877     112.5   0.0432417    0.142803
  174      64     77939     77875   111.874     111.5   0.0395031    0.142802
  175      64     78385     78321   111.872     111.5     0.46692    0.142797
  176      63     78832     78769   111.873       112    0.425339     0.14281
  177      64     79281     79217   111.874       112    0.461082      0.1428
  178      64     79731     79667   111.877     112.5   0.0174228    0.142823
  179      64     80177     80113   111.875     111.5   0.0200098    0.142788
2026-07-07T21:36:41.005316+0800 min lat: 0.00608785 max lat: 0.598319 avg lat: 0.142812
  sec Cur ops   started  finished  avg MB/s  cur MB/s last lat(s)  avg lat(s)
  180      64     80621     80557    111.87       111   0.0334809    0.142812
  181      64     81068     81004   111.869    111.75    0.517249    0.142789
  182      64     81517     81453   111.871    112.25    0.399933    0.142833
  183      64     81965     81901   111.872       112   0.0130096    0.142814
  184      64     82415     82351   111.875     112.5     0.01583    0.142816
  185      63     82857     82794   111.869    110.75    0.496076    0.142802
  186      63     83306     83243   111.871    112.25   0.0262646    0.142815
  187      64     83753     83689   111.869     111.5   0.0145058    0.142817
  188      64     84204     84140   111.873    112.75   0.0128393    0.142831
  189      64     84652     84588   111.874       112    0.444908     0.14282
  190      64     85102     85038   111.877     112.5    0.010366    0.142808
  191      64     85547     85483   111.874    111.25    0.151235    0.142842
  192      64     85995     85931   111.874       112   0.0492743    0.142809
  193      64     86440     86376   111.871    111.25    0.464046    0.142829
  194      64     86888     86824   111.872       112   0.0167436     0.14281
  195      64     87337     87273   111.873    112.25   0.0337467    0.142831
  196      64     87787     87723   111.877     112.5    0.402746    0.142824
  197      64     88230     88166   111.871    110.75    0.020367    0.142828
  198      64     88679     88615   111.873    112.25    0.469767    0.142834
  199      64     89127     89063   111.873       112    0.383495    0.142838
2026-07-07T21:37:01.008155+0800 min lat: 0.00608785 max lat: 0.598319 avg lat: 0.142852
  sec Cur ops   started  finished  avg MB/s  cur MB/s last lat(s)  avg lat(s)
  200      64     89576     89512   111.875    112.25   0.0148538    0.142852
  201      64     90026     89962   111.878     112.5   0.0415108      0.1428
  202      64     90470     90406   111.874       111   0.0248705    0.142833
  203      64     90918     90854   111.874       112   0.0159242    0.142823
  204      64     91363     91299   111.871    111.25   0.0384377    0.142835
  205      64     91814     91750   111.875    112.75     0.02143    0.142824
  206      64     92262     92198   111.876       112   0.0259091    0.142831
  207      64     92712     92648   111.879     112.5     0.49471    0.142809
  208      64     93156     93092   111.874       111    0.373494    0.142853
  209      64     93603     93539   111.874    111.75    0.503653    0.142823
  210      64     94050     93986   111.873    111.75   0.0239433    0.142832
  211      64     94499     94435   111.875    112.25   0.0259497    0.142827
  212      64     94949     94885   111.878     112.5    0.422685    0.142841
  213      64     95400     95336   111.882    112.75    0.031439    0.142804
  214      64     95843     95779   111.876    110.75    0.442837    0.142834
  215      64     96292     96228   111.878    112.25   0.0396614    0.142832
  216      64     96739     96675   111.877    111.75   0.0170746    0.142824
  217      64     97187     97123   111.878       112   0.0129522     0.14283
  218      64     97638     97574   111.882    112.75   0.0133132    0.142845
  219      64     98083     98019   111.879    111.25   0.0198122    0.142821
2026-07-07T21:37:21.010870+0800 min lat: 0.00608785 max lat: 0.598319 avg lat: 0.142817
  sec Cur ops   started  finished  avg MB/s  cur MB/s last lat(s)  avg lat(s)
  220      64     98532     98468    111.88    112.25    0.035726    0.142817
  221      64     98977     98913   111.877    111.25    0.383733    0.142845
  222      64     99426     99362   111.879    112.25   0.0303766    0.142842
  223      64     99874     99810    111.88       112     0.38902     0.14286
  224      64    100324    100260   111.882     112.5    0.409304    0.142839
  225      64    100767    100703   111.877    110.75   0.0382468     0.14283
  226      64    101214    101150   111.877    111.75   0.0161817    0.142831
  227      64    101663    101599   111.878    112.25    0.394083    0.142843
  228      64    102112    102048    111.88    112.25    0.402002    0.142839
  229      64    102563    102499   111.883    112.75    0.464581    0.142839
  230      64    103008    102944   111.881    111.25   0.0232123    0.142822
  231      64    103452    103388   111.877       111  0.00828063    0.142838
  232      64    103904    103840   111.881       113   0.0163179    0.142846
  233      63    104349    104286    111.88     111.5    0.527952    0.142828
  234      64    104799    104735   111.881    112.25    0.045424    0.142839
  235      64    105250    105186   111.885    112.75    0.033259    0.142827
  236      64    105693    105629    111.88    110.75   0.0148137    0.142846
  237      64    106142    106078   111.882    112.25   0.0268285    0.142843
  238      64    106590    106526   111.882       112    0.014224     0.14285
  239      64    107037    106973   111.881    111.75    0.016027    0.142825
2026-07-07T21:37:41.013757+0800 min lat: 0.00608785 max lat: 0.598319 avg lat: 0.14284
  sec Cur ops   started  finished  avg MB/s  cur MB/s last lat(s)  avg lat(s)
  240      64    107487    107423   111.884     112.5   0.0534537     0.14284
  241      64    107933    107869   111.882     111.5    0.415536    0.142843
  242      64    108379    108315   111.881     111.5    0.411493    0.142841
  243      64    108828    108764   111.882    112.25   0.0237092    0.142842
  244      64    109272    109208   111.878       111   0.0112731    0.142842
  245      64    109721    109657    111.88    112.25   0.0160503    0.142833
  246      64    110172    110108   111.883    112.75   0.0563344    0.142829
  247      64    110620    110556   111.884       112   0.0131763    0.142833
  248      64    111062    110998   111.878     110.5    0.470634    0.142842
  249      64    111512    111448    111.88     112.5    0.411462    0.142857
  250      64    111957    111893   111.878    111.25   0.0269285    0.142861
  251      64    112405    112341   111.878       112   0.0336484    0.142844
  252      64    112856    112792   111.882    112.75    0.014258     0.14285
  253      64    113302    113238    111.88     111.5  0.00904204    0.142858
  254      64    113750    113686   111.881       112   0.0253043    0.142839
  255      64    114196    114132   111.879     111.5     0.39663    0.142863
  256      64    114647    114583   111.882    112.75   0.0205151    0.142842
  257      64    115095    115031   111.883       112   0.0426341     0.14285
  258      64    115542    115478   111.882    111.75   0.0282798    0.142845
  259      64    115987    115923    111.88    111.25   0.0214386     0.14284
2026-07-07T21:38:01.016199+0800 min lat: 0.00608785 max lat: 0.598319 avg lat: 0.142846
  sec Cur ops   started  finished  avg MB/s  cur MB/s last lat(s)  avg lat(s)
  260      64    116438    116374   111.883    112.75   0.0641418    0.142846
  261      64    116883    116819   111.881    111.25   0.0141604    0.142842
  262      64    117333    117269   111.883     112.5    0.437155    0.142863
  263      64    117783    117719   111.885     112.5    0.492617    0.142841
  264      64    118232    118168   111.886    112.25    0.471777     0.14283
  265      64    118677    118613   111.884    111.25   0.0555767    0.142852
  266      64    119128    119064   111.887    112.75   0.0456552    0.142844
  267      64    119574    119510   111.886     111.5   0.0260709    0.142854
  268      64    120024    119960   111.888     112.5   0.0219927    0.142849
  269      64    120473    120409   111.889    112.25    0.423226    0.142852
  270      64    120917    120853   111.886       111    0.445674    0.142852
  271      64    121367    121303   111.888     112.5   0.0232693    0.142851
  272      64    121811    121747   111.885       111   0.0244442     0.14287
Total time run:       272.69
Total reads made:     122043
Read size:            262144
Object size:          262144
Bandwidth (MB/sec):   111.888
Average IOPS:         447
Stddev IOPS:          2.33955
Max IOPS:             454
Min IOPS:             437
Average Latency(s):   0.142913
Max latency(s):       0.598319
Min latency(s):       0.00608785
