1784719760 | enp139s0f0np0: 199768045460573 54240885239    0 2473    0     0          0    500185 141126879157116 36727881461    0    0    0     0       0          0
1784719761 | enp139s0f0np0: 199768882801190 54241092223    0 2473    0     0          0    500185 141127352549962 36728003596    0    0    0     0       0          0
1784719762 | enp139s0f0np0: 199770874068861 54241584729    0 2473    0     0          0    500185 141128464310887 36728291972    0    0    0     0       0          0
1784719763 | enp139s0f0np0: 199772848250307 54242072623    0 2473    0     0          0    500185 141129571107221 36728578273    0    0    0     0       0          0
1784719764 | enp139s0f0np0: 199774867884845 54242571391    0 2473    0     0          0    500185 141130681555338 36728866182    0    0    0     0       0          0
1784719765 | enp139s0f0np0: 199776946221026 54243084959    0 2473    0     0          0    500185 141131796214446 36729155636    0    0    0     0       0          0
1784719766 | enp139s0f0np0: 199779119966777 54243621947    0 2473    0     0          0    500185 141132970854453 36729459391    0    0    0     0       0          0
1784719767 | enp139s0f0np0: 199781159614426 54244126478    0 2473    0     0          0    500185 141134094239009 36729750536    0    0    0     0       0          0
1784719768 | enp139s0f0np0: 199783167776960 54244623248    0 2473    0     0          0    500185 141135202163015 36730037584    0    0    0     0       0          0
1784719769 | enp139s0f0np0: 199785208239454 54245127489    0 2473    0     0          0    500185 141136390400019 36730343476    0    0    0     0       0          0
1784719770 | enp139s0f0np0: 199787188438278 54245617544    0 2473    0     0          0    500185 141137523980025 36730636631    0    0    0     0       0          0
1784719771 | enp139s0f0np0: 199789208320084 54246117655    0 2473    0     0          0    500185 141138624283602 36730922805    0    0    0     0       0          0
1784719772 | enp139s0f0np0: 199791216183400 54246615434    0 2473    0     0          0    500185 141139733636238 36731210782    0    0    0     0       0          0
1784719773 | enp139s0f0np0: 199793187343633 54247103874    0 2473    0     0          0    500186 141140877134837 36731506283    0    0    0     0       0          0
1784719774 | enp139s0f0np0: 199795258008151 54247615705    0 2473    0     0          0    500186 141142041506818 36731806945    0    0    0     0       0          0
1784719775 | enp139s0f0np0: 199797249424156 54248108829    0 2473    0     0          0    500186 141143121415075 36732088135    0    0    0     0       0          0
1784719776 | enp139s0f0np0: 199799492761136 54248662183    0 2473    0     0          0    500186 141144417415924 36732419825    0    0    0     0       0          0
1784719777 | enp139s0f0np0: 199801626671081 54249188796    0 2473    0     0          0    500186 141145596627929 36732724541    0    0    0     0       0          0
1784719778 | enp139s0f0np0: 199803662272319 54249692181    0 2473    0     0          0    500186 141146733523181 36733019239    0    0    0     0       0          0
1784719779 | enp139s0f0np0: 199805868222716 54250236945    0 2473    0     0          0    500186 141147973342647 36733338276    0    0    0     0       0          0
1784719780 | enp139s0f0np0: 199807968874158 54250755947    0 2473    0     0          0    500186 141149137021115 36733639014    0    0    0     0       0          0
1784719781 | enp139s0f0np0: 199810176582865 54251301454    0 2473    0     0          0    500186 141150400364678 36733963069    0    0    0     0       0          0
1784719782 | enp139s0f0np0: 199812318410446 54251830604    0 2473    0     0          0    500186 141151604892609 36734273066    0    0    0     0       0          0
1784719783 | enp139s0f0np0: 199814394262183 54252343938    0 2473    0     0          0    500186 141152737082222 36734566409    0    0    0     0       0          0
1784719784 | enp139s0f0np0: 199816463083875 54252855967    0 2473    0     0          0    500186 141153907159870 36734868970    0    0    0     0       0          0
1784719785 | enp139s0f0np0: 199818638648032 54253392985    0 2473    0     0          0    500186 141155078929021 36735170754    0    0    0     0       0          0
1784719786 | enp139s0f0np0: 199820685129093 54253898837    0 2473    0     0          0    500186 141156200781472 36735461770    0    0    0     0       0          0
1784719787 | enp139s0f0np0: 199822805582043 54254422613    0 2473    0     0          0    500186 141157368320738 36735763477    0    0    0     0       0          0
1784719788 | enp139s0f0np0: 199824959634367 54254955139    0 2473    0     0          0    500186 141158576641274 36736074814    0    0    0     0       0          0
1784719789 | enp139s0f0np0: 199827179908884 54255503181    0 2473    0     0          0    500186 141159818522814 36736394725    0    0    0     0       0          0
1784719790 | enp139s0f0np0: 199829370392606 54256043973    0 2473    0     0          0    500186 141161014725466 36736703194    0    0    0     0       0          0
1784719791 | enp139s0f0np0: 199831472012654 54256565240    0 2473    0     0          0    500186 141162247255781 36737020388    0    0    0     0       0          0
1784719792 | enp139s0f0np0: 199833750074356 54257125782    0 2473    0     0          0    500186 141163469967692 36737334685    0    0    0     0       0          0
1784719793 | enp139s0f0np0: 199835976137380 54257675609    0 2473    0     0          0    500186 141164724690474 36737657063    0    0    0     0       0          0
1784719794 | enp139s0f0np0: 199838248952383 54258236034    0 2473    0     0          0    500186 141165942097663 36737971318    0    0    0     0       0          0
1784719795 | enp139s0f0np0: 199840521442409 54258796333    0 2473    0     0          0    500186 141167211375728 36738296745    0    0    0     0       0          0
1784719796 | enp139s0f0np0: 199842537199539 54259296343    0 2473    0     0          0    500186 141168423783409 36738608118    0    0    0     0       0          0
1784719797 | enp139s0f0np0: 199844679609857 54259825503    0 2473    0     0          0    500186 141169568215284 36738903758    0    0    0     0       0          0
1784719798 | enp139s0f0np0: 199846644672324 54260312096    0 2473    0     0          0    500186 141170685799442 36739193357    0    0    0     0       0          0
1784719799 | enp139s0f0np0: 199848642364763 54260806722    0 2473    0     0          0    500186 141171786409610 36739479213    0    0    0     0       0          0
1784719800 | enp139s0f0np0: 199850706886797 54261317534    0 2473    0     0          0    500186 141172890372149 36739766389    0    0    0     0       0          0
1784719801 | enp139s0f0np0: 199852938220017 54261868143    0 2473    0     0          0    500186 141174076541089 36740073200    0    0    0     0       0          0
1784719802 | enp139s0f0np0: 199854838584069 54262339891    0 2473    0     0          0    500186 141175245513495 36740373874    0    0    0     0       0          0
1784719803 | enp139s0f0np0: 199857061443723 54262888345    0 2473    0     0          0    500187 141176434876361 36740681552    0    0    0     0       0          0
1784719804 | enp139s0f0np0: 199859252327512 54263429439    0 2473    0     0          0    500187 141177656599140 36740996540    0    0    0     0       0          0
1784719805 | enp139s0f0np0: 199861365628471 54263952583    0 2473    0     0          0    500187 141178868902959 36741308549    0    0    0     0       0          0
1784719806 | enp139s0f0np0: 199863679219387 54264522687    0 2473    0     0          0    500187 141180147139774 36741636878    0    0    0     0       0          0
1784719807 | enp139s0f0np0: 199865835459610 54265055774    0 2473    0     0          0    500187 141181388752393 36741955893    0    0    0     0       0          0
1784719808 | enp139s0f0np0: 199867945021193 54265577607    0 2473    0     0          0    500187 141182532808711 36742251580    0    0    0     0       0          0
1784719809 | enp139s0f0np0: 199869918629409 54266066399    0 2473    0     0          0    500187 141183585189561 36742526658    0    0    0     0       0          0
1784719810 | enp139s0f0np0: 199871808782807 54266535799    0 2473    0     0          0    500187 141184699847407 36742815020    0    0    0     0       0          0
1784719811 | enp139s0f0np0: 199873812905059 54267032683    0 2473    0     0          0    500187 141185801141493 36743101264    0    0    0     0       0          0
1784719812 | enp139s0f0np0: 199875813561026 54267527536    0 2473    0     0          0    500187 141186878664243 36743381650    0    0    0     0       0          0
1784719813 | enp139s0f0np0: 199877700879797 54267996998    0 2473    0     0          0    500187 141188036352369 36743679908    0    0    0     0       0          0
1784719814 | enp139s0f0np0: 199879712481816 54268495292    0 2473    0     0          0    500187 141189156829087 36743969873    0    0    0     0       0          0
1784719815 | enp139s0f0np0: 199881799750006 54269010397    0 2473    0     0          0    500187 141190296048030 36744265336    0    0    0     0       0          0
1784719816 | enp139s0f0np0: 199883877672921 54269525109    0 2473    0     0          0    500187 141191522467584 36744580929    0    0    0     0       0          0
1784719817 | enp139s0f0np0: 199885890223778 54270023062    0 2473    0     0          0    500187 141192642877020 36744871246    0    0    0     0       0          0
1784719818 | enp139s0f0np0: 199888082323066 54270563366    0 2473    0     0          0    500187 141193853826934 36745182118    0    0    0     0       0          0
1784719819 | enp139s0f0np0: 199890272030329 54271104173    0 2473    0     0          0    500187 141195102189342 36745502706    0    0    0     0       0          0
1784719820 | enp139s0f0np0: 199892509499939 54271655200    0 2473    0     0          0    500187 141196279427266 36745806722    0    0    0     0       0          0
1784719821 | enp139s0f0np0: 199894784072375 54272215915    0 2473    0     0          0    500187 141197513246508 36746124601    0    0    0     0       0          0
1784719822 | enp139s0f0np0: 199897091328735 54272785101    0 2473    0     0          0    500187 141198797436427 36746454636    0    0    0     0       0          0
1784719823 | enp139s0f0np0: 199899372981257 54273347085    0 2473    0     0          0    500187 141200031183327 36746771596    0    0    0     0       0          0
1784719824 | enp139s0f0np0: 199901614824099 54273900478    0 2473    0     0          0    500187 141201316704231 36747100711    0    0    0     0       0          0
1784719825 | enp139s0f0np0: 199903926594094 54274470186    0 2473    0     0          0    500187 141202574941354 36747423820    0    0    0     0       0          0
1784719826 | enp139s0f0np0: 199906283173624 54275050674    0 2473    0     0          0    500187 141203856857975 36747752805    0    0    0     0       0          0
1784719827 | enp139s0f0np0: 199908340178951 54275560405    0 2473    0     0          0    500187 141205079707667 36748068195    0    0    0     0       0          0
1784719828 | enp139s0f0np0: 199910588077929 54276115026    0 2473    0     0          0    500187 141206284339058 36748379041    0    0    0     0       0          0
1784719829 | enp139s0f0np0: 199912862011243 54276675757    0 2473    0     0          0    500187 141207493128159 36748690203    0    0    0     0       0          0
1784719830 | enp139s0f0np0: 199915181705259 54277247409    0 2473    0     0          0    500187 141208699125563 36749002008    0    0    0     0       0          0
1784719831 | enp139s0f0np0: 199917572307361 54277835245    0 2473    0     0          0    500187 141209873919536 36749305885    0    0    0     0       0          0
1784719832 | enp139s0f0np0: 199919837315612 54278393438    0 2473    0     0          0    500188 141211014087689 36749601313    0    0    0     0       0          0
1784719833 | enp139s0f0np0: 199921921831298 54278908311    0 2473    0     0          0    500188 141212085178159 36749880474    0    0    0     0       0          0
1784719834 | enp139s0f0np0: 199924015929883 54279425649    0 2473    0     0          0    500188 141213121936632 36750151750    0    0    0     0       0          0
1784719835 | enp139s0f0np0: 199926084599821 54279936495    0 2473    0     0          0    500188 141214153877246 36750421382    0    0    0     0       0          0
1784719836 | enp139s0f0np0: 199928200396739 54280459083    0 2473    0     0          0    500188 141215182871435 36750690512    0    0    0     0       0          0
1784719837 | enp139s0f0np0: 199930320680324 54280982359    0 2473    0     0          0    500188 141216281698025 36750975533    0    0    0     0       0          0
1784719838 | enp139s0f0np0: 199932342430971 54281482840    0 2473    0     0          0    500188 141217353498125 36751255029    0    0    0     0       0          0
1784719839 | enp139s0f0np0: 199934345354878 54281978160    0 2473    0     0          0    500188 141218505023671 36751552148    0    0    0     0       0          0
1784719840 | enp139s0f0np0: 199936395546444 54282485028    0 2473    0     0          0    500188 141219621048576 36751841029    0    0    0     0       0          0
1784719841 | enp139s0f0np0: 199938412429783 54282984226    0 2473    0     0          0    500188 141220698445861 36752121405    0    0    0     0       0          0
1784719842 | enp139s0f0np0: 199940432668124 54283483682    0 2473    0     0          0    500188 141221781237335 36752402817    0    0    0     0       0          0
1784719843 | enp139s0f0np0: 199942459291550 54283984988    0 2473    0     0          0    500188 141222838442935 36752678568    0    0    0     0       0          0
1784719844 | enp139s0f0np0: 199944328907176 54284449679    0 2473    0     0          0    500188 141223960707235 36752968424    0    0    0     0       0          0
1784719845 | enp139s0f0np0: 199946575984689 54285004446    0 2473    0     0          0    500188 141225111197238 36753266662    0    0    0     0       0          0
1784719846 | enp139s0f0np0: 199948577123704 54285499130    0 2473    0     0          0    500188 141226138499285 36753535063    0    0    0     0       0          0
1784719847 | enp139s0f0np0: 199950583108470 54285994886    0 2473    0     0          0    500188 141227141737887 36753798086    0    0    0     0       0          0
1784719848 | enp139s0f0np0: 199952576720918 54286488254    0 2473    0     0          0    500188 141228115940064 36754053692    0    0    0     0       0          0
1784719849 | enp139s0f0np0: 199954735358170 54287021429    0 2473    0     0          0    500188 141229180500582 36754332336    0    0    0     0       0          0
1784719850 | enp139s0f0np0: 199956959073796 54287570227    0 2473    0     0          0    500188 141230312735754 36754627015    0    0    0     0       0          0
1784719851 | enp139s0f0np0: 199959248207821 54288134971    0 2473    0     0          0    500188 141231483441678 36754929940    0    0    0     0       0          0
1784719852 | enp139s0f0np0: 199961233649681 54288625910    0 2473    0     0          0    500188 141232528494759 36755202132    0    0    0     0       0          0
1784719853 | enp139s0f0np0: 199963379461014 54289156252    0 2473    0     0          0    500188 141233651902019 36755494379    0    0    0     0       0          0
1784719854 | enp139s0f0np0: 199965394588538 54289655302    0 2473    0     0          0    500188 141234715386902 36755771062    0    0    0     0       0          0
1784719855 | enp139s0f0np0: 199967346023470 54290140002    0 2473    0     0          0    500188 141235788479562 36756050160    0    0    0     0       0          0
1784719856 | enp139s0f0np0: 199969434389465 54290657013    0 2473    0     0          0    500188 141236884309136 36756335736    0    0    0     0       0          0
1784719857 | enp139s0f0np0: 199971454199326 54291156815    0 2473    0     0          0    500188 141237932510835 36756609680    0    0    0     0       0          0
1784719858 | enp139s0f0np0: 199973576771168 54291681236    0 2473    0     0          0    500188 141239091624443 36756909449    0    0    0     0       0          0
1784719859 | enp139s0f0np0: 199975860364474 54292244682    0 2473    0     0          0    500188 141240245907493 36757209003    0    0    0     0       0          0
1784719860 | enp139s0f0np0: 199978084926868 54292794223    0 2473    0     0          0    500188 141241377423998 36757503538    0    0    0     0       0          0
1784719861 | enp139s0f0np0: 199980342693498 54293352461    0 2473    0     0          0    500188 141242534240013 36757805653    0    0    0     0       0          0
1784719862 | enp139s0f0np0: 199982555952301 54293899873    0 2473    0     0          0    500189 141243718950748 36758112958    0    0    0     0       0          0
1784719863 | enp139s0f0np0: 199984563349133 54294397797    0 2473    0     0          0    500189 141244715328272 36758374891    0    0    0     0       0          0
1784719864 | enp139s0f0np0: 199986646762841 54294913197    0 2473    0     0          0    500189 141245768449245 36758650138    0    0    0     0       0          0
1784719865 | enp139s0f0np0: 199988839680747 54295455311    0 2473    0     0          0    500189 141247012705567 36758970632    0    0    0     0       0          0
1784719866 | enp139s0f0np0: 199991075117619 54296007735    0 2473    0     0          0    500189 141248180906066 36759273429    0    0    0     0       0          0
1784719867 | enp139s0f0np0: 199993072290988 54296502815    0 2473    0     0          0    500189 141249226167808 36759546566    0    0    0     0       0          0
1784719868 | enp139s0f0np0: 199995202950179 54297029995    0 2473    0     0          0    500189 141250357279870 36759840758    0    0    0     0       0          0
1784719869 | enp139s0f0np0: 199997174431803 54297518753    0 2473    0     0          0    500189 141251390106220 36760110040    0    0    0     0       0          0
1784719870 | enp139s0f0np0: 199999195615088 54298019929    0 2473    0     0          0    500189 141252413917852 36760378611    0    0    0     0       0          0
1784719871 | enp139s0f0np0: 200001381912730 54298560882    0 2473    0     0          0    500189 141253524308248 36760668533    0    0    0     0       0          0
1784719872 | enp139s0f0np0: 200003592635405 54299107028    0 2473    0     0          0    500189 141254667592305 36760965554    0    0    0     0       0          0
1784719873 | enp139s0f0np0: 200005832235704 54299660533    0 2473    0     0          0    500189 141255833090082 36761267985    0    0    0     0       0          0
1784719874 | enp139s0f0np0: 200007927405866 54300180217    0 2473    0     0          0    500189 141256962008562 36761561798    0    0    0     0       0          0
1784719875 | enp139s0f0np0: 200009834505179 54300653406    0 2473    0     0          0    500189 141257978823247 36761827774    0    0    0     0       0          0
1784719876 | enp139s0f0np0: 200011574179071 54301084859    0 2473    0     0          0    500189 141258861644762 36762059765    0    0    0     0       0          0
1784719877 | enp139s0f0np0: 200013537885037 54301572570    0 2473    0     0          0    500189 141259891049155 36762329167    0    0    0     0       0          0
1784719878 | enp139s0f0np0: 200015436460489 54302044123    0 2473    0     0          0    500189 141260906028648 36762594129    0    0    0     0       0          0
1784719879 | enp139s0f0np0: 200017486547797 54302552234    0 2473    0     0          0    500189 141261982143746 36762874923    0    0    0     0       0          0
1784719880 | enp139s0f0np0: 200019747034542 54303111562    0 2473    0     0          0    500189 141263174286604 36763184606    0    0    0     0       0          0
1784719881 | enp139s0f0np0: 200021973127519 54303662476    0 2473    0     0          0    500189 141264352205141 36763491053    0    0    0     0       0          0
1784719882 | enp139s0f0np0: 200023897643612 54304139993    0 2473    0     0          0    500189 141265346415060 36763751306    0    0    0     0       0          0
1784719883 | enp139s0f0np0: 200025884186462 54304632359    0 2473    0     0          0    500189 141266375921174 36764020662    0    0    0     0       0          0
1784719884 | enp139s0f0np0: 200027877972183 54305127385    0 2473    0     0          0    500189 141267431534648 36764296765    0    0    0     0       0          0
1784719885 | enp139s0f0np0: 200030073155338 54305670608    0 2473    0     0          0    500189 141268555131515 36764589496    0    0    0     0       0          0
1784719886 | enp139s0f0np0: 200032335884014 54306230846    0 2473    0     0          0    500189 141269699981944 36764888284    0    0    0     0       0          0
1784719887 | enp139s0f0np0: 200034599942747 54306790794    0 2473    0     0          0    500189 141270858099348 36765189435    0    0    0     0       0          0
1784719888 | enp139s0f0np0: 200036677778398 54307305269    0 2473    0     0          0    500189 141271891070685 36765460679    0    0    0     0       0          0
1784719889 | enp139s0f0np0: 200038820170810 54307835796    0 2473    0     0          0    500189 141272984123355 36765746304    0    0    0     0       0          0
1784719890 | enp139s0f0np0: 200041046674395 54308387313    0 2473    0     0          0    500189 141274088671625 36766034693    0    0    0     0       0          0
1784719891 | enp139s0f0np0: 200043079278075 54308891094    0 2473    0     0          0    500189 141275105721489 36766301534    0    0    0     0       0          0
1784719892 | enp139s0f0np0: 200045097007645 54309391742    0 2473    0     0          0    500190 141276167678899 36766578943    0    0    0     0       0          0
1784719893 | enp139s0f0np0: 200047104237420 54309889908    0 2473    0     0          0    500190 141277231841764 36766856443    0    0    0     0       0          0
1784719894 | enp139s0f0np0: 200049439164388 54310466744    0 2473    0     0          0    500190 141278499892602 36767183224    0    0    0     0       0          0
1784719895 | enp139s0f0np0: 200051535584494 54310985249    0 2473    0     0          0    500190 141279533037012 36767453325    0    0    0     0       0          0
1784719896 | enp139s0f0np0: 200053808763180 54311547130    0 2473    0     0          0    500190 141280661828999 36767747565    0    0    0     0       0          0
1784719897 | enp139s0f0np0: 200056220369301 54312142514    0 2473    0     0          0    500190 141281773660726 36768039137    0    0    0     0       0          0
1784719898 | enp139s0f0np0: 200058523336871 54312711440    0 2473    0     0          0    500190 141282900762429 36768333408    0    0    0     0       0          0
1784719899 | enp139s0f0np0: 200060821745143 54313279144    0 2473    0     0          0    500190 141284015539188 36768624243    0    0    0     0       0          0
1784719900 | enp139s0f0np0: 200063159928701 54313856081    0 2473    0     0          0    500190 141285104417246 36768909297    0    0    0     0       0          0
1784719901 | enp139s0f0np0: 200065466943958 54314425870    0 2473    0     0          0    500190 141286242608242 36769205955    0    0    0     0       0          0
1784719902 | enp139s0f0np0: 200067836799363 54315009750    0 2473    0     0          0    500190 141287337967861 36769493238    0    0    0     0       0          0
1784719903 | enp139s0f0np0: 200070182251271 54315588167    0 2473    0     0          0    500190 141288445323098 36769783054    0    0    0     0       0          0
1784719904 | enp139s0f0np0: 200072518891144 54316163456    0 2473    0     0          0    500190 141289570799719 36770075623    0    0    0     0       0          0
1784719905 | enp139s0f0np0: 200074747348758 54316713517    0 2473    0     0          0    500190 141290705727458 36770369684    0    0    0     0       0          0
1784719906 | enp139s0f0np0: 200076812094717 54317224118    0 2473    0     0          0    500190 141291790534757 36770651763    0    0    0     0       0          0
1784719907 | enp139s0f0np0: 200078834234025 54317724568    0 2473    0     0          0    500190 141292834391104 36770923682    0    0    0     0       0          0
1784719908 | enp139s0f0np0: 200080822193980 54318217670    0 2473    0     0          0    500190 141293842694098 36771187671    0    0    0     0       0          0
1784719909 | enp139s0f0np0: 200082834836189 54318716280    0 2473    0     0          0    500190 141294910179199 36771465912    0    0    0     0       0          0
1784719910 | enp139s0f0np0: 200084867821517 54319220419    0 2473    0     0          0    500190 141295944393479 36771736273    0    0    0     0       0          0
1784719911 | enp139s0f0np0: 200086809908640 54319701959    0 2473    0     0          0    500190 141296961734396 36772001818    0    0    0     0       0          0
1784719912 | enp139s0f0np0: 200088844105095 54320205609    0 2473    0     0          0    500190 141298012297527 36772275764    0    0    0     0       0          0
1784719913 | enp139s0f0np0: 200090856210150 54320704057    0 2473    0     0          0    500190 141299027530679 36772541368    0    0    0     0       0          0
1784719914 | enp139s0f0np0: 200092822343534 54321191313    0 2473    0     0          0    500190 141300070310776 36772813203    0    0    0     0       0          0
1784719915 | enp139s0f0np0: 200095079544538 54321748301    0 2473    0     0          0    500190 141301199547429 36773106894    0    0    0     0       0          0
1784719916 | enp139s0f0np0: 200097366014361 54322313082    0 2473    0     0          0    500190 141302287835732 36773391867    0    0    0     0       0          0
1784719917 | enp139s0f0np0: 200099434635040 54322824805    0 2473    0     0          0    500190 141303351484665 36773669719    0    0    0     0       0          0
1784719918 | enp139s0f0np0: 200101452316337 54323325003    0 2473    0     0          0    500190 141304422151838 36773948935    0    0    0     0       0          0
1784719919 | enp139s0f0np0: 200103512598985 54323834551    0 2473    0     0          0    500190 141305488240658 36774226449    0    0    0     0       0          0
1784719920 | enp139s0f0np0: 200105496973070 54324326274    0 2473    0     0          0    500190 141306509350177 36774493303    0    0    0     0       0          0
1784719922 | enp139s0f0np0: 200107594420167 54324845287    0 2473    0     0          0    500190 141307571441227 36774770594    0    0    0     0       0          0
1784719923 | enp139s0f0np0: 200109271523032 54325259865    0 2473    0     0          0    500191 141308441602682 36774997538    0    0    0     0       0          0
1784719924 | enp139s0f0np0: 200111202769219 54325738872    0 2473    0     0          0    500191 141309484898058 36775269964    0    0    0     0       0          0
1784719925 | enp139s0f0np0: 200113257051953 54326246584    0 2473    0     0          0    500191 141310508391261 36775537960    0    0    0     0       0          0
1784719926 | enp139s0f0np0: 200114956890321 54326666545    0 2473    0     0          0    500191 141311390470087 36775767110    0    0    0     0       0          0
1784719927 | enp139s0f0np0: 200116874665634 54327142043    0 2473    0     0          0    500191 141312356810029 36776020387    0    0    0     0       0          0
1784719928 | enp139s0f0np0: 200118892254016 54327641501    0 2473    0     0          0    500191 141313380124093 36776288241    0    0    0     0       0          0
1784719929 | enp139s0f0np0: 200120740063272 54328099811    0 2473    0     0          0    500191 141314310715535 36776532854    0    0    0     0       0          0
1784719930 | enp139s0f0np0: 200122488804107 54328532887    0 2473    0     0          0    500191 141315183177620 36776761666    0    0    0     0       0          0
1784719931 | enp139s0f0np0: 200124270201904 54328975933    0 2473    0     0          0    500191 141316128948405 36777009550    0    0    0     0       0          0
1784719932 | enp139s0f0np0: 200126295206681 54329476569    0 2473    0     0          0    500191 141317116743606 36777268687    0    0    0     0       0          0
1784719933 | enp139s0f0np0: 200128224102399 54329956035    0 2473    0     0          0    500191 141318136625316 36777535295    0    0    0     0       0          0
1784719934 | enp139s0f0np0: 200130447781637 54330505619    0 2473    0     0          0    500191 141319267451687 36777829679    0    0    0     0       0          0
1784719935 | enp139s0f0np0: 200132372945917 54330983962    0 2473    0     0          0    500191 141320273688488 36778093629    0    0    0     0       0          0
1784719936 | enp139s0f0np0: 200134553694956 54331522898    0 2473    0     0          0    500191 141321413004326 36778389198    0    0    0     0       0          0
1784719937 | enp139s0f0np0: 200136698515863 54332054565    0 2473    0     0          0    500191 141322604110968 36778697738    0    0    0     0       0          0
1784719938 | enp139s0f0np0: 200138940094325 54332608659    0 2473    0     0          0    500191 141323771084468 36779001071    0    0    0     0       0          0
1784719939 | enp139s0f0np0: 200140790488881 54333067833    0 2473    0     0          0    500191 141324767562872 36779261455    0    0    0     0       0          0
1784719940 | enp139s0f0np0: 200142891562276 54333587462    0 2473    0     0          0    500191 141325783591257 36779528357    0    0    0     0       0          0
1784719941 | enp139s0f0np0: 200144746710355 54334047525    0 2473    0     0          0    500191 141326682094083 36779765596    0    0    0     0       0          0
