1784760592 | enp139s0f0np0: 223261753149127 60365225201    0 2473    0     0          0    501546 170606019026127 44259340026    0    0    0     0       0          0
1784760593 | enp139s0f0np0: 223263222264162 60365584029    0 2473    0     0          0    501546 170606027938572 44259362258    0    0    0     0       0          0
1784760594 | enp139s0f0np0: 223266282036036 60366330484    0 2473    0     0          0    501546 170606046299219 44259406814    0    0    0     0       0          0
1784760595 | enp139s0f0np0: 223269410965643 60367093147    0 2473    0     0          0    501546 170606064950504 44259450681    0    0    0     0       0          0
1784760596 | enp139s0f0np0: 223272543684727 60367856893    0 2473    0     0          0    501546 170606083664183 44259494993    0    0    0     0       0          0
1784760597 | enp139s0f0np0: 223275605570874 60368603813    0 2473    0     0          0    501546 170606102050987 44259539531    0    0    0     0       0          0
1784760598 | enp139s0f0np0: 223278758316620 60369372425    0 2473    0     0          0    501546 170606120958602 44259585347    0    0    0     0       0          0
1784760599 | enp139s0f0np0: 223281852862371 60370126966    0 2473    0     0          0    501546 170606139530421 44259630379    0    0    0     0       0          0
1784760600 | enp139s0f0np0: 223284941546788 60370880043    0 2473    0     0          0    501546 170606158074716 44259675773    0    0    0     0       0          0
1784760601 | enp139s0f0np0: 223288058898098 60371640078    0 2473    0     0          0    501546 170606176683452 44259719835    0    0    0     0       0          0
1784760602 | enp139s0f0np0: 223291153929225 60372394451    0 2473    0     0          0    501546 170606195143422 44259763201    0    0    0     0       0          0
1784760603 | enp139s0f0np0: 223294200981103 60373137636    0 2473    0     0          0    501546 170606213570156 44259809716    0    0    0     0       0          0
1784760604 | enp139s0f0np0: 223297168169554 60373861662    0 2473    0     0          0    501546 170606231579115 44259856151    0    0    0     0       0          0
1784760605 | enp139s0f0np0: 223300116865429 60374581333    0 2473    0     0          0    501546 170606249441489 44259901657    0    0    0     0       0          0
1784760606 | enp139s0f0np0: 223303062341592 60375299925    0 2473    0     0          0    501547 170606267376861 44259948464    0    0    0     0       0          0
1784760607 | enp139s0f0np0: 223306062984169 60376031825    0 2473    0     0          0    501547 170606285477641 44259993705    0    0    0     0       0          0
1784760608 | enp139s0f0np0: 223309064439867 60376764125    0 2473    0     0          0    501547 170606303631101 44260039644    0    0    0     0       0          0
1784760609 | enp139s0f0np0: 223312055341082 60377493816    0 2473    0     0          0    501547 170606321639767 44260084360    0    0    0     0       0          0
1784760610 | enp139s0f0np0: 223315020785352 60378217295    0 2473    0     0          0    501547 170606339621740 44260130426    0    0    0     0       0          0
1784760611 | enp139s0f0np0: 223318080314435 60378963446    0 2473    0     0          0    501547 170606358029005 44260175908    0    0    0     0       0          0
1784760612 | enp139s0f0np0: 223321171067000 60379717443    0 2473    0     0          0    501547 170606376663745 44260222449    0    0    0     0       0          0
1784760613 | enp139s0f0np0: 223324183677342 60380452350    0 2473    0     0          0    501547 170606394908190 44260268589    0    0    0     0       0          0
1784760614 | enp139s0f0np0: 223327178757405 60381183414    0 2473    0     0          0    501547 170606413097961 44260315568    0    0    0     0       0          0
1784760615 | enp139s0f0np0: 223330208588334 60381922143    0 2473    0     0          0    501547 170606431310271 44260360100    0    0    0     0       0          0
1784760616 | enp139s0f0np0: 223333288439909 60382673064    0 2473    0     0          0    501547 170606449843521 44260405663    0    0    0     0       0          0
1784760617 | enp139s0f0np0: 223336321229931 60383412999    0 2473    0     0          0    501547 170606468079476 44260450757    0    0    0     0       0          0
1784760618 | enp139s0f0np0: 223339369818666 60384156404    0 2473    0     0          0    501547 170606486366197 44260494911    0    0    0     0       0          0
1784760619 | enp139s0f0np0: 223342379502657 60384890721    0 2473    0     0          0    501547 170606504612309 44260541443    0    0    0     0       0          0
1784760620 | enp139s0f0np0: 223345385383342 60385624044    0 2473    0     0          0    501547 170606522837714 44260588394    0    0    0     0       0          0
1784760621 | enp139s0f0np0: 223348467953106 60386375677    0 2473    0     0          0    501547 170606541307613 44260633088    0    0    0     0       0          0
1784760622 | enp139s0f0np0: 223351509022532 60387117616    0 2473    0     0          0    501547 170606559730808 44260680149    0    0    0     0       0          0
1784760623 | enp139s0f0np0: 223354485626459 60387843842    0 2473    0     0          0    501547 170606577826441 44260726903    0    0    0     0       0          0
1784760624 | enp139s0f0np0: 223357395589204 60388554275    0 2473    0     0          0    501547 170606595512351 44260772772    0    0    0     0       0          0
1784760625 | enp139s0f0np0: 223360470109336 60389303762    0 2473    0     0          0    501547 170606613896495 44260816759    0    0    0     0       0          0
1784760627 | enp139s0f0np0: 223363622800860 60390072392    0 2473    0     0          0    501547 170606632760058 44260861796    0    0    0     0       0          0
1784760628 | enp139s0f0np0: 223366683655284 60390818893    0 2473    0     0          0    501547 170606651198633 44260907549    0    0    0     0       0          0
1784760629 | enp139s0f0np0: 223369698362378 60391554359    0 2473    0     0          0    501547 170606669379527 44260952882    0    0    0     0       0          0
1784760630 | enp139s0f0np0: 223372727762056 60392293426    0 2473    0     0          0    501547 170606687693923 44260999005    0    0    0     0       0          0
1784760631 | enp139s0f0np0: 223375771892940 60393035863    0 2473    0     0          0    501547 170606705916691 44261042623    0    0    0     0       0          0
1784760632 | enp139s0f0np0: 223378921093282 60393803605    0 2473    0     0          0    501547 170606724653041 44261086368    0    0    0     0       0          0
1784760633 | enp139s0f0np0: 223382003975755 60394555343    0 2473    0     0          0    501547 170606743151914 44261131248    0    0    0     0       0          0
1784760634 | enp139s0f0np0: 223385100641389 60395310180    0 2473    0     0          0    501547 170606761672907 44261175846    0    0    0     0       0          0
1784760635 | enp139s0f0np0: 223388212622183 60396068805    0 2473    0     0          0    501547 170606780287565 44261220221    0    0    0     0       0          0
1784760636 | enp139s0f0np0: 223391329768127 60396829205    0 2473    0     0          0    501548 170606799042730 44261266437    0    0    0     0       0          0
1784760637 | enp139s0f0np0: 223394399128794 60397577353    0 2473    0     0          0    501548 170606817474992 44261310939    0    0    0     0       0          0
1784760638 | enp139s0f0np0: 223397450586459 60398321497    0 2473    0     0          0    501548 170606835709840 44261354582    0    0    0     0       0          0
1784760639 | enp139s0f0np0: 223400513584403 60399068620    0 2473    0     0          0    501548 170606854114828 44261399536    0    0    0     0       0          0
1784760640 | enp139s0f0np0: 223403554241532 60399809759    0 2473    0     0          0    501548 170606872160967 44261440890    0    0    0     0       0          0
1784760641 | enp139s0f0np0: 223406429898828 60400511806    0 2473    0     0          0    501548 170606889487629 44261483972    0    0    0     0       0          0
1784760642 | enp139s0f0np0: 223409300067014 60401212958    0 2473    0     0          0    501548 170606907018168 44261530364    0    0    0     0       0          0
1784760643 | enp139s0f0np0: 223412118743660 60401901822    0 2473    0     0          0    501548 170606924260041 44261576430    0    0    0     0       0          0
1784760644 | enp139s0f0np0: 223414875896098 60402575937    0 2473    0     0          0    501548 170606941218003 44261623130    0    0    0     0       0          0
1784760645 | enp139s0f0np0: 223417572780631 60403235813    0 2473    0     0          0    501548 170606957895210 44261669712    0    0    0     0       0          0
1784760646 | enp139s0f0np0: 223420193417864 60403877543    0 2473    0     0          0    501548 170606974198656 44261716811    0    0    0     0       0          0
1784760647 | enp139s0f0np0: 223422958162499 60404553644    0 2473    0     0          0    501548 170606991177959 44261763211    0    0    0     0       0          0
1784760648 | enp139s0f0np0: 223426013967525 60405298648    0 2473    0     0          0    501548 170607009413233 44261805811    0    0    0     0       0          0
1784760649 | enp139s0f0np0: 223429122047414 60406055999    0 2473    0     0          0    501548 170607027986946 44261850467    0    0    0     0       0          0
1784760650 | enp139s0f0np0: 223432281950303 60406826009    0 2473    0     0          0    501548 170607046802002 44261893913    0    0    0     0       0          0
1784760651 | enp139s0f0np0: 223435331650058 60407569489    0 2473    0     0          0    501548 170607065014911 44261937233    0    0    0     0       0          0
1784760652 | enp139s0f0np0: 223438431600033 60408324903    0 2473    0     0          0    501548 170607083485622 44261980755    0    0    0     0       0          0
1784760653 | enp139s0f0np0: 223441527231283 60409079226    0 2473    0     0          0    501548 170607101913952 44262023534    0    0    0     0       0          0
1784760654 | enp139s0f0np0: 223444675130515 60409846401    0 2473    0     0          0    501548 170607120701683 44262068230    0    0    0     0       0          0
1784760655 | enp139s0f0np0: 223447724806805 60410589728    0 2473    0     0          0    501548 170607139063373 44262113009    0    0    0     0       0          0
1784760656 | enp139s0f0np0: 223450829051827 60411346356    0 2473    0     0          0    501548 170607157688308 44262158404    0    0    0     0       0          0
1784760657 | enp139s0f0np0: 223453918338865 60412099385    0 2473    0     0          0    501548 170607176161051 44262202664    0    0    0     0       0          0
1784760658 | enp139s0f0np0: 223457018468267 60412854833    0 2473    0     0          0    501548 170607194703401 44262247094    0    0    0     0       0          0
1784760659 | enp139s0f0np0: 223460087668908 60413603071    0 2473    0     0          0    501548 170607213081556 44262290758    0    0    0     0       0          0
1784760660 | enp139s0f0np0: 223463149640306 60414349546    0 2473    0     0          0    501548 170607231425056 44262334930    0    0    0     0       0          0
1784760661 | enp139s0f0np0: 223466250413295 60415105126    0 2473    0     0          0    501548 170607249973884 44262379326    0    0    0     0       0          0
1784760662 | enp139s0f0np0: 223469305418691 60415849736    0 2473    0     0          0    501548 170607268243820 44262423324    0    0    0     0       0          0
1784760663 | enp139s0f0np0: 223472265500000 60416571768    0 2473    0     0          0    501548 170607286152621 44262468479    0    0    0     0       0          0
1784760664 | enp139s0f0np0: 223475263750627 60417302984    0 2473    0     0          0    501548 170607304270132 44262514099    0    0    0     0       0          0
1784760665 | enp139s0f0np0: 223478279412823 60418038461    0 2473    0     0          0    501548 170607322395683 44262558549    0    0    0     0       0          0
1784760666 | enp139s0f0np0: 223481359664661 60418789206    0 2473    0     0          0    501549 170607340840162 44262602774    0    0    0     0       0          0
1784760667 | enp139s0f0np0: 223484479970430 60419549516    0 2473    0     0          0    501549 170607359442354 44262646646    0    0    0     0       0          0
1784760668 | enp139s0f0np0: 223487332964925 60420246475    0 2473    0     0          0    501549 170607376835606 44262692241    0    0    0     0       0          0
1784760669 | enp139s0f0np0: 223490151288365 60420935157    0 2473    0     0          0    501549 170607394080980 44262738352    0    0    0     0       0          0
1784760670 | enp139s0f0np0: 223493017701204 60421635747    0 2473    0     0          0    501549 170607411601879 44262785185    0    0    0     0       0          0
1784760671 | enp139s0f0np0: 223495877576649 60422334075    0 2473    0     0          0    501549 170607428965926 44262829885    0    0    0     0       0          0
1784760672 | enp139s0f0np0: 223498732187462 60423031317    0 2473    0     0          0    501549 170607446466948 44262877189    0    0    0     0       0          0
1784760673 | enp139s0f0np0: 223501546427249 60423719467    0 2473    0     0          0    501549 170607463812086 44262925084    0    0    0     0       0          0
1784760674 | enp139s0f0np0: 223504377244923 60424411276    0 2473    0     0          0    501549 170607481111425 44262971155    0    0    0     0       0          0
1784760675 | enp139s0f0np0: 223507239241861 60425110426    0 2473    0     0          0    501549 170607498544712 44263017160    0    0    0     0       0          0
1784760676 | enp139s0f0np0: 223510023701560 60425791188    0 2473    0     0          0    501549 170607515673376 44263063958    0    0    0     0       0          0
1784760677 | enp139s0f0np0: 223512814301041 60426473347    0 2473    0     0          0    501549 170607532844740 44263110918    0    0    0     0       0          0
1784760678 | enp139s0f0np0: 223515633654371 60427162675    0 2473    0     0          0    501549 170607550188950 44263158500    0    0    0     0       0          0
1784760679 | enp139s0f0np0: 223518388924918 60427836512    0 2473    0     0          0    501549 170607567144024 44263204812    0    0    0     0       0          0
1784760680 | enp139s0f0np0: 223521161506289 60428514415    0 2473    0     0          0    501549 170607584188191 44263251400    0    0    0     0       0          0
1784760681 | enp139s0f0np0: 223523986433353 60429204526    0 2473    0     0          0    501549 170607601460236 44263297609    0    0    0     0       0          0
1784760682 | enp139s0f0np0: 223526762247337 60429882898    0 2473    0     0          0    501549 170607618491389 44263343692    0    0    0     0       0          0
1784760683 | enp139s0f0np0: 223529564629967 60430567600    0 2473    0     0          0    501549 170607635640910 44263389829    0    0    0     0       0          0
1784760684 | enp139s0f0np0: 223532226146442 60431218563    0 2473    0     0          0    501549 170607652072903 44263435460    0    0    0     0       0          0
1784760685 | enp139s0f0np0: 223535029358678 60431903934    0 2473    0     0          0    501549 170607669267075 44263482317    0    0    0     0       0          0
1784760686 | enp139s0f0np0: 223537846365737 60432592125    0 2473    0     0          0    501549 170607686454765 44263527561    0    0    0     0       0          0
1784760687 | enp139s0f0np0: 223540605198619 60433266664    0 2473    0     0          0    501549 170607703456121 44263574367    0    0    0     0       0          0
1784760688 | enp139s0f0np0: 223543379272748 60433944414    0 2473    0     0          0    501549 170607720468114 44263620383    0    0    0     0       0          0
1784760689 | enp139s0f0np0: 223546143123236 60434620632    0 2473    0     0          0    501549 170607737551701 44263668429    0    0    0     0       0          0
1784760690 | enp139s0f0np0: 223548922794292 60435299786    0 2473    0     0          0    501549 170607754573321 44263714114    0    0    0     0       0          0
1784760691 | enp139s0f0np0: 223551722559558 60435983841    0 2473    0     0          0    501549 170607771750428 44263760968    0    0    0     0       0          0
1784760692 | enp139s0f0np0: 223554578225421 60436681509    0 2473    0     0          0    501549 170607789189485 44263807039    0    0    0     0       0          0
1784760693 | enp139s0f0np0: 223557538884177 60437404063    0 2473    0     0          0    501549 170607807104820 44263852530    0    0    0     0       0          0
1784760694 | enp139s0f0np0: 223560584859190 60438146649    0 2473    0     0          0    501549 170607825379746 44263896548    0    0    0     0       0          0
1784760695 | enp139s0f0np0: 223563517794995 60438862353    0 2473    0     0          0    501549 170607843101796 44263941244    0    0    0     0       0          0
1784760696 | enp139s0f0np0: 223566574373361 60439607938    0 2473    0     0          0    501550 170607861510555 44263987027    0    0    0     0       0          0
1784760697 | enp139s0f0np0: 223569597342920 60440345298    0 2473    0     0          0    501550 170607879690229 44264031627    0    0    0     0       0          0
1784760698 | enp139s0f0np0: 223572612701062 60441080821    0 2473    0     0          0    501550 170607897831586 44264076528    0    0    0     0       0          0
1784760699 | enp139s0f0np0: 223575649631051 60441821614    0 2473    0     0          0    501550 170607916145489 44264122340    0    0    0     0       0          0
1784760700 | enp139s0f0np0: 223578728110631 60442572327    0 2473    0     0          0    501550 170607934635805 44264166981    0    0    0     0       0          0
1784760701 | enp139s0f0np0: 223581803203629 60443322219    0 2473    0     0          0    501550 170607953189475 44264213560    0    0    0     0       0          0
1784760702 | enp139s0f0np0: 223584935131764 60444085597    0 2473    0     0          0    501550 170607971976994 44264258882    0    0    0     0       0          0
1784760703 | enp139s0f0np0: 223588043610018 60444843664    0 2473    0     0          0    501550 170607990645351 44264304691    0    0    0     0       0          0
1784760704 | enp139s0f0np0: 223591264042075 60445628732    0 2473    0     0          0    501550 170608009889289 44264350428    0    0    0     0       0          0
1784760705 | enp139s0f0np0: 223594406964559 60446394677    0 2473    0     0          0    501550 170608028591578 44264393773    0    0    0     0       0          0
1784760706 | enp139s0f0np0: 223597561079705 60447163555    0 2473    0     0          0    501550 170608047473180 44264439094    0    0    0     0       0          0
1784760707 | enp139s0f0np0: 223600738766064 60447937855    0 2473    0     0          0    501550 170608066304421 44264482037    0    0    0     0       0          0
1784760708 | enp139s0f0np0: 223603853231659 60448697140    0 2473    0     0          0    501550 170608084910360 44264526016    0    0    0     0       0          0
1784760709 | enp139s0f0np0: 223607000775376 60449464163    0 2473    0     0          0    501550 170608103717093 44264570586    0    0    0     0       0          0
1784760710 | enp139s0f0np0: 223610124002115 60450225295    0 2473    0     0          0    501550 170608122257237 44264613256    0    0    0     0       0          0
1784760711 | enp139s0f0np0: 223613125110333 60450957297    0 2473    0     0          0    501550 170608140237149 44264656939    0    0    0     0       0          0
1784760712 | enp139s0f0np0: 223616093556629 60451681406    0 2473    0     0          0    501550 170608158174024 44264701746    0    0    0     0       0          0
1784760713 | enp139s0f0np0: 223619055107113 60452403957    0 2473    0     0          0    501550 170608176071350 44264746911    0    0    0     0       0          0
1784760714 | enp139s0f0np0: 223622109851220 60453148834    0 2473    0     0          0    501550 170608194437000 44264791928    0    0    0     0       0          0
1784760715 | enp139s0f0np0: 223625075893669 60453872299    0 2473    0     0          0    501550 170608212330493 44264836615    0    0    0     0       0          0
1784760716 | enp139s0f0np0: 223628098426704 60454609769    0 2473    0     0          0    501550 170608230605393 44264882780    0    0    0     0       0          0
1784760717 | enp139s0f0np0: 223631169915132 60455358899    0 2473    0     0          0    501550 170608249079425 44264928071    0    0    0     0       0          0
1784760718 | enp139s0f0np0: 223634042137062 60456060420    0 2473    0     0          0    501550 170608266585456 44264974058    0    0    0     0       0          0
1784760719 | enp139s0f0np0: 223636740704347 60456720530    0 2473    0     0          0    501550 170608283194936 44265020108    0    0    0     0       0          0
1784760720 | enp139s0f0np0: 223639388650501 60457368721    0 2473    0     0          0    501550 170608299681290 44265067478    0    0    0     0       0          0
1784760721 | enp139s0f0np0: 223642109770622 60458034005    0 2473    0     0          0    501550 170608316340585 44265112384    0    0    0     0       0          0
1784760722 | enp139s0f0np0: 223645139468377 60458773040    0 2473    0     0          0    501550 170608334544842 44265156765    0    0    0     0       0          0
1784760723 | enp139s0f0np0: 223648329139860 60459550447    0 2473    0     0          0    501550 170608353559831 44265201251    0    0    0     0       0          0
1784760724 | enp139s0f0np0: 223651452101461 60460311875    0 2473    0     0          0    501550 170608372280979 44265246969    0    0    0     0       0          0
1784760725 | enp139s0f0np0: 223654578880348 60461074029    0 2473    0     0          0    501550 170608390941648 44265290881    0    0    0     0       0          0
1784760726 | enp139s0f0np0: 223657526767638 60461793658    0 2473    0     0          0    501551 170608408732171 44265335264    0    0    0     0       0          0
1784760727 | enp139s0f0np0: 223660628203030 60462549643    0 2473    0     0          0    501551 170608427261192 44265379523    0    0    0     0       0          0
1784760728 | enp139s0f0np0: 223663647874542 60463286191    0 2473    0     0          0    501551 170608445326224 44265422482    0    0    0     0       0          0
1784760729 | enp139s0f0np0: 223666715295695 60464034657    0 2473    0     0          0    501551 170608463718267 44265467048    0    0    0     0       0          0
1784760730 | enp139s0f0np0: 223669724931812 60464768547    0 2473    0     0          0    501551 170608481738179 44265510239    0    0    0     0       0          0
1784760731 | enp139s0f0np0: 223672732950585 60465502087    0 2473    0     0          0    501551 170608499787382 44265554280    0    0    0     0       0          0
1784760732 | enp139s0f0np0: 223675812043761 60466252660    0 2473    0     0          0    501551 170608518254904 44265599058    0    0    0     0       0          0
1784760733 | enp139s0f0np0: 223678769648868 60466973870    0 2473    0     0          0    501551 170608535873872 44265640140    0    0    0     0       0          0
1784760734 | enp139s0f0np0: 223681836270678 60467721264    0 2473    0     0          0    501551 170608554157492 44265682915    0    0    0     0       0          0
1784760735 | enp139s0f0np0: 223684929933390 60468475336    0 2473    0     0          0    501551 170608572570255 44265725848    0    0    0     0       0          0
1784760736 | enp139s0f0np0: 223688096523599 60469247199    0 2473    0     0          0    501551 170608591501540 44265770945    0    0    0     0       0          0
1784760737 | enp139s0f0np0: 223691077611374 60469974300    0 2473    0     0          0    501551 170608609399732 44265814530    0    0    0     0       0          0
1784760738 | enp139s0f0np0: 223693841461724 60470650311    0 2473    0     0          0    501551 170608626458461 44265862103    0    0    0     0       0          0
1784760739 | enp139s0f0np0: 223696507476098 60471302970    0 2473    0     0          0    501551 170608643109913 44265910715    0    0    0     0       0          0
1784760740 | enp139s0f0np0: 223699205875040 60471962684    0 2473    0     0          0    501551 170608659774901 44265957282    0    0    0     0       0          0
1784760741 | enp139s0f0np0: 223701926362697 60472628158    0 2473    0     0          0    501551 170608676583460 44266004273    0    0    0     0       0          0
1784760742 | enp139s0f0np0: 223704766313358 60473322120    0 2473    0     0          0    501551 170608693952061 44266050859    0    0    0     0       0          0
1784760743 | enp139s0f0np0: 223707570873912 60474007523    0 2473    0     0          0    501551 170608711191993 44266097773    0    0    0     0       0          0
1784760744 | enp139s0f0np0: 223710405054424 60474700335    0 2473    0     0          0    501551 170608728550069 44266144420    0    0    0     0       0          0
1784760745 | enp139s0f0np0: 223713171705854 60475376664    0 2473    0     0          0    501551 170608745533877 44266190537    0    0    0     0       0          0
1784760746 | enp139s0f0np0: 223715993400788 60476065871    0 2473    0     0          0    501551 170608762780602 44266236641    0    0    0     0       0          0
1784760747 | enp139s0f0np0: 223718660407449 60476718652    0 2473    0     0          0    501551 170608779411562 44266284962    0    0    0     0       0          0
1784760748 | enp139s0f0np0: 223721357241373 60477378525    0 2473    0     0          0    501551 170608796112498 44266332183    0    0    0     0       0          0
1784760749 | enp139s0f0np0: 223724222259743 60478078182    0 2473    0     0          0    501551 170608813567896 44266377785    0    0    0     0       0          0
1784760750 | enp139s0f0np0: 223727014874142 60478760244    0 2473    0     0          0    501551 170608830633713 44266423297    0    0    0     0       0          0
1784760751 | enp139s0f0np0: 223729895186762 60479463645    0 2473    0     0          0    501551 170608848132335 44266468847    0    0    0     0       0          0
1784760752 | enp139s0f0np0: 223733044761487 60480231227    0 2473    0     0          0    501551 170608867031392 44266514429    0    0    0     0       0          0
1784760753 | enp139s0f0np0: 223736201844675 60481000541    0 2473    0     0          0    501551 170608885869930 44266558984    0    0    0     0       0          0
1784760754 | enp139s0f0np0: 223739367763556 60481771700    0 2473    0     0          0    501551 170608904678050 44266602163    0    0    0     0       0          0
1784760755 | enp139s0f0np0: 223742549559802 60482547255    0 2473    0     0          0    501551 170608923671798 44266647301    0    0    0     0       0          0
1784760756 | enp139s0f0np0: 223745563748333 60483282225    0 2473    0     0          0    501552 170608941789967 44266691848    0    0    0     0       0          0
1784760757 | enp139s0f0np0: 223748581649756 60484018481    0 2473    0     0          0    501552 170608960020556 44266737486    0    0    0     0       0          0
1784760758 | enp139s0f0np0: 223751654015268 60484767640    0 2473    0     0          0    501552 170608978557738 44266783709    0    0    0     0       0          0
1784760759 | enp139s0f0np0: 223754711669050 60485513149    0 2473    0     0          0    501552 170608996871967 44266828140    0    0    0     0       0          0
1784760760 | enp139s0f0np0: 223757717383279 60486246092    0 2473    0     0          0    501552 170609014918447 44266872090    0    0    0     0       0          0
1784760761 | enp139s0f0np0: 223760728581569 60486980804    0 2473    0     0          0    501552 170609033026333 44266916467    0    0    0     0       0          0
1784760762 | enp139s0f0np0: 223763866458186 60487745414    0 2473    0     0          0    501552 170609051800770 44266961424    0    0    0     0       0          0
1784760763 | enp139s0f0np0: 223766978261972 60488503974    0 2473    0     0          0    501552 170609070401432 44267005564    0    0    0     0       0          0
1784760764 | enp139s0f0np0: 223770119017022 60489269309    0 2473    0     0          0    501552 170609089108514 44267049223    0    0    0     0       0          0
1784760765 | enp139s0f0np0: 223773245652701 60490031171    0 2473    0     0          0    501552 170609107771785 44267093712    0    0    0     0       0          0
1784760766 | enp139s0f0np0: 223776409414534 60490801925    0 2473    0     0          0    501552 170609126636209 44267137611    0    0    0     0       0          0
1784760767 | enp139s0f0np0: 223779500910901 60491554989    0 2473    0     0          0    501552 170609145121079 44267181785    0    0    0     0       0          0
1784760768 | enp139s0f0np0: 223782670553852 60492327332    0 2473    0     0          0    501552 170609163972867 44267225565    0    0    0     0       0          0
1784760769 | enp139s0f0np0: 223785728415689 60493072269    0 2473    0     0          0    501552 170609182123501 44267267258    0    0    0     0       0          0
1784760770 | enp139s0f0np0: 223788817431334 60493825515    0 2473    0     0          0    501552 170609200738423 44267313433    0    0    0     0       0          0
1784760771 | enp139s0f0np0: 223791840915356 60494562386    0 2473    0     0          0    501552 170609218863961 44267357028    0    0    0     0       0          0
1784760772 | enp139s0f0np0: 223794918787816 60495312561    0 2473    0     0          0    501552 170609237188526 44267399760    0    0    0     0       0          0
1784760773 | enp139s0f0np0: 223797772884878 60496008177    0 2473    0     0          0    501552 170609254229031 44267440932    0    0    0     0       0          0
