hints = 1
Maintaining 16 concurrent writes of 262144 bytes to objects of size 262144 for up to 60 seconds or 0 objects
Object prefix: benchmark_data_tikv-node_193578
  sec Cur ops   started  finished  avg MB/s  cur MB/s last lat(s)  avg lat(s)
    0       0         0         0         0         0           -           0
    1      16       457       441   110.233    110.25   0.0233751   0.0354531
    2      16       852       836   104.486     98.75    0.036493   0.0375201
    3      16      1051      1035   86.2389     49.75    0.070494    0.044507
    4      16      1393      1377   86.0518      85.5   0.0138705   0.0458951
    5      16      1611      1595   79.7395      54.5   0.0898229   0.0500328
    6      16      1818      1802   75.0731     51.75   0.0447234   0.0526363
    7      16      2095      2079   74.2401     69.25   0.0379458   0.0537108
    8      16      2311      2295   71.7092        54   0.0132626   0.0556784
    9      16      2514      2498   69.3795     50.75    0.083472   0.0572664
   10      16      2746      2730   68.2408        58   0.0185404   0.0585213
   11      16      3038      3022   68.6725        73   0.0191982    0.057943
   12      16      3253      3237   67.4283     53.75   0.0194668   0.0591163
   13      16      3471      3455   66.4331      54.5   0.0150127   0.0599909
   14      16      3688      3672   65.5623     54.25   0.0149467   0.0607401
   15      16      3892      3876   64.5911        51   0.0135244   0.0617458
   16      16      4101      4085   63.8193     52.25   0.0248258   0.0624325
   17      16      4316      4300   63.2264     53.75   0.0296155   0.0629843
   18      16      4590      4574    63.519      68.5   0.0163174   0.0628599
   19      16      4900      4884   64.2542      77.5   0.0190613   0.0619548
2026-07-06T20:56:43.705426+0800 min lat: 0.0081922 max lat: 0.167256 avg lat: 0.0625177
  sec Cur ops   started  finished  avg MB/s  cur MB/s last lat(s)  avg lat(s)
   20      16      5118      5102   63.7662      54.5   0.0724942   0.0625177
   21      16      5351      5335   63.5031     58.25   0.0131539   0.0629431
   22      16      5625      5609   63.7298      68.5   0.0115893   0.0627095
   23      16      5832      5816   63.2086     51.75    0.020075   0.0631453
   24      16      6042      6026    62.762      52.5   0.0309871   0.0635845
   25      16      6256      6240   62.3914      53.5   0.0145821   0.0638837
   26      16      6639      6623   63.6739     95.75   0.0176792   0.0626843
   27      16      6853      6837   63.2967      53.5   0.0449119   0.0630535
   28      16      7074      7058    63.009     55.25   0.0291375   0.0633704
   29      16      7336      7320   63.0945      65.5   0.0213855    0.063338
   30      16      7632      7616   63.4576        74   0.0842593   0.0629458
   31      16      7843      7827   63.1119     52.75   0.0444995   0.0632457
   32      16      8059      8043   62.8269        54   0.0193888   0.0635118
   33      16      8371      8355   63.2864        78   0.0822912   0.0631363
   34      16      8586      8570   63.0056     53.75   0.0924484   0.0634629
   35      16      8798      8782   62.7195        53    0.021544   0.0637047
   36      16      9011      8995   62.4561     53.25   0.0695303   0.0639484
   37      16      9415      9399   63.4974       101   0.0519893   0.0628542
   38      16      9635      9619   63.2736        55   0.0219528   0.0631243
   39      16      9854      9838   63.0549     54.75   0.0182161   0.0633529
2026-07-06T20:57:03.708522+0800 min lat: 0.00781322 max lat: 0.201221 avg lat: 0.0633998
  sec Cur ops   started  finished  avg MB/s  cur MB/s last lat(s)  avg lat(s)
   40      16     10105     10089    63.047     62.75   0.0188639   0.0633998
   41      16     10436     10420   63.5272     82.75   0.0194412   0.0629131
   42      16     10632     10616   63.1811        49   0.0177703   0.0632193
   43      16     10837     10821   62.9035     51.25   0.0891225   0.0635172
   44      16     11168     11152   63.3543     82.75   0.0136601   0.0630962
   45      16     11439     11423   63.4517     67.75   0.0126323   0.0630193
   46      16     11671     11655    63.333        58   0.0307172   0.0630943
   47      16     11914     11898   63.2779     60.75   0.0124008   0.0631903
   48      16     12120     12104   63.0323      51.5   0.0185999   0.0633354
   49      16     12349     12333   62.9142     57.25   0.0186255   0.0635485
   50      16     12565     12549   62.7358        54   0.0157071   0.0637207
   51      16     12791     12775   62.6133      56.5    0.031908   0.0638465
   52      16     13147     13131   63.1205        89    0.012407   0.0633266
   53      16     13359     13343   62.9294        53   0.0121113   0.0634919
   54      15     13586     13571   62.8194        57    0.029997   0.0636533
   55      16     13875     13859   62.9862        72   0.0181126   0.0634729
   56      16     14124     14108   62.9728     62.25   0.0221285   0.0634873
   57      16     14339     14323   62.8109     53.75   0.0979355   0.0636412
   58      16     14561     14545   62.6847      55.5   0.0228522   0.0637573
   59      16     14923     14907   63.1559      90.5   0.0152084   0.0633032
2026-07-06T20:57:23.711541+0800 min lat: 0.00729187 max lat: 0.225514 avg lat: 0.0633207
  sec Cur ops   started  finished  avg MB/s  cur MB/s last lat(s)  avg lat(s)
   60      16     15167     15151   63.1198        61   0.0893236   0.0633207
Total time run:         60.0421
Total writes made:      15167
Write size:             262144
Object size:            262144
Bandwidth (MB/sec):     63.1515
Stddev Bandwidth:       14.8018
Max bandwidth (MB/sec): 110.25
Min bandwidth (MB/sec): 49
Average IOPS:           252
Stddev IOPS:            59.207
Max IOPS:               441
Min IOPS:               196
Average Latency(s):     0.0633338
Stddev Latency(s):      0.032501
Max latency(s):         0.225514
Min latency(s):         0.00729187
Cleaning up (deleting benchmark objects)
Removed 15167 objects
Clean up completed and total clean up time :2.45945
