1784741675 | enp139s0f0np0: 211083192051011 57183815007    0 2473    0     0          0    500916 155623847859785 40420807131    0    0    0     0       0          0
1784741676 | enp139s0f0np0: 211083239910821 57183836292    0 2473    0     0          0    500916 155625200611660 40421132204    0    0    0     0       0          0
1784741677 | enp139s0f0np0: 211083401671084 57183899472    0 2473    0     0          0    500916 155628628017624 40421956015    0    0    0     0       0          0
1784741678 | enp139s0f0np0: 211083955531225 57184057517    0 2473    0     0          0    500916 155630921620267 40422512257    0    0    0     0       0          0
1784741679 | enp139s0f0np0: 211084018644160 57184099245    0 2473    0     0          0    500916 155634156286099 40423290791    0    0    0     0       0          0
1784741680 | enp139s0f0np0: 211084099918575 57184128622    0 2473    0     0          0    500916 155634968926207 40423488895    0    0    0     0       0          0
1784741681 | enp139s0f0np0: 211084286188565 57184197831    0 2473    0     0          0    500916 155638558174765 40424351499    0    0    0     0       0          0
1784741682 | enp139s0f0np0: 211084558280563 57184285651    0 2473    0     0          0    500916 155641372898205 40425029903    0    0    0     0       0          0
1784741683 | enp139s0f0np0: 211084866212683 57184382053    0 2473    0     0          0    500916 155644032924129 40425671953    0    0    0     0       0          0
1784741684 | enp139s0f0np0: 211084919081360 57184418272    0 2473    0     0          0    500916 155646957765553 40426374769    0    0    0     0       0          0
1784741685 | enp139s0f0np0: 211085119041492 57184489252    0 2473    0     0          0    500916 155649744539540 40427045804    0    0    0     0       0          0
1784741686 | enp139s0f0np0: 211085332470122 57184563773    0 2473    0     0          0    500916 155652899733928 40427805017    0    0    0     0       0          0
1784741687 | enp139s0f0np0: 211085635435176 57184653172    0 2473    0     0          0    500916 155654345747762 40428156522    0    0    0     0       0          0
1784741688 | enp139s0f0np0: 211085806590429 57184718346    0 2473    0     0          0    500916 155657198682738 40428843544    0    0    0     0       0          0
1784741689 | enp139s0f0np0: 211086379267487 57184878678    0 2473    0     0          0    500916 155659418433612 40429383411    0    0    0     0       0          0
1784741690 | enp139s0f0np0: 211086691004027 57184978953    0 2473    0     0          0    500916 155662336648516 40430087671    0    0    0     0       0          0
1784741691 | enp139s0f0np0: 211087156464458 57185111044    0 2473    0     0          0    500916 155664208395854 40430543021    0    0    0     0       0          0
1784741692 | enp139s0f0np0: 211087274135868 57185162491    0 2473    0     0          0    500916 155667039388758 40431224297    0    0    0     0       0          0
1784741693 | enp139s0f0np0: 211087784859508 57185306058    0 2473    0     0          0    500916 155669348098232 40431784212    0    0    0     0       0          0
1784741694 | enp139s0f0np0: 211087931228816 57185362322    0 2473    0     0          0    500916 155671428054497 40432286140    0    0    0     0       0          0
1784741695 | enp139s0f0np0: 211088169884118 57185442928    0 2473    0     0          0    500916 155674281159602 40432973402    0    0    0     0       0          0
1784741696 | enp139s0f0np0: 211088668805041 57185586768    0 2473    0     0          0    500916 155676814491353 40433587057    0    0    0     0       0          0
1784741697 | enp139s0f0np0: 211088821777877 57185640456    0 2473    0     0          0    500916 155678558057755 40434008675    0    0    0     0       0          0
1784741698 | enp139s0f0np0: 211088928745052 57185685326    0 2473    0     0          0    500916 155680549435956 40434488806    0    0    0     0       0          0
1784741699 | enp139s0f0np0: 211089147235127 57185761417    0 2473    0     0          0    500916 155683519787620 40435203955    0    0    0     0       0          0
1784741700 | enp139s0f0np0: 211089585513311 57185885184    0 2473    0     0          0    500916 155685367044889 40435652230    0    0    0     0       0          0
1784741701 | enp139s0f0np0: 211089763238506 57185937446    0 2473    0     0          0    500916 155686015488891 40435811816    0    0    0     0       0          0
1784741702 | enp139s0f0np0: 211090446169663 57186122200    0 2473    0     0          0    500916 155687500768063 40436177880    0    0    0     0       0          0
1784741703 | enp139s0f0np0: 211090663283679 57186180401    0 2473    0     0          0    500916 155687841711381 40436264046    0    0    0     0       0          0
1784741704 | enp139s0f0np0: 211091305802631 57186349352    0 2473    0     0          0    500917 155688740145711 40436490003    0    0    0     0       0          0
1784741705 | enp139s0f0np0: 211091695427182 57186453680    0 2473    0     0          0    500917 155689375083720 40436649603    0    0    0     0       0          0
1784741706 | enp139s0f0np0: 211092342907636 57186623991    0 2473    0     0          0    500917 155690265838358 40436873400    0    0    0     0       0          0
1784741707 | enp139s0f0np0: 211092399531236 57186641918    0 2473    0     0          0    500917 155690556575944 40436944607    0    0    0     0       0          0
1784741708 | enp139s0f0np0: 211092400333976 57186646538    0 2473    0     0          0    500917 155690887639578 40437024509    0    0    0     0       0          0
1784741709 | enp139s0f0np0: 211092401668522 57186654680    0 2473    0     0          0    500917 155691464205388 40437163776    0    0    0     0       0          0
1784741710 | enp139s0f0np0: 211092402622985 57186660359    0 2473    0     0          0    500917 155691873438584 40437262499    0    0    0     0       0          0
1784741711 | enp139s0f0np0: 211092404519875 57186671642    0 2473    0     0          0    500917 155692730620274 40437469193    0    0    0     0       0          0
1784741712 | enp139s0f0np0: 211092405621101 57186678125    0 2473    0     0          0    500917 155693226786416 40437588757    0    0    0     0       0          0
1784741713 | enp139s0f0np0: 211092407048891 57186686914    0 2473    0     0          0    500917 155693875257538 40437745239    0    0    0     0       0          0
1784741714 | enp139s0f0np0: 211092408305319 57186694616    0 2473    0     0          0    500917 155694430492532 40437879153    0    0    0     0       0          0
1784741715 | enp139s0f0np0: 211092409617677 57186701708    0 2473    0     0          0    500917 155694896278957 40437992151    0    0    0     0       0          0
1784741716 | enp139s0f0np0: 211092411276390 57186711821    0 2473    0     0          0    500917 155695661378929 40438176598    0    0    0     0       0          0
1784741717 | enp139s0f0np0: 211092412846437 57186720832    0 2473    0     0          0    500917 155696356109049 40438344191    0    0    0     0       0          0
1784741718 | enp139s0f0np0: 211092414769154 57186732504    0 2473    0     0          0    500917 155697201354169 40438548235    0    0    0     0       0          0
1784741719 | enp139s0f0np0: 211092416444486 57186741987    0 2473    0     0          0    500917 155697863055191 40438708330    0    0    0     0       0          0
1784741720 | enp139s0f0np0: 211092418218065 57186752147    0 2473    0     0          0    500917 155698550686673 40438874878    0    0    0     0       0          0
1784741721 | enp139s0f0np0: 211092552567367 57186797922    0 2473    0     0          0    500917 155699535598277 40439114612    0    0    0     0       0          0
1784741722 | enp139s0f0np0: 211092558601083 57186807794    0 2473    0     0          0    500917 155700176773801 40439269416    0    0    0     0       0          0
1784741723 | enp139s0f0np0: 211092560714314 57186820425    0 2473    0     0          0    500917 155701192825729 40439514177    0    0    0     0       0          0
1784741724 | enp139s0f0np0: 211092561999936 57186827925    0 2473    0     0          0    500917 155701734968182 40439645068    0    0    0     0       0          0
1784741725 | enp139s0f0np0: 211092563120051 57186834261    0 2473    0     0          0    500917 155702178766422 40439752463    0    0    0     0       0          0
1784741726 | enp139s0f0np0: 211092564397918 57186841538    0 2473    0     0          0    500917 155702670349500 40439871442    0    0    0     0       0          0
1784741727 | enp139s0f0np0: 211092565969514 57186850984    0 2473    0     0          0    500917 155703352040576 40440036039    0    0    0     0       0          0
1784741728 | enp139s0f0np0: 211092585149436 57186862307    0 2473    0     0          0    500917 155703860210139 40440158906    0    0    0     0       0          0
1784741729 | enp139s0f0np0: 211092705954390 57186904267    0 2473    0     0          0    500917 155704775746022 40440382265    0    0    0     0       0          0
1784741730 | enp139s0f0np0: 211092707785551 57186914669    0 2473    0     0          0    500917 155705555957464 40440570930    0    0    0     0       0          0
1784741731 | enp139s0f0np0: 211092709557702 57186925651    0 2473    0     0          0    500917 155706411160668 40440777015    0    0    0     0       0          0
1784741732 | enp139s0f0np0: 211092710887049 57186933206    0 2473    0     0          0    500917 155707073059008 40440936504    0    0    0     0       0          0
1784741733 | enp139s0f0np0: 211092712632161 57186943326    0 2473    0     0          0    500917 155707990682800 40441157338    0    0    0     0       0          0
1784741734 | enp139s0f0np0: 211092714872653 57186956672    0 2473    0     0          0    500918 155709194177443 40441447017    0    0    0     0       0          0
1784741735 | enp139s0f0np0: 211092716266151 57186964805    0 2473    0     0          0    500918 155709823350699 40441598703    0    0    0     0       0          0
1784741736 | enp139s0f0np0: 211092785928726 57186989602    0 2473    0     0          0    500918 155710405969655 40441740442    0    0    0     0       0          0
1784741737 | enp139s0f0np0: 211092786631290 57186993484    0 2473    0     0          0    500918 155710663994379 40441802850    0    0    0     0       0          0
1784741738 | enp139s0f0np0: 211092788418623 57187003368    0 2473    0     0          0    500918 155711332210299 40441964842    0    0    0     0       0          0
1784741739 | enp139s0f0np0: 211092789523867 57187010174    0 2473    0     0          0    500918 155711851035323 40442089923    0    0    0     0       0          0
1784741740 | enp139s0f0np0: 211092790804595 57187017903    0 2473    0     0          0    500918 155712452562697 40442234920    0    0    0     0       0          0
1784741741 | enp139s0f0np0: 211092796865900 57187026553    0 2473    0     0          0    500918 155713052911933 40442379689    0    0    0     0       0          0
1784741742 | enp139s0f0np0: 211093077000027 57187107907    0 2473    0     0          0    500918 155714080663548 40442631718    0    0    0     0       0          0
1784741743 | enp139s0f0np0: 211093198914640 57187149703    0 2473    0     0          0    500918 155715110242455 40442881856    0    0    0     0       0          0
1784741744 | enp139s0f0np0: 211093208316269 57187163173    0 2473    0     0          0    500918 155716039309916 40443105631    0    0    0     0       0          0
1784741745 | enp139s0f0np0: 211093209551515 57187170362    0 2473    0     0          0    500918 155716594124124 40443239284    0    0    0     0       0          0
1784741746 | enp139s0f0np0: 211093211174882 57187180384    0 2473    0     0          0    500918 155717359722746 40443423840    0    0    0     0       0          0
1784741747 | enp139s0f0np0: 211093212701932 57187190101    0 2473    0     0          0    500918 155718084175638 40443598333    0    0    0     0       0          0
1784741748 | enp139s0f0np0: 211093214534504 57187201044    0 2473    0     0          0    500918 155718910738192 40443797752    0    0    0     0       0          0
1784741749 | enp139s0f0np0: 211093216419264 57187211732    0 2473    0     0          0    500918 155719720098726 40443993240    0    0    0     0       0          0
1784741750 | enp139s0f0np0: 211093218010543 57187220257    0 2473    0     0          0    500918 155720424870370 40444163247    0    0    0     0       0          0
1784741751 | enp139s0f0np0: 211093219859916 57187231162    0 2473    0     0          0    500918 155721238868472 40444359673    0    0    0     0       0          0
1784741752 | enp139s0f0np0: 211093222544044 57187246236    0 2473    0     0          0    500918 155722312270626 40444619380    0    0    0     0       0          0
1784741753 | enp139s0f0np0: 211093224718369 57187257758    0 2473    0     0          0    500918 155723114972234 40444814094    0    0    0     0       0          0
1784741754 | enp139s0f0np0: 211093225654727 57187262881    0 2473    0     0          0    500918 155723478654113 40444901968    0    0    0     0       0          0
1784741755 | enp139s0f0np0: 211093280724532 57187282818    0 2473    0     0          0    500918 155723973172073 40445022213    0    0    0     0       0          0
1784741756 | enp139s0f0np0: 211093365013000 57187312124    0 2473    0     0          0    500918 155724632498657 40445182926    0    0    0     0       0          0
1784741757 | enp139s0f0np0: 211093366388068 57187320313    0 2473    0     0          0    500918 155725274049409 40445337570    0    0    0     0       0          0
1784741758 | enp139s0f0np0: 211093367542758 57187326474    0 2473    0     0          0    500918 155725706908929 40445442337    0    0    0     0       0          0
1784741759 | enp139s0f0np0: 211093369004182 57187334601    0 2473    0     0          0    500918 155726336539463 40445594263    0    0    0     0       0          0
1784741760 | enp139s0f0np0: 211093369922389 57187339877    0 2473    0     0          0    500918 155726732947297 40445689860    0    0    0     0       0          0
1784741761 | enp139s0f0np0: 211093370495318 57187342942    0 2473    0     0          0    500918 155726941849813 40445740379    0    0    0     0       0          0
1784741762 | enp139s0f0np0: 211093371206907 57187346770    0 2473    0     0          0    500918 155727214255913 40445806217    0    0    0     0       0          0
1784741763 | enp139s0f0np0: 211093371922196 57187350706    0 2473    0     0          0    500918 155727483730267 40445871346    0    0    0     0       0          0
1784741764 | enp139s0f0np0: 211093372570819 57187354224    0 2473    0     0          0    500919 155727732665188 40445931505    0    0    0     0       0          0
1784741765 | enp139s0f0np0: 211093373406782 57187358796    0 2473    0     0          0    500919 155728059236632 40446010381    0    0    0     0       0          0
1784741766 | enp139s0f0np0: 211093374824316 57187367324    0 2473    0     0          0    500919 155728712698408 40446167889    0    0    0     0       0          0
1784741767 | enp139s0f0np0: 211093375585646 57187371512    0 2473    0     0          0    500919 155729008416016 40446239361    0    0    0     0       0          0
1784741768 | enp139s0f0np0: 211093445710706 57187398997    0 2473    0     0          0    500919 155729808813738 40446433792    0    0    0     0       0          0
1784741769 | enp139s0f0np0: 211093583928584 57187441277    0 2473    0     0          0    500919 155730469138060 40446595531    0    0    0     0       0          0
1784741770 | enp139s0f0np0: 211093586281318 57187455388    0 2473    0     0          0    500919 155731525385568 40446850331    0    0    0     0       0          0
1784741771 | enp139s0f0np0: 211093725124570 57187501212    0 2473    0     0          0    500919 155732506192768 40447089607    0    0    0     0       0          0
1784741772 | enp139s0f0np0: 211093989415379 57187581216    0 2473    0     0          0    500919 155733622745592 40447364187    0    0    0     0       0          0
1784741773 | enp139s0f0np0: 211094003718862 57187598004    0 2473    0     0          0    500919 155734837304776 40447656495    0    0    0     0       0          0
1784741774 | enp139s0f0np0: 211094005319921 57187606971    0 2473    0     0          0    500919 155735690067553 40447861524    0    0    0     0       0          0
1784741775 | enp139s0f0np0: 211094007570026 57187620545    0 2473    0     0          0    500919 155736872265411 40448145981    0    0    0     0       0          0
1784741776 | enp139s0f0np0: 211094009148385 57187630235    0 2473    0     0          0    500919 155737629523597 40448328361    0    0    0     0       0          0
1784741777 | enp139s0f0np0: 211094078959996 57187655634    0 2473    0     0          0    500919 155738268210015 40448483761    0    0    0     0       0          0
1784741778 | enp139s0f0np0: 211094080608628 57187665300    0 2473    0     0          0    500919 155738969397963 40448653069    0    0    0     0       0          0
1784741779 | enp139s0f0np0: 211094081517952 57187670733    0 2473    0     0          0    500919 155739354337089 40448745939    0    0    0     0       0          0
1784741780 | enp139s0f0np0: 211094083288244 57187680787    0 2473    0     0          0    500919 155740140900449 40448935771    0    0    0     0       0          0
1784741781 | enp139s0f0np0: 211094084212442 57187685767    0 2473    0     0          0    500919 155740481166449 40449018165    0    0    0     0       0          0
1784741782 | enp139s0f0np0: 211094085450612 57187692348    0 2473    0     0          0    500919 155741072331751 40449160603    0    0    0     0       0          0
1784741783 | enp139s0f0np0: 211094086803965 57187700316    0 2473    0     0          0    500919 155741640632185 40449297838    0    0    0     0       0          0
1784741784 | enp139s0f0np0: 211094087795056 57187705830    0 2473    0     0          0    500919 155742032891422 40449392667    0    0    0     0       0          0
1784741785 | enp139s0f0np0: 211094089057854 57187712887    0 2473    0     0          0    500919 155742555609400 40449518988    0    0    0     0       0          0
1784741786 | enp139s0f0np0: 211094090261139 57187719722    0 2473    0     0          0    500919 155743079078434 40449645326    0    0    0     0       0          0
1784741787 | enp139s0f0np0: 211094092261004 57187731357    0 2473    0     0          0    500919 155743984000996 40449863667    0    0    0     0       0          0
1784741788 | enp139s0f0np0: 211094093391883 57187737690    0 2473    0     0          0    500919 155744462187424 40449979036    0    0    0     0       0          0
1784741789 | enp139s0f0np0: 211094094712865 57187745464    0 2473    0     0          0    500919 155745022893682 40450114427    0    0    0     0       0          0
1784741790 | enp139s0f0np0: 211094096615663 57187755741    0 2473    0     0          0    500919 155745742112862 40450288761    0    0    0     0       0          0
1784741791 | enp139s0f0np0: 211094145219424 57187775298    0 2473    0     0          0    500919 155746362405358 40450439129    0    0    0     0       0          0
1784741792 | enp139s0f0np0: 211094168289549 57187791544    0 2473    0     0          0    500919 155747148065790 40450629686    0    0    0     0       0          0
1784741793 | enp139s0f0np0: 211094169356446 57187798070    0 2473    0     0          0    500919 155747638897516 40450748003    0    0    0     0       0          0
1784741794 | enp139s0f0np0: 211094206761679 57187814979    0 2473    0     0          0    500920 155748232140197 40450891867    0    0    0     0       0          0
1784741795 | enp139s0f0np0: 211094239956931 57187828148    0 2473    0     0          0    500920 155748595358445 40450980178    0    0    0     0       0          0
1784741796 | enp139s0f0np0: 211094240735344 57187832864    0 2473    0     0          0    500920 155748920015801 40451058528    0    0    0     0       0          0
1784741797 | enp139s0f0np0: 211094241690059 57187838428    0 2473    0     0          0    500920 155749306387687 40451151949    0    0    0     0       0          0
1784741798 | enp139s0f0np0: 211094242855790 57187845366    0 2473    0     0          0    500920 155749804780623 40451272301    0    0    0     0       0          0
1784741799 | enp139s0f0np0: 211094243718058 57187850188    0 2473    0     0          0    500920 155750138595849 40451353048    0    0    0     0       0          0
1784741800 | enp139s0f0np0: 211094451963315 57187918574    0 2473    0     0          0    500920 155751560752793 40451699653    0    0    0     0       0          0
1784741801 | enp139s0f0np0: 211094454521844 57187933909    0 2473    0     0          0    500920 155752837629481 40452007044    0    0    0     0       0          0
1784741802 | enp139s0f0np0: 211094456649572 57187946195    0 2473    0     0          0    500920 155753986965977 40452283452    0    0    0     0       0          0
1784741803 | enp139s0f0np0: 211094458332134 57187956371    0 2473    0     0          0    500920 155754782671673 40452475171    0    0    0     0       0          0
1784741804 | enp139s0f0np0: 211094459739512 57187963656    0 2473    0     0          0    500920 155755503678066 40452648563    0    0    0     0       0          0
1784741805 | enp139s0f0np0: 211094489020544 57187979449    0 2473    0     0          0    500920 155756326996142 40452847309    0    0    0     0       0          0
1784741806 | enp139s0f0np0: 211094531054846 57187996930    0 2473    0     0          0    500920 155756903167888 40452987113    0    0    0     0       0          0
1784741807 | enp139s0f0np0: 211094532085039 57188002550    0 2473    0     0          0    500920 155757294145184 40453081803    0    0    0     0       0          0
1784741808 | enp139s0f0np0: 211094601773221 57188027034    0 2473    0     0          0    500920 155757893839580 40453227646    0    0    0     0       0          0
1784741809 | enp139s0f0np0: 211094808765459 57188088884    0 2473    0     0          0    500920 155758821564288 40453454455    0    0    0     0       0          0
1784741810 | enp139s0f0np0: 211094809601134 57188093824    0 2473    0     0          0    500920 155759181170008 40453541213    0    0    0     0       0          0
1784741811 | enp139s0f0np0: 211094810878683 57188101329    0 2473    0     0          0    500920 155759773105188 40453683908    0    0    0     0       0          0
1784741812 | enp139s0f0np0: 211094867780405 57188121424    0 2473    0     0          0    500920 155760240685938 40453797686    0    0    0     0       0          0
1784741813 | enp139s0f0np0: 211094881491511 57188131101    0 2473    0     0          0    500920 155760711389406 40453911616    0    0    0     0       0          0
1784741814 | enp139s0f0np0: 211094882689230 57188138060    0 2473    0     0          0    500920 155761226544647 40454035890    0    0    0     0       0          0
1784741815 | enp139s0f0np0: 211094883609708 57188143180    0 2473    0     0          0    500920 155761595017359 40454124888    0    0    0     0       0          0
1784741816 | enp139s0f0np0: 211094884710633 57188149371    0 2473    0     0          0    500920 155762072325499 40454240110    0    0    0     0       0          0
1784741817 | enp139s0f0np0: 211094885675148 57188155115    0 2473    0     0          0    500920 155762504758187 40454344388    0    0    0     0       0          0
1784741818 | enp139s0f0np0: 211094886725690 57188161144    0 2473    0     0          0    500920 155762946612431 40454451116    0    0    0     0       0          0
1784741819 | enp139s0f0np0: 211094888641745 57188172913    0 2473    0     0          0    500920 155763916908609 40454684797    0    0    0     0       0          0
1784741820 | enp139s0f0np0: 211094889828907 57188179307    0 2473    0     0          0    500920 155764333492101 40454785965    0    0    0     0       0          0
1784741821 | enp139s0f0np0: 211094891418426 57188188670    0 2473    0     0          0    500920 155765070879401 40454963842    0    0    0     0       0          0
1784741822 | enp139s0f0np0: 211094892529097 57188194753    0 2473    0     0          0    500920 155765494205647 40455066463    0    0    0     0       0          0
1784741823 | enp139s0f0np0: 211094893997747 57188203602    0 2473    0     0          0    500920 155766210423343 40455239025    0    0    0     0       0          0
1784741824 | enp139s0f0np0: 211094894967499 57188209013    0 2473    0     0          0    500921 155766597316244 40455332512    0    0    0     0       0          0
1784741825 | enp139s0f0np0: 211094895911033 57188214517    0 2473    0     0          0    500921 155767006539906 40455431246    0    0    0     0       0          0
1784741826 | enp139s0f0np0: 211094897235208 57188222331    0 2473    0     0          0    500921 155767597982412 40455573890    0    0    0     0       0          0
1784741827 | enp139s0f0np0: 211094898279283 57188228530    0 2473    0     0          0    500921 155768024330240 40455676904    0    0    0     0       0          0
1784741828 | enp139s0f0np0: 211094899982119 57188238439    0 2473    0     0          0    500921 155768767937552 40455856406    0    0    0     0       0          0
1784741829 | enp139s0f0np0: 211094901803505 57188249161    0 2473    0     0          0    500921 155769573656496 40456050772    0    0    0     0       0          0
1784741830 | enp139s0f0np0: 211094953007049 57188278642    0 2473    0     0          0    500921 155770907985378 40456373945    0    0    0     0       0          0
1784741831 | enp139s0f0np0: 211095109168486 57188326705    0 2473    0     0          0    500921 155771594762742 40456543092    0    0    0     0       0          0
1784741832 | enp139s0f0np0: 211095113575618 57188337615    0 2473    0     0          0    500921 155772301114124 40456713919    0    0    0     0       0          0
1784741833 | enp139s0f0np0: 211095114926746 57188345551    0 2473    0     0          0    500921 155772872058402 40456851737    0    0    0     0       0          0
1784741834 | enp139s0f0np0: 211095116554603 57188355605    0 2473    0     0          0    500921 155773609293747 40457029555    0    0    0     0       0          0
1784741835 | enp139s0f0np0: 211095117884747 57188363230    0 2473    0     0          0    500921 155774160764087 40457162686    0    0    0     0       0          0
1784741837 | enp139s0f0np0: 211095119306517 57188371802    0 2473    0     0          0    500921 155774858052981 40457330709    0    0    0     0       0          0
1784741838 | enp139s0f0np0: 211095120822429 57188380432    0 2473    0     0          0    500921 155775611355199 40457512139    0    0    0     0       0          0
1784741839 | enp139s0f0np0: 211095124268732 57188388668    0 2473    0     0          0    500921 155776221672759 40457659202    0    0    0     0       0          0
1784741840 | enp139s0f0np0: 211095260422236 57188430773    0 2473    0     0          0    500921 155776964816373 40457840597    0    0    0     0       0          0
1784741841 | enp139s0f0np0: 211095330132884 57188455655    0 2473    0     0          0    500921 155777573025257 40457988539    0    0    0     0       0          0
1784741842 | enp139s0f0np0: 211095331043059 57188460487    0 2473    0     0          0    500921 155777938035293 40458076774    0    0    0     0       0          0
1784741843 | enp139s0f0np0: 211095332295754 57188467829    0 2473    0     0          0    500921 155778509658327 40458214484    0    0    0     0       0          0
1784741844 | enp139s0f0np0: 211095402231044 57188493511    0 2473    0     0          0    500921 155779185579681 40458378969    0    0    0     0       0          0
1784741845 | enp139s0f0np0: 211095403029959 57188498085    0 2473    0     0          0    500921 155779502223548 40458455464    0    0    0     0       0          0
1784741846 | enp139s0f0np0: 211095403926427 57188503303    0 2473    0     0          0    500921 155779893817038 40458549840    0    0    0     0       0          0
1784741847 | enp139s0f0np0: 211095404805588 57188508334    0 2473    0     0          0    500921 155780258139738 40458637845    0    0    0     0       0          0
1784741848 | enp139s0f0np0: 211095611437879 57188568212    0 2473    0     0          0    500921 155780964955156 40458812031    0    0    0     0       0          0
1784741849 | enp139s0f0np0: 211095612408531 57188574116    0 2473    0     0          0    500921 155781406149620 40458918385    0    0    0     0       0          0
1784741850 | enp139s0f0np0: 211095613507478 57188580694    0 2473    0     0          0    500921 155781915646054 40459041153    0    0    0     0       0          0
1784741851 | enp139s0f0np0: 211095614281727 57188585139    0 2473    0     0          0    500921 155782211794120 40459112692    0    0    0     0       0          0
1784741852 | enp139s0f0np0: 211095656344745 57188600838    0 2473    0     0          0    500921 155782604125486 40459208130    0    0    0     0       0          0
1784741853 | enp139s0f0np0: 211095684690139 57188613872    0 2473    0     0          0    500921 155783069296990 40459321018    0    0    0     0       0          0
1784741854 | enp139s0f0np0: 211095685737687 57188619473    0 2473    0     0          0    500921 155783431280728 40459408874    0    0    0     0       0          0
1784741855 | enp139s0f0np0: 211095686743312 57188625252    0 2473    0     0          0    500922 155783851490047 40459510293    0    0    0     0       0          0
1784741856 | enp139s0f0np0: 211095688574061 57188635361    0 2473    0     0          0    500922 155784548681631 40459679313    0    0    0     0       0          0
1784741857 | enp139s0f0np0: 211095688817558 57188636222    0 2473    0     0          0    500922 155784582910355 40459687787    0    0    0     0       0          0
1784741858 | enp139s0f0np0: 211095689112286 57188636989    0 2473    0     0          0    500922 155784583160576 40459688533    0    0    0     0       0          0
1784741859 | enp139s0f0np0: 211095689745674 57188638865    0 2473    0     0          0    500922 155784583796039 40459690390    0    0    0     0       0          0
1784741860 | enp139s0f0np0: 211095690171448 57188640046    0 2473    0     0          0    500922 155784584182985 40459691527    0    0    0     0       0          0
1784741861 | enp139s0f0np0: 211095758956345 57188658563    0 2473    0     0          0    500922 155784652929843 40459709955    0    0    0     0       0          0
1784741862 | enp139s0f0np0: 211095759421737 57188659845    0 2473    0     0          0    500922 155784653327871 40459711120    0    0    0     0       0          0
1784741863 | enp139s0f0np0: 211095759781401 57188660784    0 2473    0     0          0    500922 155784653597103 40459711914    0    0    0     0       0          0
1784741864 | enp139s0f0np0: 211095828611122 57188679495    0 2473    0     0          0    500922 155784722396275 40459730461    0    0    0     0       0          0
1784741865 | enp139s0f0np0: 211095956170680 57188713748    0 2473    0     0          0    500922 155784849873516 40459764406    0    0    0     0       0          0
1784741866 | enp139s0f0np0: 211095966353433 57188717030    0 2473    0     0          0    500922 155784860045340 40459767565    0    0    0     0       0          0
1784741867 | enp139s0f0np0: 211095966547428 57188717426    0 2473    0     0          0    500922 155784860121090 40459767820    0    0    0     0       0          0
1784741868 | enp139s0f0np0: 211096035325199 57188736018    0 2473    0     0          0    500922 155784928898872 40459786302    0    0    0     0       0          0
1784741869 | enp139s0f0np0: 211096035505220 57188736373    0 2473    0     0          0    500922 155784928957858 40459786491    0    0    0     0       0          0
1784741870 | enp139s0f0np0: 211096129294842 57188761736    0 2473    0     0          0    500922 155785022749818 40459811688    0    0    0     0       0          0
1784741871 | enp139s0f0np0: 211096173088222 57188773483    0 2473    0     0          0    500922 155785066488078 40459823299    0    0    0     0       0          0
1784741872 | enp139s0f0np0: 211096241836675 57188791854    0 2473    0     0          0    500922 155785135199224 40459841559    0    0    0     0       0          0
1784741873 | enp139s0f0np0: 211096242038781 57188792367    0 2473    0     0          0    500922 155785135323694 40459841937    0    0    0     0       0          0
1784741874 | enp139s0f0np0: 211096242385532 57188793276    0 2473    0     0          0    500922 155785135586860 40459842722    0    0    0     0       0          0
1784741875 | enp139s0f0np0: 211096242601192 57188793723    0 2473    0     0          0    500922 155785135686757 40459843054    0    0    0     0       0          0
1784741876 | enp139s0f0np0: 211096242781124 57188794141    0 2473    0     0          0    500922 155785135771387 40459843331    0    0    0     0       0          0
1784741877 | enp139s0f0np0: 211096242942002 57188794486    0 2473    0     0          0    500922 155785135837411 40459843563    0    0    0     0       0          0
1784741878 | enp139s0f0np0: 211096243066061 57188794734    0 2473    0     0          0    500922 155785135865137 40459843667    0    0    0     0       0          0
1784741879 | enp139s0f0np0: 211096372355497 57188828722    0 2473    0     0          0    500922 155785265022949 40459877536    0    0    0     0       0          0
1784741880 | enp139s0f0np0: 211096449153647 57188849602    0 2473    0     0          0    500922 155785341922513 40459898298    0    0    0     0       0          0
1784741881 | enp139s0f0np0: 211096449285629 57188849853    0 2473    0     0          0    500922 155785341945211 40459898388    0    0    0     0       0          0
1784741882 | enp139s0f0np0: 211096449564522 57188850589    0 2473    0     0          0    500922 155785342156165 40459899040    0    0    0     0       0          0
1784741883 | enp139s0f0np0: 211096518299297 57188868885    0 2473    0     0          0    500922 155785410831443 40459917197    0    0    0     0       0          0
1784741884 | enp139s0f0np0: 211096518515703 57188869342    0 2473    0     0          0    500922 155785410951137 40459917570    0    0    0     0       0          0
1784741885 | enp139s0f0np0: 211096518850711 57188870213    0 2473    0     0          0    500923 155785411225197 40459918374    0    0    0     0       0          0
1784741886 | enp139s0f0np0: 211096519141530 57188870894    0 2473    0     0          0    500923 155785411423958 40459918975    0    0    0     0       0          0
1784741887 | enp139s0f0np0: 211096519360855 57188871432    0 2473    0     0          0    500923 155785411567886 40459919408    0    0    0     0       0          0
1784741888 | enp139s0f0np0: 211096519645507 57188871991    0 2473    0     0          0    500923 155785411719200 40459919874    0    0    0     0       0          0
1784741889 | enp139s0f0np0: 211096519803015 57188872289    0 2473    0     0          0    500923 155785411772552 40459920045    0    0    0     0       0          0
1784741890 | enp139s0f0np0: 211096520152816 57188873203    0 2473    0     0          0    500923 155785412050394 40459920871    0    0    0     0       0          0
1784741891 | enp139s0f0np0: 211096520731322 57188874940    0 2473    0     0          0    500923 155785412611544 40459922483    0    0    0     0       0          0
1784741892 | enp139s0f0np0: 211096548069661 57188882780    0 2473    0     0          0    500923 155785439626200 40459930197    0    0    0     0       0          0
1784741893 | enp139s0f0np0: 211096589995646 57188894802    0 2473    0     0          0    500923 155785481798790 40459942178    0    0    0     0       0          0
1784741894 | enp139s0f0np0: 211096590349789 57188895634    0 2473    0     0          0    500923 155785482044856 40459942906    0    0    0     0       0          0
1784741895 | enp139s0f0np0: 211096590614374 57188896247    0 2473    0     0          0    500923 155785482224565 40459943410    0    0    0     0       0          0
1784741896 | enp139s0f0np0: 211096590851095 57188896858    0 2473    0     0          0    500923 155785482392871 40459943934    0    0    0     0       0          0
1784741897 | enp139s0f0np0: 211096659556561 57188915036    0 2473    0     0          0    500923 155785551019387 40459962014    0    0    0     0       0          0
1784741898 | enp139s0f0np0: 211096659766064 57188915350    0 2473    0     0          0    500923 155785551076231 40459962212    0    0    0     0       0          0
1784741899 | enp139s0f0np0: 211096659960556 57188915617    0 2473    0     0          0    500923 155785551113011 40459962334    0    0    0     0       0          0
1784741900 | enp139s0f0np0: 211096660274345 57188916375    0 2473    0     0          0    500923 155785551336439 40459963004    0    0    0     0       0          0
1784741901 | enp139s0f0np0: 211096770886799 57188945924    0 2473    0     0          0    500923 155785661668281 40459992261    0    0    0     0       0          0
1784741902 | enp139s0f0np0: 211096797912179 57188953450    0 2473    0     0          0    500923 155785688864307 40459999734    0    0    0     0       0          0
1784741903 | enp139s0f0np0: 211096866750339 57188971983    0 2473    0     0          0    500923 155785757613235 40460018126    0    0    0     0       0          0
1784741904 | enp139s0f0np0: 211096866909906 57188972185    0 2473    0     0          0    500923 155785757644765 40460018241    0    0    0     0       0          0
1784741905 | enp139s0f0np0: 211096867250122 57188973059    0 2473    0     0          0    500923 155785757960632 40460019155    0    0    0     0       0          0
1784741906 | enp139s0f0np0: 211096867392519 57188973174    0 2473    0     0          0    500923 155785757983552 40460019238    0    0    0     0       0          0
1784741907 | enp139s0f0np0: 211096936101574 57188991369    0 2473    0     0          0    500923 155785826654834 40460037447    0    0    0     0       0          0
1784741908 | enp139s0f0np0: 211096936262702 57188991545    0 2473    0     0          0    500923 155785826696528 40460037602    0    0    0     0       0          0
1784741909 | enp139s0f0np0: 211096936444832 57188991729    0 2473    0     0          0    500923 155785826744696 40460037767    0    0    0     0       0          0
1784741910 | enp139s0f0np0: 211097073702394 57189027692    0 2473    0     0          0    500923 155785963979962 40460073640    0    0    0     0       0          0
1784741911 | enp139s0f0np0: 211097074083175 57189028627    0 2473    0     0          0    500923 155785964295370 40460074574    0    0    0     0       0          0
1784741912 | enp139s0f0np0: 211097074342701 57189029155    0 2473    0     0          0    500923 155785964481478 40460075087    0    0    0     0       0          0
1784741913 | enp139s0f0np0: 211097142974661 57189047759    0 2473    0     0          0    500923 155786033065469 40460093714    0    0    0     0       0          0
1784741914 | enp139s0f0np0: 211097211926255 57189065944    0 2473    0     0          0    500923 155786101981026 40460111850    0    0    0     0       0          0
1784741915 | enp139s0f0np0: 211097212068867 57189066180    0 2473    0     0          0    500924 155786102052897 40460112089    0    0    0     0       0          0
1784741916 | enp139s0f0np0: 211097212377888 57189066856    0 2473    0     0          0    500924 155786102282068 40460112767    0    0    0     0       0          0
1784741917 | enp139s0f0np0: 211097419044906 57189123702    0 2473    0     0          0    500924 155786309144571 40460169537    0    0    0     0       0          0
1784741918 | enp139s0f0np0: 211097420507327 57189128267    0 2473    0     0          0    500924 155786310725085 40460174122    0    0    0     0       0          0
1784741919 | enp139s0f0np0: 211097489998070 57189149149    0 2473    0     0          0    500924 155786380327297 40460194989    0    0    0     0       0          0
1784741920 | enp139s0f0np0: 211097521075460 57189157810    0 2473    0     0          0    500924 155786411339933 40460203648    0    0    0     0       0          0
1784741921 | enp139s0f0np0: 211097627823086 57189186855    0 2473    0     0          0    500924 155786518119981 40460232675    0    0    0     0       0          0
1784741922 | enp139s0f0np0: 211097696683227 57189205487    0 2473    0     0          0    500924 155786586946645 40460251281    0    0    0     0       0          0
1784741923 | enp139s0f0np0: 211097799310261 57189233029    0 2473    0     0          0    500924 155786689303629 40460278694    0    0    0     0       0          0
1784741924 | enp139s0f0np0: 211098040616463 57189298388    0 2473    0     0          0    500924 155786931059036 40460343936    0    0    0     0       0          0
1784741925 | enp139s0f0np0: 211098179017730 57189338409    0 2473    0     0          0    500924 155787069674938 40460383747    0    0    0     0       0          0
1784741926 | enp139s0f0np0: 211098309987439 57189376693    0 2473    0     0          0    500924 155787200601007 40460421754    0    0    0     0       0          0
1784741927 | enp139s0f0np0: 211098614144286 57189460074    0 2473    0     0          0    500924 155787504814825 40460504732    0    0    0     0       0          0
1784741928 | enp139s0f0np0: 211098887444875 57189536015    0 2473    0     0          0    500924 155787778484805 40460580409    0    0    0     0       0          0
