1784753102 | enp139s0f0np0: 217362907019216 58841100870    0 2473    0     0          0    501296 164575853904561 42708980193    0    0    0     0       0          0
1784753103 | enp139s0f0np0: 217362908739586 58841113269    0 2473    0     0          0    501296 164576640480159 42709169584    0    0    0     0       0          0
1784753104 | enp139s0f0np0: 217362910788836 58841127987    0 2473    0     0          0    501296 164577582022292 42709396266    0    0    0     0       0          0
1784753105 | enp139s0f0np0: 217362912925269 58841143113    0 2473    0     0          0    501297 164578554366379 42709630394    0    0    0     0       0          0
1784753106 | enp139s0f0np0: 217362915013315 58841158072    0 2473    0     0          0    501297 164579523521712 42709863726    0    0    0     0       0          0
1784753107 | enp139s0f0np0: 217362916560736 58841169052    0 2473    0     0          0    501297 164580223942558 42710032339    0    0    0     0       0          0
1784753108 | enp139s0f0np0: 217364010444124 58841436452    0 2473    0     0          0    501297 164580228176428 42710053782    0    0    0     0       0          0
1784753109 | enp139s0f0np0: 217365259922368 58841741824    0 2473    0     0          0    501297 164580232982876 42710077902    0    0    0     0       0          0
1784753110 | enp139s0f0np0: 217366524911328 58842051011    0 2473    0     0          0    501297 164580237904950 42710103160    0    0    0     0       0          0
1784753111 | enp139s0f0np0: 217367786670861 58842359380    0 2473    0     0          0    501297 164580242812149 42710128323    0    0    0     0       0          0
1784753112 | enp139s0f0np0: 217369053542743 58842669065    0 2473    0     0          0    501297 164580247743334 42710153636    0    0    0     0       0          0
1784753113 | enp139s0f0np0: 217370344457076 58842984606    0 2473    0     0          0    501297 164580252812320 42710180127    0    0    0     0       0          0
1784753114 | enp139s0f0np0: 217371595353576 58843290324    0 2473    0     0          0    501297 164580257726166 42710205786    0    0    0     0       0          0
1784753115 | enp139s0f0np0: 217372860531309 58843599531    0 2473    0     0          0    501297 164580262638750 42710230882    0    0    0     0       0          0
1784753116 | enp139s0f0np0: 217374159488345 58843917037    0 2473    0     0          0    501297 164580267763567 42710257880    0    0    0     0       0          0
1784753117 | enp139s0f0np0: 217375484621003 58844240883    0 2473    0     0          0    501297 164580272953985 42710284887    0    0    0     0       0          0
1784753118 | enp139s0f0np0: 217376751078964 58844550396    0 2473    0     0          0    501297 164580277871018 42710309993    0    0    0     0       0          0
1784753119 | enp139s0f0np0: 217378068608768 58844872445    0 2473    0     0          0    501297 164580283021815 42710336676    0    0    0     0       0          0
1784753120 | enp139s0f0np0: 217379362477674 58845188680    0 2473    0     0          0    501297 164580288090491 42710363032    0    0    0     0       0          0
1784753121 | enp139s0f0np0: 217380646210528 58845502374    0 2473    0     0          0    501297 164580293133056 42710389366    0    0    0     0       0          0
1784753122 | enp139s0f0np0: 217381978154320 58845827939    0 2473    0     0          0    501297 164580298397345 42710417185    0    0    0     0       0          0
1784753123 | enp139s0f0np0: 217383336909401 58846160066    0 2473    0     0          0    501297 164580303790947 42710445950    0    0    0     0       0          0
1784753124 | enp139s0f0np0: 217384673659326 58846486689    0 2473    0     0          0    501297 164580309036048 42710473298    0    0    0     0       0          0
1784753125 | enp139s0f0np0: 217386008640383 58846812942    0 2473    0     0          0    501297 164580314333597 42710501507    0    0    0     0       0          0
1784753126 | enp139s0f0np0: 217387308015078 58847130471    0 2473    0     0          0    501297 164580319436068 42710528156    0    0    0     0       0          0
1784753127 | enp139s0f0np0: 217388650136503 58847458512    0 2473    0     0          0    501297 164580324729570 42710556035    0    0    0     0       0          0
1784753128 | enp139s0f0np0: 217389981076855 58847783843    0 2473    0     0          0    501297 164580330006220 42710584088    0    0    0     0       0          0
1784753129 | enp139s0f0np0: 217391311598987 58848109108    0 2473    0     0          0    501297 164580335308758 42710612552    0    0    0     0       0          0
1784753130 | enp139s0f0np0: 217392646087649 58848435295    0 2473    0     0          0    501297 164580340571774 42710640263    0    0    0     0       0          0
1784753131 | enp139s0f0np0: 217393945399358 58848752905    0 2473    0     0          0    501297 164580345672730 42710666893    0    0    0     0       0          0
1784753132 | enp139s0f0np0: 217395231407679 58849067219    0 2473    0     0          0    501297 164580350717320 42710693202    0    0    0     0       0          0
1784753133 | enp139s0f0np0: 217396540073826 58849387071    0 2473    0     0          0    501297 164580355874528 42710720300    0    0    0     0       0          0
1784753134 | enp139s0f0np0: 217397869619646 58849711982    0 2473    0     0          0    501297 164580361142670 42710748284    0    0    0     0       0          0
1784753135 | enp139s0f0np0: 217399171474017 58850030171    0 2473    0     0          0    501298 164580366213957 42710774362    0    0    0     0       0          0
1784753136 | enp139s0f0np0: 217400564433054 58850370603    0 2473    0     0          0    501298 164580371689855 42710803019    0    0    0     0       0          0
1784753137 | enp139s0f0np0: 217401978653247 58850716289    0 2473    0     0          0    501298 164580377280461 42710832604    0    0    0     0       0          0
1784753138 | enp139s0f0np0: 217403360700810 58851054090    0 2473    0     0          0    501298 164580382741325 42710861450    0    0    0     0       0          0
1784753139 | enp139s0f0np0: 217404703602242 58851382311    0 2473    0     0          0    501298 164580387978932 42710888442    0    0    0     0       0          0
1784753140 | enp139s0f0np0: 217406040809265 58851709129    0 2473    0     0          0    501298 164580393326427 42710917340    0    0    0     0       0          0
1784753141 | enp139s0f0np0: 217407319442982 58852021654    0 2473    0     0          0    501298 164580398452527 42710945138    0    0    0     0       0          0
1784753142 | enp139s0f0np0: 217408666111795 58852350747    0 2473    0     0          0    501298 164580403733786 42710972679    0    0    0     0       0          0
1784753143 | enp139s0f0np0: 217410048765996 58852688731    0 2473    0     0          0    501298 164580409192627 42711001480    0    0    0     0       0          0
1784753144 | enp139s0f0np0: 217411390709589 58853016713    0 2473    0     0          0    501298 164580414479318 42711029243    0    0    0     0       0          0
1784753145 | enp139s0f0np0: 217412735675620 58853345433    0 2473    0     0          0    501298 164580419823055 42711057778    0    0    0     0       0          0
1784753146 | enp139s0f0np0: 217414104574373 58853680075    0 2473    0     0          0    501298 164580425273726 42711087001    0    0    0     0       0          0
1784753147 | enp139s0f0np0: 217415510609685 58854023780    0 2473    0     0          0    501298 164580430870448 42711116965    0    0    0     0       0          0
1784753148 | enp139s0f0np0: 217416852821581 58854351865    0 2473    0     0          0    501298 164580436182242 42711145113    0    0    0     0       0          0
1784753149 | enp139s0f0np0: 217418214001627 58854684512    0 2473    0     0          0    501298 164580441583756 42711173878    0    0    0     0       0          0
1784753150 | enp139s0f0np0: 217419554969886 58855012228    0 2473    0     0          0    501298 164580446953094 42711202979    0    0    0     0       0          0
1784753151 | enp139s0f0np0: 217420870868833 58855333822    0 2473    0     0          0    501298 164580452226306 42711231557    0    0    0     0       0          0
1784753152 | enp139s0f0np0: 217422280925923 58855678468    0 2473    0     0          0    501298 164580457847273 42711261753    0    0    0     0       0          0
1784753153 | enp139s0f0np0: 217423736231532 58856034126    0 2473    0     0          0    501298 164580463631816 42711292633    0    0    0     0       0          0
1784753154 | enp139s0f0np0: 217425145317662 58856378516    0 2473    0     0          0    501298 164580469233762 42711322587    0    0    0     0       0          0
1784753155 | enp139s0f0np0: 217426594095012 58856732620    0 2473    0     0          0    501298 164580474978694 42711353130    0    0    0     0       0          0
1784753156 | enp139s0f0np0: 217427960491364 58857066576    0 2473    0     0          0    501298 164580480406419 42711382120    0    0    0     0       0          0
1784753157 | enp139s0f0np0: 217429362259935 58857409143    0 2473    0     0          0    501298 164580485936689 42711411241    0    0    0     0       0          0
1784753158 | enp139s0f0np0: 217430809404777 58857762861    0 2473    0     0          0    501298 164580491708912 42711442302    0    0    0     0       0          0
1784753159 | enp139s0f0np0: 217432266962773 58858119129    0 2473    0     0          0    501298 164580497529043 42711473652    0    0    0     0       0          0
1784753160 | enp139s0f0np0: 217433734924492 58858477904    0 2473    0     0          0    501298 164580503405739 42711505440    0    0    0     0       0          0
1784753161 | enp139s0f0np0: 217435205581965 58858837386    0 2473    0     0          0    501298 164580509346965 42711538145    0    0    0     0       0          0
1784753162 | enp139s0f0np0: 217436648608759 58859190088    0 2473    0     0          0    501298 164580515029397 42711567959    0    0    0     0       0          0
1784753163 | enp139s0f0np0: 217438070905265 58859537680    0 2473    0     0          0    501298 164580520613292 42711597124    0    0    0     0       0          0
1784753164 | enp139s0f0np0: 217439389571102 58859859910    0 2473    0     0          0    501298 164580525854111 42711625114    0    0    0     0       0          0
1784753165 | enp139s0f0np0: 217440842851155 58860215104    0 2473    0     0          0    501299 164580531609283 42711655634    0    0    0     0       0          0
1784753166 | enp139s0f0np0: 217442247580912 58860558405    0 2473    0     0          0    501299 164580537259988 42711686510    0    0    0     0       0          0
1784753167 | enp139s0f0np0: 217443627643501 58860895677    0 2473    0     0          0    501299 164580542794382 42711716543    0    0    0     0       0          0
1784753168 | enp139s0f0np0: 217445078370494 58861250233    0 2473    0     0          0    501299 164580548581912 42711747694    0    0    0     0       0          0
1784753169 | enp139s0f0np0: 217446523126109 58861603353    0 2473    0     0          0    501299 164580554351420 42711778757    0    0    0     0       0          0
1784753170 | enp139s0f0np0: 217447998546440 58861963843    0 2473    0     0          0    501299 164580560221566 42711810178    0    0    0     0       0          0
1784753171 | enp139s0f0np0: 217449492929749 58862328974    0 2473    0     0          0    501299 164580566195568 42711842431    0    0    0     0       0          0
1784753172 | enp139s0f0np0: 217450952822918 58862685645    0 2473    0     0          0    501299 164580572015890 42711873688    0    0    0     0       0          0
1784753173 | enp139s0f0np0: 217452355353249 58863028314    0 2473    0     0          0    501299 164580577593125 42711903523    0    0    0     0       0          0
1784753174 | enp139s0f0np0: 217453743225026 58863367372    0 2473    0     0          0    501299 164580583147292 42711933575    0    0    0     0       0          0
1784753175 | enp139s0f0np0: 217455150581487 58863711210    0 2473    0     0          0    501299 164580588738553 42711963408    0    0    0     0       0          0
1784753176 | enp139s0f0np0: 217456584608711 58864061620    0 2473    0     0          0    501299 164580594399775 42711993260    0    0    0     0       0          0
1784753177 | enp139s0f0np0: 217458022824106 58864413004    0 2473    0     0          0    501299 164580600136512 42712024090    0    0    0     0       0          0
1784753178 | enp139s0f0np0: 217459476986610 58864768286    0 2473    0     0          0    501299 164580605913439 42712054936    0    0    0     0       0          0
1784753179 | enp139s0f0np0: 217460972869713 58865133796    0 2473    0     0          0    501299 164580611886826 42712087113    0    0    0     0       0          0
1784753180 | enp139s0f0np0: 217462457620329 58865496539    0 2473    0     0          0    501299 164580617869768 42712119876    0    0    0     0       0          0
1784753181 | enp139s0f0np0: 217463924754704 58865854967    0 2473    0     0          0    501299 164580623748339 42712151730    0    0    0     0       0          0
1784753182 | enp139s0f0np0: 217465425229599 58866221583    0 2473    0     0          0    501299 164580629809373 42712185079    0    0    0     0       0          0
1784753183 | enp139s0f0np0: 217466895845568 58866580907    0 2473    0     0          0    501299 164580635617581 42712215725    0    0    0     0       0          0
1784753184 | enp139s0f0np0: 217468337353924 58866933046    0 2473    0     0          0    501299 164580641362444 42712246590    0    0    0     0       0          0
1784753185 | enp139s0f0np0: 217469750258273 58867278232    0 2473    0     0          0    501299 164580647009329 42712277053    0    0    0     0       0          0
1784753186 | enp139s0f0np0: 217471146601447 58867619394    0 2473    0     0          0    501299 164580652601503 42712307353    0    0    0     0       0          0
1784753188 | enp139s0f0np0: 217472544608762 58867960895    0 2473    0     0          0    501299 164580658135296 42712336696    0    0    0     0       0          0
1784753189 | enp139s0f0np0: 217473840881844 58868277517    0 2473    0     0          0    501299 164580663206114 42712362975    0    0    0     0       0          0
1784753190 | enp139s0f0np0: 217475190153339 58868607144    0 2473    0     0          0    501299 164580668418761 42712389352    0    0    0     0       0          0
1784753191 | enp139s0f0np0: 217476539019010 58868936649    0 2473    0     0          0    501299 164580673674968 42712416398    0    0    0     0       0          0
1784753192 | enp139s0f0np0: 217477857198608 58869258700    0 2473    0     0          0    501299 164580678830645 42712443088    0    0    0     0       0          0
1784753193 | enp139s0f0np0: 217479196088415 58869585782    0 2473    0     0          0    501299 164580684021628 42712469562    0    0    0     0       0          0
1784753194 | enp139s0f0np0: 217480515184093 58869908016    0 2473    0     0          0    501299 164580689157258 42712495944    0    0    0     0       0          0
1784753195 | enp139s0f0np0: 217481847223975 58870233448    0 2473    0     0          0    501299 164580694357022 42712522771    0    0    0     0       0          0
1784753196 | enp139s0f0np0: 217483173137449 58870557358    0 2473    0     0          0    501300 164580699526610 42712549432    0    0    0     0       0          0
1784753197 | enp139s0f0np0: 217484560847633 58870896391    0 2473    0     0          0    501300 164580704930236 42712577194    0    0    0     0       0          0
1784753198 | enp139s0f0np0: 217485900293426 58871223597    0 2473    0     0          0    501300 164580710183567 42712604555    0    0    0     0       0          0
1784753199 | enp139s0f0np0: 217487298890392 58871565279    0 2473    0     0          0    501300 164580715655385 42712632950    0    0    0     0       0          0
1784753200 | enp139s0f0np0: 217488697807719 58871907087    0 2473    0     0          0    501300 164580721143549 42712661545    0    0    0     0       0          0
1784753201 | enp139s0f0np0: 217490054527776 58872238554    0 2473    0     0          0    501300 164580726545083 42712690498    0    0    0     0       0          0
1784753202 | enp139s0f0np0: 217491374304177 58872561005    0 2473    0     0          0    501300 164580731737800 42712717711    0    0    0     0       0          0
1784753203 | enp139s0f0np0: 217492687066093 58872881704    0 2473    0     0          0    501300 164580736877145 42712744394    0    0    0     0       0          0
1784753204 | enp139s0f0np0: 217494008136637 58873204388    0 2473    0     0          0    501300 164580742003689 42712770549    0    0    0     0       0          0
1784753205 | enp139s0f0np0: 217495318218039 58873524408    0 2473    0     0          0    501300 164580747090159 42712796544    0    0    0     0       0          0
1784753206 | enp139s0f0np0: 217496626516921 58873844004    0 2473    0     0          0    501300 164580752182377 42712822699    0    0    0     0       0          0
1784753207 | enp139s0f0np0: 217497920092651 58874159958    0 2473    0     0          0    501300 164580757248238 42712849007    0    0    0     0       0          0
1784753208 | enp139s0f0np0: 217499227399848 58874479338    0 2473    0     0          0    501300 164580762305982 42712874671    0    0    0     0       0          0
1784753209 | enp139s0f0np0: 217500552180140 58874803030    0 2473    0     0          0    501300 164580767485408 42712901514    0    0    0     0       0          0
1784753210 | enp139s0f0np0: 217501891602592 58875130299    0 2473    0     0          0    501300 164580772701714 42712928299    0    0    0     0       0          0
1784753211 | enp139s0f0np0: 217503210583887 58875452496    0 2473    0     0          0    501300 164580777822854 42712954477    0    0    0     0       0          0
1784753212 | enp139s0f0np0: 217504525487164 58875773763    0 2473    0     0          0    501300 164580782945592 42712980834    0    0    0     0       0          0
1784753213 | enp139s0f0np0: 217505850793979 58876097564    0 2473    0     0          0    501300 164580788140968 42713007864    0    0    0     0       0          0
1784753214 | enp139s0f0np0: 217507179308803 58876422116    0 2473    0     0          0    501300 164580793384017 42713035535    0    0    0     0       0          0
1784753215 | enp139s0f0np0: 217508528936146 58876751958    0 2473    0     0          0    501300 164580798665018 42713062889    0    0    0     0       0          0
1784753216 | enp139s0f0np0: 217509900748756 58877087265    0 2473    0     0          0    501300 164580804063540 42713091208    0    0    0     0       0          0
1784753217 | enp139s0f0np0: 217511282972941 58877425051    0 2473    0     0          0    501300 164580809505878 42713119806    0    0    0     0       0          0
1784753218 | enp139s0f0np0: 217512648898994 58877758799    0 2473    0     0          0    501300 164580814865014 42713147710    0    0    0     0       0          0
1784753219 | enp139s0f0np0: 217513986554743 58878085712    0 2473    0     0          0    501300 164580820109285 42713174992    0    0    0     0       0          0
1784753220 | enp139s0f0np0: 217515343313117 58878417278    0 2473    0     0          0    501300 164580825469677 42713203332    0    0    0     0       0          0
1784753221 | enp139s0f0np0: 217516634851772 58878732888    0 2473    0     0          0    501300 164580830540709 42713229828    0    0    0     0       0          0
1784753222 | enp139s0f0np0: 217517954868057 58879055487    0 2473    0     0          0    501300 164580835724439 42713256899    0    0    0     0       0          0
1784753223 | enp139s0f0np0: 217519305855529 58879385677    0 2473    0     0          0    501300 164580841094223 42713285595    0    0    0     0       0          0
1784753224 | enp139s0f0np0: 217520649073394 58879713935    0 2473    0     0          0    501300 164580846438560 42713314186    0    0    0     0       0          0
1784753225 | enp139s0f0np0: 217521965073761 58880035556    0 2473    0     0          0    501300 164580851516243 42713339809    0    0    0     0       0          0
1784753226 | enp139s0f0np0: 217523266575678 58880353620    0 2473    0     0          0    501301 164580856566261 42713365580    0    0    0     0       0          0
1784753227 | enp139s0f0np0: 217524582127673 58880675074    0 2473    0     0          0    501301 164580861719780 42713392377    0    0    0     0       0          0
1784753228 | enp139s0f0np0: 217525942230080 58881007481    0 2473    0     0          0    501301 164580867082408 42713420605    0    0    0     0       0          0
1784753229 | enp139s0f0np0: 217527360374367 58881354066    0 2473    0     0          0    501301 164580872728388 42713450857    0    0    0     0       0          0
1784753230 | enp139s0f0np0: 217528802283899 58881706470    0 2473    0     0          0    501301 164580878379112 42713480214    0    0    0     0       0          0
1784753231 | enp139s0f0np0: 217530222188955 58882053553    0 2473    0     0          0    501301 164580883965740 42713509540    0    0    0     0       0          0
1784753232 | enp139s0f0np0: 217531497175783 58882365145    0 2473    0     0          0    501301 164580888958356 42713535464    0    0    0     0       0          0
1784753233 | enp139s0f0np0: 217532843202310 58882694100    0 2473    0     0          0    501301 164580894252316 42713563204    0    0    0     0       0          0
1784753234 | enp139s0f0np0: 217534166270521 58883017450    0 2473    0     0          0    501301 164580899434340 42713590136    0    0    0     0       0          0
1784753235 | enp139s0f0np0: 217535497797471 58883342839    0 2473    0     0          0    501301 164580904633374 42713616985    0    0    0     0       0          0
1784753236 | enp139s0f0np0: 217536804456211 58883662162    0 2473    0     0          0    501301 164580909706430 42713642907    0    0    0     0       0          0
1784753237 | enp139s0f0np0: 217538111393148 58883981503    0 2473    0     0          0    501301 164580914784865 42713668900    0    0    0     0       0          0
1784753238 | enp139s0f0np0: 217539415700077 58884300206    0 2473    0     0          0    501301 164580919895501 42713695480    0    0    0     0       0          0
1784753239 | enp139s0f0np0: 217540691988438 58884612131    0 2473    0     0          0    501301 164580924868991 42713721087    0    0    0     0       0          0
1784753240 | enp139s0f0np0: 217541971326425 58884924734    0 2473    0     0          0    501301 164580929853642 42713746731    0    0    0     0       0          0
1784753241 | enp139s0f0np0: 217543288696123 58885246628    0 2473    0     0          0    501301 164580934982569 42713773074    0    0    0     0       0          0
1784753242 | enp139s0f0np0: 217544633595369 58885575371    0 2473    0     0          0    501301 164580940294033 42713801112    0    0    0     0       0          0
1784753243 | enp139s0f0np0: 217545943699309 58885895468    0 2473    0     0          0    501301 164580945388687 42713827227    0    0    0     0       0          0
1784753244 | enp139s0f0np0: 217547269080174 58886219347    0 2473    0     0          0    501301 164580950611319 42713854671    0    0    0     0       0          0
1784753245 | enp139s0f0np0: 217548614468200 58886548116    0 2473    0     0          0    501301 164580955853733 42713881666    0    0    0     0       0          0
1784753246 | enp139s0f0np0: 217549912871935 58886865383    0 2473    0     0          0    501301 164580960848071 42713906708    0    0    0     0       0          0
1784753247 | enp139s0f0np0: 217551200338846 58887179961    0 2473    0     0          0    501301 164580965836558 42713932077    0    0    0     0       0          0
1784753248 | enp139s0f0np0: 217552501911344 58887498089    0 2473    0     0          0    501301 164580970913788 42713958271    0    0    0     0       0          0
1784753249 | enp139s0f0np0: 217553798225677 58887814917    0 2473    0     0          0    501301 164580975945908 42713983979    0    0    0     0       0          0
1784753250 | enp139s0f0np0: 217555100396284 58888133117    0 2473    0     0          0    501301 164580981071317 42714010877    0    0    0     0       0          0
1784753251 | enp139s0f0np0: 217556396664373 58888449857    0 2473    0     0          0    501301 164580986219343 42714038310    0    0    0     0       0          0
1784753252 | enp139s0f0np0: 217557680971377 58888763689    0 2473    0     0          0    501301 164580991278266 42714064880    0    0    0     0       0          0
1784753253 | enp139s0f0np0: 217558983726616 58889081998    0 2473    0     0          0    501301 164580996375368 42714091354    0    0    0     0       0          0
1784753254 | enp139s0f0np0: 217560278862120 58889398488    0 2473    0     0          0    501301 164581001363888 42714116433    0    0    0     0       0          0
1784753255 | enp139s0f0np0: 217561577523178 58889715790    0 2473    0     0          0    501301 164581006424922 42714142496    0    0    0     0       0          0
1784753256 | enp139s0f0np0: 217562876554536 58890033235    0 2473    0     0          0    501302 164581011507334 42714168836    0    0    0     0       0          0
1784753257 | enp139s0f0np0: 217564179494269 58890351581    0 2473    0     0          0    501302 164581016601005 42714195237    0    0    0     0       0          0
1784753258 | enp139s0f0np0: 217565471454287 58890667256    0 2473    0     0          0    501302 164581021681247 42714221810    0    0    0     0       0          0
1784753259 | enp139s0f0np0: 217566797678476 58890991265    0 2473    0     0          0    501302 164581026842921 42714248306    0    0    0     0       0          0
1784753260 | enp139s0f0np0: 217568142367731 58891319707    0 2473    0     0          0    501302 164581032053957 42714274852    0    0    0     0       0          0
1784753261 | enp139s0f0np0: 217569462789751 58891642235    0 2473    0     0          0    501302 164581037143691 42714300482    0    0    0     0       0          0
1784753262 | enp139s0f0np0: 217570776552957 58891963154    0 2473    0     0          0    501302 164581042209611 42714326019    0    0    0     0       0          0
1784753263 | enp139s0f0np0: 217572075884061 58892280500    0 2473    0     0          0    501302 164581047291787 42714352345    0    0    0     0       0          0
1784753264 | enp139s0f0np0: 217573373953205 58892597500    0 2473    0     0          0    501302 164581052342295 42714378259    0    0    0     0       0          0
1784753265 | enp139s0f0np0: 217574681531391 58892916894    0 2473    0     0          0    501302 164581057440821 42714404520    0    0    0     0       0          0
1784753266 | enp139s0f0np0: 217576018334937 58893243416    0 2473    0     0          0    501302 164581062657757 42714431451    0    0    0     0       0          0
1784753267 | enp139s0f0np0: 217577313289806 58893559635    0 2473    0     0          0    501302 164581067728760 42714457800    0    0    0     0       0          0
1784753268 | enp139s0f0np0: 217578635637130 58893882686    0 2473    0     0          0    501302 164581072957360 42714485471    0    0    0     0       0          0
1784753269 | enp139s0f0np0: 217579944675549 58894202394    0 2473    0     0          0    501302 164581078126264 42714512741    0    0    0     0       0          0
1784753270 | enp139s0f0np0: 217581283506349 58894529437    0 2473    0     0          0    501302 164581083468935 42714541499    0    0    0     0       0          0
1784753271 | enp139s0f0np0: 217582595148685 58894849816    0 2473    0     0          0    501302 164581088534544 42714567096    0    0    0     0       0          0
1784753272 | enp139s0f0np0: 217583897317290 58895167893    0 2473    0     0          0    501302 164581093550364 42714592337    0    0    0     0       0          0
1784753273 | enp139s0f0np0: 217585212700983 58895489186    0 2473    0     0          0    501302 164581098701998 42714619116    0    0    0     0       0          0
1784753274 | enp139s0f0np0: 217586544157982 58895814427    0 2473    0     0          0    501302 164581103935710 42714646473    0    0    0     0       0          0
1784753275 | enp139s0f0np0: 217587909679246 58896148015    0 2473    0     0          0    501302 164581109355201 42714675359    0    0    0     0       0          0
1784753276 | enp139s0f0np0: 217589266888798 58896479561    0 2473    0     0          0    501302 164581114682736 42714703153    0    0    0     0       0          0
1784753277 | enp139s0f0np0: 217590607853267 58896807065    0 2473    0     0          0    501302 164581119965015 42714730914    0    0    0     0       0          0
1784753278 | enp139s0f0np0: 217591918279149 58897127163    0 2473    0     0          0    501302 164581125038595 42714756698    0    0    0     0       0          0
1784753279 | enp139s0f0np0: 217593246010765 58897451477    0 2473    0     0          0    501302 164581130193637 42714783030    0    0    0     0       0          0
1784753280 | enp139s0f0np0: 217594592687200 58897780463    0 2473    0     0          0    501302 164581135520649 42714811243    0    0    0     0       0          0
1784753281 | enp139s0f0np0: 217595909925354 58898102266    0 2473    0     0          0    501302 164581140663761 42714837785    0    0    0     0       0          0
1784753282 | enp139s0f0np0: 217597233598126 58898425615    0 2473    0     0          0    501302 164581145832475 42714864500    0    0    0     0       0          0
1784753283 | enp139s0f0np0: 217598587657837 58898756369    0 2473    0     0          0    501302 164581151139745 42714892118    0    0    0     0       0          0
1784753284 | enp139s0f0np0: 217599952035440 58899089684    0 2473    0     0          0    501302 164581156512019 42714920325    0    0    0     0       0          0
1784753285 | enp139s0f0np0: 217601297506374 58899418409    0 2473    0     0          0    501302 164581161782429 42714947737    0    0    0     0       0          0
1784753286 | enp139s0f0np0: 217602638390016 58899746015    0 2473    0     0          0    501303 164581167063067 42714975468    0    0    0     0       0          0
1784753287 | enp139s0f0np0: 217603978136479 58900073282    0 2473    0     0          0    501303 164581172305777 42715002659    0    0    0     0       0          0
