hints = 1
Maintaining 64 concurrent writes of 4194304 bytes to objects of size 4194304 for up to 120 seconds or 0 objects
Object prefix: benchmark_data_tikv-node_2061679
  sec Cur ops   started  finished  avg MB/s  cur MB/s last lat(s)  avg lat(s)
    0       0         0         0         0         0           -           0
    1      46        46         0         0         0           -           0
    2      63        71         8   15.9983        16     1.94148      1.8157
    3      63        97        34   45.3284       104     2.39338      2.2416
    4      63       122        59    58.993       100     2.33235     2.32901
    5      63       148        85   67.9916       104     1.91101      2.2892
    6      63       173       110    73.324       100      1.7881     2.29434
    7      63       197       134   76.5614        96     1.99644     2.37499
    8      63       222       159   79.4894       100     2.10922     2.41978
    9      63       248       185   82.2112       104     3.99034      2.4278
   10      63       271       208   83.1888        92     4.13371     2.43386
   11      63       297       234   85.0794       104     3.96934     2.49063
   12      63       322       259   86.3218       100     3.95799     2.47226
   13      63       348       285   87.6806       104     4.04798     2.48443
   14      63       374       311   88.8451       104      2.1697     2.49175
   15      63       400       337   89.8544       104      2.1924     2.48791
   16      63       425       362   90.4876       100     2.06701     2.48682
   17      63       452       389    91.517       108     1.99936      2.4774
   18      63       478       415   92.2095       104     4.18015     2.47701
   19      63       504       441   92.8293       104     4.30755     2.49184
2026-07-08T18:12:14.730712+0800 min lat: 1.72925 max lat: 4.55216 avg lat: 2.50172
  sec Cur ops   started  finished  avg MB/s  cur MB/s last lat(s)  avg lat(s)
   20      63       528       465   92.9872        96     2.49243     2.50172
   21      63       552       489   93.1299        96     2.48104     2.50208
   22      63       579       516   93.8053       108     2.49567      2.5039
   23      63       606       543   94.4217       108     2.41785     2.50485
   24      63       630       567    94.487        96     2.48416     2.50343
   25      63       657       594   95.0271       108     2.43313     2.50152
   26      63       684       621   95.5255       108     2.37615     2.50045
   27      63       708       645   95.5426        96     2.44892     2.49764
   28      63       733       670   95.7013       100     2.23609     2.49207
   29      63       760       697   96.1248       108     2.05335     2.48641
   30      63       786       723   96.3868       104     1.91626     2.48286
   31      63       812       749   96.6318       104     1.83021     2.48081
   32      63       839       776   96.9865       108     2.03721     2.48437
   33      63       863       800   96.9562        96     4.02213      2.4816
   34      63       890       827   97.2805       108     2.16008     2.48605
   35      63       917       854   97.5863       108     2.15107     2.48105
   36      63       942       879    97.653       100     2.28374     2.48253
   37      63       968       905   97.8242       104     2.52199     2.49108
   38      63       994       931   97.9864       104     2.44715      2.4906
   39      63      1019       956   98.0377       100     2.47652     2.49024
2026-07-08T18:12:34.733467+0800 min lat: 1.72925 max lat: 4.60999 avg lat: 2.49
  sec Cur ops   started  finished  avg MB/s  cur MB/s last lat(s)  avg lat(s)
   40      63      1045       982   98.1865       104     2.47487        2.49
   41      63      1070      1007   98.2302       100     2.44182     2.49017
   42      63      1097      1034   98.4625       108     2.45898     2.48957
   43      63      1123      1060   98.5909       104     2.43944     2.48828
   44      63      1150      1087   98.8044       108     2.45421      2.4875
   45      63      1177      1114   99.0084       108     2.39551     2.48662
   46      63      1202      1139   99.0297       100     2.39087     2.48511
   47      63      1228      1165   99.1351       104      2.4248     2.48427
   48      63      1255      1192   99.3194       108     2.45225     2.48412
   49      63      1280      1217    99.333       100     2.26482     2.48032
   50      63      1305      1242   99.3461       100     2.06991     2.47488
   51      63      1331      1268   99.4371       104     2.06286     2.47577
   52      63      1355      1292   99.3708        96     4.10861     2.47852
   53      63      1382      1319   99.5332       108     4.14135     2.47798
   54      63      1409      1346   99.6897       108     4.05622      2.4787
   55      63      1436      1373   99.8406       108     4.18736      2.4769
   56      63      1461      1398   99.8432       100      2.0493     2.47631
   57      63      1486      1423   99.8456       100     1.84445      2.4719
   58      63      1512      1449    99.917       104     1.88757     2.47551
   59      63      1537      1474   99.9182       100     4.02812     2.47584
2026-07-08T18:12:54.736353+0800 min lat: 1.72925 max lat: 4.60999 avg lat: 2.47882
  sec Cur ops   started  finished  avg MB/s  cur MB/s last lat(s)  avg lat(s)
   60      63      1564      1501   100.053       108     4.27475     2.47882
   61      63      1590      1527   100.117       104     2.38086      2.4814
   62      63      1618      1555   100.309       112     2.41491     2.48162
   63      63      1642      1579    100.24        96     2.42642     2.48059
   64      63      1668      1605   100.298       104     2.44097      2.4799
   65      63      1695      1632   100.417       108     2.36559     2.47848
   66      63      1721      1658   100.471       104     2.21336      2.4756
   67      63      1743      1680   100.284        88     2.12457     2.47506
   68      63      1772      1709   100.515       116     1.86986     2.47068
   69      63      1798      1735   100.566       104     1.95412     2.47489
   70      63      1823      1760   100.557       100     2.05875     2.47346
   71      63      1846      1783   100.437        92     2.25826     2.47862
   72      63      1874      1811   100.597       112      1.9021     2.47417
   73      63      1900      1837   100.643       104     1.90625     2.47467
   74      63      1924      1861    100.58        96     2.09808     2.47798
   75      63      1949      1886   100.573       100     1.95539     2.47775
   76      63      1975      1912   100.617       104       3.914      2.4775
   77      63      2000      1937   100.609       100     1.89997     2.47819
   78      63      2026      1963   100.653       104     3.89081     2.47983
   79      63      2053      1990   100.745       108     3.95278     2.48274
2026-07-08T18:13:14.739176+0800 min lat: 1.72925 max lat: 4.60999 avg lat: 2.47854
  sec Cur ops   started  finished  avg MB/s  cur MB/s last lat(s)  avg lat(s)
   80      63      2079      2016   100.786       104     1.74257     2.47854
   81      63      2104      2041   100.776       100     3.98151     2.47878
   82      63      2130      2067   100.815       104     2.00299     2.48106
   83      63      2153      2090   100.709        92     1.96749     2.47806
   84      63      2178      2115     100.7       100     2.02368     2.48143
   85      63      2206      2143   100.833       112     2.06409      2.4818
   86      63      2232      2169    100.87       104     2.16146     2.48226
   87      63      2258      2195   100.905       104      2.0219     2.48227
   88      63      2283      2220   100.895       100     4.04711     2.47954
   89      63      2307      2244    100.84        96      1.9918     2.48103
   90      63      2334      2271   100.919       108     2.09262     2.48362
   91      63      2358      2295   100.865        96     4.12412     2.48216
   92      63      2382      2319   100.812        96     1.91475     2.48297
   93      63      2411      2348   100.975       116     3.89941     2.48274
   94      63      2434      2371   100.879        92     2.01199     2.48201
   95      63      2461      2398   100.954       108     2.14554     2.48216
   96      63      2489      2426   101.069       112     1.91993     2.48337
   97      63      2515      2452   101.099       104     1.87874     2.48026
   98      63      2539      2476   101.047        96     4.13144     2.48209
   99      63      2568      2505   101.198       116     3.93395     2.48122
2026-07-08T18:13:34.741830+0800 min lat: 1.72925 max lat: 4.60999 avg lat: 2.48199
  sec Cur ops   started  finished  avg MB/s  cur MB/s last lat(s)  avg lat(s)
  100      63      2593      2530   101.186       100     2.13755     2.48199
  101      63      2620      2557   101.253       108     2.13449     2.48173
  102      63      2646      2583    101.28       104     2.23814     2.48159
  103      63      2671      2608   101.268       100     2.39855     2.48388
  104      63      2695      2632   101.217        96      2.0225     2.48192
  105      63      2723      2660   101.319       112     1.85512     2.47793
  106      63      2750      2687   101.382       108     2.14194     2.47909
  107      63      2776      2713   101.407       104        2.41     2.48178
  108      63      2802      2739    101.43       104     2.43971     2.48243
  109      63      2826      2763   101.381        96       2.457     2.48245
  110      63      2852      2789   101.404       104     2.52666      2.4825
  111      63      2880      2817     101.5       112     2.38145     2.48253
  112      63      2903      2840   101.415        92       2.418      2.4824
  113      63      2932      2869   101.544       116      2.4173     2.48193
  114      63      2957      2894    101.53       100     2.41701      2.4819
  115      63      2981      2918   101.482        96     2.57068     2.48196
  116      63      3005      2942   101.434        96     2.62288     2.48235
  117      63      3033      2970   101.525       112     2.51543     2.48247
  118      63      3060      2997   101.579       108     2.50317     2.48243
  119      63      3086      3023     101.6       104     2.47429     2.48219
2026-07-08T18:13:54.744354+0800 min lat: 0.476896 max lat: 4.60999 avg lat: 2.47135
  sec Cur ops   started  finished  avg MB/s  cur MB/s last lat(s)  avg lat(s)
  120      25      3111      3086   102.853       252    0.476896     2.47135
Total time run:         120.902
Total writes made:      3111
Write size:             4194304
Object size:            4194304
Bandwidth (MB/sec):     102.926
Stddev Bandwidth:       19.2567
Max bandwidth (MB/sec): 252
Min bandwidth (MB/sec): 0
Average IOPS:           25
Stddev IOPS:            4.81417
Max IOPS:               63
Min IOPS:               0
Average Latency(s):     2.46111
Stddev Latency(s):      0.695642
Max latency(s):         4.60999
Min latency(s):         0.358266
