INFO: op_size has been rounded to 16384
hints = 1
Maintaining 64 concurrent writes of 16384 bytes to objects of size 16384 for up to 120 seconds or 0 objects
Object prefix: benchmark_data_tikv-node_1923783
  sec Cur ops   started  finished  avg MB/s  cur MB/s last lat(s)  avg lat(s)
    0       0         0         0         0         0           -           0
    1      64      7050      6986   109.146   109.156  0.00743087   0.0091044
    2      64     14108     14044   109.707   110.281  0.00857235  0.00908993
    3      64     21168     21104   109.905   110.312  0.00908252  0.00908038
    4      64     28221     28157   109.976   110.203  0.00714598  0.00907774
    5      64     35279     35215   110.034   110.281   0.0070133  0.00907433
    6      64     42337     42273   110.073   110.281  0.00749686  0.00907285
    7      64     49392     49328   110.094   110.234  0.00551825  0.00907536
    8      64     56455     56391   110.126   110.359   0.0141469  0.00907163
    9      64     63357     63293   109.871   107.844  0.00586739  0.00908834
   10      64     69615     69551   108.661   97.7812  0.00742637   0.0091936
   11      64     76683     76619   108.821   110.438  0.00495094  0.00918157
   12      64     83747     83683   108.949   110.375  0.00976475  0.00917204
   13      63     90803     90740   109.049   110.266  0.00670377  0.00916328
   14      64     97864     97800   109.139   110.312  0.00918284   0.0091564
   15      64    104920    104856   109.212    110.25  0.00935202  0.00915066
   16      63    111977    111914   109.278   110.281  0.00701629  0.00914557
   17      64    119040    118976    109.34   110.344  0.00698852  0.00913984
   18      64    125694    125630   109.041   103.969   0.0343957   0.0091501
   19      64    132091    132027   108.562   99.9531  0.00533266  0.00920612
2026-07-08T17:43:54.713469+0800 min lat: 0.00239991 max lat: 0.05109 avg lat: 0.00919852
  sec Cur ops   started  finished  avg MB/s  cur MB/s last lat(s)  avg lat(s)
   20      63    139148    139085   108.647   110.281  0.00620575  0.00919852
   21      64    146204    146140   108.722   110.234  0.00476706  0.00919249
   22      64    152682    152618    108.38   101.219   0.0162853  0.00922178
   23      64    159142    159078   108.056   100.938   0.0048884  0.00924929
   24      64    166200    166136   108.148   110.281   0.0139575  0.00924173
   25      64    173253    173189    108.23   110.203   0.0100267  0.00923491
   26      64    180009    179945   108.127   105.562  0.00570716  0.00924346
   27      64    186839    186775   108.074   106.719   0.0129162  0.00924838
   28      64    192964    192900   107.632   95.7031  0.00753139  0.00928608
   29      64    200014    199950   107.719   110.156  0.00730387  0.00927848
   30      64    207082    207018   107.809   110.438  0.00782388   0.0092713
   31      63    214144    214081   107.891   110.359  0.00803307  0.00926437
   32      64    221199    221135   107.963   110.219  0.00569577  0.00925805
   33      64    228254    228190   108.031   110.234  0.00535011  0.00925221
   34      64    235309    235245   108.096   110.234  0.00822976   0.0092469
   35      63    242370    242307   108.159   110.344   0.0104997  0.00924143
   36      64    249247    249183   108.139   107.438   0.0172463  0.00924319
   37      63    255515    255452   107.863   97.9531  0.00858047  0.00926697
   38      63    262567    262504   107.924   110.188  0.00549963  0.00926161
   39      63    269629    269566   107.986   110.344  0.00473488  0.00925646
2026-07-08T17:44:14.715932+0800 min lat: 0.00236668 max lat: 0.0541502 avg lat: 0.00925121
  sec Cur ops   started  finished  avg MB/s  cur MB/s last lat(s)  avg lat(s)
   40      63    276688    276625   108.043   110.297  0.00505456  0.00925121
   41      64    283744    283680   108.096   110.234  0.00702943  0.00924712
   42      64    290805    290741   108.149   110.328  0.00477394  0.00924218
   43      64    297347    297283   108.011   102.219  0.00729105  0.00925442
   44      64    303839    303775   107.861   101.438   0.0165265  0.00926716
   45      64    310560    310496   107.798   105.016  0.00541313  0.00927304
   46      64    317055    316991    107.66   101.484    0.019283  0.00928447
   47      64    324113    324049   107.716   110.281  0.00606557  0.00927956
   48      64    331175    331111    107.77   110.344  0.00591106  0.00927523
   49      64    338227    338163   107.819   110.188  0.00728313  0.00927107
   50      64    345284    345220   107.868   110.266  0.00862979  0.00926673
   51      64    352012    351948   107.814   105.125   0.0168197  0.00927148
   52      64    359056    358992   107.857   110.062   0.0101334  0.00926776
   53      64    366125    366061   107.906   110.453   0.0120819  0.00926373
   54      64    372870    372806   107.859   105.391   0.0107432  0.00926779
   55      64    379137    379073   107.678   97.9219  0.00541365  0.00928324
   56      64    386202    386138   107.726   110.391  0.00980493  0.00927928
   57      64    393254    393190   107.769   110.188   0.0119826  0.00927552
   58      64    400315    400251   107.813   110.328  0.00465958   0.0092716
   59      64    407366    407302   107.853   110.172   0.0125864  0.00926825
2026-07-08T17:44:34.718445+0800 min lat: 0.00236668 max lat: 0.0541502 avg lat: 0.00926505
  sec Cur ops   started  finished  avg MB/s  cur MB/s last lat(s)  avg lat(s)
   60      64    414413    414349    107.89   110.109  0.00590613  0.00926505
   61      64    421470    421406   107.929   110.266   0.0051953  0.00926173
   62      64    428529    428465   107.967   110.297  0.00556504  0.00925841
   63      64    435239    435175   107.917   104.844  0.00643402   0.0092627
   64      64    441651    441587   107.796   100.188  0.00474034  0.00927331
   65      64    447476    447412   107.538   91.0156  0.00669034  0.00929544
   66      64    454540    454476    107.58   110.375  0.00807435   0.0092918
   67      64    461585    461521   107.618   110.078  0.00588166  0.00928858
   68      64    468632    468568   107.654   110.109  0.00921037  0.00928555
   69      64    475687    475623   107.691   110.234   0.0175402  0.00928234
   70      64    482747    482683   107.728   110.312  0.00707962  0.00927904
   71      64    489792    489728   107.761   110.078  0.00683889  0.00927609
   72      63    496482    496419   107.717   104.547  0.00779383  0.00928009
   73      64    502966    502902   107.628   101.297  0.00636959   0.0092876
   74      64    510018    509954   107.663   110.188  0.00595527  0.00928484
   75      64    516955    516891   107.672   108.391  0.00823688  0.00928399
   76      64    523842    523778   107.671   107.609   0.0105799  0.00928415
   77      64    530899    530835   107.705   110.266   0.0124207  0.00928127
   78      64    537951    537887   107.737   110.188   0.0110025  0.00927849
   79      64    545015    544951    107.77   110.375  0.00457136  0.00927553
2026-07-08T17:44:54.720815+0800 min lat: 0.00231476 max lat: 0.0578224 avg lat: 0.0092731
  sec Cur ops   started  finished  avg MB/s  cur MB/s last lat(s)  avg lat(s)
   80      63    552065    552002     107.8   110.172   0.0128794   0.0092731
   81      64    558539    558475   107.717   101.141   0.0102006  0.00927965
   82      63    565104    565041   107.655   102.594  0.00911433  0.00928556
   83      64    572161    572097   107.686    110.25   0.0112446  0.00928296
   84      64    579217    579153   107.716    110.25    0.012096  0.00928033
   85      64    586275    586211   107.746   110.281  0.00775083  0.00927769
   86      64    592457    592393   107.616   96.5938  0.00528643  0.00928887
   87      64    599308    599244    107.61   107.047  0.00491426  0.00928941
   88      64    606363    606299   107.639   110.234  0.00961438  0.00928684
   89      63    613419    613356   107.669   110.266  0.00535548   0.0092843
   90      64    619928    619864   107.602   101.688  0.00892683  0.00928822
   91      64    626438    626374   107.537   101.719  0.00459706   0.0092958
   92      64    633498    633434   107.567   110.312    0.013068  0.00929323
   93      64    640554    640490   107.596    110.25  0.00520197  0.00929066
   94      64    647611    647547   107.624   110.266  0.00477657  0.00928834
   95      63    654666    654603   107.652    110.25  0.00457161  0.00928587
   96      64    661724    661660   107.679   110.266   0.0175701  0.00928356
   97      64    668335    668271   107.634   103.297  0.00744638  0.00928757
   98      64    674985    674921   107.595   103.906  0.00988045  0.00929096
   99      64    681501    681437   107.537   101.812  0.00879556   0.0092959
2026-07-08T17:45:14.723233+0800 min lat: 0.00231476 max lat: 0.0594934 avg lat: 0.00930463
  sec Cur ops   started  finished  avg MB/s  cur MB/s last lat(s)  avg lat(s)
  100      64    687745    687681   107.437   97.5625  0.00967466  0.00930463
  101      64    694582    694518   107.431   106.828  0.00561924  0.00930513
  102      64    701638    701574   107.458    110.25  0.00479865  0.00930265
  103      64    708696    708632   107.486   110.281   0.0083274  0.00930032
  104      64    715730    715666   107.509   109.906   0.0142008  0.00929829
  105      64    722792    722728   107.536   110.344  0.00952209  0.00929602
  106      64    729845    729781   107.561   110.203   0.0160411  0.00929388
  107      64    736894    736830   107.585   110.141   0.0111975   0.0092918
  108      63    742339    742276   107.376   85.0938   0.0662943  0.00930528
  109      64    748898    748834   107.331   102.469  0.00513738  0.00931362
  110      64    755957    755893   107.358   110.297   0.0121547  0.00931146
  111      64    763017    762953   107.385   110.312   0.0107914  0.00930914
  112      64    770076    770012    107.41   110.297  0.00488236  0.00930684
  113      64    777122    777058   107.434   110.094   0.0058778  0.00930475
  114      63    784186    784123    107.46   110.391  0.00735871  0.00930265
  115      64    791246    791182   107.484   110.297  0.00660369  0.00930042
  116      64    798298    798234   107.508   110.188  0.00560114  0.00929848
  117      64    804984    804920   107.481   104.469  0.00936467  0.00930081
  118      64    811310    811246   107.408   98.8438  0.00452996  0.00930707
  119      64    818364    818300   107.432   110.219  0.00566523  0.00930506
Total time run:         120.012
Total writes made:      825323
Write size:             16384
Object size:            16384
Bandwidth (MB/sec):     107.453
Stddev Bandwidth:       4.77574
Max bandwidth (MB/sec): 110.453
Min bandwidth (MB/sec): 85.0938
Average IOPS:           6877
Stddev IOPS:            305.647
Max IOPS:               7069
Min IOPS:               5446
Average Latency(s):     0.00930314
Stddev Latency(s):      0.00466479
Max latency(s):         0.0778459
Min latency(s):         0.00231476
