hints = 1
Maintaining 64 concurrent writes of 1048576 bytes to objects of size 1048576 for up to 120 seconds or 0 objects
Object prefix: benchmark_data_tikv-node_2040663
  sec Cur ops   started  finished  avg MB/s  cur MB/s last lat(s)  avg lat(s)
    0       0         0         0         0         0           -           0
    1      64       168       104   103.985       104    0.265495    0.362644
    2      64       276       212   105.984       108    0.109339    0.424998
    3      64       384       320   106.651       108   0.0436671    0.465675
    4      64       488       424   105.985       104     1.62089    0.501885
    5      64       596       532   106.385       108     1.66379    0.526064
    6      64       700       636   105.985       104    0.814927    0.541931
    7      64       806       742   105.985       106   0.0619049    0.544276
    8      64       912       848   105.985       106    0.124929    0.540976
    9      64      1020       956   106.207       108   0.0393179    0.544705
   10      64      1125      1061   106.085       105    0.460474    0.553562
   11      64      1231      1167   106.076       106    0.414551    0.559957
   12      64      1337      1273   106.069       106   0.0741644     0.56603
   13      64      1440      1376   105.831       103   0.0738436    0.566247
   14      64      1548      1484   105.985       108    0.120567    0.573655
   15      64      1656      1592   106.119       108   0.0783867    0.576666
   16      64      1765      1701   106.298       109    0.352715    0.574656
   17      64      1872      1808   106.338       107    0.329066    0.576133
   18      64      1980      1916    106.43       108    0.091112    0.579328
   19      64      2087      2023   106.459       107    0.103933    0.581978
2026-07-08T18:07:55.985233+0800 min lat: 0.0327239 max lat: 2.23377 avg lat: 0.58324
  sec Cur ops   started  finished  avg MB/s  cur MB/s last lat(s)  avg lat(s)
   20      64      2193      2129   106.435       106    0.706995     0.58324
   21      64      2304      2240   106.652       111     1.52915    0.582168
   22      64      2413      2349   106.758       109    0.115823    0.582247
   23      64      2522      2458   106.855       109    0.153755    0.584553
   24      64      2629      2565    106.86       107   0.0641433     0.58579
   25      64      2736      2672   106.865       107    0.318113    0.584651
   26      64      2844      2780   106.908       108    0.141909    0.581014
   27      64      2951      2887   106.911       107    0.396779    0.580894
   28      64      3057      2993   106.878       106   0.0602014    0.582159
   29      64      3163      3099   106.847       106    0.599702    0.580778
   30      64      3271      3207   106.885       108    0.087179    0.582795
   31      64      3377      3313   106.856       106    0.130842    0.581544
   32      64      3484      3420    106.86       107     2.51884    0.581456
   33      64      3592      3528   106.894       108   0.0418175    0.580844
   34      64      3697      3633   106.838       105   0.0617764    0.580232
   35      64      3804      3740   106.842       107     2.44917     0.58417
   36      64      3910      3846   106.818       106     2.16024    0.583763
   37      64      4014      3950   106.742       104   0.0877804     0.58389
   38      64      4121      4057   106.748       107    0.202793    0.585102
   39      64      4232      4168   106.857       111     0.45826    0.586904
2026-07-08T18:08:15.988089+0800 min lat: 0.0327239 max lat: 2.58846 avg lat: 0.588449
  sec Cur ops   started  finished  avg MB/s  cur MB/s last lat(s)  avg lat(s)
   40      64      4340      4276   106.885       108   0.0617977    0.588449
   41      64      4448      4384   106.912       108    0.155428    0.588562
   42      64      4554      4490    106.89       106    0.111278    0.588637
   43      64      4666      4602   107.008       112    0.105614    0.588267
   44      64      4774      4710    107.03       108    0.385922    0.588784
   45      64      4883      4819   107.074       109    0.344312    0.589493
   46      64      4995      4931    107.18       112    0.299128    0.588386
   47      64      5101      5037   107.155       106    0.313552    0.587532
   48      64      5210      5146   107.193       109    0.230105    0.586892
   49      64      5318      5254   107.209       108    0.589911    0.587071
   50      64      5426      5362   107.225       108    0.224196    0.587964
   51      64      5531      5467   107.181       105    0.560843    0.587951
   52      64      5640      5576   107.216       109     2.06477     0.58822
   53      64      5748      5684    107.23       108   0.0972589    0.587796
   54      64      5857      5793   107.263       109    0.204955    0.587717
   55      64      5966      5902   107.294       109   0.0957124     0.58762
   56      64      6075      6011   107.324       109     2.10264     0.58816
   57      64      6180      6116   107.283       105    0.128123    0.589335
   58      64      6288      6224   107.295       108    0.543085    0.591045
   59      64      6395      6331    107.29       107    0.659564    0.591203
2026-07-08T18:08:35.990918+0800 min lat: 0.0327239 max lat: 2.58846 avg lat: 0.590258
  sec Cur ops   started  finished  avg MB/s  cur MB/s last lat(s)  avg lat(s)
   60      64      6503      6439   107.302       108     1.48443    0.590258
   61      64      6613      6549   107.345       110    0.121044    0.589815
   62      64      6721      6657   107.356       108    0.185664    0.590631
   63      64      6829      6765   107.366       108     0.44573    0.591373
   64      64      6939      6875   107.407       110   0.0625325    0.591202
   65      64      7048      6984   107.431       109    0.301641    0.590454
   66      63      7156      7093   107.455       109    0.106115    0.589865
   67      64      7264      7200   107.447       107    0.248261    0.588201
   68      64      7371      7307   107.441       107    0.185626    0.588158
   69      64      7478      7414   107.434       107     2.39528    0.587145
   70      64      7587      7523   107.456       109   0.0705798    0.586426
   71      64      7693      7629   107.436       106   0.0937285    0.587169
   72      64      7800      7736   107.429       107    0.122784    0.587709
   73      64      7905      7841   107.396       105   0.0512092    0.587697
   74      64      8014      7950   107.417       109    0.204244    0.587138
   75      64      8119      8055   107.385       105    0.102779    0.587934
   76      63      8228      8165   107.419       110   0.0705118    0.588102
   77      64      8334      8270   107.388       105    0.110246    0.588765
   78      64      8441      8377   107.382       107    0.051975    0.589459
   79      64      8546      8482   107.352       105     2.05603     0.58832
2026-07-08T18:08:55.993593+0800 min lat: 0.0327239 max lat: 2.69268 avg lat: 0.588856
  sec Cur ops   started  finished  avg MB/s  cur MB/s last lat(s)  avg lat(s)
   80      64      8650      8586    107.31       104   0.0608276    0.588856
   81      64      8759      8695   107.331       109    0.244951     0.58783
   82      64      8865      8801   107.314       106    0.124615    0.587948
   83      64      8971      8907   107.298       106     2.27144    0.590261
   84      64      9081      9017    107.33       110    0.411157    0.590607
   85      64      9189      9125   107.338       108    0.327839    0.591228
   86      64      9297      9233   107.346       108    0.138568    0.591874
   87      64      9405      9341   107.353       108   0.0748705    0.591695
   88      64      9511      9447   107.337       106   0.0638103     0.59112
   89      64      9619      9555   107.345       108    0.066817    0.591245
   90      64      9728      9664   107.363       109     1.95646    0.590847
   91      64      9833      9769   107.337       105   0.0649214    0.590926
   92      64      9942      9878   107.355       109    0.440475    0.590939
   93      64     10049      9985   107.351       107    0.212921    0.590429
   94      63     10156     10093   107.357       108   0.0411694    0.590593
   95      64     10263     10199   107.343       106    0.205158    0.591383
   96      64     10365     10301   107.287       102     2.13424    0.591583
   97      64     10475     10411   107.315       110    0.203983     0.59125
   98      64     10583     10519   107.322       108    0.111182      0.5913
   99      64     10690     10626   107.319       107   0.0746116    0.591126
2026-07-08T18:09:15.996217+0800 min lat: 0.0327239 max lat: 2.80817 avg lat: 0.5916
  sec Cur ops   started  finished  avg MB/s  cur MB/s last lat(s)  avg lat(s)
  100      64     10800     10736   107.345       110     2.24672      0.5916
  101      64     10909     10845   107.361       109    0.127641    0.591707
  102      64     11017     10953   107.368       108    0.282588     0.59175
  103      64     11125     11061   107.374       108     0.11789    0.591533
  104      64     11234     11170   107.389       109   0.0639924    0.590686
  105      64     11339     11275   107.366       105   0.0774246    0.591494
  106      64     11447     11383   107.372       108     1.92235    0.592385
  107      64     11554     11490   107.368       107   0.0755351    0.592048
  108      64     11661     11597   107.365       107   0.0677903     0.59205
  109      63     11766     11703   107.352       106     0.57822    0.591458
  110      64     11874     11810   107.349       107    0.062626     0.59133
  111      64     11979     11915   107.328       105   0.0320184    0.591717
  112      64     12082     12018   107.289       103   0.0377143    0.592312
  113      64     12191     12127   107.304       109     1.66237    0.592393
  114      64     12297     12233   107.292       106    0.755883    0.592175
  115      64     12401     12337   107.264       104   0.0531936    0.592695
  116      64     12511     12447   107.287       110    0.119538    0.593049
  117      64     12616     12552   107.267       105    0.181874    0.592219
  118      64     12724     12660   107.273       108    0.773404    0.592282
  119      64     12826     12762   107.229       102   0.0562629    0.593012
2026-07-08T18:09:35.998897+0800 min lat: 0.0320184 max lat: 2.80817 avg lat: 0.592742
  sec Cur ops   started  finished  avg MB/s  cur MB/s last lat(s)  avg lat(s)
  120      64     12932     12868   107.219       106    0.557409    0.592742
Total time run:         120.582
Total writes made:      12932
Write size:             1048576
Object size:            1048576
Bandwidth (MB/sec):     107.246
Stddev Bandwidth:       1.93913
Max bandwidth (MB/sec): 112
Min bandwidth (MB/sec): 102
Average IOPS:           107
Stddev IOPS:            1.93913
Max IOPS:               112
Min IOPS:               102
Average Latency(s):     0.595291
Stddev Latency(s):      0.756176
Max latency(s):         2.80817
Min latency(s):         0.0320184
