INFO: op_size has been rounded to 16384
hints = 1
Maintaining 64 concurrent writes of 16384 bytes to objects of size 16384 for up to 120 seconds or 0 objects
Object prefix: benchmark_data_tikv-node_1943038
  sec Cur ops   started  finished  avg MB/s  cur MB/s last lat(s)  avg lat(s)
    0       0         0         0         0         0           -           0
    1      64      7087      7023   109.723   109.734    0.005566  0.00905382
    2      64     14143     14079   109.981    110.25   0.0225171  0.00905898
    3      64     21203     21139   110.087   110.312   0.0104722  0.00906483
    4      64     28264     28200   110.143   110.328  0.00908256  0.00906513
    5      64     35317     35253   110.152   110.203  0.00838684  0.00906635
    6      64     42379     42315   110.181   110.344  0.00540313  0.00906395
    7      64     49434     49370   110.186   110.234  0.00797566  0.00906515
    8      64     56487     56423   110.186   110.203  0.00629221   0.0090661
    9      63     63121     63058   109.461   103.672  0.00868132  0.00912709
   10      64     69269     69205   108.119   96.0469  0.00801205  0.00924134
   11      63     76326     76263   108.314   110.281   0.0158349  0.00922532
   12      64     83385     83321   108.477   110.281  0.00875576  0.00921184
   13      64     90443     90379   108.615   110.281   0.0130051   0.0092002
   14      63     97502     97439   108.736   110.312   0.0128169  0.00919048
   15      64    104555    104491   108.831   110.188  0.00476723  0.00918163
   16      64    111614    111550   108.922   110.297  0.00668933  0.00917511
   17      63    118664    118601   108.995   110.172   0.0154643  0.00916915
   18      64    125351    125287   108.742   104.469   0.0105355  0.00917572
   19      64    131390    131326   107.985   94.3594  0.00450002  0.00925476
2026-07-08T17:47:52.536656+0800 min lat: 0.00200392 max lat: 0.0612552 avg lat: 0.00924575
  sec Cur ops   started  finished  avg MB/s  cur MB/s last lat(s)  avg lat(s)
   20      64    138443    138379   108.095   110.203  0.00470291  0.00924575
   21      64    145492    145428   108.191   110.141   0.0132106   0.0092378
   22      64    151870    151806   107.803   99.6562  0.00988245  0.00927087
   23      64    158168    158104   107.394   98.4062  0.00845988  0.00930645
   24      64    165226    165162   107.514   110.281  0.00626263   0.0092966
   25      64    172274    172210   107.617   110.125  0.00655552  0.00928778
   26      64    179002    178938   107.521   105.125  0.00506673  0.00929565
   27      64    185796    185732    107.47   106.156  0.00771241   0.0092901
   28      64    191899    191835   107.037   95.3594  0.00495205  0.00933755
   29      64    198962    198898   107.151   110.359  0.00529614   0.0093278
   30      64    206019    205955   107.255   110.266  0.00593311  0.00931885
   31      64    213077    213013   107.352   110.281   0.0086978  0.00931073
   32      64    220129    220065    107.44   110.188   0.0169714  0.00930296
   33      64    227186    227122   107.525   110.266   0.0134779  0.00929575
   34      64    234248    234184   107.608   110.344  0.00490518   0.0092886
   35      64    241309    241245   107.685   110.328   0.0172185  0.00928217
   36      64    248359    248295   107.753   110.156   0.0068824  0.00927621
   37      63    254005    253942   107.225   88.2344  0.00906813  0.00932215
   38      64    261063    260999   107.305   110.266  0.00870184  0.00931525
   39      64    268115    268051   107.379   110.188  0.00489152  0.00930868
2026-07-08T17:48:12.539084+0800 min lat: 0.0019357 max lat: 0.0618127 avg lat: 0.00930247
  sec Cur ops   started  finished  avg MB/s  cur MB/s last lat(s)  avg lat(s)
   40      63    275168    275105   107.449   110.219    0.011421  0.00930247
   41      64    282233    282169    107.52   110.375  0.00467947   0.0092966
   42      64    289273    289209   107.579       110   0.0152409  0.00929083
   43      63    296344    296281   107.647     110.5  0.00650156  0.00928584
   44      64    302172    302108   107.269   91.0469  0.00570888  0.00931836
   45      64    309041    308977    107.27   107.328  0.00687517   0.0093183
   46      64    314909    314845   106.931   91.6875  0.00550946  0.00934812
   47      64    321963    321899   107.001   110.219  0.00822292   0.0093419
   48      63    329021    328958   107.069   110.297   0.0147022  0.00933587
   49      63    336077    336014   107.134    110.25  0.00586374  0.00933037
   50      64    343124    343060   107.193   110.094  0.00650619   0.0093252
   51      64    349955    349891   107.183   106.734  0.00934034  0.00932597
   52      64    356940    356876   107.221   109.141  0.00836654  0.00932253
   53      64    363995    363931   107.278   110.234   0.0110226  0.00931793
   54      64    371050    370986   107.332   110.234   0.0146309   0.0093133
   55      64    376974    376910   107.063   92.5625  0.00851698  0.00933649
   56      64    384037    383973   107.122   110.359  0.00768641   0.0093315
   57      64    391092    391028   107.176   110.234  0.00517868  0.00932655
   58      64    398145    398081   107.228   110.203   0.0112436  0.00932227
   59      64    405208    405144   107.281   110.359   0.0123272  0.00931765
2026-07-08T17:48:32.541555+0800 min lat: 0.0019357 max lat: 0.0625771 avg lat: 0.00931325
  sec Cur ops   started  finished  avg MB/s  cur MB/s last lat(s)  avg lat(s)
   60      64    412264    412200    107.33    110.25  0.00882416  0.00931325
   61      64    419319    419255   107.378   110.234   0.0126085  0.00930924
   62      64    426380    426316   107.425   110.328  0.00436343  0.00930508
   63      64    433215    433151   107.415   106.797  0.00962087   0.0093061
   64      64    439344    439280   107.233   95.7656   0.0193145  0.00932172
   65      64    446003    445939   107.183   104.047  0.00753169  0.00932235
   66      64    452134    452070   107.011   95.7969  0.00517637  0.00934148
   67      64    459192    459128   107.059   110.281  0.00752047  0.00933702
   68      64    466252    466188   107.107   110.312  0.00578876  0.00933281
   69      64    473311    473247   107.153   110.297   0.0154733  0.00932885
   70      64    480366    480302   107.197   110.234  0.00633316  0.00932504
   71      64    487420    487356   107.239   110.219  0.00681348  0.00932142
   72      64    494477    494413   107.281   110.266  0.00488916  0.00931774
   73      64    500394    500330   107.078   92.4531  0.00479809  0.00933548
   74      64    507450    507386    107.12    110.25   0.0106149  0.00933186
   75      64    514505    514441   107.162   110.234   0.0119413  0.00932833
   76      64    521472    521408   107.184   108.859   0.0049173   0.0093262
   77      64    528495    528431   107.217   109.734  0.00960684  0.00932341
   78      64    535554    535490   107.256   110.297  0.00867267   0.0093201
   79      64    542613    542549   107.294   110.297   0.0144285  0.00931666
2026-07-08T17:48:52.544357+0800 min lat: 0.0019357 max lat: 0.0625771 avg lat: 0.00931347
  sec Cur ops   started  finished  avg MB/s  cur MB/s last lat(s)  avg lat(s)
   80      64    549665    549601    107.33   110.188  0.00426398  0.00931347
   81      64    556519    556455   107.327   107.094  0.00792906  0.00931382
   82      64    562770    562706   107.209   97.6719  0.00484447  0.00932408
   83      64    569826    569762   107.246    110.25   0.0095704  0.00932097
   84      64    576878    576814   107.281   110.188  0.00914016  0.00931781
   85      64    583929    583865   107.314   110.172  0.00659707  0.00931501
   86      63    590980    590917   107.348   110.188  0.00529989  0.00931198
   87      64    596877    596813   107.173    92.125  0.00899201  0.00932737
   88      64    603939    603875   107.209   110.344  0.00942542  0.00932427
   89      63    610996    610933   107.243   110.281  0.00571098  0.00932112
   90      64    618056    617992   107.277   110.297   0.0117203  0.00931819
   91      64    623992    623928   107.117     92.75  0.00617263  0.00933228
   92      64    631047    630983   107.151   110.234  0.00654736  0.00932922
   93      64    638092    638028   107.182   110.078    0.016591  0.00932644
   94      64    645160    645096   107.216   110.438  0.00787372  0.00932351
   95      64    652217    652153   107.248   110.266  0.00654054  0.00932084
   96      63    659263    659200   107.278   110.109  0.00607244  0.00931814
   97      64    666314    666250   107.308   110.156  0.00796462  0.00931575
   98      64    673361    673297   107.336   110.109  0.00754191  0.00931305
   99      64    680256    680192    107.34   107.734  0.00443295  0.00931266
2026-07-08T17:49:12.546861+0800 min lat: 0.0019357 max lat: 0.0625771 avg lat: 0.00932191
  sec Cur ops   started  finished  avg MB/s  cur MB/s last lat(s)  avg lat(s)
  100      64    686464    686400   107.236        97  0.00869327  0.00932191
  101      64    693242    693178   107.223   105.906  0.00800647   0.0093231
  102      64    700300    700236   107.253   110.281  0.00657818  0.00932042
  103      64    707364    707300   107.283   110.375  0.00575618  0.00931782
  104      64    714420    714356   107.311    110.25  0.00688531  0.00931524
  105      64    721479    721415    107.34   110.297  0.00546847  0.00931287
  106      64    728529    728465   107.366   110.156   0.0138514  0.00931056
  107      63    735593    735530   107.394   110.391  0.00478454  0.00930814
  108      64    742096    742032   107.341   101.594   0.0677985   0.0093099
  109      64    747843    747779   107.179   89.7969   0.0110856  0.00932686
  110      64    754896    754832   107.207   110.203  0.00731173  0.00932445
  111      64    761959    761895   107.235   110.359   0.0191807  0.00932195
  112      64    769014    768950   107.262   110.234    0.016283  0.00931968
  113      64    776069    776005   107.288   110.234  0.00623094  0.00931745
  114      64    783132    783068   107.315   110.359  0.00742351  0.00931516
  115      63    790181    790118   107.339   110.156   0.0117606   0.0093129
  116      64    797240    797176   107.365   110.281   0.0126255  0.00931081
  117      63    804089    804026   107.362   107.031  0.00453443  0.00931105
  118      64    810170    810106   107.257        95   0.0106829  0.00932021
  119      63    817232    817169   107.283   110.359  0.00967217  0.00931793
Total time run:         120.009
Total writes made:      824187
Write size:             16384
Object size:            16384
Bandwidth (MB/sec):     107.308
Stddev Bandwidth:       5.87422
Max bandwidth (MB/sec): 110.5
Min bandwidth (MB/sec): 88.2344
Average IOPS:           6867
Stddev IOPS:            375.95
Max IOPS:               7072
Min IOPS:               5647
Average Latency(s):     0.00931576
Stddev Latency(s):      0.00488247
Max latency(s):         0.0758497
Min latency(s):         0.0019357
