hints = 1
Maintaining 64 concurrent writes of 65536 bytes to objects of size 65536 for up to 120 seconds or 0 objects
Object prefix: benchmark_data_tikv-node_1981449
  sec Cur ops   started  finished  avg MB/s  cur MB/s last lat(s)  avg lat(s)
    0       0         0         0         0         0           -           0
    1      64      1853      1789   111.806   111.812    0.103544   0.0344547
    2      64      3649      3585    112.02    112.25    0.030667   0.0351134
    3      64      5449      5385   112.174     112.5   0.0105018   0.0352361
    4      64      7249      7185   112.251     112.5     0.05819   0.0353658
    5      64      9049      8985   112.297     112.5  0.00819719   0.0352885
    6      64     10845     10781   112.286    112.25   0.0488865   0.0354366
    7      64     12647     12583   112.332   112.625  0.00748662   0.0353976
    8      64     14444     14380   112.328   112.312   0.0107561   0.0354141
    9      63     16216     16153   112.157   110.812   0.0109971   0.0356409
   10      64     17950     17886   111.771   108.312  0.00854157   0.0356753
   11      64     19750     19686   111.836     112.5   0.0125088   0.0356626
   12      64     21548     21484   111.879   112.375   0.0128566   0.0356498
   13      64     23348     23284   111.926     112.5   0.0234349   0.0356407
   14      64     25148     25084   111.966     112.5  0.00693658   0.0356163
   15      64     26946     26882   111.992   112.375   0.0133154   0.0356386
   16      64     28743     28679   112.011   112.312   0.0236511   0.0356266
   17      64     30542     30478   112.035   112.438   0.0111104   0.0356381
   18      64     32326     32262   112.004     111.5   0.0157084   0.0356816
   19      64     34084     34020   111.892   109.875   0.0211829   0.0356991
2026-07-08T17:55:48.600066+0800 min lat: 0.00451469 max lat: 0.145608 avg lat: 0.0356855
  sec Cur ops   started  finished  avg MB/s  cur MB/s last lat(s)  avg lat(s)
   20      64     35885     35821   111.924   112.562   0.0610561   0.0356855
   21      64     37684     37620   111.948   112.438   0.0388489   0.0356851
   22      64     39482     39418   111.966   112.375   0.0280018   0.0356766
   23      64     41283     41219   111.991   112.562   0.0218139    0.035674
   24      64     43080     43016   112.004   112.312  0.00924793   0.0356741
   25      64     44881     44817   112.026   112.562  0.00838308   0.0356414
   26      64     46679     46615   112.038   112.375   0.0378749   0.0356576
   27      64     48464     48400    112.02   111.562   0.0524126   0.0356476
   28      64     50187     50123   111.865   107.688   0.0473307   0.0357212
   29      64     51985     51921   111.882   112.375    0.020524   0.0357187
   30      64     53784     53720     111.9   112.438    0.027441   0.0357008
   31      64     55583     55519   111.917   112.438  0.00789339    0.035681
   32      64     57382     57318   111.933   112.438   0.0224769    0.035684
   33      64     59178     59114   111.942    112.25   0.0719718   0.0357014
   34      64     60979     60915   111.959   112.562   0.0237975   0.0356994
   35      64     62777     62713   111.971   112.375   0.0151214   0.0356946
   36      64     64485     64421   111.825    106.75  0.00714624    0.035742
   37      64     66245     66181   111.775       110   0.0231814   0.0357496
   38      64     68044     67980   111.792   112.438  0.00936709   0.0357434
   39      64     69842     69778   111.807   112.375   0.0107309   0.0357333
2026-07-08T17:56:08.603133+0800 min lat: 0.00417147 max lat: 0.167738 avg lat: 0.035736
  sec Cur ops   started  finished  avg MB/s  cur MB/s last lat(s)  avg lat(s)
   40      64     71640     71576   111.821   112.375   0.0252409    0.035736
   41      64     73439     73375   111.835   112.438    0.027298   0.0357321
   42      64     75239     75175   111.851     112.5  0.00796623   0.0357358
   43      64     77038     76974   111.864   112.438   0.0143228   0.0357125
   44      64     78836     78772   111.875   112.375  0.00663892   0.0357198
   45      63     80547     80484   111.767       107   0.0581827   0.0357631
   46      64     82347     82283   111.781   112.438   0.0180578   0.0357575
   47      64     84145     84081   111.793   112.375   0.0180824   0.0357451
   48      64     85944     85880   111.806   112.438    0.030989   0.0357541
   49      64     87744     87680    111.82     112.5     0.01176   0.0357391
   50      64     89541     89477    111.83   112.312   0.0522273   0.0357478
   51      64     91340     91276   111.841   112.438   0.0322465   0.0357446
   52      64     93142     93078   111.856   112.625   0.0647921   0.0357381
   53      64     94931     94867   111.855   111.812   0.0139934    0.035749
   54      64     96685     96621   111.813   109.625    0.037638   0.0357529
   55      64     98482     98418   111.822   112.312   0.0526789   0.0357512
   56      64    100281    100217   111.833   112.438   0.0183393   0.0357459
   57      63    102082    102019   111.846   112.625  0.00739357   0.0357412
   58      64    103881    103817   111.855   112.375   0.0123966   0.0357366
   59      64    105681    105617   111.866     112.5   0.0892064   0.0357329
2026-07-08T17:56:28.606207+0800 min lat: 0.00417147 max lat: 0.167738 avg lat: 0.0357304
  sec Cur ops   started  finished  avg MB/s  cur MB/s last lat(s)  avg lat(s)
   60      64    107477    107413   111.872    112.25   0.0327895   0.0357304
   61      64    109278    109214   111.881   112.562   0.0308162   0.0357288
   62      64    111052    110988   111.864   110.875   0.0141477   0.0357308
   63      63    112810    112747   111.833   109.938     0.02451   0.0357497
   64      64    114612    114548   111.845   112.562   0.0205037   0.0357479
   65      64    116411    116347   111.853   112.438    0.028284    0.035737
   66      64    118210    118146   111.862   112.438    0.014083   0.0357243
   67      64    120008    119944   111.869   112.375   0.0878093   0.0357342
   68      64    121808    121744   111.878     112.5  0.00723112   0.0357214
   69      63    123606    123543   111.886   112.438  0.00687457   0.0357237
   70      64    125404    125340   111.892   112.312    0.011232   0.0357218
   71      64    127154    127090   111.856   109.375   0.0136504   0.0357488
   72      64    128951    128887   111.863   112.312   0.0222403   0.0357424
   73      64    130749    130685   111.869   112.375   0.0118159   0.0357356
   74      64    132547    132483   111.876   112.375   0.0284859   0.0357325
   75      64    134347    134283   111.884     112.5    0.023559   0.0357306
   76      64    136145    136081    111.89   112.375   0.0138635   0.0357217
   77      64    137943    137879   111.896   112.375   0.0210994   0.0357292
   78      64    139742    139678   111.903   112.438   0.0320718   0.0357217
   79      64    141541    141477    111.91   112.438   0.0178832    0.035722
2026-07-08T17:56:48.610231+0800 min lat: 0.00417147 max lat: 0.167738 avg lat: 0.0357349
  sec Cur ops   started  finished  avg MB/s  cur MB/s last lat(s)  avg lat(s)
   80      64    143301    143237   111.886       110   0.0520299   0.0357349
   81      64    145072    145008   111.871   110.688   0.0535525   0.0357354
   82      64    146872    146808   111.878     112.5   0.0120141    0.035733
   83      64    148670    148606   111.884   112.375   0.0820041   0.0357334
   84      64    150470    150406   111.891     112.5   0.0453458   0.0357325
   85      64    152268    152204   111.896   112.375   0.0388826   0.0357273
   86      63    154067    154004   111.903     112.5   0.0139605   0.0357296
   87      64    155867    155803   111.909   112.438   0.0318723   0.0357262
   88      64    157666    157602   111.915   112.438   0.0392429   0.0357268
   89      64    159434    159370   111.899     110.5   0.0466887   0.0357319
   90      64    161232    161168   111.904   112.375   0.0183305   0.0357309
   91      64    163030    162966   111.909   112.375  0.00614132   0.0357218
   92      64    164829    164765   111.915   112.438   0.0597546   0.0357267
   93      64    166630    166566   111.921   112.562   0.0246261   0.0357183
   94      64    168429    168365   111.927   112.438   0.0244527    0.035714
   95      64    170226    170162   111.931   112.312   0.0927559   0.0357191
   96      64    172018    171954   111.931       112  0.00880349   0.0357211
   97      64    173776    173712    111.91   109.875   0.0331929   0.0357302
   98      64    175551    175487     111.9   110.938   0.0542826   0.0357334
   99      64    177350    177286   111.905   112.438   0.0393576   0.0357283
2026-07-08T17:57:08.613189+0800 min lat: 0.00417147 max lat: 0.167738 avg lat: 0.0357283
  sec Cur ops   started  finished  avg MB/s  cur MB/s last lat(s)  avg lat(s)
  100      64    179151    179087   111.911   112.562  0.00727328   0.0357283
  101      64    180948    180884   111.915   112.312   0.0259856   0.0357221
  102      64    182746    182682    111.92   112.375  0.00849506   0.0357205
  103      64    184543    184479   111.923   112.312   0.0159115    0.035722
  104      64    186345    186281    111.93   112.625   0.0130142   0.0357199
  105      64    188143    188079   111.934   112.375  0.00604394   0.0357123
  106      64    189844    189780   111.881   106.312   0.0564779   0.0357397
  107      64    191599    191535    111.86   109.688   0.0108411   0.0357417
  108      64    193411    193347   111.873    113.25    0.034583    0.035742
  109      64    195207    195143   111.876    112.25   0.0670552   0.0357389
  110      63    197007    196944   111.882   112.562   0.0477355   0.0357394
  111      64    198806    198742   111.886   112.375   0.0874852   0.0357364
  112      64    200604    200540   111.891   112.375  0.00647989   0.0357261
  113      64    202403    202339   111.895   112.438   0.0104809   0.0357269
  114      64    204200    204136   111.899   112.312   0.0300865   0.0357316
  115      64    205960    205896   111.882       110   0.0963038    0.035736
  116      64    207720    207656   111.866       110    0.063477   0.0357453
  117      64    209516    209452   111.869    112.25   0.0191698   0.0357427
  118      64    211317    211253   111.875   112.562   0.0065023   0.0357362
  119      63    213117    213054    111.88   112.562   0.0698324   0.0357369
2026-07-08T17:57:28.616121+0800 min lat: 0.00417147 max lat: 0.167738 avg lat: 0.0357368
  sec Cur ops   started  finished  avg MB/s  cur MB/s last lat(s)  avg lat(s)
  120      31    214880    214849   111.883   112.188   0.0917832   0.0357368
Total time run:         120.038
Total writes made:      214880
Write size:             65536
Object size:            65536
Bandwidth (MB/sec):     111.882
Stddev Bandwidth:       1.26603
Max bandwidth (MB/sec): 113.25
Min bandwidth (MB/sec): 106.312
Average IOPS:           1790
Stddev IOPS:            20.2565
Max IOPS:               1812
Min IOPS:               1701
Average Latency(s):     0.0357416
Stddev Latency(s):      0.0305532
Max latency(s):         0.167738
Min latency(s):         0.00417147
