hints = 1
Maintaining 64 concurrent writes of 65536 bytes to objects of size 65536 for up to 120 seconds or 0 objects
Object prefix: benchmark_data_tikv-node_2006986
  sec Cur ops   started  finished  avg MB/s  cur MB/s last lat(s)  avg lat(s)
    0       0         0         0         0         0           -           0
    1      64      1852      1788   111.736    111.75   0.0461953   0.0349259
    2      64      3650      3586   112.047   112.375    0.101599   0.0351046
    3      64      5449      5385   112.171   112.438   0.0104209   0.0351749
    4      64      7249      7185   112.249     112.5   0.0115967   0.0353765
    5      64      9045      8981   112.246    112.25   0.0131163   0.0354186
    6      64     10847     10783   112.307   112.625   0.0084617   0.0354511
    7      64     12645     12581   112.314   112.375   0.0384431   0.0354538
    8      64     14444     14380   112.328   112.438  0.00805415   0.0354422
    9      64     16224     16160   112.206    111.25   0.0680596   0.0355317
   10      64     17980     17916   111.959    109.75   0.0304133   0.0356503
   11      64     19778     19714   111.996   112.375  0.00909175   0.0355621
   12      64     21581     21517   112.052   112.688   0.0694561   0.0356092
   13      64     23377     23313   112.066    112.25   0.0425689   0.0356229
   14      64     25177     25113   112.096     112.5   0.0133535   0.0355856
   15      64     26977     26913   112.122     112.5   0.0237594   0.0356097
   16      64     28774     28710   112.133   112.312    0.134558    0.035542
   17      64     30570     30506   112.139    112.25  0.00939029   0.0355784
   18      63     32324     32261   112.002   109.688  0.00538106   0.0356977
   19      64     34114     34050   111.991   111.812    0.019951   0.0356623
2026-07-08T18:01:00.602557+0800 min lat: 0.00461502 max lat: 0.168505 avg lat: 0.0356308
  sec Cur ops   started  finished  avg MB/s  cur MB/s last lat(s)  avg lat(s)
   20      64     35911     35847   112.006   112.312    0.101017   0.0356308
   21      63     37711     37648   112.032   112.562   0.0407293   0.0356507
   22      64     39507     39443   112.038   112.188  0.00743215   0.0356361
   23      64     41310     41246   112.066   112.688   0.0512704   0.0356455
   24      64     43108     43044   112.078   112.375  0.00836062    0.035607
   25      64     44907     44843   112.092   112.438   0.0126772   0.0356289
   26      64     46704     46640     112.1   112.312   0.0505106   0.0356289
   27      64     48482     48418   112.063   111.125   0.0913869   0.0356363
   28      64     50260     50196   112.029   111.125    0.048327   0.0356593
   29      64     52056     51992   112.036    112.25  0.00936382   0.0356304
   30      64     53855     53791   112.049   112.438   0.0299337   0.0356629
   31      64     55655     55591   112.063     112.5  0.00724261   0.0356408
   32      64     57452     57388   112.071   112.312   0.0584224   0.0356585
   33      64     59250     59186   112.079   112.375    0.013399   0.0356529
   34      64     61050     60986   112.091     112.5  0.00701868   0.0356484
   35      64     62849     62785   112.101   112.438   0.0117643   0.0356449
   36      64     64642     64578   112.099   112.062   0.0672877   0.0356504
   37      64     66410     66346   112.056     110.5   0.0176455   0.0356584
   38      64     68210     68146   112.067     112.5   0.0152029   0.0356529
   39      64     70009     69945   112.076   112.438   0.0698927   0.0356623
2026-07-08T18:01:20.605262+0800 min lat: 0.00409541 max lat: 0.176864 avg lat: 0.0356435
  sec Cur ops   started  finished  avg MB/s  cur MB/s last lat(s)  avg lat(s)
   40      63     71808     71745   112.086     112.5  0.00603441   0.0356435
   41      64     73606     73542   112.091   112.312   0.0929259   0.0356544
   42      64     75407     75343   112.102   112.562   0.0190744   0.0356531
   43      64     77203     77139   112.105    112.25   0.0830612   0.0356521
   44      64     78992     78928   112.098   111.812   0.0127281    0.035668
   45      64     80736     80672   112.029       109  0.00818528    0.035681
   46      64     82535     82471   112.038   112.438   0.0142702   0.0356762
   47      64     84333     84269   112.042   112.375   0.0230639   0.0356757
   48      64     86133     86069   112.051     112.5  0.00769763   0.0356581
   49      64     87933     87869    112.06     112.5    0.018782   0.0356615
   50      64     89731     89667   112.066   112.375  0.00876581   0.0356552
   51      64     91531     91467   112.074     112.5    0.048869   0.0356661
   52      63     93329     93266   112.081   112.438  0.00850726    0.035662
   53      64     95086     95022   112.036    109.75   0.0863792   0.0356709
   54      64     96846     96782   111.998       110     0.11126   0.0356809
   55      64     98645     98581   112.006   112.438   0.0138064   0.0356851
   56      64    100445    100381   112.015     112.5   0.0591302   0.0356863
   57      63    102243    102180   112.022   112.438   0.0554288   0.0356862
   58      64    104043    103979   112.029   112.438   0.0171818   0.0356803
   59      64    105842    105778   112.035   112.438  0.00778167   0.0356763
2026-07-08T18:01:40.609139+0800 min lat: 0.00409541 max lat: 0.176864 avg lat: 0.0356809
  sec Cur ops   started  finished  avg MB/s  cur MB/s last lat(s)  avg lat(s)
   60      64    107640    107576   112.041   112.375   0.0232515   0.0356809
   61      64    109439    109375   112.047   112.438  0.00973636    0.035675
   62      64    111233    111169   112.048   112.125   0.0501661   0.0356792
   63      64    113003    112939   112.025   110.625   0.0119596   0.0356855
   64      64    114803    114739   112.033     112.5   0.0468171    0.035682
   65      64    116593    116529    112.03   111.875   0.0117471   0.0356721
   66      64    118392    118328   112.036   112.438   0.0578421   0.0356841
   67      64    120191    120127   112.042   112.438   0.0260874    0.035677
   68      64    121989    121925   112.046   112.375   0.0276796   0.0356786
   69      64    123789    123725   112.053     112.5  0.00884978   0.0356758
   70      64    125586    125522   112.056   112.312   0.0128449   0.0356746
   71      64    127335    127271   112.017   109.312   0.0461853   0.0356886
   72      64    129108    129044       112   110.812     0.09817   0.0356897
   73      64    130907    130843   112.006   112.438   0.0096636   0.0356904
   74      64    132706    132642   112.012   112.438    0.113304   0.0356841
   75      64    134506    134442   112.018     112.5   0.0140979   0.0356872
   76      64    136304    136240   112.022   112.375   0.0168828   0.0356909
   77      64    138102    138038   112.027   112.375    0.017015   0.0356861
   78      64    139900    139836   112.031   112.375   0.0207952   0.0356826
   79      64    141700    141636   112.037     112.5   0.0138863   0.0356825
2026-07-08T18:02:00.611930+0800 min lat: 0.00409541 max lat: 0.176864 avg lat: 0.035697
  sec Cur ops   started  finished  avg MB/s  cur MB/s last lat(s)  avg lat(s)
   80      64    143441    143377   111.996   108.812   0.0198955    0.035697
   81      64    145241    145177   112.002     112.5    0.036153   0.0356908
   82      64    147039    146975   112.007   112.375  0.00629768   0.0356898
   83      64    148838    148774   112.012   112.438   0.0100129   0.0356945
   84      64    150636    150572   112.016   112.375   0.0731813   0.0356924
   85      64    152436    152372   112.021     112.5   0.0690236   0.0356906
   86      64    154235    154171   112.026   112.438   0.0485007   0.0356883
   87      64    156034    155970   112.031   112.438    0.023948   0.0356904
   88      64    157832    157768   112.034   112.375   0.0108687   0.0356774
   89      64    159615    159551   112.027   111.438    0.034997   0.0356919
   90      64    161415    161351   112.033     112.5   0.0228921   0.0356851
   91      64    163211    163147   112.035    112.25   0.0145776    0.035681
   92      64    165012    164948    112.04   112.562   0.0389148   0.0356854
   93      64    166810    166746   112.044   112.375    0.123395   0.0356773
   94      64    168610    168546   112.049     112.5  0.00615604   0.0356743
   95      64    170407    170343   112.051   112.312   0.0256047   0.0356791
   96      64    172202    172138   112.052   112.188   0.0263993    0.035686
   97      64    173936    173872   112.014   108.375  0.00831773   0.0356804
   98      64    175729    175665   112.015   112.062   0.0207475   0.0356929
   99      63    177528    177465   112.019     112.5  0.00673708    0.035687
2026-07-08T18:02:20.614462+0800 min lat: 0.00409541 max lat: 0.176864 avg lat: 0.0356847
  sec Cur ops   started  finished  avg MB/s  cur MB/s last lat(s)  avg lat(s)
  100      64    179327    179263   112.023   112.375    0.019952   0.0356847
  101      64    181126    181062   112.027   112.438  0.00704847   0.0356869
  102      64    182924    182860    112.03   112.375   0.0653802   0.0356902
  103      63    184722    184659   112.034   112.438   0.0752646   0.0356865
  104      64    186523    186459   112.038     112.5   0.0792622   0.0356865
  105      64    188317    188253   112.039   112.125   0.0111438   0.0356798
  106      64    190098    190034   112.032   111.312  0.00764102   0.0356913
  107      64    191876    191812   112.023   111.125  0.00738103   0.0356898
  108      64    193675    193611   112.027   112.438  0.00693039   0.0356873
  109      64    195473    195409    112.03   112.375   0.0100858   0.0356882
  110      64    197272    197208   112.034   112.438   0.0498747   0.0356852
  111      64    199071    199007   112.037   112.438    0.035494   0.0356899
  112      64    200868    200804   112.039   112.312   0.0882101   0.0356859
  113      64    202668    202604   112.043     112.5    0.091498   0.0356864
  114      64    204468    204404   112.047     112.5   0.0509351   0.0356817
  115      64    206232    206168   112.032    110.25  0.00869577   0.0356967
  116      64    208031    207967   112.035   112.438    0.107859   0.0356863
  117      64    209830    209766   112.038   112.438   0.0112657   0.0356855
  118      64    211628    211564   112.041   112.375  0.00915806    0.035682
  119      64    213426    213362   112.044   112.375  0.00616438   0.0356823
2026-07-08T18:02:40.617175+0800 min lat: 0.00409541 max lat: 0.184344 avg lat: 0.0356835
  sec Cur ops   started  finished  avg MB/s  cur MB/s last lat(s)  avg lat(s)
  120      32    215195    215163   112.048   112.562   0.0845009   0.0356835
Total time run:         120.038
Total writes made:      215195
Write size:             65536
Object size:            65536
Bandwidth (MB/sec):     112.045
Stddev Bandwidth:       0.863119
Max bandwidth (MB/sec): 112.688
Min bandwidth (MB/sec): 108.375
Average IOPS:           1792
Stddev IOPS:            13.8099
Max IOPS:               1803
Min IOPS:               1734
Average Latency(s):     0.0356889
Stddev Latency(s):      0.0320549
Max latency(s):         0.184344
Min latency(s):         0.00409541
