hints = 1
Maintaining 64 concurrent writes of 1048576 bytes to objects of size 1048576 for up to 120 seconds or 0 objects
Object prefix: benchmark_data_tikv-node_2019606
  sec Cur ops   started  finished  avg MB/s  cur MB/s last lat(s)  avg lat(s)
    0       0         0         0         0         0           -           0
    1      64       164       100   99.9836       100    0.606705    0.390933
    2      64       273       209   104.485       109    0.526597    0.502853
    3      64       380       316   105.317       107    0.955625    0.528148
    4      64       486       422   105.485       106    0.887519    0.537265
    5      64       592       528   105.586       106   0.0618047    0.544593
    6      64       701       637   106.153       109     1.56083     0.55604
    7      64       809       745   106.415       108    0.334369    0.557967
    8      64       917       853   106.612       108    0.133109     0.55838
    9      64      1025       961   106.765       108    0.644018    0.560847
   10      64      1133      1069   106.887       108    0.927446     0.56155
   11      64      1240      1176   106.896       107    0.267122    0.564884
   12      64      1346      1282   106.821       106     1.59662    0.571698
   13      64      1455      1391   106.987       109    0.866323    0.572857
   14      64      1562      1498   106.987       107    0.941554    0.575821
   15      64      1669      1605   106.987       107    0.710294    0.577182
   16      64      1776      1712   106.987       107     1.41143    0.577682
   17      64      1882      1818   106.928       106    0.957117    0.581445
   18      64      1987      1923    106.82       105   0.0846321    0.576966
   19      64      2097      2033   106.986       110   0.0822297    0.577614
2026-07-08T18:03:36.562913+0800 min lat: 0.0468529 max lat: 1.92451 avg lat: 0.581477
  sec Cur ops   started  finished  avg MB/s  cur MB/s last lat(s)  avg lat(s)
   20      64      2205      2141   107.036       108     0.24201    0.581477
   21      64      2313      2249   107.081       108    0.108938    0.583096
   22      64      2419      2355   107.031       106     1.20559    0.585087
   23      64      2527      2463   107.073       108     1.25669    0.586158
   24      64      2638      2574   107.236       111    0.370229    0.585319
   25      64      2746      2682   107.266       108    0.342995    0.581955
   26      64      2852      2788   107.217       106    0.186944    0.581394
   27      64      2960      2896   107.245       108    0.161339    0.582048
   28      64      3067      3003   107.236       107    0.433863    0.582956
   29      64      3174      3110   107.228       107   0.0770471    0.581778
   30      64      3284      3220   107.319       110    0.176367    0.580795
   31      64      3392      3328   107.341       108     2.18617    0.579566
   32      64      3498      3434   107.298       106   0.0506024    0.578684
   33      64      3604      3540   107.259       106     2.46814    0.578331
   34      64      3711      3647   107.251       107   0.0384572    0.580035
   35      64      3814      3750   107.129       103    0.287777      0.5804
   36      64      3919      3855   107.069       105   0.0533996     0.58124
   37      64      4025      3961    107.04       106    0.324642    0.582017
   38      64      4129      4065   106.959       104    0.465923    0.584473
   39      64      4235      4171   106.934       106   0.0638234    0.586227
2026-07-08T18:03:56.565675+0800 min lat: 0.0324713 max lat: 2.72128 avg lat: 0.586006
  sec Cur ops   started  finished  avg MB/s  cur MB/s last lat(s)  avg lat(s)
   40      64      4341      4277   106.911       106   0.0749269    0.586006
   41      64      4447      4383   106.888       106    0.270555    0.586296
   42      64      4557      4493   106.962       110     0.13285    0.588385
   43      64      4664      4600   106.962       107   0.0506372    0.587219
   44      64      4771      4707   106.963       107   0.0526237     0.58409
   45      64      4881      4817    107.03       110   0.0547293    0.585359
   46      64      4987      4923   107.007       106    0.138129    0.586288
   47      64      5094      5030   107.007       107    0.317547    0.586707
   48      64      5202      5138   107.027       108   0.0508036    0.586884
   49      64      5308      5244   107.006       106     2.09964    0.587083
   50      64      5417      5353   107.046       109   0.0555065    0.588367
   51      64      5525      5461   107.064       108     2.04829    0.587774
   52      64      5632      5568   107.063       107    0.237707    0.590233
   53      64      5741      5677   107.099       109    0.119917     0.59057
   54      64      5849      5785   107.115       108    0.262964    0.591241
   55      64      5960      5896   107.186       111    0.758585    0.591783
   56      64      6069      6005   107.218       109     0.17768    0.592041
   57      64      6175      6111   107.196       106   0.0692145    0.591921
   58      64      6287      6223   107.279       112    0.209839    0.591821
   59      64      6394      6330   107.274       107     1.44553    0.591486
2026-07-08T18:04:16.568332+0800 min lat: 0.0324713 max lat: 2.72128 avg lat: 0.591284
  sec Cur ops   started  finished  avg MB/s  cur MB/s last lat(s)  avg lat(s)
   60      64      6503      6439   107.302       109     0.68126    0.591284
   61      64      6612      6548    107.33       109     1.52715    0.590275
   62      64      6718      6654   107.308       106    0.776956    0.590305
   63      64      6826      6762   107.319       108     1.80268    0.590345
   64      64      6930      6866   107.267       104    0.166696     0.59019
   65      64      7041      6977   107.324       111    0.439611    0.589771
   66      64      7148      7084   107.319       107    0.690228    0.589987
   67      64      7256      7192   107.329       108   0.0558812    0.590876
   68      64      7363      7299   107.324       107    0.111919    0.590701
   69      64      7474      7410   107.377       111     0.53447    0.590083
   70      64      7582      7518   107.386       108     0.18502    0.591201
   71      64      7689      7625    107.38       107     1.51486    0.591189
   72      64      7795      7731   107.361       106    0.321487    0.591016
   73      64      7906      7842   107.411       111     0.53906    0.590784
   74      64      8014      7950   107.419       108    0.348323    0.590289
   75      64      8122      8058   107.426       108   0.0579617    0.588908
   76      64      8232      8168    107.46       110    0.100771     0.58849
   77      64      8337      8273   107.428       105    0.388448    0.589993
   78      64      8450      8386   107.499       113      1.8034    0.591202
   79      64      8560      8496   107.531       110    0.366626     0.59097
2026-07-08T18:04:36.570511+0800 min lat: 0.0324713 max lat: 2.72128 avg lat: 0.59055
  sec Cur ops   started  finished  avg MB/s  cur MB/s last lat(s)  avg lat(s)
   80      64      8672      8608   107.586       112      0.3074     0.59055
   81      64      8781      8717   107.604       109    0.128084    0.588325
   82      64      8888      8824   107.596       107     2.17121    0.588251
   83      64      8998      8934   107.625       110      2.2675    0.588638
   84      64      9104      9040   107.605       106     0.16651    0.588835
   85      64      9212      9148    107.61       108     0.15706    0.588002
   86      64      9318      9254   107.591       106    0.034822    0.588137
   87      64      9426      9362   107.595       108   0.0726553    0.589442
   88      64      9530      9466   107.555       104    0.104467    0.589437
   89      64      9639      9575   107.571       109      0.2128    0.590107
   90      64      9749      9685   107.597       110    0.202811    0.590109
   91      64      9856      9792   107.591       107    0.190804     0.59007
   92      63      9965      9902   107.617       110    0.200044    0.590426
   93      64     10073     10009    107.61       107    0.446444     0.59014
   94      64     10182     10118   107.625       109      1.9974    0.589663
   95      64     10289     10225   107.618       107    0.206139    0.589389
   96      64     10394     10330   107.591       105   0.0755422    0.588541
   97      64     10505     10441   107.626       111   0.0544237    0.589618
   98      64     10610     10546   107.599       105     1.95776     0.59026
   99      64     10718     10654   107.603       108    0.124325    0.589967
2026-07-08T18:04:56.572973+0800 min lat: 0.0324713 max lat: 2.72128 avg lat: 0.590181
  sec Cur ops   started  finished  avg MB/s  cur MB/s last lat(s)  avg lat(s)
  100      64     10824     10760   107.586       106    0.121422    0.590181
  101      64     10933     10869     107.6       109      2.0064    0.590457
  102      64     11041     10977   107.604       108   0.0509212    0.590773
  103      64     11149     11085   107.608       108    0.151391    0.591272
  104      64     11256     11192   107.602       107    0.421994    0.590925
  105      64     11370     11306   107.662       114      1.9889    0.590614
  106      64     11474     11410   107.628       104    0.082208    0.590315
  107      64     11581     11517   107.622       107    0.177528    0.589642
  108      64     11689     11625   107.625       108   0.0698727    0.589432
  109      64     11797     11733   107.628       108    0.276794    0.588924
  110      64     11905     11841   107.632       108     2.21625    0.589901
  111      64     12011     11947   107.617       106     1.90575    0.590439
  112      64     12117     12053   107.602       106    0.157986     0.58989
  113      64     12226     12162   107.614       109   0.0849431    0.590312
  114      64     12328     12264   107.565       102    0.143328    0.590348
  115      64     12437     12373   107.577       109     0.11282    0.590695
  116      64     12547     12483   107.598       110    0.169958    0.592007
  117      64     12655     12591   107.602       108     1.39228    0.592302
  118      64     12763     12699   107.605       108     1.20013    0.592311
  119      64     12869     12805   107.591       106     1.00402    0.592031
2026-07-08T18:05:16.575790+0800 min lat: 0.0324713 max lat: 2.72128 avg lat: 0.591735
  sec Cur ops   started  finished  avg MB/s  cur MB/s last lat(s)  avg lat(s)
  120      61     12976     12915   107.611       110    0.504379    0.591735
Total time run:         120.548
Total writes made:      12976
Write size:             1048576
Object size:            1048576
Bandwidth (MB/sec):     107.642
Stddev Bandwidth:       2.12256
Max bandwidth (MB/sec): 114
Min bandwidth (MB/sec): 100
Average IOPS:           107
Stddev IOPS:            2.12256
Max IOPS:               114
Min IOPS:               100
Average Latency(s):     0.593202
Stddev Latency(s):      0.697732
Max latency(s):         2.72128
Min latency(s):         0.0324713
