hints = 1
Maintaining 128 concurrent writes of 262144 bytes to objects of size 262144 for up to 300 seconds or 0 objects
Object prefix: benchmark_data_tikv-node_1897281
  sec Cur ops   started  finished  avg MB/s  cur MB/s last lat(s)  avg lat(s)
    0       0         0         0         0         0           -           0
    1     128       569       441   110.233    110.25    0.316815    0.225621
    2     128      1019       891   111.361     112.5    0.253939    0.258599
    3     128      1468      1340   111.652    112.25    0.165515    0.262603
    4     128      1914      1786    111.61     111.5    0.927164    0.263788
    5     128      2365      2237   111.834    112.75    0.986079       0.268
    6     128      2813      2685   111.859       112    0.110112    0.272749
    7     128      3263      3135   111.948     112.5   0.0147201    0.271858
    8     128      3713      3585   112.016     112.5    0.033779     0.27658
    9     128      4162      4034    112.04    112.25    0.703321    0.279338
   10     128      4610      4482   112.035       112    0.421558     0.27937
   11     128      5061      4933   112.099    112.75    0.640761    0.278046
   12     128      5510      5382    112.11    112.25    0.479866    0.279216
   13     128      5961      5833   112.158    112.75     0.40574     0.27821
   14     128      6409      6281   112.146       112    0.978616    0.276734
   15     128      6854      6726   112.085    111.25   0.0231183    0.277802
   16     128      7306      7178   112.141       113    0.932582     0.27895
   17     128      7752      7624   112.103     111.5    0.029955    0.277742
   18     128      8202      8074   112.124     112.5    0.115115    0.278082
   19     128      8651      8523    112.13    112.25   0.0352653    0.278863
2026-07-08T17:38:29.704207+0800 min lat: 0.0110252 max lat: 1.2139 avg lat: 0.278626
  sec Cur ops   started  finished  avg MB/s  cur MB/s last lat(s)  avg lat(s)
   20     128      9100      8972   112.135    112.25       1.044    0.278626
   21     128      9546      9418   112.104     111.5    0.778196    0.281127
   22     128      9994      9866   112.099       112   0.0202406    0.282806
   23     128     10442     10314   112.094       112    0.522046    0.282929
   24     127     10890     10763     112.1    112.25   0.0176659    0.281892
   25     128     11336     11208   112.066    111.25   0.0220723    0.281388
   26     128     11784     11656   112.063       112    0.104021    0.281886
   27     128     12231     12103    112.05    111.75   0.0141811    0.282084
   28     128     12681     12553   112.066     112.5     0.11693     0.28168
   29     128     13127     12999   112.046     111.5     1.06441    0.281454
   30     128     13577     13449   112.061     112.5    0.243582    0.281685
   31     128     14025     13897   112.058       112     1.04917    0.282252
   32     128     14468     14340   112.017    110.75    0.268103     0.28312
   33     128     14911     14783   111.978    110.75    0.459886    0.283665
   34     128     15360     15232   111.986    112.25     0.18578    0.284026
   35     128     15810     15682       112     112.5     0.18922    0.284007
   36     128     16259     16131   112.007    112.25   0.0680572    0.283573
   37     128     16707     16579   112.006       112    0.215128    0.283852
   38     128     17157     17029   112.019     112.5    0.575491    0.283857
   39     128     17605     17477   112.018       112    0.073886    0.283642
2026-07-08T17:38:49.706678+0800 min lat: 0.0110252 max lat: 1.2139 avg lat: 0.283784
  sec Cur ops   started  finished  avg MB/s  cur MB/s last lat(s)  avg lat(s)
   40     128     18041     17913   111.942       109    0.838949    0.283784
   41     128     18482     18354     111.9    110.25    0.507019    0.284097
   42     128     18921     18793   111.849    109.75    0.436122     0.28459
   43     128     19366     19238   111.835    111.25    0.686987    0.284384
   44     128     19814     19686   111.838       112      0.2226     0.28469
   45     128     20261     20133   111.836    111.75    0.596937    0.284333
   46     128     20712     20584   111.855    112.75    0.389834    0.284188
   47     128     21161     21033   111.864    112.25   0.0178514    0.283119
   48     128     21609     21481   111.866       112      1.2365      0.2828
   49     128     22057     21929   111.869       112     1.41057    0.282631
   50     128     22507     22379   111.881     112.5   0.0408169    0.283803
   51     128     22957     22829   111.893     112.5    0.192163     0.28416
   52     128     23407     23279   111.904     112.5    0.221051    0.284696
   53     128     23856     23728    111.91    112.25   0.0869108    0.284511
   54     128     24305     24177   111.916    112.25   0.0440387    0.284713
   55     128     24756     24628   111.931    112.75     0.38614    0.284636
   56     128     25205     25077   111.937    112.25   0.0217535    0.284568
   57     128     25655     25527   111.946     112.5    0.146905    0.284089
   58     128     26100     25972   111.934    111.25      0.1117    0.283806
   59     128     26550     26422   111.943     112.5    0.974843    0.284287
2026-07-08T17:39:09.709293+0800 min lat: 0.0110252 max lat: 1.41173 avg lat: 0.284284
  sec Cur ops   started  finished  avg MB/s  cur MB/s last lat(s)  avg lat(s)
   60     128     27001     26873   111.956    112.75    0.891411    0.284284
   61     128     27452     27324   111.969    112.75    0.770045    0.284507
   62     128     27900     27772   111.969       112    0.156814    0.284591
   63     128     28348     28220    111.97       112    0.114165    0.284676
   64     128     28797     28669   111.974    112.25   0.0232061     0.28471
   65     128     29248     29120   111.985    112.75     0.11723    0.284798
   66     128     29697     29569   111.989    112.25     0.65273    0.284576
   67     128     30133     30005   111.944       109    0.292145    0.284437
   68     128     30580     30452   111.941    111.75    0.169654    0.284108
   69     128     31027     30899   111.938    111.75     1.01383    0.284253
   70     128     31473     31345   111.932     111.5     1.04323    0.284146
   71     128     31921     31793   111.933       112    0.857156    0.284495
   72     128     32369     32241   111.933       112    0.854042    0.284457
   73     128     32821     32693   111.948       113   0.0504639    0.284023
   74     128     33269     33141   111.948       112   0.0740656    0.284161
   75     128     33718     33590   111.952    112.25    0.895394    0.284447
   76     128     34167     34039   111.956    112.25   0.0962958    0.284349
   77     128     34616     34488    111.96    112.25   0.0505156    0.284335
   78     128     35065     34937   111.963    112.25     1.08366    0.284293
   79     128     35517     35389   111.976       113   0.0573869    0.284109
2026-07-08T17:39:29.711829+0800 min lat: 0.0110252 max lat: 1.41173 avg lat: 0.284521
  sec Cur ops   started  finished  avg MB/s  cur MB/s last lat(s)  avg lat(s)
   80     128     35964     35836   111.973    111.75   0.0533758    0.284521
   81     128     36412     36284   111.973       112   0.0576675    0.284642
   82     128     36863     36735   111.983    112.75    0.776268    0.284817
   83     128     37311     37183   111.983       112    0.813305    0.284668
   84     128     37759     37631   111.983       112   0.0223554    0.284255
   85     128     38208     38080   111.985    112.25   0.0736089    0.284003
   86     128     38656     38528   111.985       112    0.056528    0.284437
   87     128     39104     38976   111.985       112    0.800403    0.284775
   88     128     39550     39422    111.98     111.5    0.464645    0.284936
   89     128     39998     39870    111.98       112   0.0560545    0.284866
   90     128     40447     40319   111.983    112.25    0.123934    0.284893
   91     128     40896     40768   111.985    112.25     0.32974    0.284823
   92     128     41343     41215   111.983    111.75   0.0599194    0.284674
   93     128     41790     41662    111.98    111.75   0.0178832    0.284556
   94     128     42241     42113   111.988    112.75   0.0723419    0.284411
   95     128     42689     42561   111.988       112   0.0716838    0.284408
   96     128     43136     43008   111.985    111.75     1.18473    0.284311
   97     128     43579     43451   111.973    110.75     1.10184    0.284531
   98     128     44028     43900   111.975    112.25     1.06488    0.284518
   99     128     44469     44341   111.958    110.25   0.0216436    0.284625
2026-07-08T17:39:49.714525+0800 min lat: 0.0110252 max lat: 1.41173 avg lat: 0.284603
  sec Cur ops   started  finished  avg MB/s  cur MB/s last lat(s)  avg lat(s)
  100     128     44916     44788   111.955    111.75   0.0398317    0.284603
  101     128     45367     45239   111.963    112.75   0.0835897    0.284817
  102     128     45811     45683   111.954       111   0.0222181    0.284876
  103     128     46259     46131   111.954       112     1.00895    0.284705
  104     128     46706     46578   111.952    111.75    0.228366    0.284751
  105     128     47149     47021    111.94    110.75    0.211055    0.284761
  106     128     47600     47472   111.948    112.75   0.0386602    0.284751
  107     128     48047     47919   111.946    111.75    0.124214    0.284626
  108     128     48490     48362   111.934    110.75   0.0291898    0.284748
  109     128     48944     48816   111.949     113.5    0.162926    0.284957
  110     128     49393     49265   111.951    112.25    0.105306    0.284831
  111     128     49837     49709   111.943       111   0.0804703    0.284722
  112     128     50284     50156   111.941    111.75   0.0639699    0.284745
  113     128     50735     50607   111.948    112.75   0.0757141    0.284773
  114     128     51179     51051   111.939       111    0.099348    0.284844
  115     128     51626     51498   111.938    111.75    0.227112    0.284904
  116     128     52078     51950   111.947       113   0.0734693    0.284891
  117     128     52528     52400   111.951     112.5    0.960084    0.284907
  118     128     52974     52846   111.947     111.5    0.786471    0.285208
  119     128     53425     53297   111.954    112.75    0.812744    0.285138
2026-07-08T17:40:09.717099+0800 min lat: 0.0110252 max lat: 1.41173 avg lat: 0.28523
  sec Cur ops   started  finished  avg MB/s  cur MB/s last lat(s)  avg lat(s)
  120     128     53875     53747   111.958     112.5    0.206787     0.28523
  121     128     54324     54196   111.961    112.25     0.03819    0.285181
  122     128     54771     54643   111.959    111.75    0.120205    0.285266
  123     128     55220     55092   111.961    112.25    0.125438    0.285195
  124     128     55668     55540   111.961       112   0.0940039    0.284844
  125     128     56116     55988   111.962       112     1.23969    0.284613
  126     128     56563     56435    111.96    111.75   0.0325829    0.284804
  127     128     57012     56884   111.962    112.25     1.28207     0.28448
  128     128     57461     57333   111.964    112.25     1.17403    0.284756
  129     128     57903     57775   111.953     110.5   0.0841297    0.284834
  130     128     58352     58224   111.955    112.25   0.0275513    0.284973
  131     128     58800     58672   111.955       112     1.15187    0.284985
  132     128     59249     59121   111.957    112.25     1.02546    0.284923
  133     128     59698     59570   111.959    112.25   0.0491901    0.285164
  134     128     60147     60019   111.961    112.25    0.854444    0.285132
  135     128     60595     60467   111.962       112   0.0606114    0.285175
  136     128     61044     60916   111.964    112.25   0.0594382    0.285123
  137     128     61491     61363   111.962    111.75     1.33549    0.284966
  138     128     61938     61810    111.96    111.75   0.0196132    0.284838
  139     128     62386     62258   111.961       112   0.0404255    0.284798
2026-07-08T17:40:29.719349+0800 min lat: 0.0110252 max lat: 1.6309 avg lat: 0.2849
  sec Cur ops   started  finished  avg MB/s  cur MB/s last lat(s)  avg lat(s)
  140     128     62832     62704   111.957     111.5   0.0171684      0.2849
  141     128     63280     63152   111.957       112   0.0253852    0.285072
  142     128     63729     63601   111.959    112.25   0.0347773    0.284744
  143     128     64175     64047   111.956     111.5   0.0817415     0.28454
  144     128     64622     64494   111.954    111.75   0.0196987     0.28459
  145     128     65069     64941   111.953    111.75   0.0131932    0.285001
  146     128     65518     65390   111.955    112.25     1.00251    0.285053
  147     128     65967     65839   111.957    112.25    0.534176    0.285161
  148     128     66414     66286   111.955    111.75    0.787283    0.285195
  149     127     66860     66733   111.954    111.75    0.040675    0.285046
  150     128     67307     67179   111.951     111.5   0.0136615    0.285071
  151     128     67754     67626   111.949    111.75    0.026198    0.284876
  152     128     68203     68075   111.951    112.25     1.15512    0.284883
  153     128     68652     68524   111.953    112.25   0.0420089    0.284776
  154     128     69098     68970    111.95     111.5     1.30209    0.284782
  155     128     69546     69418    111.95       112     1.37795    0.284778
  156     128     69997     69869   111.955    112.75     1.29647    0.284874
  157     128     70446     70318   111.957    112.25   0.0144532    0.284909
  158     128     70890     70762   111.951       111   0.0134654    0.284873
  159     128     71337     71209   111.949    111.75   0.0139286    0.284904
2026-07-08T17:40:49.722151+0800 min lat: 0.0107974 max lat: 1.6309 avg lat: 0.285075
  sec Cur ops   started  finished  avg MB/s  cur MB/s last lat(s)  avg lat(s)
  160     127     71786     71659   111.953     112.5   0.0273728    0.285075
  161     128     72232     72104   111.948    111.25   0.0711013    0.285231
  162     128     72679     72551   111.947    111.75   0.0430377    0.285232
  163     128     73127     72999   111.947       112   0.0466497    0.285033
  164     128     73579     73451   111.954       113   0.0199729    0.284696
  165     128     74026     73898   111.952    111.75   0.0182956    0.284808
  166     128     74474     74346   111.952       112   0.0116657    0.284797
  167     128     74922     74794   111.953       112    0.058631    0.285021
  168     128     75362     75234   111.941       110   0.0782015    0.285094
  169     128     75810     75682   111.941       112   0.0472992    0.285259
  170     128     76259     76131   111.943    112.25   0.0493284    0.285309
  171     128     76704     76576   111.939    111.25   0.0319897     0.28531
  172     128     77147     77019   111.932    110.75    0.159853    0.285423
  173     128     77596     77468   111.934    112.25    0.171055    0.285507
  174     128     78042     77914   111.931     111.5    0.378118    0.285571
  175     128     78491     78363   111.933    112.25    0.252234     0.28557
  176     128     78938     78810   111.932    111.75     0.36138    0.285569
  177     128     79391     79263   111.939    113.25    0.353473    0.285526
  178     128     79839     79711   111.939       112    0.300699    0.285465
  179     128     80291     80163   111.945       113   0.0328615     0.28543
2026-07-08T17:41:09.724887+0800 min lat: 0.0107974 max lat: 1.6309 avg lat: 0.285373
  sec Cur ops   started  finished  avg MB/s  cur MB/s last lat(s)  avg lat(s)
  180     128     80743     80615   111.951       113    0.809165    0.285373
  181     128     81192     81064   111.952    112.25   0.0495595    0.285315
  182     128     81636     81508   111.947       111    0.843166    0.285369
  183     128     82085     81957   111.949    112.25    0.814758    0.285362
  184     128     82536     82408   111.953    112.75   0.0898131    0.285428
  185     128     82983     82855   111.952    111.75     0.37518    0.285393
  186     128     83434     83306   111.956    112.75    0.436722    0.285458
  187     128     83881     83753   111.955    111.75   0.0295877    0.285178
  188     128     84328     84200   111.954    111.75   0.0122916    0.285319
  189     128     84774     84646   111.951     111.5    0.016864    0.285261
  190     128     85223     85095   111.953    112.25   0.0160866    0.285197
  191     128     85673     85545   111.955     112.5    0.915775    0.285304
  192     128     86118     85990   111.952    111.25   0.0307517    0.285145
  193     128     86567     86439   111.953    112.25   0.0383162    0.285013
  194     128     87015     86887   111.953       112   0.0427414    0.285098
  195     128     87461     87333   111.951     111.5     1.32414    0.285085
  196     128     87909     87781   111.951       112   0.0188101    0.285188
  197     128     88357     88229   111.951       112    0.025235    0.285109
  198     128     88804     88676    111.95    111.75   0.0196813    0.285037
  199     128     89251     89123   111.949    111.75   0.0185906    0.285011
2026-07-08T17:41:29.727506+0800 min lat: 0.0104947 max lat: 1.6309 avg lat: 0.284935
  sec Cur ops   started  finished  avg MB/s  cur MB/s last lat(s)  avg lat(s)
  200     128     89700     89572    111.95    112.25   0.0486986    0.284935
  201     128     90147     90019   111.949    111.75      1.3535    0.284911
  202     128     90598     90470   111.953    112.75   0.0293112     0.28528
  203     128     91048     90920   111.956     112.5    0.593193    0.285445
  204     127     91497     91370   111.959     112.5   0.0896972    0.285438
  205     128     91948     91820   111.961     112.5    0.679239    0.285411
  206     128     92393     92265   111.958    111.25    0.301048     0.28546
  207     128     92843     92715    111.96     112.5    0.170322    0.285445
  208     128     93291     93163    111.96       112    0.429951    0.285408
  209     128     93738     93610   111.959    111.75    0.246193    0.285176
  210     128     94185     94057   111.958    111.75    0.028341    0.285116
  211     128     94630     94502   111.955    111.25     1.13504    0.285127
  212     128     95077     94949   111.954    111.75     1.32385    0.285013
  213     128     95525     95397   111.954       112   0.0414031    0.284992
  214     128     95972     95844   111.953    111.75     1.37045    0.285135
  215     127     96420     96293   111.954    112.25    0.222685    0.285087
  216     128     96870     96742   111.955    112.25   0.0119877    0.285125
  217     128     97316     97188   111.953     111.5     1.10449    0.285183
  218     128     97761     97633    111.95    111.25   0.0195188    0.285077
  219     128     98208     98080   111.949    111.75    0.116586     0.28515
2026-07-08T17:41:49.730153+0800 min lat: 0.0104947 max lat: 1.6309 avg lat: 0.285082
  sec Cur ops   started  finished  avg MB/s  cur MB/s last lat(s)  avg lat(s)
  220     127     98654     98527   111.948    111.75   0.0171241    0.285082
  221     128     99100     98972   111.945    111.25     1.46414    0.285104
  222     128     99550     99422   111.947     112.5   0.0258601     0.28511
  223     128     99998     99870   111.947       112    0.115002    0.285169
  224     128    100449    100321   111.951    112.75     1.16437    0.285258
  225     128    100895    100767   111.949     111.5   0.0235708    0.285301
  226     128    101342    101214   111.948    111.75     0.97778    0.285358
  227     128    101791    101663   111.949    112.25    0.537841    0.285477
  228     128    102239    102111   111.949       112   0.0581702    0.285463
  229     128    102685    102557   111.947     111.5    0.778639    0.285463
  230     128    103131    103003   111.945     111.5   0.0314322    0.285411
  231     128    103581    103453   111.948     112.5   0.0182845    0.285303
  232     128    104029    103901   111.948       112    0.168008    0.285252
  233     128    104477    104349   111.948       112   0.0250763    0.285234
  234     128    104926    104798   111.949    112.25    0.128091    0.285224
  235     128    105373    105245   111.948    111.75     1.08433    0.285254
  236     128    105819    105691   111.946     111.5   0.0733439    0.285442
  237     128    106270    106142    111.95    112.75    0.235934    0.285566
  238     128    106715    106587   111.947    111.25    0.591904    0.285529
  239     128    107166    107038    111.95    112.75    0.343524    0.285518
2026-07-08T17:42:09.732705+0800 min lat: 0.0104706 max lat: 1.6309 avg lat: 0.285466
  sec Cur ops   started  finished  avg MB/s  cur MB/s last lat(s)  avg lat(s)
  240     128    107616    107488   111.952     112.5   0.0808214    0.285466
  241     128    108064    107936   111.952       112    0.100374    0.285574
  242     128    108508    108380   111.948       111    0.396811    0.285604
  243     128    108956    108828   111.948       112    0.414416    0.285564
  244     128    109398    109270   111.942     110.5   0.0355292    0.285605
  245     128    109846    109718   111.943       112    0.360701    0.285618
  246     128    110298    110170   111.947       113    0.437887    0.285615
  247     128    110749    110621    111.95    112.75   0.0579408     0.28557
  248     128    111199    111071   111.952     112.5    0.135167    0.285589
  249     128    111648    111520   111.953    112.25   0.0959708    0.285573
  250     128    112097    111969   111.954    112.25   0.0240349    0.285593
  251     128    112549    112421   111.959       113    0.146455    0.285591
  252     128    112996    112868   111.958    111.75    0.125548     0.28556
  253     128    113445    113317   111.959    112.25    0.394768    0.285503
  254     128    113896    113768   111.962    112.75   0.0816629    0.285527
  255     128    114345    114217   111.963    112.25   0.0939265    0.285443
  256     128    114792    114664   111.962    111.75     0.85504    0.285475
  257     128    115243    115115   111.965    112.75   0.0281785    0.285505
  258     128    115685    115557   111.959     110.5    0.336494    0.285563
  259     128    116132    116004   111.958    111.75    0.433757    0.285587
2026-07-08T17:42:29.735423+0800 min lat: 0.0104706 max lat: 1.6309 avg lat: 0.285598
  sec Cur ops   started  finished  avg MB/s  cur MB/s last lat(s)  avg lat(s)
  260     128    116579    116451   111.958    111.75    0.144926    0.285598
  261     128    117022    116894   111.953    110.75   0.0215119     0.28558
  262     128    117470    117342   111.953       112    0.508414    0.285613
  263     128    117921    117793   111.956    112.75    0.362298    0.285615
  264     128    118369    118241   111.956       112    0.391538    0.285584
  265     127    118820    118693    111.96       113   0.0781251    0.285553
  266     128    119272    119144   111.963    112.75    0.244494    0.285572
  267     128    119722    119594   111.965     112.5   0.0194187    0.285538
  268     128    120171    120043   111.966    112.25    0.827478     0.28549
  269     128    120618    120490   111.965    111.75    0.868009    0.285489
  270     128    121068    120940   111.967     112.5     0.19853    0.285439
  271     128    121519    121391    111.97    112.75    0.110065    0.285419
  272     128    121971    121843   111.973       113   0.0998844    0.285373
  273     128    122419    122291   111.973       112    0.703106      0.2855
  274     128    122865    122737   111.972     111.5    0.385851     0.28557
  275     128    123313    123185   111.972       112    0.132068    0.285493
  276     128    123762    123634   111.973    112.25   0.0388077    0.285492
  277     128    124210    124082   111.973       112    0.220748    0.285544
  278     128    124659    124531   111.974    112.25    0.137576     0.28549
  279     128    125105    124977   111.972     111.5   0.0406929     0.28547
2026-07-08T17:42:49.738180+0800 min lat: 0.0104706 max lat: 1.6309 avg lat: 0.285534
  sec Cur ops   started  finished  avg MB/s  cur MB/s last lat(s)  avg lat(s)
  280     128    125552    125424   111.971    111.75    0.419741    0.285534
  281     128    125999    125871    111.97    111.75    0.606002    0.285571
  282     128    126444    126316   111.968    111.25   0.0749492    0.285575
  283     128    126895    126767    111.97    112.75    0.054683    0.285549
  284     128    127340    127212   111.968    111.25     0.53624    0.285578
  285     128    127791    127663    111.97    112.75    0.291208    0.285602
  286     128    128239    128111    111.97       112    0.422355    0.285527
  287     128    128690    128562   111.973    112.75   0.0201863    0.285541
  288     128    129138    129010   111.973       112    0.660883    0.285529
  289     128    129587    129459   111.974    112.25    0.200584    0.285559
  290     128    130038    129910   111.977    112.75    0.263777    0.285499
  291     128    130485    130357   111.976    111.75   0.0647878     0.28552
  292     128    130931    130803   111.974     111.5    0.101595    0.285483
  293     128    131378    131250   111.973    111.75     1.05748    0.285441
  294     128    131831    131703   111.978    113.25    0.114306    0.285476
  295     128    132280    132152   111.979    112.25     0.11944    0.285426
  296     128    132729    132601   111.979    112.25    0.160796     0.28553
  297     128    133178    133050    111.98    112.25    0.304465    0.285582
  298     128    133627    133499   111.981    112.25   0.0190151    0.285369
  299     128    134077    133949   111.983     112.5    0.113975    0.285309
2026-07-08T17:43:09.740818+0800 min lat: 0.0104706 max lat: 1.6309 avg lat: 0.285245
  sec Cur ops   started  finished  avg MB/s  cur MB/s last lat(s)  avg lat(s)
  300     111    134505    134394    111.98    111.25      1.2049    0.285245
Total time run:         300.303
Total writes made:      134505
Write size:             262144
Object size:            262144
Bandwidth (MB/sec):     111.974
Stddev Bandwidth:       0.637768
Max bandwidth (MB/sec): 113.5
Min bandwidth (MB/sec): 109
Average IOPS:           447
Stddev IOPS:            2.55107
Max IOPS:               454
Min IOPS:               436
Average Latency(s):     0.285641
Stddev Latency(s):      0.347197
Max latency(s):         1.6309
Min latency(s):         0.0104706
