hints = 1
  sec Cur ops   started  finished  avg MB/s  cur MB/s last lat(s)  avg lat(s)
    0       0         0         0         0         0           -           0
    1      64       503       439   109.731    109.75   0.0349929    0.130032
    2      64       949       885    110.61     111.5   0.0242911    0.134573
    3      63      1397      1334   111.151    112.25   0.0224768    0.133818
    4      64      1847      1783   111.423    112.25    0.122491    0.136655
    5      64      2297      2233   111.636     112.5    0.583517    0.136294
    6      64      2746      2682   111.737    112.25   0.0296841      0.1384
    7      64      3192      3128   111.701     111.5    0.567369    0.138856
    8      64      3641      3577   111.768    112.25   0.0206433    0.138834
    9      64      4089      4025   111.792       112    0.545539    0.139673
   10      64      4539      4475   111.862     112.5    0.460064     0.14032
   11      64      4987      4923   111.873       112    0.454819    0.140541
   12      64      5439      5375   111.966       113   0.0477371     0.14103
   13      64      5884      5820    111.91    111.25   0.0246797    0.141102
   14      64      6333      6269   111.933    112.25    0.367501     0.14136
   15      64      6781      6717   111.936       112    0.253063    0.141548
   16      64      7233      7169   112.002       113    0.229334    0.141376
   17      64      7680      7616   111.986    111.75    0.471294    0.141475
   18      64      8128      8064   111.986       112    0.290431    0.141653
   19      64      8576      8512   111.986       112    0.392579    0.141756
2026-07-08T18:36:54.408663+0800 min lat: 0.00752138 max lat: 0.602509 avg lat: 0.141473
  sec Cur ops   started  finished  avg MB/s  cur MB/s last lat(s)  avg lat(s)
   20      64      9026      8962   112.011     112.5   0.0370086    0.141473
   21      64      9474      9410    112.01       112    0.110586     0.14142
   22      64      9922      9858   112.008       112    0.492675    0.141361
   23      64     10372     10308   112.029     112.5   0.0598261    0.141018
   24      64     10820     10756   112.027       112   0.0546395    0.141438
   25      64     11268     11204   112.026       112   0.0499005    0.141426
   26      64     11715     11651   112.014    111.75   0.0128469    0.141409
   27      64     12164     12100   112.023    112.25   0.0592123    0.141748
   28      64     12612     12548   112.021       112    0.050708     0.14186
   29      64     13062     12998   112.037     112.5    0.422969    0.141904
   30      64     13510     13446   112.035       112    0.014073    0.142034
   31      64     13959     13895   112.042    112.25   0.0139276    0.142048
   32      64     14406     14342   112.032    111.75   0.0448363     0.14215
   33      64     14857     14793   112.054    112.75     0.34069    0.142133
   34      64     15306     15242   112.059    112.25     0.29792    0.142225
   35      64     15754     15690   112.057       112    0.293498    0.142198
   36      64     16200     16136   112.041     111.5   0.0410737    0.141805
   37      64     16650     16586   112.053     112.5   0.0251815    0.141947
   38      64     17098     17034   112.051       112   0.0273998    0.141914
   39      64     17548     17484   112.063     112.5   0.0226604    0.141889
2026-07-08T18:37:14.411289+0800 min lat: 0.00694821 max lat: 0.731795 avg lat: 0.1421
  sec Cur ops   started  finished  avg MB/s  cur MB/s last lat(s)  avg lat(s)
   40      64     17998     17934   112.073     112.5   0.0282449      0.1421
   41      64     18446     18382   112.071       112   0.0182984      0.1421
   42      64     18891     18827   112.051    111.25   0.0199046    0.142069
   43      64     19339     19275    112.05       112    0.542581    0.141991
   44      64     19791     19727   112.071       113    0.134635    0.142148
   45      64     20238     20174   112.063    111.75   0.0324127    0.142184
   46      64     20689     20625   112.078    112.75    0.396727    0.142256
   47      64     21132     21068   112.049    110.75    0.200866    0.142236
   48      64     21582     21518   112.059     112.5    0.147866    0.142196
   49      64     22029     21965   112.052    111.75   0.0479318    0.142145
   50      64     22481     22417   112.071       113   0.0695921    0.142075
   51      64     22929     22865   112.069       112   0.0257324    0.142089
   52      64     23378     23314   112.072    112.25    0.145998    0.142212
   53      64     23823     23759   112.056    111.25   0.0255865    0.142143
   54      64     24274     24210   112.069    112.75    0.144249    0.142199
   55      64     24721     24657   112.063    111.75    0.491806    0.142248
   56      64     25169     25105   112.061       112    0.389948    0.142288
   57      64     25620     25556   112.073    112.75   0.0349971    0.142276
   58      64     26069     26005   112.076    112.25   0.0374168    0.142295
   59      64     26516     26452    112.07    111.75    0.450517    0.142272
2026-07-08T18:37:34.414079+0800 min lat: 0.00694821 max lat: 0.731795 avg lat: 0.142255
  sec Cur ops   started  finished  avg MB/s  cur MB/s last lat(s)  avg lat(s)
   60      64     26963     26899   112.064    111.75   0.0209947    0.142255
   61      63     27414     27351   112.079       113   0.0440957    0.142165
   62      64     27863     27799   112.078       112   0.0290217    0.142273
   63      64     28312     28248    112.08    112.25   0.0390991     0.14219
   64      64     28758     28694   112.071     111.5   0.0171327    0.142285
   65      64     29208     29144   112.077     112.5   0.0268122    0.142234
   66      64     29654     29590   112.068     111.5   0.0223529    0.142257
   67      64     30104     30040   112.075     112.5   0.0237173    0.142266
   68      64     30554     30490   112.081     112.5   0.0160088    0.142225
   69      64     31002     30938   112.079       112   0.0180665    0.142279
   70      64     31450     31386   112.078       112    0.040469    0.142348
   71      64     31897     31833   112.073    111.75   0.0185535    0.142249
   72      64     32346     32282   112.075    112.25    0.523757    0.142304
   73      64     32796     32732   112.081     112.5    0.359161     0.14241
   74      64     33245     33181   112.083    112.25    0.452971    0.142385
   75      64     33692     33628   112.078    111.75   0.0203576    0.142382
   76      64     34140     34076   112.077       112   0.0576438    0.142354
   77      64     34589     34525   112.079    112.25   0.0200635    0.142416
   78      64     35039     34975   112.084     112.5    0.442039     0.14239
   79      64     35488     35424   112.086    112.25    0.101592    0.142398
2026-07-08T18:37:54.416819+0800 min lat: 0.00694821 max lat: 0.731795 avg lat: 0.142341
  sec Cur ops   started  finished  avg MB/s  cur MB/s last lat(s)  avg lat(s)
   80      64     35938     35874   112.091     112.5   0.0253135    0.142341
   81      64     36381     36317   112.075    110.75   0.0324799    0.142408
   82      64     36832     36768   112.083    112.75   0.0166373    0.142414
   83      64     37279     37215   112.078    111.75   0.0216497    0.142447
   84      64     37729     37665   112.083     112.5    0.363091    0.142468
   85      64     38177     38113   112.082       112   0.0269391    0.142435
   86      64     38627     38563   112.087     112.5   0.0253193     0.14243
   87      64     39073     39009    112.08     111.5   0.0395532    0.142435
   88      64     39521     39457   112.079       112    0.208543    0.142492
   89      63     39971     39908   112.086    112.75   0.0291303    0.142442
   90      64     40422     40358   112.091     112.5   0.0150625    0.142424
   91      64     40871     40807   112.092    112.25    0.454766    0.142432
   92      64     41318     41254   112.088    111.75    0.502782    0.142358
   93      64     41766     41702   112.087       112   0.0194592     0.14236
   94      64     42214     42150   112.086       112   0.0189872    0.142349
   95      64     42665     42601   112.093    112.75    0.110141    0.142423
   96      64     43113     43049   112.092       112   0.0285557    0.142406
   97      64     43561     43497   112.091       112    0.201753    0.142456
   98      64     44008     43944   112.087    111.75    0.222818    0.142462
   99      64     44457     44393   112.089    112.25   0.0143492    0.142405
2026-07-08T18:38:14.419513+0800 min lat: 0.00694821 max lat: 0.731795 avg lat: 0.14244
  sec Cur ops   started  finished  avg MB/s  cur MB/s last lat(s)  avg lat(s)
  100      64     44906     44842    112.09    112.25    0.128064     0.14244
  101      64     45354     45290   112.089       112   0.0575256    0.142368
  102      64     45804     45740   112.093     112.5   0.0247503    0.142348
  103      64     46252     46188   112.092       112    0.157937    0.142466
  104      63     46698     46635   112.088    111.75   0.0452402    0.142463
  105      64     47148     47084    112.09    112.25   0.0251807    0.142484
  106      64     47598     47534   112.093     112.5   0.0114607    0.142492
  107      64     48046     47982   112.092       112   0.0226605    0.142479
  108      64     48496     48432   112.096     112.5   0.0520988    0.142534
  109      64     48942     48878    112.09     111.5   0.0269099    0.142479
  110      64     49392     49328   112.094     112.5   0.0242079    0.142497
  111      64     49838     49774   112.088     111.5   0.0207134    0.142426
  112      64     50287     50223    112.09    112.25   0.0240703    0.142424
  113      64     50736     50672   112.091    112.25    0.465986    0.142454
  114      64     51185     51121   112.092    112.25    0.460409    0.142445
  115      64     51633     51569   112.091       112    0.035061    0.142459
  116      64     52080     52016   112.088    111.75    0.127837    0.142483
  117      64     52527     52463   112.085    111.75   0.0208879    0.142415
  118      64     52978     52914   112.091    112.75   0.0204998    0.142415
  119      64     53427     53363   112.092    112.25   0.0197424    0.142455
2026-07-08T18:38:34.422379+0800 min lat: 0.00693102 max lat: 0.731795 avg lat: 0.142416
  sec Cur ops   started  finished  avg MB/s  cur MB/s last lat(s)  avg lat(s)
  120      64     53876     53812   112.093    112.25    0.546452    0.142416
  121      64     54325     54261   112.094    112.25    0.529559    0.142446
  122      64     54771     54707   112.089     111.5   0.0237389    0.142425
  123      64     55220     55156    112.09    112.25   0.0175334    0.142444
  124      64     55668     55604    112.09       112   0.0283204    0.142441
  125      64     56118     56054   112.093     112.5    0.110259    0.142469
  126      64     56565     56501    112.09    111.75   0.0188131    0.142495
  127      64     57015     56951   112.093     112.5   0.0206915      0.1425
  128      64     57463     57399   112.092       112    0.378718    0.142512
  129      64     57912     57848   112.093    112.25    0.200327    0.142527
  130      64     58360     58296   112.093       112     0.02827    0.142423
  131      64     58809     58745   112.094    112.25  0.00980529    0.142402
  132      64     59256     59192   112.091    111.75   0.0432977    0.142422
  133      64     59703     59639   112.088    111.75    0.446218    0.142519
  134      64     60149     60085   112.084     111.5    0.316001    0.142532
  135      64     60600     60536   112.089    112.75    0.327885    0.142556
  136      64     61048     60984   112.088       112   0.0126704      0.1425
  137      63     61495     61432   112.087       112   0.0254991    0.142483
  138      64     61945     61881   112.088    112.25    0.402454    0.142509
  139      64     62391     62327   112.084     111.5   0.0432329    0.142472
2026-07-08T18:38:54.424883+0800 min lat: 0.00693102 max lat: 0.731795 avg lat: 0.142448
  sec Cur ops   started  finished  avg MB/s  cur MB/s last lat(s)  avg lat(s)
  140      64     62840     62776   112.085    112.25   0.0375969    0.142448
  141      64     63290     63226   112.088     112.5   0.0230618    0.142481
  142      64     63740     63676   112.091     112.5   0.0239734    0.142481
  143      64     64187     64123   112.088    111.75    0.219364    0.142525
  144      64     64636     64572   112.089    112.25   0.0237069    0.142442
  145      64     65084     65020   112.088       112      0.5732    0.142477
  146      64     65534     65470   112.091     112.5    0.509584    0.142483
  147      64     65983     65919   112.092    112.25   0.0425756    0.142455
  148      64     66431     66367   112.092       112   0.0611718    0.142484
  149      64     66880     66816   112.092    112.25    0.106858    0.142478
  150      64     67326     67262   112.088     111.5   0.0156879    0.142475
  151      64     67774     67710   112.088       112    0.016292    0.142473
  152      64     68223     68159   112.089    112.25    0.026254    0.142501
  153      64     68673     68609   112.091     112.5   0.0204869    0.142488
  154      64     69122     69058   112.092    112.25   0.0488902    0.142467
  155      64     69569     69505    112.09    111.75   0.0135044    0.142482
  156      64     70018     69954   112.091    112.25   0.0261214    0.142482
  157      64     70466     70402    112.09       112   0.0415154     0.14247
  158      64     70915     70851   112.091    112.25    0.472673      0.1425
  159      64     71365     71301   112.094     112.5   0.0232258    0.142454
2026-07-08T18:39:14.427329+0800 min lat: 0.00693102 max lat: 0.731795 avg lat: 0.142476
  sec Cur ops   started  finished  avg MB/s  cur MB/s last lat(s)  avg lat(s)
  160      64     71811     71747    112.09     111.5   0.0260953    0.142476
  161      64     72260     72196   112.091    112.25    0.453065    0.142505
  162      64     72708     72644    112.09       112   0.0240554      0.1425
  163      64     73156     73092   112.089       112   0.0257084    0.142494
  164      64     73606     73542   112.092     112.5    0.545093    0.142503
  165      64     74054     73990   112.091       112   0.0154872    0.142495
  166      64     74501     74437   112.089    111.75    0.563371    0.142491
  167      64     74950     74886    112.09    112.25   0.0196069    0.142484
  168      64     75398     75334   112.089       112     0.61155    0.142478
  169      64     75846     75782   112.089       112   0.0256543    0.142499
  170      64     76298     76234   112.094       113   0.0231685    0.142509
  171      64     76744     76680    112.09     111.5   0.0247609     0.14251
  172      64     77192     77128    112.09       112   0.0218966    0.142539
  173      64     77639     77575   112.088    111.75    0.550697    0.142506
  174      64     78088     78024   112.089    112.25   0.0082205    0.142518
  175      64     78536     78472   112.088       112   0.0255428    0.142498
  176      64     78986     78922    112.09     112.5   0.0130909    0.142533
  177      64     79432     79368   112.087     111.5    0.509564    0.142524
  178      64     79877     79813   112.082    111.25   0.0418473    0.142534
  179      64     80327     80263   112.084     112.5  0.00999519    0.142521
2026-07-08T18:39:34.430150+0800 min lat: 0.00693102 max lat: 0.731795 avg lat: 0.14252
  sec Cur ops   started  finished  avg MB/s  cur MB/s last lat(s)  avg lat(s)
  180      64     80774     80710   112.082    111.75   0.0221559     0.14252
  181      64     81226     81162   112.087       113   0.0185215    0.142523
  182      64     81675     81611   112.088    112.25    0.024303    0.142504
  183      64     82123     82059   112.087       112   0.0230062    0.142521
  184      64     82569     82505   112.084     111.5    0.584009    0.142516
  185      64     83020     82956   112.088    112.75   0.0544081    0.142508
  186      64     83467     83403   112.086    111.75    0.111539    0.142519
  187      64     83917     83853   112.088     112.5    0.042612     0.14252
  188      64     84364     84300   112.086    111.75    0.514177    0.142525
  189      64     84812     84748   112.086       112    0.038188    0.142533
  190      64     85260     85196   112.085       112   0.0206145    0.142528
  191      64     85705     85641   112.081    111.25   0.0384923    0.142523
  192      64     86158     86094   112.087    113.25   0.0351446    0.142529
  193      64     86608     86544   112.089     112.5   0.0303797    0.142539
  194      64     87054     86990   112.086     111.5   0.0132673    0.142536
  195      64     87500     87436   112.083     111.5   0.0121289    0.142519
  196      64     87952     87888   112.087       113    0.535026    0.142532
  197      64     88398     88334   112.084     111.5    0.509341    0.142532
  198      63     88850     88787    112.09    113.25   0.0212467    0.142535
  199      64     89298     89234   112.088    111.75   0.0221622     0.14252
2026-07-08T18:39:54.432766+0800 min lat: 0.00626632 max lat: 0.731795 avg lat: 0.142529
  sec Cur ops   started  finished  avg MB/s  cur MB/s last lat(s)  avg lat(s)
  200      64     89743     89679   112.084    111.25    0.552631    0.142529
  201      64     90187     90123   112.078       111    0.469322    0.142551
  202      64     90640     90576   112.084    113.25   0.0225256    0.142542
  203      64     91086     91022   112.081     111.5   0.0252827    0.142519
  204      64     91536     91472   112.083     112.5   0.0230836    0.142546
  205      64     91984     91920   112.083       112    0.511704    0.142545
  206      64     92431     92367   112.081    111.75    0.568347     0.14255
  207      64     92878     92814   112.079    111.75   0.0683272    0.142559
  208      64     93329     93265   112.082    112.75   0.0216771    0.142535
  209      64     93779     93715   112.084     112.5    0.548356    0.142557
  210      64     94230     94166   112.087    112.75   0.0176196    0.142544
  211      64     94676     94612   112.085     111.5   0.0334698    0.142533
  212      64     95122     95058   112.082     111.5   0.0187912    0.142534
  213      64     95573     95509   112.085    112.75    0.406769    0.142567
  214      64     96020     95956   112.083    111.75   0.0281949     0.14253
  215      64     96472     96408   112.087       113   0.0219006    0.142549
  216      64     96919     96855   112.086    111.75   0.0414531    0.142539
  217      64     97368     97304   112.086    112.25   0.0177584    0.142553
  218      64     97814     97750   112.084     111.5    0.599878    0.142549
  219      64     98266     98202   112.088       113   0.0129755    0.142556
2026-07-08T18:40:14.435603+0800 min lat: 0.00626632 max lat: 0.731795 avg lat: 0.142546
  sec Cur ops   started  finished  avg MB/s  cur MB/s last lat(s)  avg lat(s)
  220      64     98712     98648   112.085     111.5    0.013404    0.142546
  221      64     99162     99098   112.087     112.5   0.0535005    0.142548
  222      64     99611     99547   112.087    112.25   0.0519592    0.142554
  223      64    100056     99992   112.084    111.25   0.0226814    0.142574
  224      64    100505    100441   112.084    112.25    0.664997    0.142543
  225      64    100955    100891   112.086     112.5   0.0189454     0.14255
  226      64    101404    101340   112.087    112.25   0.0257224    0.142532
  227      64    101852    101788   112.086       112   0.0160491    0.142563
  228      64    102302    102238   112.088     112.5   0.0230439    0.142548
  229      64    102749    102685   112.086    111.75   0.0206628    0.142565
  230      64    103198    103134   112.087    112.25    0.448359    0.142574
  231      64    103645    103581   112.086    111.75   0.0188123    0.142577
  232      64    104094    104030   112.086    112.25    0.527257    0.142579
  233      64    104542    104478   112.086       112   0.0229474    0.142566
  234      64    104989    104925   112.084    111.75    0.581861    0.142577
  235      64    105436    105372   112.083    111.75   0.0204066    0.142591
  236      64    105885    105821   112.083    112.25   0.0440294    0.142568
  237      64    106336    106272   112.086    112.75   0.0272569    0.142601
  238      64    106785    106721   112.087    112.25    0.311753    0.142603
  239      64    107232    107168   112.085    111.75    0.241853    0.142602
2026-07-08T18:40:34.438385+0800 min lat: 0.00626632 max lat: 0.731795 avg lat: 0.142593
  sec Cur ops   started  finished  avg MB/s  cur MB/s last lat(s)  avg lat(s)
  240      64    107678    107614   112.083     111.5    0.435891    0.142593
  241      64    108127    108063   112.083    112.25   0.0338071    0.142585
  242      64    108576    108512   112.084    112.25   0.0162187     0.14256
  243      64    109023    108959   112.083    111.75   0.0152388    0.142569
  244      64    109472    109408   112.083    112.25    0.113816    0.142578
  245      64    109919    109855   112.082    111.75    0.490837     0.14258
  246      64    110369    110305   112.083     112.5   0.0196616    0.142576
  247      64    110817    110753   112.083       112    0.529327    0.142568
  248      64    111266    111202   112.084    112.25    0.602547    0.142561
  249      64    111713    111649   112.082    111.75    0.505745    0.142581
  250      64    112162    112098   112.083    112.25    0.583812    0.142566
  251      64    112610    112546   112.082       112   0.0181629    0.142574
  252      64    113056    112992    112.08     111.5   0.0157633    0.142573
  253      64    113504    113440    112.08       112   0.0347634    0.142572
  254      64    113955    113891   112.082    112.75    0.583684     0.14257
  255      64    114405    114341   112.084     112.5   0.0321098    0.142561
  256      64    114854    114790   112.085    112.25   0.0154451    0.142579
  257      64    115300    115236   112.082     111.5   0.0485812    0.142574
  258      64    115747    115683   112.081    111.75  0.00965087    0.142577
  259      64    116195    116131    112.08       112     0.01166    0.142575
2026-07-08T18:40:54.441215+0800 min lat: 0.00626632 max lat: 0.731795 avg lat: 0.142586
  sec Cur ops   started  finished  avg MB/s  cur MB/s last lat(s)  avg lat(s)
  260      64    116645    116581   112.082     112.5   0.0184393    0.142586
  261      64    117092    117028   112.081    111.75   0.0202873    0.142568
  262      64    117540    117476    112.08       112     0.55682     0.14258
  263      64    117991    117927   112.083    112.75   0.0351564    0.142589
  264      64    118436    118372    112.08    111.25     0.60827    0.142586
  265      64    118887    118823   112.082    112.75   0.0419583    0.142575
  266      64    119337    119273   112.084     112.5   0.0235192    0.142569
  267      64    119783    119719   112.081     111.5   0.0191988    0.142567
  268      64    120230    120166    112.08    111.75   0.0116499    0.142586
  269      64    120679    120615   112.081    112.25    0.522846    0.142589
  270      64    121127    121063    112.08       112   0.0370494     0.14257
  271      64    121577    121513   112.082     112.5   0.0258333    0.142578
  272      64    122028    121964   112.084    112.75    0.504562    0.142582
  273      64    122473    122409   112.081    111.25    0.018662    0.142596
  274      64    122919    122855   112.079     111.5   0.0148534     0.14258
  275      64    123370    123306   112.081    112.75    0.024062    0.142596
  276      64    123820    123756   112.083     112.5    0.513904    0.142588
  277      64    124270    124206   112.084     112.5   0.0574445     0.14258
  278      64    124718    124654   112.084       112   0.0196188    0.142586
  279      64    125165    125101   112.083    111.75   0.0143077    0.142574
2026-07-08T18:41:14.444000+0800 min lat: 0.00626632 max lat: 0.731795 avg lat: 0.142581
  sec Cur ops   started  finished  avg MB/s  cur MB/s last lat(s)  avg lat(s)
  280      64    125613    125549   112.082       112   0.0219549    0.142581
  281      64    126061    125997   112.082       112   0.0158172    0.142575
  282      64    126513    126449   112.085       113   0.0777673    0.142581
  283      64    126962    126898   112.086    112.25    0.431639    0.142606
  284      64    127409    127345   112.084    111.75    0.544056    0.142586
  285      64    127854    127790   112.081    111.25   0.0774206    0.142599
  286      64    128302    128238   112.081       112   0.0221387    0.142591
  287      64    128750    128686   112.081       112   0.0192083    0.142585
  288      64    129202    129138   112.084       113    0.546484    0.142599
  289      63    129648    129585   112.083    111.75   0.0233027     0.14258
  290      64    130099    130035   112.084     112.5    0.516834     0.14259
  291      64    130545    130481   112.082     111.5    0.507536    0.142592
  292      64    130993    130929   112.082       112   0.0299827    0.142584
  293      64    131443    131379   112.083     112.5    0.020302    0.142589
  294      64    131890    131826   112.082    111.75    0.588568    0.142586
  295      64    132340    132276   112.083     112.5   0.0180442    0.142584
  296      64    132786    132722   112.081     111.5   0.0182559     0.14259
  297      64    133235    133171   112.082    112.25   0.0184168    0.142585
  298      64    133681    133617    112.08     111.5   0.0632243    0.142604
  299      64    134133    134069   112.083       113    0.513532    0.142614
2026-07-08T18:41:34.446600+0800 min lat: 0.00626632 max lat: 0.731795 avg lat: 0.142611
  sec Cur ops   started  finished  avg MB/s  cur MB/s last lat(s)  avg lat(s)
  300      45    134564    134519   112.084     112.5     0.46679    0.142611
Total time run:       300.14
Total reads made:     134564
Read size:            262144
Object size:          262144
Bandwidth (MB/sec):   112.084
Average IOPS:         448
Stddev IOPS:          1.89683
Max IOPS:             453
Min IOPS:             439
Average Latency(s):   0.142665
Max latency(s):       0.731795
Min latency(s):       0.00626632
