hints = 1
  sec Cur ops   started  finished  avg MB/s  cur MB/s last lat(s)  avg lat(s)
    0       0         0         0         0         0           -           0
    1      64       504       440   109.974       110   0.0349287    0.124947
    2      64       957       893   111.603    113.25   0.0746874    0.125491
    3      64      1401      1337   111.396       111    0.538041    0.131467
    4      63      1847      1784    111.48    111.75   0.0416947    0.134655
    5      64      2300      2236   111.781       113    0.587149    0.136065
    6      64      2748      2684   111.814       112   0.0268101    0.138319
    7      64      3199      3135   111.946    112.75    0.618497    0.137945
    8      64      3649      3585   112.013     112.5   0.0270266    0.138432
    9      64      4089      4025   111.787       110   0.0190508    0.138953
   10      64      4540      4476   111.882    112.75     0.54268      0.1398
   11      64      4989      4925   111.913    112.25   0.0248915    0.139845
   12      64      5437      5373   111.919       112   0.0266159    0.140072
   13      64      5888      5824   111.982    112.75   0.0363652    0.139872
   14      64      6336      6272   111.982       112    0.548561    0.140576
   15      64      6780      6716   111.916       111     0.57142    0.140532
   16      64      7231      7167   111.967    112.75   0.0149062    0.140715
   17      64      7678      7614   111.953    111.75   0.0170985    0.141009
   18      64      8129      8065   111.997    112.75    0.576443    0.140811
   19      64      8581      8517   112.049       113   0.0130278    0.140966
2026-07-08T18:31:46.651574+0800 min lat: 0.00828974 max lat: 0.719864 avg lat: 0.141208
  sec Cur ops   started  finished  avg MB/s  cur MB/s last lat(s)  avg lat(s)
   20      64      9025      8961   111.995       111    0.028293    0.141208
   21      64      9471      9407   111.971     111.5   0.0250716     0.14104
   22      64      9921      9857   111.994     112.5   0.0511275    0.141245
   23      64     10370     10306   112.004    112.25   0.0283617    0.141217
   24      64     10821     10757   112.035    112.75   0.0338142    0.141259
   25      64     11271     11207   112.053     112.5   0.0363802    0.141262
   26      63     11711     11648   111.983    110.25    0.588295    0.141457
   27      64     12162     12098   112.001     112.5   0.0261268    0.141606
   28      64     12612     12548   112.019     112.5   0.0376838    0.141449
   29      64     13060     12996   112.018       112   0.0193309    0.141642
   30      64     13512     13448    112.05       113   0.0235298    0.141641
   31      64     13958     13894   112.031     111.5    0.557811    0.141554
   32      64     14403     14339   112.007    111.25   0.0160131    0.141452
   33      64     14854     14790   112.029    112.75   0.0279758    0.141822
   34      64     15302     15238   112.027       112   0.0155547    0.141741
   35      64     15753     15689   112.047    112.75    0.496481    0.141918
   36      64     16203     16139    112.06     112.5   0.0227044    0.141703
   37      64     16648     16584   112.037    111.25    0.497424    0.141953
   38      64     17091     17027   112.003    110.75   0.0231755    0.141936
   39      64     17544     17480   112.034    113.25   0.0238196    0.141918
2026-07-08T18:32:06.654544+0800 min lat: 0.0081263 max lat: 0.734719 avg lat: 0.141832
  sec Cur ops   started  finished  avg MB/s  cur MB/s last lat(s)  avg lat(s)
   40      64     17992     17928   112.033       112    0.594983    0.141832
   41      64     18444     18380   112.056       113    0.539885    0.141954
   42      64     18893     18829    112.06    112.25   0.0179126    0.141791
   43      64     19335     19271   112.024     110.5    0.033273    0.141882
   44      64     19787     19723   112.046       113   0.0171238    0.141993
   45      64     20237     20173   112.055     112.5   0.0540816    0.141917
   46      64     20684     20620   112.048    111.75   0.0129903    0.142082
   47      64     21134     21070   112.058     112.5   0.0224808    0.142022
   48      64     21581     21517   112.051    111.75    0.577274    0.142029
   49      64     22026     21962   112.034    111.25   0.0157413    0.142153
   50      64     22477     22413   112.048    112.75   0.0470704    0.142106
   51      64     22929     22865   112.066       113   0.0249892    0.142089
   52      64     23379     23315   112.075     112.5    0.592799    0.142071
   53      64     23828     23764   112.078    112.25   0.0370454    0.142081
   54      64     24274     24210   112.067     111.5   0.0256717    0.142081
   55      64     24720     24656   112.056     111.5    0.581443    0.142052
   56      64     25171     25107   112.068    112.75   0.0324175     0.14218
   57      64     25618     25554   112.062    111.75   0.0460718    0.142132
   58      64     26069     26005   112.074    112.75   0.0385119    0.142173
   59      64     26520     26456   112.085    112.75    0.532691      0.1421
2026-07-08T18:32:26.657411+0800 min lat: 0.00808391 max lat: 0.734719 avg lat: 0.14225
  sec Cur ops   started  finished  avg MB/s  cur MB/s last lat(s)  avg lat(s)
   60      64     26964     26900   112.067       111   0.0139699     0.14225
   61      64     27412     27348   112.065       112   0.0347071    0.142194
   62      64     27862     27798   112.072     112.5   0.0190261    0.142231
   63      64     28310     28246   112.071       112   0.0370277    0.142147
   64      64     28759     28695   112.073    112.25   0.0121406    0.142234
   65      64     29203     29139   112.056       111    0.447675    0.142227
   66      64     29654     29590   112.067    112.75   0.0211199     0.14219
   67      64     30103     30039   112.069    112.25   0.0220558    0.142183
   68      64     30554     30490   112.079    112.75     0.01936    0.142174
   69      64     31004     30940   112.085     112.5    0.021651    0.142141
   70      64     31454     31390    112.09     112.5   0.0196258    0.142234
   71      64     31898     31834   112.075       111    0.556518    0.142223
   72      64     32344     32280   112.067     111.5    0.666862    0.142158
   73      64     32797     32733   112.083    113.25   0.0329362    0.142306
   74      64     33244     33180   112.078    111.75   0.0163723    0.142253
   75      64     33695     33631   112.087    112.75   0.0152384    0.142266
   76      64     34147     34083   112.098       113   0.0521202    0.142234
   77      64     34590     34526   112.081    110.75   0.0570817    0.142255
   78      64     35037     34973   112.076    111.75   0.0342107    0.142341
   79      63     35488     35425   112.088       113   0.0112952    0.142356
2026-07-08T18:32:46.660407+0800 min lat: 0.00763664 max lat: 0.754887 avg lat: 0.142239
  sec Cur ops   started  finished  avg MB/s  cur MB/s last lat(s)  avg lat(s)
   80      64     35936     35872   112.083    111.75    0.630769    0.142239
   81      64     36389     36325   112.098    113.25   0.0190227     0.14218
   82      64     36836     36772   112.093    111.75   0.0387152    0.142256
   83      64     37284     37220   112.092       112   0.0195733    0.142298
   84      64     37730     37666   112.085     111.5   0.0136735    0.142295
   85      64     38178     38114   112.083       112   0.0407318    0.142197
   86      64     38626     38562   112.082       112   0.0316522    0.142266
   87      64     39079     39015   112.095    113.25   0.0292164    0.142282
   88      64     39524     39460   112.086    111.25    0.553667    0.142315
   89      64     39973     39909   112.087    112.25   0.0595566     0.14233
   90      64     40424     40360   112.095    112.75    0.527421    0.142314
   91      64     40870     40806   112.088     111.5    0.036665    0.142315
   92      64     41319     41255   112.089    112.25   0.0312791    0.142318
   93      64     41771     41707   112.099       113  0.00994227    0.142292
   94      64     42218     42154   112.095    111.75   0.0157739    0.142291
   95      64     42663     42599   112.086    111.25    0.538183     0.14236
   96      64     43113     43049    112.09     112.5   0.0238189    0.142343
   97      64     43562     43498   112.092    112.25    0.638273     0.14231
   98      64     44013     43949   112.098    112.75    0.523074    0.142354
   99      64     44461     44397   112.097       112   0.0125539    0.142292
2026-07-08T18:33:06.663200+0800 min lat: 0.00763664 max lat: 0.754887 avg lat: 0.142331
  sec Cur ops   started  finished  avg MB/s  cur MB/s last lat(s)  avg lat(s)
  100      64     44908     44844   112.094    111.75    0.609951    0.142331
  101      64     45357     45293   112.095    112.25   0.0203693    0.142346
  102      64     45804     45740   112.091    111.75    0.581448    0.142343
  103      64     46253     46189   112.093    112.25    0.018438    0.142342
  104      64     46705     46641   112.101       113   0.0252648    0.142319
  105      64     47150     47086   112.093    111.25    0.570615     0.14236
  106      64     47596     47532   112.088     111.5   0.0167153    0.142312
  107      64     48047     47983   112.094    112.75   0.0222202    0.142334
  108      64     48493     48429   112.088     111.5   0.0371313    0.142423
  109      64     48946     48882   112.098    113.25   0.0162106    0.142377
  110      64     49396     49332   112.102     112.5   0.0223023    0.142416
  111      64     49842     49778   112.096     111.5    0.480723    0.142416
  112      64     50287     50223   112.089    111.25   0.0150074    0.142405
  113      64     50737     50673   112.092     112.5   0.0319981    0.142364
  114      64     51185     51121   112.091       112    0.535612    0.142383
  115      64     51633     51569    112.09       112     0.02104    0.142403
  116      64     52083     52019   112.094     112.5    0.517974    0.142406
  117      64     52527     52463   112.084       111   0.0217041    0.142386
  118      64     52977     52913   112.088     112.5    0.579618    0.142382
  119      64     53424     53360   112.085    111.75   0.0279036     0.14241
2026-07-08T18:33:26.665901+0800 min lat: 0.00755491 max lat: 0.754887 avg lat: 0.142382
  sec Cur ops   started  finished  avg MB/s  cur MB/s last lat(s)  avg lat(s)
  120      64     53877     53813   112.094    113.25   0.0523708    0.142382
  121      64     54327     54263   112.097     112.5   0.0291318    0.142415
  122      64     54773     54709   112.092     111.5    0.622388    0.142357
  123      64     55219     55155   112.087     111.5    0.464711    0.142446
  124      64     55669     55605   112.091     112.5    0.502349    0.142413
  125      64     56116     56052   112.088    111.75     0.48969    0.142449
  126      64     56568     56504   112.095       113    0.511335    0.142413
  127      64     57017     56953   112.096    112.25    0.016231    0.142371
  128      64     57464     57400   112.093    111.75     0.55288    0.142431
  129      64     57911     57847    112.09    111.75   0.0532322    0.142436
  130      64     58359     58295   112.089       112   0.0934233    0.142398
  131      64     58809     58745   112.092     112.5    0.017441    0.142417
  132      64     59259     59195   112.095     112.5   0.0204096    0.142403
  133      64     59705     59641   112.091     111.5   0.0199199    0.142472
  134      64     60150     60086   112.084    111.25   0.0597682    0.142421
  135      64     60602     60538   112.091       113   0.0112109    0.142473
  136      64     61046     60982   112.083       111   0.0326742    0.142446
  137      64     61499     61435   112.091    113.25    0.564492    0.142438
  138      64     61947     61883   112.091       112   0.0217325    0.142463
  139      64     62393     62329   112.086     111.5     0.55832    0.142468
2026-07-08T18:33:46.668875+0800 min lat: 0.00755491 max lat: 0.754887 avg lat: 0.142428
  sec Cur ops   started  finished  avg MB/s  cur MB/s last lat(s)  avg lat(s)
  140      64     62841     62777   112.086       112    0.597657    0.142428
  141      64     63292     63228    112.09    112.75   0.0155942    0.142436
  142      63     63739     63676   112.089       112    0.644153    0.142434
  143      63     64189     64126   112.092     112.5    0.019039    0.142456
  144      64     64639     64575   112.093    112.25   0.0354196    0.142438
  145      64     65087     65023   112.092       112   0.0342037    0.142442
  146      64     65533     65469   112.088     111.5   0.0175252    0.142476
  147      64     65981     65917   112.087       112   0.0413142    0.142436
  148      64     66432     66368   112.092    112.75   0.0230268    0.142477
  149      64     66882     66818   112.094     112.5   0.0688732    0.142437
  150      64     67331     67267   112.095    112.25   0.0358566    0.142464
  151      64     67776     67712    112.09    111.25   0.0276837     0.14242
  152      64     68226     68162   112.092     112.5   0.0270093    0.142494
  153      64     68670     68606   112.085       111   0.0182379    0.142474
  154      64     69120     69056   112.088     112.5   0.0398647    0.142465
  155      64     69571     69507   112.092    112.75    0.450246    0.142481
  156      64     70018     69954   112.089    111.75    0.034193    0.142463
  157      64     70462     70398   112.082       111   0.0214414    0.142472
  158      64     70914     70850   112.088       113    0.016278    0.142498
  159      64     71361     71297   112.086    111.75   0.0229918    0.142434
2026-07-08T18:34:06.671739+0800 min lat: 0.00755491 max lat: 0.754887 avg lat: 0.142462
  sec Cur ops   started  finished  avg MB/s  cur MB/s last lat(s)  avg lat(s)
  160      64     71811     71747   112.088     112.5   0.0487771    0.142462
  161      64     72260     72196   112.089    112.25   0.0179963    0.142492
  162      64     72707     72643   112.087    111.75   0.0297059    0.142497
  163      64     73155     73091   112.087       112    0.508014      0.1425
  164      64     73604     73540   112.087    112.25    0.612435    0.142488
  165      64     74053     73989   112.088    112.25   0.0174712    0.142498
  166      64     74504     74440   112.092    112.75    0.571397    0.142478
  167      64     74951     74887    112.09    111.75   0.0240637    0.142466
  168      63     75395     75332   112.085    111.25   0.0259136    0.142466
  169      64     75846     75782   112.087     112.5   0.0274361      0.1425
  170      64     76293     76229   112.085    111.75   0.0213064    0.142516
  171      64     76745     76681    112.09       113   0.0194213    0.142469
  172      64     77193     77129    112.09       112    0.533225    0.142497
  173      64     77642     77578   112.091    112.25    0.558136    0.142495
  174      64     78087     78023   112.086    111.25   0.0239004    0.142519
  175      64     78539     78475   112.091       113    0.613019    0.142478
  176      64     78986     78922   112.089    111.75    0.054318      0.1425
  177      64     79437     79373   112.093    112.75   0.0178877    0.142505
  178      64     79883     79819   112.089     111.5   0.0306958    0.142522
  179      64     80333     80269   112.091     112.5   0.0169019     0.14251
2026-07-08T18:34:26.674464+0800 min lat: 0.00719742 max lat: 0.754887 avg lat: 0.142515
  sec Cur ops   started  finished  avg MB/s  cur MB/s last lat(s)  avg lat(s)
  180      64     80779     80715   112.088     111.5   0.0217493    0.142515
  181      64     81227     81163   112.087       112   0.0299601    0.142505
  182      64     81676     81612   112.088    112.25   0.0250039    0.142495
  183      64     82126     82062    112.09     112.5    0.021456    0.142496
  184      64     82574     82510    112.09       112   0.0179639    0.142493
  185      64     83020     82956   112.087     111.5   0.0446798    0.142489
  186      64     83471     83407    112.09    112.75   0.0561037    0.142489
  187      63     83917     83854   112.088    111.75   0.0185584    0.142509
  188      64     84369     84305   112.092    112.75   0.0456109      0.1425
  189      63     84819     84756   112.095    112.75   0.0179968    0.142511
  190      64     85266     85202   112.092     111.5   0.0194877    0.142513
  191      64     85713     85649    112.09    111.75   0.0380361    0.142498
  192      64     86163     86099   112.092     112.5    0.563693    0.142501
  193      64     86610     86546    112.09    111.75   0.0295064    0.142528
  194      64     87061     86997   112.093    112.75    0.501499    0.142521
  195      64     87509     87445   112.093       112    0.025596    0.142498
  196      64     87958     87894   112.094    112.25   0.0192974    0.142513
  197      64     88404     88340    112.09     111.5    0.508834    0.142522
  198      64     88851     88787   112.089    111.75   0.0155741    0.142522
  199      64     89303     89239   112.093       113    0.523302    0.142525
2026-07-08T18:34:46.677222+0800 min lat: 0.00719742 max lat: 0.754887 avg lat: 0.142522
  sec Cur ops   started  finished  avg MB/s  cur MB/s last lat(s)  avg lat(s)
  200      64     89752     89688   112.094    112.25    0.534057    0.142522
  201      64     90199     90135   112.092    111.75    0.466199    0.142528
  202      64     90648     90584   112.093    112.25   0.0199347    0.142505
  203      64     91095     91031   112.091    111.75   0.0265337    0.142511
  204      64     91542     91478   112.089    111.75   0.0209401    0.142522
  205      64     91995     91931   112.095    113.25    0.503824    0.142531
  206      64     92442     92378   112.093    111.75   0.0179324    0.142527
  207      64     92890     92826   112.093       112   0.0320598    0.142522
  208      64     93336     93272    112.09     111.5   0.0233808    0.142514
  209      64     93788     93724   112.094       113   0.0229773    0.142512
  210      64     94235     94171   112.092    111.75   0.0166887    0.142514
  211      64     94685     94621   112.094     112.5   0.0197387    0.142516
  212      64     95131     95067   112.091     111.5   0.0251807    0.142505
  213      64     95583     95519   112.095       113    0.399062    0.142556
  214      64     96027     95963    112.09       111   0.0477337    0.142502
  215      64     96477     96413   112.092     112.5   0.0419197    0.142522
  216      64     96927     96863   112.094     112.5   0.0672552    0.142515
  217      64     97377     97313   112.096     112.5   0.0378375    0.142527
  218      64     97823     97759   112.093     111.5   0.0184677    0.142512
  219      64     98272     98208   112.094    112.25   0.0179461     0.14254
2026-07-08T18:35:06.679954+0800 min lat: 0.00719742 max lat: 0.754887 avg lat: 0.142527
  sec Cur ops   started  finished  avg MB/s  cur MB/s last lat(s)  avg lat(s)
  220      64     98722     98658   112.095     112.5   0.0237358    0.142527
  221      64     99168     99104   112.093     111.5   0.0499547    0.142537
  222      64     99619     99555   112.095    112.75   0.0215417    0.142536
  223      64    100068    100004   112.096    112.25    0.023279    0.142558
  224      64    100517    100453   112.097    112.25   0.0191197    0.142508
  225      64    100963    100899   112.094     111.5    0.563653    0.142534
  226      64    101413    101349   112.096     112.5   0.0255844     0.14251
  227      64    101858    101794   112.092    111.25    0.035463    0.142549
  228      64    102309    102245   112.095    112.75    0.036373    0.142542
  229      64    102759    102695   112.096     112.5   0.0543969    0.142537
  230      64    103207    103143   112.096       112   0.0159295    0.142524
  231      64    103654    103590   112.094    111.75    0.013975    0.142529
  232      64    104104    104040   112.096     112.5   0.0381494    0.142528
  233      64    104553    104489   112.097    112.25   0.0330332    0.142531
  234      64    105002    104938   112.097    112.25    0.719145    0.142515
  235      64    105450    105386   112.097       112   0.0217121    0.142533
  236      64    105895    105831   112.093    111.25   0.0219504    0.142522
  237      64    106344    106280   112.094    112.25   0.0199059    0.142549
  238      64    106791    106727   112.092    111.75   0.0279707    0.142543
  239      64    107242    107178   112.095    112.75   0.0161304    0.142537
2026-07-08T18:35:26.682823+0800 min lat: 0.00719742 max lat: 0.754887 avg lat: 0.142546
  sec Cur ops   started  finished  avg MB/s  cur MB/s last lat(s)  avg lat(s)
  240      64    107689    107625   112.093    111.75   0.0152638    0.142546
  241      64    108139    108075   112.095     112.5   0.0304225     0.14256
  242      64    108586    108522   112.093    111.75    0.012859    0.142538
  243      64    109035    108971   112.094    112.25   0.0229112    0.142535
  244      64    109483    109419   112.094       112   0.0785542    0.142554
  245      64    109933    109869   112.095     112.5   0.0513499    0.142541
  246      64    110381    110317   112.095       112  0.00853276    0.142554
  247      64    110829    110765   112.094       112    0.553099    0.142544
  248      64    111276    111212   112.093    111.75   0.0254675    0.142548
  249      64    111724    111660   112.092       112    0.525827    0.142564
  250      64    112175    112111   112.095    112.75    0.552851    0.142557
  251      64    112625    112561   112.097     112.5    0.495034    0.142557
  252      64    113072    113008   112.095    111.75   0.0109443    0.142555
  253      64    113516    113452   112.091       111   0.0305853    0.142545
  254      64    113967    113903   112.093    112.75   0.0581617    0.142544
  255      64    114415    114351   112.093       112   0.0233035     0.14254
  256      64    114867    114803   112.096       113     0.51969    0.142563
  257      64    115314    115250   112.095    111.75   0.0421424    0.142556
  258      64    115764    115700   112.096     112.5   0.0205853    0.142557
  259      64    116208    116144   112.092       111    0.570037    0.142551
2026-07-08T18:35:46.685495+0800 min lat: 0.00719742 max lat: 0.754887 avg lat: 0.142565
  sec Cur ops   started  finished  avg MB/s  cur MB/s last lat(s)  avg lat(s)
  260      64    116657    116593   112.093    112.25   0.0406829    0.142565
  261      64    117107    117043   112.094     112.5    0.516329    0.142559
  262      64    117556    117492   112.095    112.25    0.520787    0.142562
  263      64    118005    117941   112.095    112.25    0.502811    0.142571
  264      64    118453    118389   112.095       112    0.646476    0.142561
  265      64    118901    118837   112.094       112     0.58628    0.142563
  266      64    119350    119286   112.095    112.25     0.56642    0.142539
  267      64    119799    119735   112.095    112.25    0.545577     0.14256
  268      64    120247    120183   112.095       112    0.492321    0.142575
  269      64    120697    120633   112.097     112.5   0.0201178    0.142568
  270      64    121142    121078   112.093    111.25   0.0180652    0.142545
  271      64    121591    121527   112.094    112.25    0.029428    0.142559
  272      64    122039    121975   112.093       112    0.535748    0.142558
  273      64    122490    122426   112.096    112.75      0.4607    0.142574
  274      64    122936    122872   112.094     111.5    0.636137    0.142547
  275      64    123386    123322   112.095     112.5   0.0865116    0.142562
  276      64    123831    123767   112.092    111.25   0.0250375    0.142567
  277      64    124282    124218   112.094    112.75   0.0123539     0.14255
  278      64    124731    124667   112.095    112.25     0.02225    0.142553
  279      64    125179    125115   112.094       112   0.0231831    0.142549
2026-07-08T18:36:06.688311+0800 min lat: 0.00719742 max lat: 0.754887 avg lat: 0.142561
  sec Cur ops   started  finished  avg MB/s  cur MB/s last lat(s)  avg lat(s)
  280      64    125629    125565   112.096     112.5   0.0177362    0.142561
  281      64    126076    126012   112.094    111.75   0.0261775    0.142556
  282      64    126525    126461   112.095    112.25    0.598721    0.142559
  283      64    126972    126908   112.094    111.75    0.407986     0.14259
  284      64    127423    127359   112.096    112.75   0.0802532    0.142551
  285      64    127870    127806   112.095    111.75    0.028573    0.142578
  286      64    128320    128256   112.096     112.5   0.0310938    0.142568
  287      64    128768    128704   112.096       112   0.0404961    0.142559
  288      64    129216    129152   112.095       112    0.581297    0.142572
  289      64    129664    129600   112.095       112   0.0372865    0.142571
  290      64    130116    130052   112.098       113   0.0274131    0.142561
  291      64    130563    130499   112.097    111.75   0.0230088    0.142574
  292      64    131010    130946   112.095    111.75    0.602536    0.142559
  293      64    131459    131395   112.096    112.25   0.0324144    0.142562
  294      64    131908    131844   112.096    112.25   0.0220744     0.14257
  295      64    132358    132294   112.098     112.5   0.0137412    0.142579
  296      64    132807    132743   112.098    112.25    0.021222    0.142559
  297      64    133255    133191   112.098       112   0.0235168    0.142562
  298      64    133703    133639   112.097       112   0.0206839    0.142573
  299      64    134150    134086   112.096    111.75   0.0302894    0.142558
2026-07-08T18:36:26.691018+0800 min lat: 0.00719742 max lat: 0.754887 avg lat: 0.142604
  sec Cur ops   started  finished  avg MB/s  cur MB/s last lat(s)  avg lat(s)
  300      45    134581    134536   112.097     112.5    0.437286    0.142604
Total time run:       300.14
Total reads made:     134581
Read size:            262144
Object size:          262144
Bandwidth (MB/sec):   112.098
Average IOPS:         448
Stddev IOPS:          2.44563
Max IOPS:             453
Min IOPS:             440
Average Latency(s):   0.142646
Max latency(s):       0.754887
Min latency(s):       0.00719742
