hints = 1
Maintaining 64 concurrent writes of 262144 bytes to objects of size 262144 for up to 300 seconds or 0 objects
Object prefix: benchmark_data_tikv-node_1791585
  sec Cur ops   started  finished  avg MB/s  cur MB/s last lat(s)  avg lat(s)
    0       0         0         0         0         0           -           0
    1      64       507       443   110.739    110.75   0.0291369    0.126721
    2      64       956       892   111.486    112.25   0.0542848    0.133081
    3      64      1405      1341   111.735    112.25    0.220303    0.135138
    4      64      1854      1790    111.86    112.25    0.517387    0.136616
    5      64      2299      2235   111.735    111.25    0.173422    0.140396
    6      63      2747      2684   111.819    112.25   0.0811069    0.140181
    7      64      3199      3135    111.95    112.75   0.0258744    0.140116
    8      64      3648      3584   111.985    112.25   0.0849117    0.140199
    9      64      4095      4031   111.957    111.75    0.283448    0.140799
   10      64      4545      4481    112.01     112.5    0.149458    0.140969
   11      64      4992      4928   111.984    111.75    0.101412    0.141298
   12      64      5441      5377   112.006    112.25    0.157462    0.141621
   13      64      5891      5827   112.043     112.5    0.072683    0.141628
   14      64      6338      6274    112.02    111.75    0.260982    0.141734
   15      64      6788      6724   112.051     112.5   0.0322393    0.140883
   16      64      7239      7175   112.094    112.75     0.49901    0.140881
   17      64      7690      7626   112.132    112.75    0.522854    0.141019
   18      64      8136      8072   112.096     111.5   0.0652947     0.14146
   19      63      8586      8523   112.129    112.75   0.0355826    0.141664
2026-07-08T17:16:49.436260+0800 min lat: 0.0114448 max lat: 0.620024 avg lat: 0.141415
  sec Cur ops   started  finished  avg MB/s  cur MB/s last lat(s)  avg lat(s)
   20      64      9037      8973   112.147     112.5     0.04412    0.141415
   21      64      9488      9424   112.175    112.75    0.083335    0.141449
   22      64      9934      9870   112.143     111.5    0.474826    0.141397
   23      64     10382     10318   112.137       112    0.437466    0.141714
   24      64     10831     10767    112.14    112.25   0.0362648    0.141861
   25      64     11283     11219   112.174       113    0.043405     0.14185
   26      64     11733     11669   112.186     112.5    0.430234    0.141881
   27      64     12182     12118   112.188    112.25    0.096482    0.141996
   28      64     12629     12565   112.172    111.75   0.0236103    0.141768
   29      64     13074     13010   112.139    111.25   0.0227708    0.141937
   30      64     13523     13459   112.143    112.25    0.081904    0.142109
   31      64     13972     13908   112.146    112.25   0.0713736    0.141933
   32      64     14422     14358   112.156     112.5    0.105507    0.142066
   33      64     14870     14806   112.151       112   0.0293869    0.141937
   34      64     15319     15255   112.153    112.25    0.227047    0.142202
   35      64     15769     15705   112.163     112.5    0.276015    0.142157
   36      64     16216     16152   112.151    111.75    0.411044    0.142081
   37      64     16664     16600   112.146       112   0.0379178    0.142265
   38      64     17111     17047   112.136    111.75   0.0194615    0.142128
   39      64     17559     17495   112.132       112    0.442058    0.142123
2026-07-08T17:17:09.438965+0800 min lat: 0.0114448 max lat: 0.620024 avg lat: 0.142225
  sec Cur ops   started  finished  avg MB/s  cur MB/s last lat(s)  avg lat(s)
   40      64     18009     17945   112.141     112.5   0.0830258    0.142225
   41      64     18462     18398   112.168    113.25     0.12898    0.142248
   42      64     18908     18844   112.151     111.5   0.0476791    0.142131
   43      64     19356     19292   112.147       112   0.0250394     0.14212
   44      64     19802     19738   112.132     111.5    0.445553    0.142081
   45      64     20251     20187   112.134    112.25   0.0205464     0.14218
   46      64     20700     20636   112.137    112.25   0.0584659    0.142296
   47      64     21149     21085   112.139    112.25    0.127216    0.142386
   48      64     21600     21536   112.151    112.75    0.026588    0.142253
   49      64     22049     21985   112.153    112.25    0.108492    0.142229
   50      64     22499     22435   112.159     112.5    0.166019    0.142324
   51      64     22945     22881   112.146     111.5    0.107915    0.142405
   52      64     23393     23329   112.143       112   0.0251575    0.142374
   53      64     23843     23779   112.149     112.5   0.0699382    0.142381
   54      64     24290     24226   112.142    111.75    0.107781    0.142378
   55      64     24737     24673   112.134    111.75   0.0349777    0.142276
   56      64     25187     25123   112.141     112.5   0.0561172    0.142306
   57      64     25636     25572   112.142    112.25    0.155003    0.142353
   58      64     26087     26023   112.152    112.75    0.401729    0.142334
   59      64     26537     26473   112.158     112.5   0.0479821     0.14226
2026-07-08T17:17:29.441874+0800 min lat: 0.0114448 max lat: 0.620024 avg lat: 0.142257
  sec Cur ops   started  finished  avg MB/s  cur MB/s last lat(s)  avg lat(s)
   60      64     26985     26921   112.155       112    0.419728    0.142257
   61      64     27434     27370   112.156    112.25   0.0975219    0.142295
   62      64     27884     27820   112.162     112.5   0.0317586    0.142218
   63      64     28336     28272   112.175       113   0.0814681    0.142338
   64      64     28782     28718   112.164     111.5    0.329341    0.142348
   65      64     29227     29163    112.15    111.25    0.106385    0.142295
   66      64     29671     29607   112.132       111   0.0407235     0.14233
   67      64     30117     30053   112.122     111.5    0.421003    0.142335
   68      64     30565     30501    112.12       112   0.0378564    0.142361
   69      64     31017     30953   112.133       113     0.26923    0.142411
   70      64     31466     31402   112.134    112.25    0.283596    0.142448
   71      64     31917     31853   112.143    112.75   0.0375602      0.1424
   72      64     32368     32304   112.151    112.75    0.444455    0.142348
   73      64     32818     32754   112.155     112.5    0.511178    0.142265
   74      64     33267     33203   112.157    112.25    0.483966     0.14233
   75      64     33715     33651   112.154       112    0.467373     0.14233
   76      64     34166     34102   112.162    112.75    0.106454    0.142351
   77      64     34615     34551   112.163    112.25   0.0445994    0.142361
   78      64     35064     35000   112.164    112.25    0.516054      0.1423
   79      64     35510     35446   112.155     111.5    0.406313    0.142343
2026-07-08T17:17:49.444628+0800 min lat: 0.0114448 max lat: 0.620024 avg lat: 0.142346
  sec Cur ops   started  finished  avg MB/s  cur MB/s last lat(s)  avg lat(s)
   80      64     35962     35898   112.166       113   0.0764628    0.142346
   81      64     36410     36346   112.163       112    0.390828    0.142403
   82      64     36862     36798   112.173       113    0.279637    0.142427
   83      64     37312     37248   112.177     112.5     0.12111    0.142418
   84      64     37763     37699   112.184    112.75     0.37848    0.142416
   85      64     38215     38151   112.193       113    0.168401    0.142437
   86      64     38667     38603   112.202       113   0.0434863     0.14239
   87      64     39117     39053   112.206     112.5    0.432215    0.142335
   88      63     39562     39499   112.197     111.5   0.0183786    0.142303
   89      64     40010     39946   112.192    111.75   0.0358672    0.142301
   90      64     40457     40393   112.187    111.75   0.0188838    0.142274
   91      64     40908     40844   112.193    112.75    0.485682    0.142334
   92      64     41357     41293   112.194    112.25   0.0837432    0.142372
   93      64     41796     41732   112.167    109.75    0.457132    0.142393
   94      64     42246     42182    112.17     112.5   0.0540703    0.142378
   95      64     42696     42632   112.174     112.5   0.0291786    0.142353
   96      64     43142     43078   112.167     111.5   0.0329705    0.142361
   97      64     43591     43527   112.167    112.25    0.055787    0.142299
   98      64     44038     43974   112.163    111.75    0.376528     0.14245
   99      64     44490     44426   112.171       113   0.0222049    0.142443
2026-07-08T17:18:09.447459+0800 min lat: 0.010787 max lat: 0.620024 avg lat: 0.142327
  sec Cur ops   started  finished  avg MB/s  cur MB/s last lat(s)  avg lat(s)
  100      64     44936     44872   112.164     111.5   0.0158398    0.142327
  101      64     45384     45320   112.163       112   0.0128405    0.142334
  102      64     45831     45767   112.158    111.75    0.109926    0.142391
  103      64     46279     46215   112.157       112   0.0270119     0.14241
  104      64     46729     46665    112.16     112.5    0.428307    0.142423
  105      64     47179     47115   112.163     112.5   0.0350509    0.142415
  106      64     47627     47563   112.161       112   0.0511107    0.142488
  107      64     48073     48009   112.155     111.5    0.065755    0.142498
  108      64     48523     48459   112.158     112.5   0.0514566     0.14246
  109      64     48972     48908   112.159    112.25    0.029251    0.142418
  110      64     49421     49357   112.159    112.25    0.112942    0.142438
  111      64     49870     49806    112.16    112.25    0.346421    0.142486
  112      64     50320     50256   112.163     112.5    0.420517    0.142422
  113      64     50768     50704   112.161       112   0.0414931    0.142431
  114      64     51219     51155   112.166    112.75   0.0328078    0.142414
  115      64     51666     51602   112.163    111.75   0.0260019     0.14235
  116      64     52117     52053   112.167    112.75    0.371807    0.142471
  117      63     52564     52501   112.166       112    0.068809    0.142395
  118      64     53012     52948   112.162    111.75     0.11312    0.142423
  119      64     53464     53400   112.169       113   0.0478946    0.142456
2026-07-08T17:18:29.450235+0800 min lat: 0.0107823 max lat: 0.620024 avg lat: 0.142426
  sec Cur ops   started  finished  avg MB/s  cur MB/s last lat(s)  avg lat(s)
  120      64     53912     53848   112.168       112   0.0791205    0.142426
  121      64     54362     54298    112.17     112.5    0.436154    0.142449
  122      64     54807     54743   112.163    111.25   0.0180398    0.142411
  123      64     55245     55181   112.141     109.5   0.0872941    0.142515
  124      64     55697     55633   112.148       113   0.0440466    0.142471
  125      64     56147     56083    112.15     112.5   0.0337949    0.142522
  126      64     56597     56533   112.153     112.5    0.380019    0.142502
  127      64     57047     56983   112.156     112.5   0.0734636    0.142466
  128      64     57497     57433   112.158     112.5    0.139752     0.14246
  129      64     57945     57881   112.157       112     0.14602     0.14252
  130      64     58394     58330   112.157    112.25     0.26294     0.14254
  131      64     58841     58777   112.154    111.75    0.118292    0.142477
  132      64     59291     59227   112.157     112.5   0.0324385    0.142494
  133      64     59742     59678   112.161    112.75    0.281707    0.142524
  134      63     60192     60129   112.165    112.75   0.0717841    0.142544
  135      64     60641     60577   112.164       112    0.343374     0.14251
  136      64     61087     61023   112.159     111.5   0.0317424    0.142516
  137      64     61532     61468   112.152    111.25   0.0179527    0.142438
  138      64     61980     61916   112.151       112   0.0257914    0.142466
  139      64     62427     62363   112.148    111.75    0.108734    0.142516
2026-07-08T17:18:49.453209+0800 min lat: 0.0107823 max lat: 0.620024 avg lat: 0.142463
  sec Cur ops   started  finished  avg MB/s  cur MB/s last lat(s)  avg lat(s)
  140      64     62877     62813    112.15     112.5    0.468794    0.142463
  141      64     63326     63262   112.151    112.25   0.0522798    0.142473
  142      64     63775     63711   112.151    112.25    0.111101    0.142481
  143      64     64224     64160   112.152    112.25   0.0678601    0.142481
  144      64     64673     64609   112.153    112.25   0.0489485    0.142517
  145      64     65125     65061   112.158       113   0.0216089     0.14254
  146      64     65575     65511   112.161     112.5      0.1562    0.142514
  147      64     66022     65958   112.158    111.75    0.355059    0.142528
  148      64     66468     66404   112.153     111.5     0.43367    0.142498
  149      64     66917     66853   112.154    112.25    0.421698     0.14252
  150      64     67367     67303   112.156     112.5   0.0679437    0.142486
  151      64     67817     67753   112.158     112.5   0.0708221    0.142532
  152      64     68267     68203    112.16     112.5   0.0228414    0.142489
  153      64     68717     68653   112.162     112.5   0.0310634    0.142495
  154      64     69167     69103   112.164     112.5   0.0392884     0.14246
  155      64     69615     69551   112.163       112   0.0221782    0.142475
  156      64     70063     69999   112.162       112   0.0218852    0.142497
  157      64     70512     70448   112.163    112.25    0.136885    0.142508
  158      64     70960     70896   112.161       112    0.450593    0.142518
  159      64     71410     71346   112.163     112.5   0.0668935    0.142493
2026-07-08T17:19:09.455967+0800 min lat: 0.0107823 max lat: 0.620024 avg lat: 0.142482
  sec Cur ops   started  finished  avg MB/s  cur MB/s last lat(s)  avg lat(s)
  160      64     71859     71795   112.164    112.25    0.148755    0.142482
  161      64     72304     72240   112.158    111.25   0.0833009     0.14248
  162      64     72755     72691   112.162    112.75    0.096179    0.142518
  163      64     73205     73141   112.164     112.5   0.0549521      0.1425
  164      64     73654     73590   112.164    112.25   0.0989522    0.142502
  165      64     74104     74040   112.166     112.5   0.0295993    0.142471
  166      64     74551     74487   112.163    111.75   0.0587036     0.14245
  167      64     75000     74936   112.164    112.25    0.487769    0.142473
  168      64     75444     75380   112.157       111   0.0167146    0.142454
  169      64     75893     75829   112.157    112.25    0.534095    0.142469
  170      64     76341     76277   112.156       112    0.014905    0.142518
  171      64     76788     76724   112.154    111.75   0.0467236    0.142487
  172      64     77235     77171   112.151    111.75   0.0938029    0.142483
  173      64     77683     77619    112.15       112    0.018026    0.142473
  174      64     78131     78067   112.149       112   0.0462775    0.142498
  175      64     78578     78514   112.147    111.75   0.0279454    0.142511
  176      64     79024     78960   112.143     111.5   0.0430718    0.142547
  177      64     79472     79408   112.142       112    0.326987    0.142571
  178      64     79921     79857   112.143    112.25   0.0206352    0.142583
  179      64     80372     80308   112.146    112.75    0.413406    0.142549
2026-07-08T17:19:29.458822+0800 min lat: 0.0107823 max lat: 0.629639 avg lat: 0.142542
  sec Cur ops   started  finished  avg MB/s  cur MB/s last lat(s)  avg lat(s)
  180      64     80820     80756   112.145       112   0.0568244    0.142542
  181      64     81267     81203   112.143    111.75   0.0363037    0.142559
  182      64     81716     81652   112.144    112.25   0.0116772     0.14249
  183      64     82162     82098    112.14     111.5   0.0410152    0.142504
  184      64     82610     82546   112.139       112   0.0564716    0.142535
  185      64     83053     82989   112.132    110.75    0.529344    0.142529
  186      64     83504     83440   112.135    112.75    0.036066    0.142529
  187      64     83950     83886   112.131     111.5   0.0180975    0.142545
  188      63     84400     84337   112.135    112.75   0.0189921    0.142556
  189      64     84849     84785   112.134       112   0.0285163    0.142496
  190      64     85296     85232   112.132    111.75    0.018701    0.142532
  191      64     85743     85679   112.129    111.75   0.0157436    0.142545
  192      64     86186     86122   112.122    110.75    0.451959    0.142574
  193      64     86636     86572   112.124     112.5    0.160544    0.142584
  194      64     87084     87020   112.123       112     0.25175    0.142591
  195      64     87531     87467   112.121    111.75    0.263621    0.142606
  196      64     87974     87910   112.114    110.75   0.0511372    0.142572
  197      64     88420     88356   112.111     111.5   0.0213345    0.142582
  198      64     88870     88806   112.113     112.5   0.0352757    0.142561
  199      64     89318     89254   112.112       112   0.0213781    0.142554
2026-07-08T17:19:49.461591+0800 min lat: 0.0104087 max lat: 0.629639 avg lat: 0.142544
  sec Cur ops   started  finished  avg MB/s  cur MB/s last lat(s)  avg lat(s)
  200      64     89766     89702   112.112       112   0.0615216    0.142544
  201      64     90211     90147   112.107    111.25   0.0123517     0.14256
  202      64     90659     90595   112.107       112   0.0117793    0.142568
  203      64     91106     91042   112.105    111.75   0.0227535    0.142575
  204      64     91554     91490   112.104       112   0.0328178    0.142602
  205      64     92003     91939   112.105    112.25    0.338051    0.142625
  206      64     92452     92388   112.106    112.25    0.103478    0.142627
  207      64     92901     92837   112.106    112.25   0.0918208    0.142619
  208      64     93350     93286   112.107    112.25    0.160714    0.142601
  209      64     93798     93734   112.106       112    0.357518    0.142627
  210      64     94249     94185   112.109    112.75   0.0632553    0.142627
  211      64     94698     94634    112.11    112.25    0.014333    0.142591
  212      64     95145     95081   112.108    111.75   0.0455983    0.142564
  213      64     95590     95526   112.104    111.25    0.503235    0.142565
  214      64     96036     95972   112.101     111.5   0.0746196     0.14259
  215      64     96482     96418   112.098     111.5    0.468181    0.142622
  216      64     96927     96863   112.094    111.25    0.045411    0.142606
  217      64     97376     97312   112.095    112.25   0.0346911    0.142621
  218      64     97824     97760   112.094       112   0.0137975    0.142614
  219      64     98273     98209   112.095    112.25   0.0291251    0.142627
2026-07-08T17:20:09.464623+0800 min lat: 0.0104087 max lat: 0.629639 avg lat: 0.142645
  sec Cur ops   started  finished  avg MB/s  cur MB/s last lat(s)  avg lat(s)
  220      64     98721     98657   112.094       112    0.193143    0.142645
  221      64     99172     99108   112.097    112.75    0.307267     0.14266
  222      64     99618     99554   112.094     111.5   0.0571366    0.142651
  223      64    100066    100002   112.094       112    0.166837    0.142679
  224      64    100510    100446   112.089       111   0.0241057    0.142656
  225      64    100957    100893   112.087    111.75    0.481555    0.142612
  226      64    101405    101341   112.087       112    0.049198    0.142625
  227      64    101855    101791   112.089     112.5   0.0566182    0.142651
  228      64    102305    102241    112.09     112.5    0.109058    0.142663
  229      64    102757    102693   112.094       113   0.0537466     0.14263
  230      64    103206    103142   112.095    112.25   0.0414134    0.142617
  231      64    103654    103590   112.095       112   0.0317604    0.142619
  232      64    104101    104037   112.093    111.75   0.0230634    0.142595
  233      64    104550    104486   112.094    112.25   0.0213905      0.1426
  234      64    104996    104932   112.091     111.5     0.01763    0.142588
  235      64    105444    105380    112.09       112    0.489552    0.142626
  236      64    105891    105827   112.089    111.75   0.0527277    0.142666
  237      64    106339    106275   112.089       112   0.0246597    0.142662
  238      64    106787    106723   112.088       112   0.0249865    0.142652
  239      64    107238    107174   112.091    112.75    0.360295     0.14266
2026-07-08T17:20:29.467518+0800 min lat: 0.0104087 max lat: 0.629639 avg lat: 0.142657
  sec Cur ops   started  finished  avg MB/s  cur MB/s last lat(s)  avg lat(s)
  240      64    107688    107624   112.092     112.5   0.0455803    0.142657
  241      64    108137    108073   112.093    112.25    0.135633    0.142656
  242      64    108590    108526   112.098    113.25   0.0591136    0.142668
  243      64    109038    108974   112.097       112    0.087661    0.142656
  244      64    109481    109417   112.092    110.75    0.435803    0.142637
  245      64    109933    109869   112.095       113    0.138148    0.142651
  246      64    110381    110317   112.095       112    0.413625    0.142634
  247      64    110832    110768   112.097    112.75   0.0384351    0.142645
  248      64    111278    111214   112.095     111.5    0.039319    0.142638
  249      64    111726    111662   112.095       112   0.0328785     0.14263
  250      64    112177    112113   112.097    112.75    0.118544    0.142651
  251      64    112618    112554    112.09    110.25    0.334842     0.14266
  252      64    113067    113003    112.09    112.25   0.0255133    0.142655
  253      64    113510    113446   112.085    110.75    0.432241    0.142658
  254      64    113957    113893   112.084    111.75    0.432605    0.142656
  255      64    114405    114341   112.083       112   0.0827149    0.142666
  256      64    114853    114789   112.083       112   0.0330666    0.142658
  257      64    115301    115237   112.082       112    0.131308    0.142669
  258      64    115749    115685   112.082       112   0.0270212    0.142667
  259      64    116197    116133   112.082       112    0.642217    0.142596
2026-07-08T17:20:49.470234+0800 min lat: 0.0104087 max lat: 0.704937 avg lat: 0.142671
  sec Cur ops   started  finished  avg MB/s  cur MB/s last lat(s)  avg lat(s)
  260      63    116643    116580    112.08    111.75    0.189642    0.142671
  261      64    117086    117022   112.074     110.5   0.0876539    0.142672
  262      64    117534    117470   112.074       112   0.0256112    0.142662
  263      64    117981    117917   112.073    111.75    0.362161     0.14269
  264      64    118435    118371   112.078     113.5    0.187604    0.142697
  265      64    118884    118820   112.079    112.25    0.375119    0.142685
  266      64    119333    119269   112.079    112.25    0.369022    0.142685
  267      64    119781    119717   112.079       112   0.0212213    0.142632
  268      63    120226    120163   112.077     111.5   0.0176063    0.142672
  269      64    120677    120613   112.078     112.5   0.0269915    0.142683
  270      64    121128    121064    112.08    112.75   0.0881268    0.142675
  271      64    121575    121511   112.079    111.75    0.467084    0.142673
  272      64    122022    121958   112.078    111.75   0.0265669    0.142672
  273      63    122468    122405   112.077    111.75      0.3811     0.14267
  274      64    122918    122854   112.077    112.25   0.0595504    0.142659
  275      64    123368    123304   112.079     112.5    0.290339    0.142688
  276      64    123813    123749   112.076    111.25   0.0163286    0.142676
  277      64    124260    124196   112.074    111.75    0.365809    0.142678
  278      64    124706    124642   112.072     111.5   0.0141956    0.142648
  279      64    125156    125092   112.074     112.5     0.57185     0.14264
2026-07-08T17:21:09.473053+0800 min lat: 0.0104087 max lat: 0.704937 avg lat: 0.14269
  sec Cur ops   started  finished  avg MB/s  cur MB/s last lat(s)  avg lat(s)
  280      64    125603    125539   112.073    111.75    0.239845     0.14269
  281      64    126051    125987   112.072       112    0.525577    0.142665
  282      64    126497    126433    112.07     111.5    0.305063    0.142707
  283      64    126945    126881    112.07       112    0.370526    0.142683
  284      64    127392    127328   112.069    111.75   0.0199041    0.142688
  285      64    127842    127778    112.07     112.5   0.0334487    0.142655
  286      64    128291    128227   112.071    112.25   0.0145382    0.142671
  287      64    128739    128675    112.07       112   0.0171867    0.142689
  288      64    129186    129122   112.069    111.75   0.0144594    0.142691
  289      64    129633    129569   112.068    111.75     0.38236    0.142691
  290      64    130081    130017   112.068       112    0.108919    0.142698
  291      64    130528    130464   112.067    111.75   0.0568635    0.142661
  292      64    130973    130909   112.064    111.25    0.144279    0.142705
  293      64    131415    131351   112.058     110.5    0.234675     0.14272
  294      64    131866    131802   112.061    112.75    0.104802    0.142705
  295      64    132311    132247   112.058    111.25     0.38609    0.142714
  296      64    132762    132698    112.06    112.75     0.11847    0.142719
  297      64    133211    133147   112.061    112.25     0.28342    0.142688
  298      64    133659    133595   112.061       112     0.01957    0.142685
  299      64    134109    134045   112.062     112.5   0.0223581    0.142679
2026-07-08T17:21:29.475732+0800 min lat: 0.0104087 max lat: 0.704937 avg lat: 0.142672
  sec Cur ops   started  finished  avg MB/s  cur MB/s last lat(s)  avg lat(s)
  300      42    134535    134493   112.062       112   0.0551736    0.142672
Total time run:         300.138
Total writes made:      134535
Write size:             262144
Object size:            262144
Bandwidth (MB/sec):     112.061
Stddev Bandwidth:       0.563332
Max bandwidth (MB/sec): 113.5
Min bandwidth (MB/sec): 109.5
Average IOPS:           448
Stddev IOPS:            2.25333
Max IOPS:               454
Min IOPS:               438
Average Latency(s):     0.14274
Stddev Latency(s):      0.157293
Max latency(s):         0.704937
Min latency(s):         0.0104087
