hints = 1
Maintaining 64 concurrent writes of 262144 bytes to objects of size 262144 for up to 300 seconds or 0 objects
Object prefix: benchmark_data_tikv-node_1845144
  sec Cur ops   started  finished  avg MB/s  cur MB/s last lat(s)  avg lat(s)
    0       0         0         0         0         0           -           0
    1      64       507       443   110.738    110.75   0.0232689    0.126449
    2      64       953       889    111.11     111.5   0.0882683    0.130715
    3      64      1402      1338   111.485    112.25    0.343791    0.137062
    4      64      1849      1785   111.548    111.75    0.206133    0.138546
    5      64      2297      2233   111.636       112      0.4488    0.138593
    6      64      2743      2679   111.611     111.5   0.0485794    0.139828
    7      64      3188      3124   111.557    111.25    0.175014    0.141014
    8      64      3636      3572    111.61       112   0.0193696    0.140693
    9      64      4081      4017   111.569    111.25    0.059201    0.141207
   10      64      4527      4463   111.561     111.5    0.039484    0.141037
   11      64      4975      4911   111.599       112   0.0686647    0.141456
   12      64      5425      5361   111.673     112.5   0.0172453    0.142013
   13      64      5873      5809   111.698       112   0.0356446    0.141742
   14      64      6319      6255   111.683     111.5   0.0316296    0.141985
   15      64      6765      6701   111.669     111.5   0.0240712    0.142162
   16      64      7216      7152   111.736    112.75   0.0821904    0.141838
   17      64      7664      7600   111.751       112   0.0206898    0.141546
   18      64      8116      8052   111.819       113   0.0852932    0.141885
   19      64      8563      8499   111.815    111.75   0.0225359    0.141699
2026-07-08T17:27:41.120122+0800 min lat: 0.0109974 max lat: 0.603356 avg lat: 0.142024
  sec Cur ops   started  finished  avg MB/s  cur MB/s last lat(s)  avg lat(s)
   20      64      9011      8947   111.823       112   0.0505953    0.142024
   21      64      9456      9392   111.795    111.25    0.074759    0.142095
   22      64      9908      9844   111.849       113   0.0589685    0.141996
   23      64     10356     10292   111.855       112   0.0994983    0.141863
   24      64     10804     10740    111.86       112   0.0766255    0.141908
   25      64     11253     11189   111.875    112.25   0.0570526    0.142061
   26      64     11701     11637   111.879       112   0.0300644     0.14222
   27      64     12150     12086   111.892    112.25    0.224637     0.14216
   28      64     12599     12535   111.905    112.25    0.043778     0.14215
   29      64     13047     12983   111.907       112   0.0459614    0.142337
   30      64     13498     13434   111.935    112.75    0.336099    0.142321
   31      64     13942     13878   111.904       111    0.272211    0.142384
   32      64     14390     14326   111.907       112    0.307238    0.142466
   33      64     14838     14774   111.909       112    0.248768    0.142531
   34      64     15285     15221   111.904    111.75   0.0871505    0.142591
   35      64     15735     15671    111.92     112.5   0.0933424    0.142355
   36      64     16186     16122   111.943    112.75    0.342665    0.142517
   37      64     16638     16574   111.971       113    0.192444    0.142533
   38      64     17087     17023   111.978    112.25   0.0188438    0.142478
   39      64     17540     17476   112.011    113.25   0.0196743    0.142404
2026-07-08T17:28:01.122821+0800 min lat: 0.0109974 max lat: 0.603356 avg lat: 0.142197
  sec Cur ops   started  finished  avg MB/s  cur MB/s last lat(s)  avg lat(s)
   40      64     17985     17921   111.991    111.25   0.0632464    0.142197
   41      64     18435     18371   112.003     112.5    0.111599     0.14221
   42      63     18883     18820   112.009    112.25   0.0366355    0.142153
   43      64     19330     19266   111.997     111.5   0.0191022    0.142255
   44      64     19776     19712   111.985     111.5   0.0170145    0.142274
   45      64     20225     20161   111.991    112.25    0.510579    0.142243
   46      64     20672     20608   111.985    111.75   0.0257577    0.142179
   47      64     21124     21060   112.007       113    0.487656    0.142281
   48      64     21572     21508   112.006       112   0.0324394    0.142252
   49      64     22017     21953    111.99    111.25   0.0272215    0.142195
   50      64     22466     22402   111.995    112.25   0.0296132    0.142263
   51      64     22912     22848   111.985     111.5    0.197854    0.142474
   52      64     23362     23298   111.995     112.5   0.0234587    0.142294
   53      64     23809     23745    111.99    111.75    0.464648    0.142312
   54      64     24260     24196   112.004    112.75   0.0760026    0.142391
   55      64     24708     24644   112.004       112   0.0419946    0.142351
   56      64     25156     25092   112.003       112    0.122211    0.142497
   57      64     25604     25540   112.003       112    0.146842    0.142577
   58      64     26054     25990   112.011     112.5    0.181628    0.142474
   59      64     26500     26436   112.002     111.5   0.0626496    0.142412
2026-07-08T17:28:21.125346+0800 min lat: 0.0109974 max lat: 0.604788 avg lat: 0.142502
  sec Cur ops   started  finished  avg MB/s  cur MB/s last lat(s)  avg lat(s)
   60      64     26949     26885   112.006    112.25    0.166095    0.142502
   61      64     27399     27335   112.014     112.5   0.0165876    0.142494
   62      64     27849     27785   112.022     112.5   0.0196024    0.142431
   63      64     28298     28234   112.025    112.25   0.0390982    0.142388
   64      64     28746     28682   112.024       112   0.0620331    0.142471
   65      64     29194     29130   112.024       112    0.112268    0.142478
   66      64     29640     29576   112.016     111.5   0.0305055    0.142326
   67      64     30082     30018   111.993     110.5    0.504612    0.142493
   68      64     30526     30462   111.978       111    0.437648    0.142579
   69      64     30973     30909   111.974    111.75    0.480693    0.142483
   70      64     31421     31357   111.974       112     0.39663    0.142585
   71      64     31873     31809   111.989       113   0.0379332    0.142619
   72      64     32321     32257   111.989       112   0.0617392    0.142663
   73      64     32772     32708   111.999    112.75   0.0775228    0.142501
   74      64     33220     33156   111.999       112    0.533092    0.142468
   75      64     33671     33607   112.008    112.75    0.421898    0.142575
   76      64     34119     34055   112.008       112   0.0203385     0.14258
   77      64     34565     34501   112.001     111.5   0.0213559    0.142603
   78      64     35011     34947   111.995     111.5   0.0827881    0.142569
   79      64     35459     35395   111.995       112    0.017072    0.142474
2026-07-08T17:28:41.128135+0800 min lat: 0.0109974 max lat: 0.607926 avg lat: 0.142607
  sec Cur ops   started  finished  avg MB/s  cur MB/s last lat(s)  avg lat(s)
   80      64     35906     35842   111.991    111.75     0.41896    0.142607
   81      64     36352     36288   111.985     111.5   0.0216678    0.142575
   82      64     36801     36737   111.988    112.25    0.473834    0.142616
   83      64     37254     37190   112.003    113.25   0.0714297    0.142534
   84      64     37700     37636   111.997     111.5   0.0621765     0.14248
   85      64     38151     38087   112.006    112.75   0.0258873    0.142624
   86      64     38598     38534   112.003    111.75    0.236018    0.142675
   87      64     39048     38984   112.008     112.5    0.140695    0.142701
   88      64     39497     39433   112.011    112.25    0.121074    0.142642
   89      64     39946     39882   112.013    112.25   0.0397269    0.142614
   90      64     40394     40330   112.013       112   0.0152537    0.142542
   91      64     40840     40776   112.007     111.5   0.0143009    0.142525
   92      64     41289     41225    112.01    112.25   0.0387723    0.142492
   93      64     41736     41672   112.007    111.75   0.0625646    0.142539
   94      64     42186     42122   112.012     112.5   0.0827076    0.142571
   95      64     42635     42571   112.014    112.25    0.420272    0.142574
   96      64     43084     43020   112.016    112.25   0.0606065    0.142574
   97      64     43533     43469   112.018    112.25   0.0207219    0.142509
   98      64     43981     43917   112.018       112    0.464354    0.142571
   99      64     44430     44366    112.02    112.25   0.0174895    0.142557
2026-07-08T17:29:01.130976+0800 min lat: 0.0109914 max lat: 0.607926 avg lat: 0.142512
  sec Cur ops   started  finished  avg MB/s  cur MB/s last lat(s)  avg lat(s)
  100      64     44874     44810    112.01       111   0.0618215    0.142512
  101      64     45325     45261   112.017    112.75   0.0540286    0.142578
  102      64     45773     45709   112.017       112   0.0271817    0.142538
  103      64     46221     46157   112.016       112   0.0469011     0.14254
  104      64     46669     46605   112.016       112   0.0763335    0.142564
  105      64     47118     47054   112.018    112.25   0.0406024     0.14262
  106      64     47562     47498   112.008       111    0.332921    0.142667
  107      64     48007     47943   112.001    111.25   0.0576149    0.142638
  108      64     48454     48390   111.999    111.75     0.18875    0.142682
  109      64     48902     48838   111.999       112   0.0212067    0.142681
  110      64     49350     49286   111.998       112   0.0190384    0.142647
  111      64     49798     49734   111.998       112   0.0207366    0.142704
  112      64     50247     50183       112    112.25   0.0600441    0.142694
  113      64     50693     50629   111.996     111.5    0.027942    0.142531
  114      64     51143     51079       112     112.5    0.468721    0.142608
  115      64     51591     51527       112       112    0.423495    0.142671
  116      64     52040     51976   112.002    112.25    0.281753    0.142706
  117      64     52490     52426   112.006     112.5    0.017198    0.142697
  118      64     52940     52876    112.01     112.5   0.0503282    0.142654
  119      64     53391     53327   112.016    112.75    0.354606     0.14269
2026-07-08T17:29:21.133847+0800 min lat: 0.0109914 max lat: 0.614815 avg lat: 0.14267
  sec Cur ops   started  finished  avg MB/s  cur MB/s last lat(s)  avg lat(s)
  120      64     53837     53773   112.012     111.5   0.0475895     0.14267
  121      64     54287     54223   112.016     112.5   0.0919301    0.142686
  122      64     54735     54671   112.015       112   0.0279915    0.142634
  123      64     55182     55118   112.013    111.75    0.419975     0.14268
  124      64     55628     55564   112.009     111.5    0.104773    0.142665
  125      64     56082     56018   112.021     113.5   0.0186483    0.142614
  126      64     56528     56464   112.017     111.5    0.136871    0.142658
  127      64     56974     56910   112.012     111.5   0.0141763    0.142549
  128      64     57419     57355   112.006    111.25    0.614364    0.142553
  129      64     57867     57803   112.006       112   0.0222548    0.142684
  130      64     58320     58256   112.016    113.25   0.0309018    0.142703
  131      64     58769     58705   112.017    112.25   0.0296937    0.142684
  132      64     59216     59152   112.015    111.75    0.176479    0.142732
  133      64     59664     59600   112.015       112    0.174527    0.142719
  134      64     60111     60047   112.013    111.75    0.257598    0.142686
  135      64     60558     60494   112.011    111.75    0.324463    0.142713
  136      64     61007     60943   112.012    112.25    0.212532    0.142711
  137      64     61454     61390    112.01    111.75    0.039051    0.142671
  138      64     61899     61835   112.005    111.25   0.0246984     0.14264
  139      64     62350     62286    112.01    112.75   0.0576005     0.14264
2026-07-08T17:29:41.136663+0800 min lat: 0.0109914 max lat: 0.680882 avg lat: 0.142648
  sec Cur ops   started  finished  avg MB/s  cur MB/s last lat(s)  avg lat(s)
  140      64     62799     62735   112.011    112.25    0.075077    0.142648
  141      64     63248     63184   112.013    112.25    0.498832     0.14265
  142      64     63696     63632   112.013       112   0.0968962    0.142668
  143      64     64140     64076   112.006       111   0.0858461    0.142673
  144      64     64582     64518   111.995     110.5      0.1992    0.142713
  145      64     65032     64968   111.998     112.5    0.426244    0.142726
  146      64     65480     65416   111.998       112    0.462699    0.142704
  147      64     65927     65863   111.997    111.75   0.0875252     0.14269
  148      64     66374     66310   111.995    111.75   0.0594421    0.142735
  149      64     66823     66759   111.996    112.25    0.108822    0.142733
  150      64     67271     67207   111.996       112   0.0801911    0.142712
  151      64     67722     67658   112.001    112.75   0.0143959    0.142618
  152      64     68170     68106   112.001       112   0.0512462    0.142702
  153      64     68618     68554   112.001       112   0.0332542    0.142674
  154      64     69063     68999   111.996    111.25   0.0220208    0.142677
  155      64     69507     69443   111.989       111    0.426453    0.142724
  156      64     69956     69892   111.991    112.25   0.0747212    0.142714
  157      64     70402     70338   111.988     111.5     0.62854    0.142674
  158      64     70850     70786   111.988       112   0.0425145    0.142697
  159      64     71300     71236   111.991     112.5    0.393389    0.142744
2026-07-08T17:30:01.139482+0800 min lat: 0.0109914 max lat: 0.700909 avg lat: 0.142723
  sec Cur ops   started  finished  avg MB/s  cur MB/s last lat(s)  avg lat(s)
  160      64     71749     71685   111.992    112.25    0.159514    0.142723
  161      64     72198     72134   111.994    112.25   0.0442876    0.142729
  162      64     72648     72584   111.997     112.5   0.0166671    0.142692
  163      64     73095     73031   111.995    111.75     0.52545    0.142675
  164      64     73542     73478   111.994    111.75    0.113313    0.142707
  165      64     73987     73923   111.989    111.25   0.0740616    0.142763
  166      64     74436     74372   111.991    112.25    0.425414     0.14272
  167      64     74883     74819   111.989    111.75   0.0632935    0.142701
  168      64     75332     75268   111.991    112.25   0.0533691    0.142735
  169      64     75779     75715   111.989    111.75   0.0849469    0.142728
  170      64     76228     76164    111.99    112.25    0.253046    0.142762
  171      64     76679     76615   111.995    112.75   0.0368931    0.142729
  172      64     77129     77065   111.998     112.5    0.139786    0.142754
  173      64     77579     77515       112     112.5   0.0741682    0.142716
  174      64     78028     77964   112.002    112.25    0.507235     0.14268
  175      64     78477     78413   112.003    112.25   0.0639971    0.142713
  176      64     78926     78862   112.004    112.25    0.495745    0.142707
  177      63     79372     79309   112.003    111.75     0.02253    0.142723
  178      64     79817     79753   111.997       111    0.162323    0.142749
  179      64     80265     80201   111.997       112    0.224949    0.142782
2026-07-08T17:30:21.142305+0800 min lat: 0.0109914 max lat: 0.700909 avg lat: 0.142718
  sec Cur ops   started  finished  avg MB/s  cur MB/s last lat(s)  avg lat(s)
  180      64     80713     80649   111.997       112    0.015219    0.142718
  181      64     81161     81097   111.997       112   0.0534721    0.142744
  182      64     81604     81540    111.99    110.75   0.0604369    0.142677
  183      64     82055     81991   111.994    112.75   0.0155573    0.142646
  184      64     82503     82439   111.994       112   0.0186368    0.142679
  185      64     82951     82887   111.994       112   0.0841495    0.142678
  186      64     83398     83334   111.993    111.75    0.403437    0.142745
  187      64     83843     83779   111.989    111.25    0.135382    0.142764
  188      64     84292     84228    111.99    112.25    0.234305    0.142767
  189      64     84741     84677   111.991    112.25   0.0150479    0.142733
  190      64     85189     85125   111.991       112   0.0535203    0.142768
  191      64     85632     85568   111.985    110.75   0.0229123    0.142734
  192      64     86079     86015   111.983    111.75    0.512006    0.142716
  193      64     86524     86460   111.979    111.25   0.0942971    0.142742
  194      64     86972     86908   111.979       112    0.516701    0.142698
  195      64     87418     87354   111.977     111.5   0.0394009     0.14278
  196      64     87868     87804   111.979     112.5   0.0196423    0.142749
  197      64     88316     88252   111.979       112    0.397332    0.142769
  198      64     88766     88702   111.982     112.5   0.0386445     0.14273
  199      64     89213     89149   111.981    111.75    0.548317    0.142714
2026-07-08T17:30:41.145145+0800 min lat: 0.0109394 max lat: 0.700909 avg lat: 0.142718
  sec Cur ops   started  finished  avg MB/s  cur MB/s last lat(s)  avg lat(s)
  200      64     89659     89595   111.978     111.5   0.0359459    0.142718
  201      64     90104     90040   111.975    111.25   0.0321812    0.142775
  202      64     90551     90487   111.973    111.75    0.312975    0.142802
  203      64     91002     90938   111.977    112.75   0.0572811    0.142789
  204      64     91452     91388    111.98     112.5    0.144996    0.142773
  205      64     91897     91833   111.976    111.25   0.0835377    0.142778
  206      64     92348     92284    111.98    112.75    0.147724    0.142767
  207      64     92795     92731   111.978    111.75   0.0249539      0.1427
  208      64     93243     93179   111.979       112    0.575254    0.142712
  209      64     93691     93627   111.979       112    0.471973    0.142785
  210      64     94136     94072   111.975    111.25   0.0656012     0.14278
  211      64     94588     94524    111.98       113    0.188776    0.142804
  212      64     95036     94972    111.98       112   0.0479793    0.142756
  213      64     95487     95423   111.983    112.75   0.0477167    0.142747
  214      64     95935     95871   111.983       112    0.296741    0.142771
  215      64     96381     96317   111.981     111.5   0.0165953    0.142773
  216      64     96826     96762   111.978    111.25   0.0255373    0.142739
  217      64     97272     97208   111.975     111.5   0.0229788    0.142717
  218      64     97717     97653   111.972    111.25    0.029581     0.14279
  219      64     98162     98098   111.969    111.25    0.257726    0.142823
2026-07-08T17:31:01.147924+0800 min lat: 0.010865 max lat: 0.700909 avg lat: 0.142769
  sec Cur ops   started  finished  avg MB/s  cur MB/s last lat(s)  avg lat(s)
  220      64     98610     98546   111.969       112   0.0194693    0.142769
  221      64     99059     98995    111.97    112.25   0.0965455    0.142779
  222      64     99510     99446   111.973    112.75    0.407856    0.142781
  223      64     99955     99891    111.97    111.25    0.385037    0.142778
  224      64    100401    100337   111.968     111.5    0.492075    0.142759
  225      64    100850    100786   111.969    112.25    0.405326    0.142794
  226      64    101298    101234   111.969       112   0.0675522    0.142802
  227      64    101746    101682   111.969       112    0.019206    0.142795
  228      64    102191    102127   111.966    111.25   0.0367978    0.142774
  229      64    102638    102574   111.965    111.75   0.0821933    0.142758
  230      64    103083    103019   111.962    111.25      0.2823    0.142829
  231      64    103531    103467   111.962       112   0.0390947    0.142797
  232      64    103981    103917   111.964     112.5    0.315022    0.142813
  233      64    104428    104364   111.963    111.75    0.486719    0.142778
  234      64    104875    104811   111.962    111.75    0.520054    0.142759
  235      64    105319    105255   111.958       111   0.0559949    0.142779
  236      64    105768    105704   111.959    112.25    0.086917     0.14278
  237      64    106216    106152   111.959       112    0.278684    0.142842
  238      64    106662    106598   111.957     111.5    0.246617    0.142821
  239      64    107108    107044   111.955     111.5   0.0280731    0.142791
2026-07-08T17:31:21.150897+0800 min lat: 0.010865 max lat: 0.700909 avg lat: 0.142842
  sec Cur ops   started  finished  avg MB/s  cur MB/s last lat(s)  avg lat(s)
  240      64    107556    107492   111.955       112    0.271607    0.142842
  241      64    108004    107940   111.955       112    0.417697    0.142814
  242      64    108450    108386   111.953     111.5   0.0290149    0.142838
  243      64    108899    108835   111.955    112.25   0.0856243    0.142827
  244      64    109348    109284   111.956    112.25   0.0289374    0.142835
  245      64    109800    109736    111.96       113    0.495665      0.1428
  246      63    110246    110183   111.959    111.75    0.521071    0.142786
  247      64    110696    110632    111.96    112.25   0.0345449    0.142771
  248      64    111144    111080    111.96       112   0.0182871    0.142804
  249      64    111593    111529   111.961    112.25    0.300947    0.142825
  250      64    112043    111979   111.963     112.5   0.0559556    0.142822
  251      64    112489    112425   111.962     111.5   0.0755894    0.142827
  252      64    112938    112874   111.963    112.25    0.256906    0.142838
  253      64    113385    113321   111.962    111.75    0.066991    0.142818
  254      64    113832    113768   111.961    111.75      0.0293    0.142844
  255      64    114281    114217   111.962    112.25    0.219119    0.142827
  256      64    114728    114664   111.961    111.75   0.0631601    0.142849
  257      64    115173    115109   111.958    111.25    0.265531    0.142834
  258      64    115623    115559    111.96     112.5    0.345473    0.142832
  259      64    116073    116009   111.962     112.5    0.440528    0.142793
2026-07-08T17:31:41.153699+0800 min lat: 0.0108219 max lat: 0.700909 avg lat: 0.142781
  sec Cur ops   started  finished  avg MB/s  cur MB/s last lat(s)  avg lat(s)
  260      64    116520    116456   111.961    111.75   0.0704525    0.142781
  261      64    116965    116901   111.959    111.25    0.034371    0.142739
  262      64    117409    117345   111.955       111    0.457496    0.142816
  263      64    117857    117793   111.955       112    0.109273    0.142818
  264      64    118305    118241   111.955       112    0.350315    0.142844
  265      64    118752    118688   111.954    111.75    0.253356     0.14285
  266      64    119198    119134   111.952     111.5    0.047713    0.142851
  267      64    119646    119582   111.953       112    0.161564    0.142838
  268      64    120096    120032   111.955     112.5   0.0211995    0.142832
  269      64    120542    120478   111.953     111.5   0.0596015    0.142859
  270      64    120992    120928   111.955     112.5    0.378751    0.142838
  271      64    121439    121375   111.954    111.75   0.0794868    0.142812
  272      64    121885    121821   111.952     111.5    0.489176     0.14281
  273      64    122331    122267    111.95     111.5    0.415005    0.142838
  274      64    122780    122716   111.952    112.25    0.083882     0.14284
  275      64    123227    123163   111.951    111.75    0.165234    0.142845
  276      64    123675    123611   111.951       112   0.0551353    0.142826
  277      64    124121    124057   111.949     111.5    0.352474    0.142841
  278      64    124562    124498   111.943    110.25    0.103368    0.142829
  279      64    125011    124947   111.944    112.25   0.0995437    0.142845
2026-07-08T17:32:01.156628+0800 min lat: 0.0108219 max lat: 0.737964 avg lat: 0.142843
  sec Cur ops   started  finished  avg MB/s  cur MB/s last lat(s)  avg lat(s)
  280      64    125458    125394   111.943    111.75    0.107239    0.142843
  281      64    125904    125840   111.942     111.5      0.0847    0.142843
  282      64    126352    126288   111.942       112    0.036891    0.142846
  283      64    126789    126725   111.932    109.25    0.405705    0.142867
  284      64    127234    127170    111.93    111.25    0.035731    0.142855
  285      64    127683    127619   111.931    112.25   0.0370161    0.142861
  286      64    128133    128069   111.933     112.5   0.0782451    0.142855
  287      64    128580    128516   111.932    111.75    0.469475    0.142854
  288      64    129032    128968   111.936       113   0.0706153    0.142864
  289      64    129482    129418   111.938     112.5    0.499214    0.142836
  290      64    129929    129865   111.937    111.75   0.0186894    0.142836
  291      64    130379    130315   111.939     112.5   0.0423257    0.142876
  292      64    130829    130765   111.941     112.5    0.365296    0.142862
  293      64    131277    131213   111.941       112    0.157184    0.142864
  294      64    131723    131659   111.939     111.5   0.0217983    0.142851
  295      64    132174    132110   111.942    112.75    0.111734    0.142848
  296      64    132624    132560   111.944     112.5   0.0288687    0.142855
  297      64    133068    133004   111.941       111    0.256903    0.142868
  298      64    133517    133453   111.942    112.25    0.332947    0.142864
  299      64    133968    133904   111.944    112.75   0.0182763    0.142851
2026-07-08T17:32:21.159439+0800 min lat: 0.0108219 max lat: 0.737964 avg lat: 0.14285
  sec Cur ops   started  finished  avg MB/s  cur MB/s last lat(s)  avg lat(s)
  300      45    134394    134349   111.942    111.25    0.446267     0.14285
Total time run:         300.142
Total writes made:      134394
Write size:             262144
Object size:            262144
Bandwidth (MB/sec):     111.942
Stddev Bandwidth:       0.554385
Max bandwidth (MB/sec): 113.5
Min bandwidth (MB/sec): 109.25
Average IOPS:           447
Stddev IOPS:            2.21754
Max IOPS:               454
Min IOPS:               437
Average Latency(s):     0.142893
Stddev Latency(s):      0.157846
Max latency(s):         0.737964
Min latency(s):         0.0108219
