1784777671 | enp139s0f0np0: 230948778323131 62367648023    0 2473    0     0          0    502115 179783269936205 46597093258    0    0    0     0       0          0
1784777672 | enp139s0f0np0: 230950140181779 62367979059    0 2473    0     0          0    502115 179783276339588 46597111065    0    0    0     0       0          0
1784777673 | enp139s0f0np0: 230952939069180 62368659704    0 2473    0     0          0    502115 179783289373761 46597148816    0    0    0     0       0          0
1784777674 | enp139s0f0np0: 230955697517319 62369330068    0 2473    0     0          0    502115 179783302234406 46597185835    0    0    0     0       0          0
1784777675 | enp139s0f0np0: 230958441094176 62369997251    0 2473    0     0          0    502115 179783315104989 46597222980    0    0    0     0       0          0
1784777676 | enp139s0f0np0: 230961272430438 62370685323    0 2473    0     0          0    502115 179783328310628 46597261351    0    0    0     0       0          0
1784777677 | enp139s0f0np0: 230964443998274 62371454742    0 2473    0     0          0    502116 179783342893735 46597300301    0    0    0     0       0          0
1784777678 | enp139s0f0np0: 230967755012957 62372257731    0 2473    0     0          0    502116 179783357892418 46597338794    0    0    0     0       0          0
1784777679 | enp139s0f0np0: 230971048498065 62373056324    0 2473    0     0          0    502116 179783372889373 46597376776    0    0    0     0       0          0
1784777680 | enp139s0f0np0: 230974246727386 62373832274    0 2473    0     0          0    502116 179783387544655 46597416100    0    0    0     0       0          0
1784777681 | enp139s0f0np0: 230977398743232 62374597481    0 2473    0     0          0    502116 179783402156451 46597456784    0    0    0     0       0          0
1784777682 | enp139s0f0np0: 230980253734109 62375291021    0 2473    0     0          0    502116 179783415352148 46597493591    0    0    0     0       0          0
1784777683 | enp139s0f0np0: 230983179921355 62376002391    0 2473    0     0          0    502116 179783429081074 46597533832    0    0    0     0       0          0
1784777684 | enp139s0f0np0: 230986051799710 62376700320    0 2473    0     0          0    502116 179783442485917 46597571816    0    0    0     0       0          0
1784777685 | enp139s0f0np0: 230988948942590 62377404449    0 2473    0     0          0    502116 179783455950723 46597610763    0    0    0     0       0          0
1784777686 | enp139s0f0np0: 230991828573145 62378104416    0 2473    0     0          0    502116 179783469363852 46597648787    0    0    0     0       0          0
1784777687 | enp139s0f0np0: 230994775764155 62378820692    0 2473    0     0          0    502116 179783483038843 46597687569    0    0    0     0       0          0
1784777688 | enp139s0f0np0: 230997663322469 62379522496    0 2473    0     0          0    502116 179783496469334 46597725594    0    0    0     0       0          0
1784777689 | enp139s0f0np0: 231000582632269 62380232068    0 2473    0     0          0    502116 179783510141840 46597765231    0    0    0     0       0          0
1784777690 | enp139s0f0np0: 231003417834220 62380920687    0 2473    0     0          0    502116 179783523219113 46597801515    0    0    0     0       0          0
1784777691 | enp139s0f0np0: 231006347446919 62381632468    0 2473    0     0          0    502116 179783536783969 46597839298    0    0    0     0       0          0
1784777692 | enp139s0f0np0: 231009162028053 62382316743    0 2473    0     0          0    502116 179783549946678 46597877225    0    0    0     0       0          0
1784777693 | enp139s0f0np0: 231011910151654 62382984862    0 2473    0     0          0    502116 179783562772585 46597914547    0    0    0     0       0          0
1784777694 | enp139s0f0np0: 231014697584377 62383662391    0 2473    0     0          0    502116 179783575725054 46597951309    0    0    0     0       0          0
1784777695 | enp139s0f0np0: 231017577941795 62384362735    0 2473    0     0          0    502116 179783589142666 46597989629    0    0    0     0       0          0
1784777696 | enp139s0f0np0: 231020424883979 62385054695    0 2473    0     0          0    502116 179783602364917 46598026870    0    0    0     0       0          0
1784777697 | enp139s0f0np0: 231023320386224 62385758743    0 2473    0     0          0    502116 179783615823591 46598065085    0    0    0     0       0          0
1784777698 | enp139s0f0np0: 231026234359060 62386467099    0 2473    0     0          0    502116 179783629395469 46598103846    0    0    0     0       0          0
1784777699 | enp139s0f0np0: 231029167406468 62387180122    0 2473    0     0          0    502116 179783643058988 46598143315    0    0    0     0       0          0
1784777700 | enp139s0f0np0: 231032032625384 62387876428    0 2473    0     0          0    502116 179783656405263 46598181503    0    0    0     0       0          0
1784777701 | enp139s0f0np0: 231034915251616 62388576841    0 2473    0     0          0    502116 179783669845732 46598219563    0    0    0     0       0          0
1784777702 | enp139s0f0np0: 231037757882514 62389267747    0 2473    0     0          0    502116 179783683089058 46598257554    0    0    0     0       0          0
1784777703 | enp139s0f0np0: 231040593432538 62389956832    0 2473    0     0          0    502116 179783696283929 46598295141    0    0    0     0       0          0
1784777704 | enp139s0f0np0: 231043458819012 62390653399    0 2473    0     0          0    502116 179783709644882 46598333214    0    0    0     0       0          0
1784777705 | enp139s0f0np0: 231046349586539 62391355992    0 2473    0     0          0    502116 179783723046575 46598371727    0    0    0     0       0          0
1784777706 | enp139s0f0np0: 231049234333417 62392057156    0 2473    0     0          0    502116 179783736513059 46598409660    0    0    0     0       0          0
1784777707 | enp139s0f0np0: 231052097442318 62392753056    0 2473    0     0          0    502117 179783749780276 46598447288    0    0    0     0       0          0
1784777708 | enp139s0f0np0: 231054937590883 62393443275    0 2473    0     0          0    502117 179783762994010 46598484974    0    0    0     0       0          0
1784777710 | enp139s0f0np0: 231057747659290 62394126053    0 2473    0     0          0    502117 179783776090825 46598522177    0    0    0     0       0          0
1784777711 | enp139s0f0np0: 231060592300054 62394817343    0 2473    0     0          0    502117 179783789296824 46598559874    0    0    0     0       0          0
1784777712 | enp139s0f0np0: 231063500282072 62395524001    0 2473    0     0          0    502117 179783802835449 46598598291    0    0    0     0       0          0
1784777713 | enp139s0f0np0: 231066353552503 62396217149    0 2473    0     0          0    502117 179783816101070 46598635777    0    0    0     0       0          0
1784777714 | enp139s0f0np0: 231069289278486 62396930854    0 2473    0     0          0    502117 179783829852094 46598675965    0    0    0     0       0          0
1784777715 | enp139s0f0np0: 231072081458417 62397609527    0 2473    0     0          0    502117 179783842872217 46598714164    0    0    0     0       0          0
1784777716 | enp139s0f0np0: 231074902519770 62398295156    0 2473    0     0          0    502117 179783856090448 46598751799    0    0    0     0       0          0
1784777717 | enp139s0f0np0: 231077785009346 62398995577    0 2473    0     0          0    502117 179783869443661 46598789790    0    0    0     0       0          0
1784777718 | enp139s0f0np0: 231080657086278 62399693538    0 2473    0     0          0    502117 179783882815228 46598828311    0    0    0     0       0          0
1784777719 | enp139s0f0np0: 231083488550514 62400381587    0 2473    0     0          0    502117 179783895928247 46598864841    0    0    0     0       0          0
1784777720 | enp139s0f0np0: 231086279262917 62401059713    0 2473    0     0          0    502117 179783908957980 46598902403    0    0    0     0       0          0
1784777721 | enp139s0f0np0: 231089217495355 62401773820    0 2473    0     0          0    502117 179783922604219 46598941331    0    0    0     0       0          0
1784777722 | enp139s0f0np0: 231092175844216 62402492266    0 2473    0     0          0    502117 179783936327681 46598979668    0    0    0     0       0          0
1784777723 | enp139s0f0np0: 231095076208429 62403196754    0 2473    0     0          0    502117 179783949757395 46599016906    0    0    0     0       0          0
1784777724 | enp139s0f0np0: 231098012731879 62403910346    0 2473    0     0          0    502117 179783963344753 46599054565    0    0    0     0       0          0
1784777725 | enp139s0f0np0: 231100905620343 62404613288    0 2473    0     0          0    502117 179783976706698 46599091865    0    0    0     0       0          0
1784777726 | enp139s0f0np0: 231103830742792 62405324024    0 2473    0     0          0    502117 179783990290201 46599130377    0    0    0     0       0          0
1784777727 | enp139s0f0np0: 231106703008001 62406022287    0 2473    0     0          0    502117 179784003664678 46599168475    0    0    0     0       0          0
1784777728 | enp139s0f0np0: 231109530516192 62406709451    0 2473    0     0          0    502117 179784016784530 46599205743    0    0    0     0       0          0
1784777729 | enp139s0f0np0: 231112411831154 62407409559    0 2473    0     0          0    502117 179784030177003 46599244158    0    0    0     0       0          0
1784777730 | enp139s0f0np0: 231115220941616 62408092227    0 2473    0     0          0    502117 179784043292475 46599281946    0    0    0     0       0          0
1784777731 | enp139s0f0np0: 231118073756316 62408785631    0 2473    0     0          0    502117 179784056644048 46599320706    0    0    0     0       0          0
1784777732 | enp139s0f0np0: 231120929759867 62409479636    0 2473    0     0          0    502117 179784069937116 46599359060    0    0    0     0       0          0
1784777733 | enp139s0f0np0: 231123889384199 62410198227    0 2473    0     0          0    502117 179784083723057 46599398472    0    0    0     0       0          0
1784777734 | enp139s0f0np0: 231126763345919 62410895967    0 2473    0     0          0    502117 179784097065945 46599436194    0    0    0     0       0          0
1784777735 | enp139s0f0np0: 231129678540477 62411604071    0 2473    0     0          0    502117 179784110652205 46599474644    0    0    0     0       0          0
1784777736 | enp139s0f0np0: 231132553764084 62412302678    0 2473    0     0          0    502117 179784124014424 46599513219    0    0    0     0       0          0
1784777737 | enp139s0f0np0: 231135420318533 62412999296    0 2473    0     0          0    502117 179784137350547 46599551792    0    0    0     0       0          0
1784777738 | enp139s0f0np0: 231138260749931 62413689678    0 2473    0     0          0    502118 179784150622298 46599589729    0    0    0     0       0          0
1784777739 | enp139s0f0np0: 231141155891896 62414393069    0 2473    0     0          0    502118 179784164001598 46599627556    0    0    0     0       0          0
1784777740 | enp139s0f0np0: 231143906476763 62415061597    0 2473    0     0          0    502118 179784176811824 46599664460    0    0    0     0       0          0
1784777741 | enp139s0f0np0: 231146788827594 62415762185    0 2473    0     0          0    502118 179784190234877 46599702559    0    0    0     0       0          0
1784777742 | enp139s0f0np0: 231149608219922 62416447327    0 2473    0     0          0    502118 179784203362225 46599740565    0    0    0     0       0          0
1784777743 | enp139s0f0np0: 231152434684212 62417134262    0 2473    0     0          0    502118 179784216519860 46599778439    0    0    0     0       0          0
1784777744 | enp139s0f0np0: 231155218520106 62417810928    0 2473    0     0          0    502118 179784229499932 46599815802    0    0    0     0       0          0
1784777745 | enp139s0f0np0: 231158128047480 62418517461    0 2473    0     0          0    502118 179784242936259 46599853260    0    0    0     0       0          0
1784777746 | enp139s0f0np0: 231160958492559 62419205485    0 2473    0     0          0    502118 179784256116930 46599891640    0    0    0     0       0          0
1784777747 | enp139s0f0np0: 231163827961045 62419902665    0 2473    0     0          0    502118 179784269449120 46599929496    0    0    0     0       0          0
1784777748 | enp139s0f0np0: 231166674590682 62420594565    0 2473    0     0          0    502118 179784282701793 46599968473    0    0    0     0       0          0
1784777749 | enp139s0f0np0: 231169460663531 62421271843    0 2473    0     0          0    502118 179784295633183 46600005455    0    0    0     0       0          0
1784777750 | enp139s0f0np0: 231172306130931 62421963122    0 2473    0     0          0    502118 179784308803434 46600042730    0    0    0     0       0          0
1784777751 | enp139s0f0np0: 231175387545102 62422711148    0 2473    0     0          0    502118 179784322922448 46600081084    0    0    0     0       0          0
1784777752 | enp139s0f0np0: 231178452418635 62423454977    0 2473    0     0          0    502118 179784336928197 46600118906    0    0    0     0       0          0
1784777753 | enp139s0f0np0: 231181294148067 62424145630    0 2473    0     0          0    502118 179784350188378 46600157547    0    0    0     0       0          0
1784777754 | enp139s0f0np0: 231184133348170 62424835419    0 2473    0     0          0    502118 179784363323338 46600195018    0    0    0     0       0          0
1784777755 | enp139s0f0np0: 231187025567633 62425538297    0 2473    0     0          0    502118 179784376687359 46600232931    0    0    0     0       0          0
1784777756 | enp139s0f0np0: 231189906759934 62426238099    0 2473    0     0          0    502118 179784389931540 46600269688    0    0    0     0       0          0
1784777757 | enp139s0f0np0: 231192715093979 62426920448    0 2473    0     0          0    502118 179784402969678 46600307387    0    0    0     0       0          0
1784777758 | enp139s0f0np0: 231195471155970 62427590249    0 2473    0     0          0    502118 179784415702994 46600344582    0    0    0     0       0          0
1784777759 | enp139s0f0np0: 231198291263684 62428275608    0 2473    0     0          0    502118 179784428744441 46600381894    0    0    0     0       0          0
1784777760 | enp139s0f0np0: 231201511705168 62429057272    0 2473    0     0          0    502118 179784443408765 46600422223    0    0    0     0       0          0
1784777761 | enp139s0f0np0: 231204710494930 62429833118    0 2473    0     0          0    502118 179784457798093 46600460708    0    0    0     0       0          0
1784777762 | enp139s0f0np0: 231207549508317 62430523332    0 2473    0     0          0    502118 179784470844712 46600499431    0    0    0     0       0          0
1784777763 | enp139s0f0np0: 231210423971160 62431221591    0 2473    0     0          0    502118 179784483870322 46600536977    0    0    0     0       0          0
1784777764 | enp139s0f0np0: 231213224867171 62431902016    0 2473    0     0          0    502118 179784496615797 46600574522    0    0    0     0       0          0
1784777765 | enp139s0f0np0: 231216012280404 62432579151    0 2473    0     0          0    502118 179784509018727 46600611030    0    0    0     0       0          0
1784777766 | enp139s0f0np0: 231218835687794 62433264870    0 2473    0     0          0    502118 179784521395604 46600647409    0    0    0     0       0          0
1784777767 | enp139s0f0np0: 231221719152725 62433965267    0 2473    0     0          0    502118 179784534065067 46600685730    0    0    0     0       0          0
1784777768 | enp139s0f0np0: 231224621207169 62434669707    0 2473    0     0          0    502119 179784546441494 46600723390    0    0    0     0       0          0
1784777769 | enp139s0f0np0: 231227583473935 62435388417    0 2473    0     0          0    502119 179784558788857 46600759817    0    0    0     0       0          0
1784777770 | enp139s0f0np0: 231230892653684 62436190435    0 2473    0     0          0    502119 179784572286462 46600797528    0    0    0     0       0          0
1784777771 | enp139s0f0np0: 231233864652614 62436911597    0 2473    0     0          0    502119 179784584791393 46600834467    0    0    0     0       0          0
1784777772 | enp139s0f0np0: 231236731163199 62437607651    0 2473    0     0          0    502119 179784597039060 46600870935    0    0    0     0       0          0
1784777773 | enp139s0f0np0: 231239598356032 62438304019    0 2473    0     0          0    502119 179784609668062 46600908882    0    0    0     0       0          0
1784777774 | enp139s0f0np0: 231242423966320 62438990551    0 2473    0     0          0    502119 179784622661651 46600946382    0    0    0     0       0          0
1784777775 | enp139s0f0np0: 231245326966547 62439696083    0 2473    0     0          0    502119 179784636150730 46600985229    0    0    0     0       0          0
1784777776 | enp139s0f0np0: 231248251994297 62440406408    0 2473    0     0          0    502119 179784649751514 46601023325    0    0    0     0       0          0
1784777777 | enp139s0f0np0: 231251146881937 62441109913    0 2473    0     0          0    502119 179784663232712 46601061802    0    0    0     0       0          0
1784777778 | enp139s0f0np0: 231253973382680 62441796840    0 2473    0     0          0    502119 179784676306226 46601098533    0    0    0     0       0          0
1784777779 | enp139s0f0np0: 231256846483019 62442494949    0 2473    0     0          0    502119 179784689711769 46601136283    0    0    0     0       0          0
1784777780 | enp139s0f0np0: 231259659159604 62443178812    0 2473    0     0          0    502119 179784702850143 46601175007    0    0    0     0       0          0
1784777781 | enp139s0f0np0: 231262516023822 62443872974    0 2473    0     0          0    502119 179784716132967 46601212698    0    0    0     0       0          0
1784777782 | enp139s0f0np0: 231265363063854 62444564873    0 2473    0     0          0    502119 179784729408151 46601250888    0    0    0     0       0          0
1784777783 | enp139s0f0np0: 231268246677156 62445265628    0 2473    0     0          0    502119 179784742800538 46601288379    0    0    0     0       0          0
1784777784 | enp139s0f0np0: 231271049107508 62445946960    0 2473    0     0          0    502119 179784755847298 46601325880    0    0    0     0       0          0
1784777785 | enp139s0f0np0: 231273909207455 62446641929    0 2473    0     0          0    502119 179784769182010 46601363957    0    0    0     0       0          0
1784777786 | enp139s0f0np0: 231276747817631 62447332006    0 2473    0     0          0    502119 179784782443223 46601402293    0    0    0     0       0          0
1784777787 | enp139s0f0np0: 231279623887472 62448031017    0 2473    0     0          0    502119 179784795886781 46601441246    0    0    0     0       0          0
1784777788 | enp139s0f0np0: 231282454611158 62448719019    0 2473    0     0          0    502119 179784809037405 46601478372    0    0    0     0       0          0
1784777789 | enp139s0f0np0: 231285205341954 62449387888    0 2473    0     0          0    502119 179784821889549 46601515849    0    0    0     0       0          0
1784777790 | enp139s0f0np0: 231288040494214 62450077277    0 2473    0     0          0    502119 179784835123487 46601553948    0    0    0     0       0          0
1784777791 | enp139s0f0np0: 231290858019149 62450762245    0 2473    0     0          0    502119 179784848331330 46601591926    0    0    0     0       0          0
1784777792 | enp139s0f0np0: 231293729092420 62451460251    0 2473    0     0          0    502119 179784861641694 46601630107    0    0    0     0       0          0
1784777793 | enp139s0f0np0: 231296662924154 62452173446    0 2473    0     0          0    502119 179784875348453 46601669459    0    0    0     0       0          0
1784777794 | enp139s0f0np0: 231299534064409 62452871156    0 2473    0     0          0    502119 179784888689156 46601707263    0    0    0     0       0          0
1784777795 | enp139s0f0np0: 231302396098913 62453566636    0 2473    0     0          0    502119 179784902045009 46601745982    0    0    0     0       0          0
1784777796 | enp139s0f0np0: 231305255266916 62454261596    0 2473    0     0          0    502119 179784915335252 46601783696    0    0    0     0       0          0
1784777797 | enp139s0f0np0: 231308150349731 62454965193    0 2473    0     0          0    502119 179784928753051 46601821239    0    0    0     0       0          0
1784777798 | enp139s0f0np0: 231311162354334 62455696733    0 2473    0     0          0    502120 179784942633567 46601859425    0    0    0     0       0          0
1784777799 | enp139s0f0np0: 231314364235552 62456473918    0 2473    0     0          0    502120 179784957436064 46601899691    0    0    0     0       0          0
1784777800 | enp139s0f0np0: 231317181655286 62457159139    0 2473    0     0          0    502120 179784970584803 46601938474    0    0    0     0       0          0
1784777801 | enp139s0f0np0: 231320045287192 62457855589    0 2473    0     0          0    502120 179784984022009 46601977797    0    0    0     0       0          0
1784777802 | enp139s0f0np0: 231323333296664 62458653849    0 2473    0     0          0    502120 179784999221668 46602019946    0    0    0     0       0          0
1784777803 | enp139s0f0np0: 231326554646166 62459435786    0 2473    0     0          0    502120 179785014102977 46602060633    0    0    0     0       0          0
1784777804 | enp139s0f0np0: 231329336299619 62460112003    0 2473    0     0          0    502120 179785026974692 46602097015    0    0    0     0       0          0
1784777805 | enp139s0f0np0: 231332271588991 62460825228    0 2473    0     0          0    502120 179785040587267 46602134982    0    0    0     0       0          0
1784777806 | enp139s0f0np0: 231335100744695 62461512936    0 2473    0     0          0    502120 179785053786493 46602172555    0    0    0     0       0          0
1784777807 | enp139s0f0np0: 231337963109543 62462208616    0 2473    0     0          0    502120 179785066980775 46602209163    0    0    0     0       0          0
1784777808 | enp139s0f0np0: 231340736582145 62462882623    0 2473    0     0          0    502120 179785079902346 46602245851    0    0    0     0       0          0
1784777809 | enp139s0f0np0: 231343668216995 62463594683    0 2473    0     0          0    502120 179785093445300 46602283850    0    0    0     0       0          0
1784777810 | enp139s0f0np0: 231346421871769 62464264103    0 2473    0     0          0    502120 179785106307403 46602321039    0    0    0     0       0          0
1784777811 | enp139s0f0np0: 231349304514690 62464964838    0 2473    0     0          0    502120 179785119690705 46602358459    0    0    0     0       0          0
1784777812 | enp139s0f0np0: 231352303674147 62465692895    0 2473    0     0          0    502120 179785133562792 46602397061    0    0    0     0       0          0
1784777813 | enp139s0f0np0: 231355232649362 62466404226    0 2473    0     0          0    502120 179785147128279 46602435049    0    0    0     0       0          0
1784777814 | enp139s0f0np0: 231358108016973 62467103210    0 2473    0     0          0    502120 179785160604103 46602474240    0    0    0     0       0          0
1784777815 | enp139s0f0np0: 231360959928057 62467796392    0 2473    0     0          0    502120 179785173925879 46602513079    0    0    0     0       0          0
1784777816 | enp139s0f0np0: 231363772160612 62468479917    0 2473    0     0          0    502120 179785187064073 46602551231    0    0    0     0       0          0
1784777817 | enp139s0f0np0: 231366638197842 62469176391    0 2473    0     0          0    502120 179785200481122 46602590183    0    0    0     0       0          0
1784777818 | enp139s0f0np0: 231369444394521 62469858603    0 2473    0     0          0    502120 179785213518382 46602627370    0    0    0     0       0          0
1784777819 | enp139s0f0np0: 231372295905966 62470551502    0 2473    0     0          0    502120 179785226812062 46602665731    0    0    0     0       0          0
1784777820 | enp139s0f0np0: 231375038228259 62471218111    0 2473    0     0          0    502120 179785239690646 46602703739    0    0    0     0       0          0
1784777821 | enp139s0f0np0: 231378020251849 62471942533    0 2473    0     0          0    502120 179785253564451 46602743493    0    0    0     0       0          0
1784777822 | enp139s0f0np0: 231380850558637 62472630009    0 2473    0     0          0    502120 179785266681837 46602779694    0    0    0     0       0          0
1784777823 | enp139s0f0np0: 231383734978482 62473331113    0 2473    0     0          0    502120 179785280119960 46602818395    0    0    0     0       0          0
1784777824 | enp139s0f0np0: 231386656561520 62474041146    0 2473    0     0          0    502120 179785293749997 46602857681    0    0    0     0       0          0
1784777825 | enp139s0f0np0: 231389516810105 62474736043    0 2473    0     0          0    502120 179785307050976 46602895437    0    0    0     0       0          0
1784777826 | enp139s0f0np0: 231392420391653 62475441630    0 2473    0     0          0    502120 179785320628894 46602934553    0    0    0     0       0          0
1784777827 | enp139s0f0np0: 231395283020841 62476137090    0 2473    0     0          0    502120 179785333918394 46602972603    0    0    0     0       0          0
1784777828 | enp139s0f0np0: 231397993616826 62476796089    0 2473    0     0          0    502121 179785346610297 46603009916    0    0    0     0       0          0
1784777829 | enp139s0f0np0: 231400833228640 62477486049    0 2473    0     0          0    502121 179785359846509 46603047899    0    0    0     0       0          0
1784777830 | enp139s0f0np0: 231403580972255 62478153709    0 2473    0     0          0    502121 179785372580688 46603083427    0    0    0     0       0          0
1784777831 | enp139s0f0np0: 231406465469586 62478854508    0 2473    0     0          0    502121 179785385980957 46603121370    0    0    0     0       0          0
1784777832 | enp139s0f0np0: 231409402956094 62479568150    0 2473    0     0          0    502121 179785399610554 46603160325    0    0    0     0       0          0
1784777833 | enp139s0f0np0: 231412276120412 62480265871    0 2473    0     0          0    502121 179785412929810 46603197152    0    0    0     0       0          0
1784777834 | enp139s0f0np0: 231415159760496 62480966502    0 2473    0     0          0    502121 179785426357065 46603235855    0    0    0     0       0          0
1784777835 | enp139s0f0np0: 231418064429391 62481672112    0 2473    0     0          0    502121 179785439890535 46603274873    0    0    0     0       0          0
1784777836 | enp139s0f0np0: 231420920468804 62482366108    0 2473    0     0          0    502121 179785453176820 46603312352    0    0    0     0       0          0
1784777837 | enp139s0f0np0: 231423789109704 62483063236    0 2473    0     0          0    502121 179785466538575 46603350988    0    0    0     0       0          0
1784777838 | enp139s0f0np0: 231426644454927 62483756981    0 2473    0     0          0    502121 179785479846332 46603389480    0    0    0     0       0          0
1784777839 | enp139s0f0np0: 231429536161967 62484459567    0 2473    0     0          0    502121 179785493343159 46603428062    0    0    0     0       0          0
1784777840 | enp139s0f0np0: 231432327794198 62485137742    0 2473    0     0          0    502121 179785506281736 46603464959    0    0    0     0       0          0
1784777841 | enp139s0f0np0: 231435285991080 62485856482    0 2473    0     0          0    502121 179785520105360 46603504934    0    0    0     0       0          0
1784777842 | enp139s0f0np0: 231438222677390 62486569857    0 2473    0     0          0    502121 179785533664070 46603543019    0    0    0     0       0          0
1784777843 | enp139s0f0np0: 231441067681615 62487261106    0 2473    0     0          0    502121 179785546942665 46603581535    0    0    0     0       0          0
1784777844 | enp139s0f0np0: 231444009480331 62487975807    0 2473    0     0          0    502121 179785560538654 46603619808    0    0    0     0       0          0
1784777845 | enp139s0f0np0: 231446955829858 62488691496    0 2473    0     0          0    502121 179785574250012 46603658910    0    0    0     0       0          0
1784777846 | enp139s0f0np0: 231449875377356 62489400507    0 2473    0     0          0    502121 179785587809739 46603697913    0    0    0     0       0          0
1784777847 | enp139s0f0np0: 231452753950322 62490100035    0 2473    0     0          0    502121 179785601139207 46603735652    0    0    0     0       0          0
1784777848 | enp139s0f0np0: 231455613015756 62490794437    0 2473    0     0          0    502121 179785614392423 46603773598    0    0    0     0       0          0
1784777849 | enp139s0f0np0: 231458531969248 62491503759    0 2473    0     0          0    502121 179785627972030 46603812269    0    0    0     0       0          0
1784777850 | enp139s0f0np0: 231461346748918 62492187975    0 2473    0     0          0    502121 179785641056914 46603850310    0    0    0     0       0          0
1784777851 | enp139s0f0np0: 231464287186543 62492902392    0 2473    0     0          0    502121 179785654692438 46603888955    0    0    0     0       0          0
1784777852 | enp139s0f0np0: 231466998544147 62493560771    0 2473    0     0          0    502121 179785667057282 46603923051    0    0    0     0       0          0
