hints = 1
Maintaining 128 concurrent writes of 262144 bytes to objects of size 262144 for up to 300 seconds or 0 objects
Object prefix: benchmark_data_tikv-node_3844306
  sec Cur ops   started  finished  avg MB/s  cur MB/s last lat(s)  avg lat(s)
    0       0         0         0         0         0           -           0
    1     128       570       442   110.491     110.5    0.336806    0.217643
    2     128      1019       891   111.362    112.25     0.12897    0.234702
    3     128      1468      1340   111.652    112.25   0.0304692    0.245803
    4     128      1914      1786    111.61     111.5   0.0195275    0.258706
    5     128      2361      2233   111.635    111.75   0.0353678    0.259788
    6     128      2808      2680   111.652    111.75   0.0700636    0.269563
    7     128      3255      3127   111.664    111.75   0.0290862     0.26784
    8     128      3704      3576   111.735    112.25    0.944996    0.271759
    9     128      3871      3743   103.958     41.75    0.831719    0.296368
   10     128      4302      4174   104.336    107.75    0.182453    0.300504
   11     128      4471      4343   98.6912     42.25    0.707035    0.312957
   12     128      4722      4594   95.6953     62.75    0.547891    0.327573
   13     128      4934      4806   92.4104        53     0.55857    0.337696
   14     128      5199      5071   90.5411     66.25    0.376457    0.348144
   15     128      5420      5292   88.1877     55.25    0.497458    0.357271
   16     128      5640      5512    86.113        55    0.598714    0.365133
   17     128      5854      5726   84.1941      53.5    0.594261    0.372194
   18     128      6083      5955   82.6968     57.25    0.534969     0.38125
   19     128      6314      6186   81.3833     57.75    0.480594    0.387845
2026-07-07T20:04:20.666890+0800 min lat: 0.0109498 max lat: 1.39025 avg lat: 0.394208
  sec Cur ops   started  finished  avg MB/s  cur MB/s last lat(s)  avg lat(s)
   20     128      6540      6412   80.1387      56.5    0.568516    0.394208
   21     128      6756      6628   78.8934        54    0.561371     0.39905
   22     128      6978      6850   77.8297      55.5    0.601232    0.404533
   23     128      7205      7077    76.913     56.75    0.560974    0.409737
   24     128      7460      7332   76.3642     63.75    0.481503    0.415132
   25     128      7658      7530   75.2893      49.5    0.462612     0.41875
   26     128      7887      7759   74.5951     57.25    0.633299    0.423979
   27     128      8115      7987   73.9431        57    0.600184     0.42806
   28     128      8357      8229   73.4626      60.5    0.606259    0.431692
   29     128      8560      8432   72.6793     50.75    0.485383    0.435231
   30     128      8789      8661   72.1647     57.25    0.431704    0.439101
   31     128      9041      8913   71.8688        63     0.54588    0.441436
   32     128      9297      9169   71.6226        64    0.512097    0.443563
   33     128      9536      9408   71.2625     59.75    0.406343    0.446079
   34     128      9717      9589   70.4972     45.25    0.509103    0.448148
   35     128      9974      9846   70.3185     64.25    0.443406    0.450094
   36     128     10198     10070   69.9205        56    0.536119    0.453056
   37     128     10415     10287   69.4967     54.25    0.638868     0.45621
   38     128     10654     10526     69.24     59.75     0.49067    0.458681
   39     128     10869     10741   68.8426     53.75    0.616449    0.460781
2026-07-07T20:04:40.669843+0800 min lat: 0.0109498 max lat: 1.39025 avg lat: 0.462733
  sec Cur ops   started  finished  avg MB/s  cur MB/s last lat(s)  avg lat(s)
   40     128     11133     11005   68.7713        66    0.548607    0.462733
   41     128     11352     11224   68.4291     54.75    0.483855    0.464845
   42     128     11570     11442   68.0973      54.5    0.390772    0.466856
   43     128     11822     11694   67.9785        63    0.564734    0.468506
   44     128     12007     11879   67.4845     46.25    0.617416    0.470283
   45     128     12241     12113   67.2846      58.5    0.473679    0.472831
   46     128     12475     12347   67.0935      58.5    0.449631    0.474483
   47     128     12705     12577   66.8893      57.5    0.467141    0.475744
   48     128     12931     12803   66.6726      56.5    0.501162    0.477305
   49     128     13130     13002   66.3271     49.75    0.455133    0.478753
   50     128     13394     13266   66.3203        66    0.538919    0.480321
   51     128     13622     13494   66.1374        57    0.606046    0.481561
   52     128     13809     13681   65.7645     46.75    0.503594    0.483231
   53     128     14075     13947   65.7782      66.5     0.49514    0.484665
   54     128     14264     14136   65.4349     47.25    0.615482    0.485906
   55     128     14481     14353   65.2314     54.25    0.488526    0.486909
   56     128     14738     14610   65.2137     64.25    0.521452     0.48864
   57     128     14970     14842    65.087        58    0.407067    0.489896
   58     128     15185     15057   64.8913     53.75    0.400957    0.490375
   59     128     15441     15313   64.8761        64    0.567535     0.49174
2026-07-07T20:05:00.672888+0800 min lat: 0.0109498 max lat: 1.39025 avg lat: 0.492491
  sec Cur ops   started  finished  avg MB/s  cur MB/s last lat(s)  avg lat(s)
   60     128     15636     15508   64.6072     48.75    0.423332    0.492491
   61     128     15889     15761   64.5847     63.25    0.412548     0.49316
   62     128     16100     15972   64.3937     52.75    0.397858    0.494132
   63     128     16318     16190   64.2365      54.5    0.579103    0.495234
   64     128     16543     16415   64.1116     56.25    0.567112    0.496368
   65     128     16777     16649   64.0252      58.5    0.458204    0.497567
   66     128     17005     16877   63.9186        57    0.562369     0.49832
   67     128     17246     17118   63.8638     60.25    0.526474       0.499
   68     128     17458     17330   63.7039        53    0.581051    0.499781
   69     128     17689     17561   63.6175     57.75    0.602178    0.500674
   70     128     17902     17774   63.4693     53.25    0.528302    0.501317
   71     128     18128     18000    63.371      56.5    0.640989     0.50239
   72     128     18361     18233   63.2997     58.25     0.60728    0.503297
   73     128     18588     18460   63.2099     56.75    0.387212    0.503912
   74     128     18816     18688   63.1259        57    0.453146    0.504904
   75     128     19043     18915   63.0408     56.75    0.414848    0.504708
   76     128     19271     19143   62.9611        57    0.470819    0.505859
   77     128     19526     19398   62.9713     63.75    0.484437    0.506647
   78     128     19742     19614   62.8561        54    0.619781    0.507335
   79     128     19971     19843   62.7851     57.25    0.564711    0.508244
2026-07-07T20:05:20.675833+0800 min lat: 0.0109498 max lat: 1.39025 avg lat: 0.508799
  sec Cur ops   started  finished  avg MB/s  cur MB/s last lat(s)  avg lat(s)
   80     128     20194     20066    62.697     55.75     0.46793    0.508799
   81     128     20411     20283   62.5926     54.25    0.575203    0.509278
   82     128     20635     20507   62.5121        56    0.422452    0.509731
   83     128     20873     20745   62.4757      59.5    0.498165    0.510358
   84     128     21126     20998   62.4848     63.25     0.48544    0.510773
   85     128     21346     21218   62.3967        55    0.525872    0.510993
   86     128     21569     21441   62.3193     55.75     0.42487    0.511759
   87     128     21788     21660   62.2322     54.75    0.601392    0.512542
   88     128     22024     21896   62.1954        59    0.493437    0.513205
   89     128     22249     22121   62.1285     56.25    0.473575    0.513616
   90     128     22466     22338   62.0408     54.25    0.456062    0.514045
   91     128     22688     22560   61.9689      55.5    0.455513    0.514586
   92     128     22931     22803   61.9555     60.75    0.505762    0.515041
   93     128     23148     23020   61.8726     54.25    0.529329     0.51558
   94     128     23372     23244     61.81        56    0.607633    0.516138
   95     128     23610     23482   61.7856      59.5    0.417291    0.516615
   96     128     23837     23709    61.733     56.75    0.571628     0.51695
   97     128     24084     23956   61.7331     61.75    0.558492       0.517
   98     128     24277     24149   61.5955     48.25    0.469101    0.517547
   99     128     24536     24408   61.6272     64.75     0.51459    0.517957
2026-07-07T20:05:40.678943+0800 min lat: 0.0109498 max lat: 1.39025 avg lat: 0.518197
  sec Cur ops   started  finished  avg MB/s  cur MB/s last lat(s)  avg lat(s)
  100     128     24755     24627   61.5583     54.75    0.487387    0.518197
  101     128     24969     24841   61.4785      53.5    0.514601    0.518945
  102     128     25189     25061   61.4149        55    0.599803    0.519432
  103     128     25441     25313   61.4302        63    0.517381    0.519764
  104     128     25665     25537   61.3779        56    0.574237    0.520213
  105     128     25888     25760   61.3242     55.75    0.498748    0.520378
  106     128     26123     25995   61.2998     58.75    0.554654    0.520811
  107     128     26342     26214   61.2386     54.75    0.546758    0.520865
  108     128     26568     26440   61.1946      56.5    0.530888    0.521474
  109     128     26793     26665   61.1492     56.25    0.502578    0.521989
  110     128     27023     26895   61.1159      57.5    0.444305    0.522338
  111     128     27254     27126   61.0855     57.75    0.571091    0.522639
  112     128     27461     27333   61.0021     51.75    0.488072    0.522834
  113     128     27719     27591    61.033      64.5     0.58275    0.523151
  114     128     27945     27817   60.9931      56.5    0.437919    0.523517
  115     128     28177     28049    60.967        58    0.462125    0.523672
  116     128     28389     28261   60.8983        53    0.571668    0.523886
  117     128     28637     28509   60.9076        62    0.536141    0.524243
  118     128     28871     28743   60.8871      58.5    0.567546    0.524468
  119     128     29100     28972   60.8565     57.25    0.452407    0.524864
2026-07-07T20:06:00.681921+0800 min lat: 0.0109498 max lat: 1.39025 avg lat: 0.525227
  sec Cur ops   started  finished  avg MB/s  cur MB/s last lat(s)  avg lat(s)
  120     128     29293     29165   60.7514     48.25    0.419418    0.525227
  121     128     29515     29387   60.7079      55.5    0.458254    0.525464
  122     128     29770     29642   60.7327     63.75    0.448439    0.525705
  123     128     29995     29867   60.6962     56.25    0.503428    0.525936
  124     128     30254     30126   60.7288     64.75    0.455443    0.526013
  125     128     30476     30348   60.6869      55.5    0.409203     0.52605
  126     128     30698     30570   60.6457      55.5    0.489989    0.526543
  127     128     30877     30749   60.5205     44.75    0.566297    0.526907
  128     128     31142     31014   60.5652     66.25    0.670134    0.527349
  129     128     31354     31226   60.5064        53    0.490804    0.527609
  130     128     31583     31455   60.4813     57.25    0.593599    0.527802
  131     128     31813     31685   60.4585      57.5    0.476549    0.528058
  132     128     32055     31927   60.4588      60.5    0.414468    0.528445
  133     128     32263     32135   60.3951        52    0.587728    0.528517
  134     128     32501     32373   60.3884      59.5    0.720457    0.528843
  135     128     32731     32603   60.3669      57.5    0.523659    0.529001
  136     128     32955     32827   60.3348        56    0.604788    0.529513
  137     128     33183     33055   60.3103        57    0.539677    0.529724
  138     128     33405     33277   60.2754      55.5    0.534981    0.530064
  139     128     33622     33494    60.232     54.25     0.57276    0.530075
2026-07-07T20:06:20.685018+0800 min lat: 0.0109498 max lat: 1.39025 avg lat: 0.530351
  sec Cur ops   started  finished  avg MB/s  cur MB/s last lat(s)  avg lat(s)
  140     128     33853     33725   60.2142     57.75     0.44783    0.530351
  141     128     34086     33958   60.2002     58.25    0.607264    0.530534
  142     128     34315     34187   60.1794     57.25    0.457063    0.530898
  143     128     34549     34421   60.1676      58.5    0.510305    0.531021
  144     128     34760     34632    60.116     52.75    0.639504    0.531328
  145     128     34977     34849   60.0755     54.25    0.463058     0.53146
  146     128     35203     35075   60.0509      56.5    0.538482    0.531544
  147     128     35436     35308   60.0386     58.25    0.579901    0.531769
  148     128     35670     35542   60.0282      58.5    0.606573    0.531974
  149     128     35892     35764   59.9977      55.5    0.591051    0.532043
  150     128     36150     36022   60.0277      64.5     0.62099    0.532348
  151     128     36377     36249   60.0059     56.75    0.491592    0.532575
  152     128     36567     36439   59.9236      47.5    0.475911    0.532703
  153     128     36832     36704   59.9649     66.25    0.371976    0.532805
  154     128     37038     36910   59.9099      51.5    0.520237    0.532925
  155     128     37286     37158   59.9233        62     0.48053    0.533033
  156     128     37520     37392   59.9141      58.5    0.622995    0.533233
  157     128     37716     37588   59.8446        49    0.632368    0.533593
  158     128     37935     37807   59.8123     54.75    0.464958    0.533773
  159     128     38193     38065   59.8417      64.5    0.562274    0.533855
2026-07-07T20:06:40.687880+0800 min lat: 0.0109498 max lat: 1.39025 avg lat: 0.534075
  sec Cur ops   started  finished  avg MB/s  cur MB/s last lat(s)  avg lat(s)
  160     128     38410     38282   59.8067     54.25    0.582722    0.534075
  161     128     38640     38512   59.7923      57.5     0.45936     0.53444
  162     128     38834     38706   59.7226      48.5    0.595589    0.534596
  163     128     39095     38967   59.7564     65.25    0.600303    0.534725
  164     128     39322     39194   59.7381     56.75    0.539774    0.534861
  165     128     39520     39392    59.676      49.5    0.510033    0.535098
  166     128     39751     39623   59.6643     57.75    0.513371    0.535386
  167     128     39976     39848   59.6438     56.25    0.486404    0.535481
  168     128     40220     40092   59.6518        61    0.474665     0.53571
  169     128     40438     40310   59.6213      54.5     0.58565    0.535753
  170     128     40665     40537   59.6044     56.75    0.608974    0.535907
  171     128     40896     40768   59.5935     57.75    0.451231    0.536032
  172     128     41120     40992   59.5725        56    0.614918    0.536306
  173     128     41344     41216   59.5518        56    0.553335    0.536528
  174     128     41576     41448   59.5429        58    0.439357    0.536621
  175     128     41808     41680    59.534        58    0.525177    0.536657
  176     128     42018     41890    59.494      52.5     0.58702    0.536889
  177     128     42249     42121   59.4841     57.75    0.520681    0.537053
  178     128     42485     42357   59.4813        59    0.502031     0.53712
  179     128     42706     42578   59.4576     55.25    0.512156    0.537235
2026-07-07T20:07:00.690910+0800 min lat: 0.0109498 max lat: 1.39025 avg lat: 0.537261
  sec Cur ops   started  finished  avg MB/s  cur MB/s last lat(s)  avg lat(s)
  180     128     42937     42809   59.4481     57.75    0.445656    0.537261
  181     128     43186     43058   59.4635     62.25    0.511487    0.537463
  182     128     43411     43283   59.4458     56.25    0.630132    0.537578
  183     128     43631     43503   59.4214        55    0.569829    0.537645
  184     128     43861     43733    59.411      57.5    0.495892    0.537813
  185     128     44089     43961   59.3979        57    0.483141    0.537911
  186     128     44332     44204   59.4051     60.75    0.399103    0.537973
  187     128     44538     44410   59.3628      51.5    0.631261    0.538061
  188     128     44750     44622   59.3289        53    0.602341    0.538343
  189     128     44992     44864    59.335      60.5    0.531209    0.538487
  190     128     45233     45105   59.3398     60.25    0.470798    0.538575
  191     128     45430     45302   59.2869     49.25    0.607638    0.538817
  192     128     45653     45525   59.2685     55.75    0.422772    0.538926
  193     128     45876     45748   59.2502     55.75    0.516034    0.539084
  194     128     46110     45982   59.2463      58.5    0.414449    0.539157
  195     128     46350     46222   59.2501        60    0.544495    0.539201
  196     128     46584     46456   59.2462      58.5     0.65305    0.539407
  197     128     46805     46677   59.2259     55.25    0.399387    0.539395
  198     128     47022     46894   59.2007     54.25    0.464363    0.539348
  199     128     47273     47145   59.2185     62.75    0.592678    0.539528
2026-07-07T20:07:20.694005+0800 min lat: 0.0109498 max lat: 1.39025 avg lat: 0.539682
  sec Cur ops   started  finished  avg MB/s  cur MB/s last lat(s)  avg lat(s)
  200     128     47513     47385   59.2224        60    0.618817    0.539682
  201     128     47727     47599   59.1939      53.5    0.414467    0.539732
  202     128     47926     47798   59.1471     49.75     0.60137     0.53993
  203     128     48155     48027   59.1377     57.25    0.428784    0.540325
  204     128     48402     48274   59.1505     61.75    0.480935    0.540393
  205     128     48616     48488   59.1229      53.5    0.549187     0.54037
  206     128     48849     48721   59.1186     58.25    0.517232     0.54065
  207     128     49081     48953   59.1131        58    0.610819    0.540788
  208     128     49315     49187   59.1101      58.5    0.521229    0.540858
  209     128     49532     49404   59.0868     54.25    0.550138    0.540811
  210     128     49750     49622    59.065      54.5    0.607855    0.541218
  211     128     49973     49845   59.0492     55.75    0.602888    0.541364
  212     128     50198     50070    59.036     56.25    0.482255    0.541412
  213     128     50421     50293   59.0205     55.75    0.589727    0.541481
  214     128     50637     50509    58.997        54    0.604469     0.54153
  215     128     50885     50757   59.0109        62    0.504104    0.541648
  216     128     51096     50968   58.9819     52.75    0.495227    0.541719
  217     128     51343     51215   58.9946     61.75    0.565215      0.5418
  218     128     51571     51443   58.9854        57    0.499602    0.541777
  219     128     51811     51683     58.99        60    0.589992    0.541879
2026-07-07T20:07:40.697094+0800 min lat: 0.0109498 max lat: 1.39025 avg lat: 0.541874
  sec Cur ops   started  finished  avg MB/s  cur MB/s last lat(s)  avg lat(s)
  220     128     52044     51916   58.9866     58.25    0.408328    0.541874
  221     128     52265     52137   58.9696     55.25    0.425523    0.542006
  222     128     52489     52361   58.9562        56     0.46936    0.542046
  223     128     52700     52572   58.9284     52.75    0.601202    0.542139
  224     128     52942     52814   58.9354      60.5    0.552115     0.54216
  225     128     53193     53065   58.9523     62.75      0.5646    0.542222
  226     128     53414     53286   58.9358     55.25    0.566561    0.542327
  227     128     53617     53489   58.8997     50.75    0.498782    0.542359
  228     128     53841     53713    58.887        56     0.41366    0.542436
  229     128     54069     53941   58.8787        57    0.477027    0.542636
  230     128     54326     54198    58.902     64.25    0.494755    0.542731
  231     128     54545     54417    58.884     54.75    0.586601    0.542783
  232     128     54783     54655   58.8866      59.5    0.416345    0.542874
  233     128     54994     54866   58.8603     52.75    0.382635    0.542911
  234     128     55219     55091   58.8491     56.25    0.471155    0.542953
  235     128     55466     55338   58.8614     61.75    0.484815     0.54304
  236     128     55691     55563   58.8503     56.25      0.3067    0.543191
  237     128     55918     55790   58.8414     56.75     0.47307    0.543216
  238     128     56149     56021   58.8368     57.75    0.546161    0.543259
  239     128     56373     56245   58.8249        56    0.463945     0.54331
2026-07-07T20:08:00.700075+0800 min lat: 0.0109498 max lat: 1.39025 avg lat: 0.543502
  sec Cur ops   started  finished  avg MB/s  cur MB/s last lat(s)  avg lat(s)
  240     128     56606     56478   58.8224     58.25    0.466728    0.543502
  241     128     56820     56692   58.8003      53.5    0.607818    0.543609
  242     128     57050     56922   58.7949      57.5    0.530068    0.543615
  243     128     57251     57123   58.7597     50.25    0.475303    0.543619
  244     128     57517     57389   58.7914      66.5    0.621701    0.543701
  245     128     57743     57615    58.782      56.5    0.473532    0.543749
  246     128     57966     57838   58.7696     55.75    0.420973    0.543806
  247     128     58223     58095   58.7918     64.25    0.516444    0.543762
  248     128     58445     58317   58.7785      55.5    0.582737    0.543859
  249     128     58675     58547   58.7733      57.5    0.523033    0.543851
  250     128     58917     58789   58.7802      60.5    0.529311    0.543886
  251     128     59140     59012   58.7681     55.75    0.559204     0.54401
  252     128     59351     59223   58.7442     52.75    0.588786     0.54419
  253     128     59571     59443   58.7293        55    0.639549    0.544297
  254     128     59786     59658   58.7097     53.75    0.569396    0.544277
  255     128     60036     59908   58.7245      62.5     0.46017    0.544427
  256     128     60295     60167    58.748     64.75     0.31773    0.544515
  257     128     60475     60347   58.6945        45    0.333871     0.54453
  258     128     60732     60604    58.716     64.25    0.572679    0.544557
  259     128     60938     60810   58.6881      51.5    0.551883    0.544693
2026-07-07T20:08:20.703171+0800 min lat: 0.0109498 max lat: 1.39025 avg lat: 0.544732
  sec Cur ops   started  finished  avg MB/s  cur MB/s last lat(s)  avg lat(s)
  260     128     61181     61053    58.696     60.75    0.479605    0.544732
  261     128     61396     61268    58.677     53.75    0.569027    0.544787
  262     128     61614     61486    58.661      54.5    0.648654     0.54488
  263     128     61809     61681   58.6233     48.75    0.546635    0.545143
  264     128     62025     61897   58.6058        54    0.583764    0.545257
  265     128     62286     62158   58.6308     65.25    0.557392    0.545329
  266     128     62499     62371   58.6105     53.25    0.581063     0.54538
  267     128     62730     62602   58.6073     57.75    0.684699    0.545543
  268     128     62938     62810   58.5826        52     0.56948     0.54554
  269     128     63163     63035   58.5739     56.25      0.5797    0.545597
  270     128     63392     63264    58.569     57.25    0.675979    0.545649
  271     128     63617     63489   58.5604     56.25    0.666978    0.545877
  272     128     63844     63716   58.5537     56.75    0.591186    0.545935
  273     128     64073     63945   58.5489     57.25    0.489568    0.545925
  274     128     64304     64176   58.5459     57.75    0.548801    0.546031
  275     128     64536     64408   58.5439        58    0.495824     0.54605
  276     128     64775     64647   58.5483     59.75    0.476392    0.546098
  277     128     64988     64860   58.5291     53.25    0.421381    0.546115
  278     128     65204     65076   58.5128        54    0.447351    0.546301
  279     128     65431     65303   58.5064     56.75    0.588574     0.54638
2026-07-07T20:08:40.706192+0800 min lat: 0.0109498 max lat: 1.39025 avg lat: 0.546429
  sec Cur ops   started  finished  avg MB/s  cur MB/s last lat(s)  avg lat(s)
  280     128     65653     65525   58.4957      55.5    0.590826    0.546429
  281     128     65880     65752   58.4894     56.75    0.518761      0.5464
  282     128     66130     66002   58.5036      62.5    0.537532    0.546528
  283     128     66331     66203   58.4744     50.25    0.509991    0.546604
  284     128     66573     66445   58.4815      60.5    0.621818    0.546639
  285     128     66827     66699   58.4991      63.5    0.567977    0.546597
  286     128     67059     66931   58.4973        58     0.46693    0.546559
  287     128     67260     67132   58.4685     50.25    0.505909    0.546582
  288     128     67518     67390   58.4895      64.5    0.588618    0.546603
  289     128     67719     67591   58.4609     50.25    0.532743    0.546733
  290     128     67958     67830   58.4653     59.75    0.606646    0.546829
  291     128     68189     68061   58.4629     57.75    0.458791    0.546866
  292     128     68418     68290   58.4587     57.25    0.414523    0.546934
  293     128     68643     68515   58.4511     56.25     0.50971     0.54695
  294     128     68861     68733   58.4376      54.5    0.605041    0.546967
  295     128     69096     68968   58.4387     58.75    0.508987    0.546976
  296     128     69325     69197   58.4346     57.25    0.497346    0.547011
  297     128     69550     69422   58.4272     56.25    0.538132    0.547179
  298     128     69772     69644   58.4174      55.5    0.594594    0.547286
  299     128     69992     69864   58.4059        55    0.418793    0.547321
2026-07-07T20:09:00.709179+0800 min lat: 0.0109498 max lat: 1.39025 avg lat: 0.547312
  sec Cur ops   started  finished  avg MB/s  cur MB/s last lat(s)  avg lat(s)
  300     128     70215     70087   58.3971     55.75    0.537854    0.547312
Total time run:         300.206
Total writes made:      70215
Write size:             262144
Object size:            262144
Bandwidth (MB/sec):     58.4724
Stddev Bandwidth:       10.2709
Max bandwidth (MB/sec): 112.25
Min bandwidth (MB/sec): 41.75
Average IOPS:           233
Stddev IOPS:            41.0837
Max IOPS:               449
Min IOPS:               167
Average Latency(s):     0.5472
Stddev Latency(s):      0.135244
Max latency(s):         1.39025
Min latency(s):         0.0109498
