hints = 1
Maintaining 128 concurrent writes of 262144 bytes to objects of size 262144 for up to 300 seconds or 0 objects
Object prefix: benchmark_data_tikv-node_3875091
  sec Cur ops   started  finished  avg MB/s  cur MB/s last lat(s)  avg lat(s)
    0       0         0         0         0         0           -           0
    1     128       569       441   110.238    110.25    0.218217    0.210366
    2     128      1019       891   111.362     112.5   0.0242739    0.220086
    3     128      1468      1340   111.652    112.25   0.0147315    0.251895
    4     128      1916      1788   111.735       112    0.891447     0.25598
    5     128      2363      2235   111.735    111.75     1.00219    0.260856
    6     128      2769      2641   110.027     101.5    0.156898    0.266091
    7     128      2957      2829   101.023        47    0.563186    0.304831
    8     128      3180      3052   95.3622     55.75    0.549085    0.325043
    9     128      3393      3265   90.6822     53.25    0.615111    0.340846
   10     128      3624      3496   87.3883     57.75    0.607847    0.355213
   11     128      3856      3728   84.7158        58    0.455812    0.368047
   12     128      4084      3956   82.4054        57    0.607657    0.381653
   13     128      4311      4183   80.4311     56.75    0.364866    0.390896
   14     128      4531      4403   78.6139        55    0.611464    0.399934
   15     128      4749      4621   77.0057      54.5    0.505782    0.407566
   16     128      4975      4847   75.7236      56.5    0.579955     0.41355
   17     128      5206      5078   74.6658     57.75    0.564839    0.420698
   18     128      5460      5332   74.0449      63.5    0.653339    0.427361
   19     128      5677      5549   73.0026     54.25     0.66903    0.432995
2026-07-07T20:10:07.913341+0800 min lat: 0.0100339 max lat: 1.40571 avg lat: 0.438628
  sec Cur ops   started  finished  avg MB/s  cur MB/s last lat(s)  avg lat(s)
   20     128      5871      5743    71.777      48.5    0.584925    0.438628
   21     128      6091      5963   70.9776        55    0.610039    0.443127
   22     128      6323      6195   70.3873        58    0.610232    0.447368
   23     128      6543      6415   69.7179        55    0.616977    0.451145
   24     128      6763      6635   69.1043        55    0.611801    0.455835
   25     128      6997      6869   68.6798      58.5    0.561099    0.459605
   26     128      7254      7126   68.5091     64.25    0.575436    0.462942
   27     128      7436      7308   67.6567      45.5    0.456474    0.466492
   28     128      7676      7548   67.3829        60    0.571197     0.46944
   29     128      7906      7778   67.0418      57.5    0.465463    0.472216
   30     128      8131      8003   66.6817     56.25    0.577781    0.474647
   31     128      8386      8258   66.5868     63.75    0.580652    0.477021
   32     128      8608      8480   66.2402      55.5    0.623076    0.479568
   33     128      8837      8709   65.9674     57.25    0.463266    0.481246
   34     128      9061      8933    65.674        56    0.472241    0.483534
   35     128      9278      9150   65.3474     54.25    0.504332      0.4855
   36     128      9523      9395   65.2333     61.25    0.496607    0.487713
   37     128      9744      9616   64.9633     55.25    0.455449    0.489125
   38     128      9951      9823   64.6154     51.75    0.728639    0.489715
   39     128     10168     10040   64.3494     54.25    0.442867    0.492778
2026-07-07T20:10:27.916369+0800 min lat: 0.0100339 max lat: 1.40571 avg lat: 0.49429
  sec Cur ops   started  finished  avg MB/s  cur MB/s last lat(s)  avg lat(s)
   40     128     10399     10271   64.1842     57.75    0.609734     0.49429
   41     128     10634     10506   64.0514     58.75    0.618808    0.495715
   42     128     10856     10728   63.8476      55.5    0.573073    0.497102
   43     128     11086     10958   63.6998      57.5     0.45367    0.498383
   44     128     11342     11214   63.7064        64    0.437102    0.499719
   45     128     11571     11443   63.5628     57.25     0.41665    0.500769
   46     128     11773     11645   63.2786      50.5    0.534323    0.502561
   47     128     12004     11876   63.1608     57.75    0.445998    0.503959
   48     128     12228     12100   63.0114        56    0.544366    0.504064
   49     128     12443     12315   62.8222     53.75    0.617062    0.505561
   50     128     12685     12557   62.7756      60.5     0.51144    0.506744
   51     128     12900     12772   62.5985     53.75    0.452876     0.50758
   52     128     13146     13018   62.5772      61.5    0.471662    0.508154
   53     128     13338     13210    62.302        48    0.543981    0.509248
   54     128     13593     13465   62.3286     63.75    0.546127    0.511011
   55     128     13827     13699   62.2588      58.5    0.479369    0.511654
   56     128     14047     13919   62.1291        55    0.396374    0.512467
   57     128     14270     14142    62.017     55.75    0.423177    0.513196
   58     128     14502     14374   61.9476        58    0.609163    0.514039
   59     128     14735     14607   61.8848     58.25     0.50374    0.514732
2026-07-07T20:10:47.919320+0800 min lat: 0.0100339 max lat: 1.40571 avg lat: 0.515191
  sec Cur ops   started  finished  avg MB/s  cur MB/s last lat(s)  avg lat(s)
   60     128     14961     14833    61.795      56.5    0.452524    0.515191
   61     128     15177     15049   61.6671        54    0.562505    0.516884
   62     128     15362     15234   61.4183     46.25     0.59261    0.517548
   63     128     15627     15499   61.4948     66.25    0.502792    0.517925
   64     128     15838     15710   61.3581     52.75    0.613878    0.518536
   65     128     16063     15935   61.2794     56.25    0.588338    0.519366
   66     128     16295     16167   61.2296        58    0.572327    0.519864
   67     128     16530     16402   61.1925     58.75    0.573233      0.5205
   68     128     16761     16633   61.1417     57.75    0.574089    0.521406
   69     128     16980     16852    61.049     54.75    0.439974    0.522342
   70     128     17204     17076   60.9767        56    0.426841    0.522919
   71     128     17434     17306   60.9276      57.5      0.4475     0.52326
   72     128     17669     17541   60.8973     58.75    0.602908    0.523696
   73     128     17901     17773   60.8575        58    0.453173    0.524289
   74     128     18111     17983   60.7444      52.5    0.552706    0.524744
   75     128     18346     18218   60.7177     58.75    0.394305    0.524992
   76     128     18563     18435   60.6325     54.25    0.650132    0.526127
   77     128     18755     18627   60.4684        48    0.530681    0.526801
   78     128     18997     18869   60.4686      60.5    0.425648    0.527184
   79     128     19231     19103   60.4436      58.5     0.43589    0.527627
2026-07-07T20:11:07.922270+0800 min lat: 0.0100339 max lat: 1.40571 avg lat: 0.528403
  sec Cur ops   started  finished  avg MB/s  cur MB/s last lat(s)  avg lat(s)
   80     128     19443     19315   60.3504        53    0.540706    0.528403
   81     128     19671     19543   60.3089        57    0.621556    0.528915
   82     128     19898     19770   60.2654     56.75    0.565406    0.529396
   83     128     20091     19963   60.1206     48.25    0.458259    0.529661
   84     128     20327     20199   60.1071        59    0.641377    0.530729
   85     128     20547     20419    60.047        55    0.512017    0.530749
   86     128     20798     20670   60.0783     62.75    0.575207    0.531295
   87     128     20996     20868   59.9566      49.5    0.553236     0.53162
   88     128     21245     21117   59.9825     62.25    0.666962     0.53158
   89     128     21498     21370   60.0191     63.25    0.548831    0.531751
   90     128     21728     21600   59.9911      57.5    0.504063     0.53188
   91     128     21939     21811   59.9114     52.75    0.546783    0.532237
   92     128     22173     22045   59.8959      58.5    0.616628    0.532641
   93     128     22413     22285    59.897        60    0.509768    0.532557
   94     128     22664     22536   59.9272     62.75    0.513326    0.532826
   95     128     22895     22767   59.9042     57.75    0.550495    0.533057
   96     128     23109     22981   59.8375      53.5    0.580102    0.533289
   97     128     23341     23213   59.8184        58    0.457958    0.533566
   98     128     23558     23430   59.7615     54.25    0.599187    0.533713
   99     128     23775     23647   59.7057     54.25    0.523014    0.534068
2026-07-07T20:11:27.925319+0800 min lat: 0.0100339 max lat: 1.40571 avg lat: 0.534297
  sec Cur ops   started  finished  avg MB/s  cur MB/s last lat(s)  avg lat(s)
  100     128     24025     23897   59.7336      62.5    0.563568    0.534297
  101     128     24257     24129   59.7163        58    0.531543    0.534551
  102     128     24463     24335   59.6357      51.5    0.579771    0.534634
  103     128     24725     24597   59.6925      65.5    0.577064    0.534698
  104     128     24935     24807   59.6233      52.5    0.500901    0.534823
  105     128     25178     25050    59.634     60.75    0.584981    0.535402
  106     128     25389     25261    59.569     52.75     0.66226    0.535555
  107     128     25602     25474   59.5098     53.25    0.617766    0.535974
  108     128     25844     25716   59.5189      60.5    0.726807    0.536169
  109     128     26065     25937   59.4796     55.25    0.568943    0.536475
  110     128     26292     26164   59.4548     56.75    0.378388    0.536825
  111     128     26524     26396   59.4416        58    0.610304     0.53693
  112     128     26731     26603   59.3728     51.75    0.567942    0.537276
  113     128     26964     26836   59.3628     58.25    0.506895    0.537468
  114     128     27197     27069    59.353     58.25    0.557127    0.537769
  115     128     27453     27325   59.3933        64      0.4793    0.537943
  116     128     27664     27536    59.336     52.75    0.582254    0.537855
  117     128     27894     27766   59.3202      57.5    0.482852    0.538088
  118     128     28134     28006   59.3259        60    0.576132    0.538261
  119     128     28359     28231      59.3     56.25    0.614524    0.538563
2026-07-07T20:11:47.928313+0800 min lat: 0.0100339 max lat: 1.40571 avg lat: 0.538649
  sec Cur ops   started  finished  avg MB/s  cur MB/s last lat(s)  avg lat(s)
  120     128     28572     28444   59.2495     53.25    0.452772    0.538649
  121     128     28794     28666   59.2184      55.5    0.485119     0.53902
  122     128     29024     28896   59.2043      57.5    0.692052    0.539369
  123     128     29245     29117   59.1721     55.25    0.492343    0.539404
  124     128     29506     29378    59.221     65.25    0.400351    0.539435
  125     128     29688     29560   59.1112      45.5    0.625738    0.539886
  126     128     29909     29781   59.0804     55.25    0.545737    0.540189
  127     128     30136     30008    59.062     56.75    0.580932    0.540436
  128     128     30364     30236   59.0459        57    0.460528    0.540513
  129     128     30586     30458   59.0183      55.5    0.481896    0.540758
  130     128     30814     30686   59.0027        57    0.489197    0.540983
  131     128     31035     30907    58.974     55.25    0.515691    0.541087
  132     128     31275     31147   58.9817        60    0.569282    0.541287
  133     128     31476     31348    58.916     50.25    0.613564    0.541713
  134     128     31706     31578   58.9054      57.5    0.583036    0.541948
  135     128     31969     31841    58.956     65.75    0.579404    0.541953
  136     128     32199     32071   58.9452      57.5    0.541126    0.542144
  137     128     32424     32296   58.9255     56.25    0.605391    0.542127
  138     128     32651     32523   58.9097     56.75    0.352716    0.542179
  139     128     32869     32741   58.8779      54.5    0.613692    0.542304
2026-07-07T20:12:07.931352+0800 min lat: 0.0100339 max lat: 1.40571 avg lat: 0.542582
  sec Cur ops   started  finished  avg MB/s  cur MB/s last lat(s)  avg lat(s)
  140     128     33099     32971    58.868      57.5    0.651433    0.542582
  141     128     33326     33198   58.8529     56.75    0.459114    0.542869
  142     128     33533     33405   58.8028     51.75    0.504671    0.543006
  143     128     33759     33631   58.7866      56.5    0.454085    0.543109
  144     128     33969     33841   58.7429      52.5    0.599456    0.543701
  145     128     34171     34043    58.686      50.5    0.441668    0.543829
  146     128     34433     34305   58.7327      65.5    0.530458    0.543892
  147     128     34621     34493   58.6528        47    0.473363    0.543909
  148     128     34890     34762   58.7108     67.25    0.560132    0.544154
  149     128     35108     34980   58.6825      54.5    0.428572     0.54432
  150     128     35336     35208   58.6712        57    0.407366    0.544271
  151     128     35587     35459   58.6982     62.75    0.507754     0.54429
  152     128     35798     35670    58.659     52.75    0.586678    0.544403
  153     128     36017     35889   58.6334     54.75     0.56476    0.544474
  154     128     36278     36150   58.6763     65.25    0.485737    0.544322
  155     128     36511     36383   58.6735     58.25    0.458981    0.544559
  156     128     36726     36598   58.6419     53.75    0.629903    0.544672
  157     128     36951     36823   58.6266     56.25    0.554397    0.544733
  158     128     37179     37051   58.6162        57     0.65152    0.544756
  159     128     37422     37294   58.6296     60.75    0.623266    0.544901
2026-07-07T20:12:27.934389+0800 min lat: 0.0100339 max lat: 1.40571 avg lat: 0.545051
  sec Cur ops   started  finished  avg MB/s  cur MB/s last lat(s)  avg lat(s)
  160     128     37650     37522   58.6193        57    0.594424    0.545051
  161     128     37882     37754   58.6154        58     0.43765    0.545158
  162     128     38093     37965   58.5792     52.75    0.586599    0.545231
  163     128     38317     38189   58.5633        56    0.512245    0.545539
  164     128     38538     38410   58.5431     55.25    0.608977    0.545712
  165     128     38770     38642   58.5397        58    0.435147    0.545774
  166     128     38972     38844   58.4913      50.5    0.638834    0.545876
  167     128     39200     39072   58.4823        57    0.511391    0.546188
  168     128     39426     39298   58.4704      56.5    0.591846    0.546176
  169     128     39657     39529   58.4661     57.75    0.597208    0.546242
  170     128     39879     39751   58.4486      55.5    0.586121    0.546398
  171     128     40091     39963   58.4167        53    0.503621    0.546613
  172     128     40347     40219   58.4491        64    0.516017    0.546666
  173     128     40563     40435   58.4234        54    0.487674    0.546658
  174     128     40787     40659   58.4094        56    0.483037    0.547035
  175     128     41022     40894   58.4113     58.75    0.608768    0.547157
  176     128     41228     41100    58.372      51.5    0.510388    0.547181
  177     128     41456     41328   58.3641        57    0.484637    0.547347
  178     128     41712     41584   58.3958        64    0.568787    0.547307
  179     128     41928     41800   58.3712        54    0.442415    0.547413
2026-07-07T20:12:47.937361+0800 min lat: 0.0100339 max lat: 1.40571 avg lat: 0.547499
  sec Cur ops   started  finished  avg MB/s  cur MB/s last lat(s)  avg lat(s)
  180     128     42152     42024   58.3579        56    0.570891    0.547499
  181     128     42362     42234   58.3255      52.5    0.638759    0.547743
  182     128     42591     42463   58.3196     57.25    0.629008    0.547947
  183     128     42829     42701    58.326      59.5    0.464311    0.547969
  184     128     43040     42912   58.2956     52.75    0.449072    0.547933
  185     128     43260     43132   58.2778        55    0.417874     0.54805
  186     128     43502     43374   58.2897      60.5    0.580151    0.548103
  187     128     43735     43607   58.2894     58.25    0.554389    0.548172
  188     128     43937     43809   58.2479      50.5    0.649672    0.548195
  189     128     44168     44040   58.2453     57.75    0.524344    0.548506
  190     128     44387     44259   58.2268     54.75    0.582006    0.548564
  191     128     44646     44518   58.2609     64.75    0.548241    0.548607
  192     128     44826     44698   58.1918        45    0.673217    0.548758
  193     128     45064     44936   58.1985      59.5    0.561884    0.548934
  194     128     45317     45189   58.2245     63.25    0.551878    0.548988
  195     128     45534     45406   58.2041     54.25    0.620232    0.549069
  196     128     45754     45626   58.1877        55    0.479492    0.549197
  197     128     45973     45845   58.1702     54.75    0.501609    0.549297
  198     128     46194     46066   58.1554     55.25    0.485346    0.549368
  199     128     46416     46288   58.1421      55.5    0.663931    0.549412
2026-07-07T20:13:07.940253+0800 min lat: 0.0100339 max lat: 1.40571 avg lat: 0.549602
  sec Cur ops   started  finished  avg MB/s  cur MB/s last lat(s)  avg lat(s)
  200     128     46637     46509   58.1276     55.25    0.531259    0.549602
  201     128     46856     46728   58.1107     54.75    0.596897    0.549622
  202     128     47088     46960   58.1102        58    0.433083    0.549752
  203     128     47319     47191   58.1083     57.75    0.586631    0.549908
  204     128     47531     47403   58.0833        53    0.538046    0.550031
  205     128     47752     47624   58.0694     55.25    0.457164    0.550124
  206     128     47982     47854   58.0666      57.5    0.451036    0.550141
  207     128     48203     48075   58.0529     55.25    0.452059    0.550209
  208     128     48454     48326   58.0755     62.75    0.478794    0.550266
  209     128     48676     48548   58.0631      55.5    0.468095    0.550313
  210     128     48902     48774   58.0556      56.5    0.620631     0.55032
  211     128     49111     48983   58.0281     52.25    0.460393    0.550598
  212     128     49333     49205   58.0161      55.5    0.473219    0.550703
  213     128     49594     49466     58.05     65.25    0.516195    0.550673
  214     128     49784     49656   58.0007      47.5    0.549631    0.550736
  215     128     50016     49888   58.0007        58    0.477203    0.550792
  216     128     50267     50139   58.0226     62.75    0.457098    0.550849
  217     128     50499     50371   58.0225        58    0.452001    0.550907
  218     128     50719     50591   58.0085        55     0.50207    0.550903
  219     128     50944     50816   58.0005     56.25    0.469184    0.551051
2026-07-07T20:13:27.943275+0800 min lat: 0.0100339 max lat: 1.40571 avg lat: 0.551058
  sec Cur ops   started  finished  avg MB/s  cur MB/s last lat(s)  avg lat(s)
  220     128     51161     51033   57.9834     54.25    0.450727    0.551058
  221     128     51393     51265   57.9834        58    0.613643     0.55108
  222     128     51620     51492   57.9778     56.75    0.371914    0.551128
  223     128     51853     51725    57.979     58.25    0.591848    0.551145
  224     128     52104     51976   58.0003     62.75    0.533656     0.55117
  225     128     52311     52183   57.9725     51.75    0.549172    0.551207
  226     128     52539     52411   57.9681        57    0.615721     0.55135
  227     128     52771     52643   57.9682        58    0.454303    0.551448
  228     128     52979     52851    57.942        52      0.5044    0.551421
  229     128     53235     53107   57.9684        64    0.620051    0.551411
  230     128     53459     53331   57.9598        56    0.414823    0.551502
  231     128     53687     53559   57.9556        57    0.419883    0.551546
  232     128     53920     53792   57.9569     58.25    0.413681    0.551579
  233     128     54131     54003   57.9345     52.75    0.603447    0.551677
  234     128     54358     54230   57.9294     56.75    0.616992    0.551774
  235     128     54597     54469   57.9371     59.75    0.482987    0.551803
  236     128     54818     54690   57.9256     55.25    0.450714    0.551845
  237     128     55026     54898   57.9006        52    0.472238    0.551868
  238     128     55255     55127   57.8978     57.25    0.557008    0.551873
  239     128     55471     55343   57.8815        54    0.722755    0.552163
2026-07-07T20:13:47.946371+0800 min lat: 0.0100339 max lat: 1.40571 avg lat: 0.552329
  sec Cur ops   started  finished  avg MB/s  cur MB/s last lat(s)  avg lat(s)
  240     128     55697     55569   57.8757      56.5    0.549642    0.552329
  241     128     55924     55796    57.871     56.75     0.65088    0.552447
  242     128     56144     56016   57.8591        55    0.529532    0.552408
  243     128     56359     56231   57.8421     53.75      0.5878    0.552468
  244     128     56601     56473    57.853      60.5    0.495354    0.552492
  245     128     56814     56686   57.8342     53.25    0.518002    0.552573
  246     128     57064     56936   57.8531      62.5    0.480206    0.552503
  247     128     57318     57190   57.8759      63.5    0.472291    0.552394
  248     128     57546     57418   57.8724        57    0.616627    0.552372
  249     128     57766     57638   57.8608        55    0.620665    0.552489
  250     128     57998     57870   57.8613        58    0.606078    0.552517
  251     128     58188     58060     57.82      47.5    0.496516    0.552524
  252     128     58434     58306   57.8346      61.5    0.546308    0.552637
  253     128     58669     58541   57.8382     58.75    0.538861    0.552697
  254     128     58889     58761    57.827        55    0.607225    0.552725
  255     128     59114     58986   57.8208     56.25    0.701146    0.552812
  256     128     59334     59206   57.8097        55    0.426914    0.552721
  257     128     59565     59437   57.8094     57.75    0.444727    0.552808
  258     128     59783     59655   57.7966      54.5     0.58379    0.552846
  259     128     60056     59928   57.8369     68.25     0.51665    0.552799
2026-07-07T20:14:07.949395+0800 min lat: 0.0100339 max lat: 1.40571 avg lat: 0.552906
  sec Cur ops   started  finished  avg MB/s  cur MB/s last lat(s)  avg lat(s)
  260     128     60275     60147    57.825     54.75     0.62961    0.552906
  261     128     60500     60372   57.8189     56.25    0.442028    0.552947
  262     128     60700     60572    57.789        50    0.500601    0.552955
  263     128     60917     60789   57.7756     54.25    0.557211    0.553072
  264     128     61185     61057   57.8105        67    0.526379    0.553126
  265     128     61394     61266   57.7894     52.25    0.583731    0.553184
  266     128     61615     61487   57.7799     55.25    0.418833    0.553242
  267     128     61840     61712   57.7741     56.25    0.605912    0.553343
  268     128     62073     61945   57.7759     58.25    0.554241      0.5534
  269     128     62297     62169   57.7692        56    0.481344    0.553401
  270     128     62485     62357   57.7293        47    0.464846    0.553483
  271     128     62712     62584   57.7257     56.75    0.618958    0.553659
  272     128     62946     62818   57.7285      58.5    0.550359    0.553731
  273     128     63175     63047   57.7267     57.25    0.451224    0.553708
  274     128     63384     63256   57.7067     52.25    0.529837    0.553827
  275     128     63601     63473   57.6941     54.25    0.446511    0.553958
  276     128     63831     63703   57.6933      57.5    0.443193     0.55397
  277     128     64077     63949   57.7071      61.5    0.507391    0.553979
  278     128     64305     64177   57.7045        57    0.564997    0.553931
  279     128     64558     64430   57.7243     63.25    0.571763    0.553989
2026-07-07T20:14:27.952346+0800 min lat: 0.0100339 max lat: 1.40571 avg lat: 0.553983
  sec Cur ops   started  finished  avg MB/s  cur MB/s last lat(s)  avg lat(s)
  280     128     64775     64647   57.7119     54.25    0.591732    0.553983
  281     128     65019     64891   57.7236        61    0.505886    0.553962
  282     128     65218     65090   57.6952     49.75    0.559364     0.55399
  283     128     65445     65317   57.6919     56.75    0.447838    0.554081
  284     128     65671     65543   57.6877      56.5    0.466003     0.55406
  285     128     65900     65772   57.6861     57.25    0.399538    0.554244
  286     128     66141     66013    57.695     60.25    0.538776    0.554122
  287     128     66364     66236   57.6882     55.75    0.568036    0.554261
  288     128     66578     66450   57.6736      53.5    0.528696    0.554187
  289     128     66794     66666   57.6609        54    0.547524    0.554322
  290     128     67004     66876   57.6431      52.5    0.594443    0.554396
  291     128     67265     67137   57.6692     65.25    0.496368    0.554381
  292     128     67480     67352   57.6557     53.75    0.563573    0.554363
  293     128     67712     67584   57.6569        58    0.582863    0.554398
  294     128     67943     67815   57.6572     57.75      0.4502    0.554513
  295     128     68175     68047   57.6583        58    0.546041    0.554542
  296     128     68401     68273   57.6543      56.5    0.439201     0.55443
  297     128     68597     68469   57.6252        49    0.593821    0.554622
  298     128     68848     68720   57.6423     62.75    0.487706    0.554654
  299     128     69073     68945   57.6377     56.25    0.446208    0.554686
2026-07-07T20:14:47.955489+0800 min lat: 0.0100339 max lat: 1.40571 avg lat: 0.55467
  sec Cur ops   started  finished  avg MB/s  cur MB/s last lat(s)  avg lat(s)
  300     111     69281     69170    57.633     56.25    0.529494     0.55467
Total time run:         300.186
Total writes made:      69281
Write size:             262144
Object size:            262144
Bandwidth (MB/sec):     57.6984
Stddev Bandwidth:       8.54493
Max bandwidth (MB/sec): 112.5
Min bandwidth (MB/sec): 45
Average IOPS:           230
Stddev IOPS:            34.1797
Max IOPS:               450
Min IOPS:               180
Average Latency(s):     0.554532
Stddev Latency(s):      0.122617
Max latency(s):         1.40571
Min latency(s):         0.0100339
