hints = 1
Maintaining 16 concurrent writes of 262144 bytes to objects of size 262144 for up to 300 seconds or 0 objects
Object prefix: benchmark_data_tikv-node_3627601
  sec Cur ops   started  finished  avg MB/s  cur MB/s last lat(s)  avg lat(s)
    0       0         0         0         0         0           -           0
    1      16       455       439   109.732    109.75   0.0202857   0.0357191
    2      16       899       883   110.358       111   0.0190538   0.0358175
    3      16      1346      1330   110.816    111.75   0.0669635   0.0358258
    4      16      1792      1776   110.984     111.5   0.0323991   0.0358453
    5      16      2237      2221   111.034    111.25    0.067011   0.0358329
    6      16      2685      2669   111.193       112   0.0512275   0.0358354
    7      16      3132      3116   111.271    111.75    0.030503   0.0357858
    8      16      3578      3562   111.297     111.5   0.0186575   0.0358325
    9      16      4016      4000   111.096     109.5   0.0505814   0.0358341
   10      16      4276      4260   106.485        65   0.0157677   0.0374949
   11      16      4491      4475    101.69     53.75   0.0331814   0.0391837
   12      16      4720      4704   97.9859     57.25   0.0224309   0.0406731
   13      16      4923      4907   94.3516     50.75   0.0568844   0.0422066
   14      16      5157      5141   91.7903      58.5   0.0869755   0.0435609
   15      16      5374      5358   89.2871     54.25   0.0441285   0.0447645
   16      16      5572      5556   86.7999      49.5    0.045801   0.0458697
   17      16      5793      5777   84.9434     55.25   0.0885425   0.0469538
   18      16      6022      6006   83.4045     57.25    0.070462     0.04794
   19      16      6239      6223   81.8696     54.25   0.0658967   0.0487567
2026-07-07T19:23:50.715924+0800 min lat: 0.00734034 max lat: 0.163605 avg lat: 0.0495481
  sec Cur ops   started  finished  avg MB/s  cur MB/s last lat(s)  avg lat(s)
   20      16      6467      6451   80.6258        57   0.0156777   0.0495481
   21      16      6683      6667   79.3574        54   0.0190204   0.0503149
   22      16      6896      6880   78.1703     53.25   0.0456494   0.0509888
   23      16      7127      7111   77.2821     57.75   0.0596529   0.0516112
   24      16      7356      7340   76.4472     57.25   0.0836094   0.0522986
   25      16      7562      7546   75.4491      51.5   0.0296149   0.0528957
   26      16      7779      7763   74.6335     54.25   0.0202135   0.0534953
   27      16      8005      7989   73.9616      56.5   0.0771985   0.0540734
   28      16      8228      8212   73.3109     55.75   0.0518736    0.054465
   29      16      8443      8427   72.6361     53.75   0.0812901   0.0549422
   30      16      8674      8658   72.1396     57.75     0.02086    0.055393
   31      16      8911      8895   71.7236     59.25   0.0460642   0.0556498
   32      16      9129      9113   71.1851      54.5   0.0250922   0.0560817
   33      16      9354      9338   70.7323     56.25   0.0275216   0.0564917
   34      16      9570      9554   70.2398        54   0.0557606    0.056863
   35      16      9802      9786     69.89        58   0.0606173   0.0572249
   36      16     10015      9999   69.4275     53.25   0.0290562   0.0575535
   37      16     10230     10214   69.0036     53.75   0.0187913   0.0578803
   38      16     10454     10438   68.6612        56   0.0629324    0.058171
   39      16     10662     10646   68.2338        52   0.0293687   0.0584913
2026-07-07T19:24:10.718754+0800 min lat: 0.00734034 max lat: 0.202261 avg lat: 0.0587893
  sec Cur ops   started  finished  avg MB/s  cur MB/s last lat(s)  avg lat(s)
   40      16     10895     10879    67.984     58.25   0.0165429   0.0587893
   41      16     11113     11097   67.6549      54.5   0.0174958   0.0590607
   42      16     11330     11314   67.3356     54.25   0.0227622   0.0593471
   43      16     11534     11518   66.9556        51      0.0508   0.0596372
   44      16     11767     11751   66.7576     58.25   0.0174581   0.0598901
   45      16     11988     11972   66.5017     55.25   0.0138424   0.0601348
   46      16     12213     12197   66.2787     56.25   0.0574592   0.0603417
   47      16     12429     12413   66.0174        54   0.0256716   0.0605487
   48      16     12643     12627   65.7565      53.5   0.0252832   0.0607491
   49      16     12858     12842   65.5113     53.75   0.0169207   0.0609533
   50      16     13091     13075    65.366     58.25   0.0375344   0.0611316
   51      16     13308     13292   65.1479     54.25   0.0253957   0.0613054
   52      16     13528     13512   64.9526        55   0.0742376   0.0615038
   53      16     13758     13742   64.8118      57.5   0.0149596   0.0616903
   54      16     13964     13948   64.5652      51.5   0.0157742   0.0618567
   55      16     14184     14168   64.3912        55   0.0178713   0.0620465
   56      16     14415     14399   64.2724     57.75   0.0737352   0.0622285
   57      16     14627     14611   64.0746        53   0.0820211   0.0623782
   58      16     14861     14845   63.9783      58.5   0.0148031   0.0625008
   59      16     15089     15073   63.8599        57   0.0381654   0.0625941
2026-07-07T19:24:30.721185+0800 min lat: 0.00734034 max lat: 0.228592 avg lat: 0.0627382
  sec Cur ops   started  finished  avg MB/s  cur MB/s last lat(s)  avg lat(s)
   60      16     15306     15290   63.6997     54.25   0.0441654   0.0627382
   61      16     15547     15531   63.6429     60.25    0.100771   0.0628451
   62      16     15762     15746   63.4833     53.75   0.0721588   0.0629898
   63      16     15980     15964   63.3405      54.5   0.0193397   0.0631257
   64      16     16192     16176   63.1788        53   0.0415279   0.0632553
   65      16     16410     16394   63.0452      54.5   0.0429967   0.0633954
   66      16     16619     16603   62.8815     52.25   0.0176254   0.0635347
   67      16     16843     16827   62.7786        56   0.0746538   0.0636739
   68      16     17062     17046   62.6604     54.75   0.0468134   0.0637913
   69      16     17291     17275   62.5819     57.25    0.033323   0.0638296
   70      16     17512     17496   62.4771     55.25   0.0585511   0.0639665
   71      16     17729     17713   62.3611     54.25   0.0407216   0.0640741
   72      16     17953     17937   62.2726        56   0.0253041   0.0641622
   73      16     18159     18143   62.1249      51.5   0.0169911   0.0643212
   74      16     18379     18363   62.0285        55     0.01627   0.0644248
   75      16     18598     18582   61.9313     54.75   0.0460576   0.0645282
   76      16     18830     18814   61.8795        58   0.0112096   0.0646069
   77      16     19036     19020   61.7446      51.5   0.0914241   0.0647684
   78      16     19257     19241   61.6612     55.25   0.0166303   0.0648567
   79      16     19464     19448   61.5356     51.75   0.0291586   0.0649389
2026-07-07T19:24:50.724294+0800 min lat: 0.00714225 max lat: 0.228592 avg lat: 0.0650312
  sec Cur ops   started  finished  avg MB/s  cur MB/s last lat(s)  avg lat(s)
   80      16     19685     19669    61.457     55.25   0.0394925   0.0650312
   81      16     19918     19902   61.4172     58.25   0.0953761   0.0651149
   82      16     20137     20121   61.3358     54.75   0.0898515   0.0652005
   83      16     20347     20331   61.2293      52.5   0.0455929   0.0652624
   84      16     20556     20540   61.1223     52.25   0.0501441   0.0653764
   85      16     20766     20750   61.0207      52.5    0.025912   0.0655003
   86      16     20969     20953   60.9012     50.75     0.01215   0.0656371
   87      16     21181     21165   60.8103        53   0.0430125   0.0657395
   88      16     21392     21376   60.7186     52.75   0.0196103    0.065829
   89      16     21621     21605   60.6795     57.25   0.0689696   0.0659147
   90      16     21839     21823   60.6108      54.5   0.0229032    0.065972
   91      16     22056     22040   60.5408     54.25    0.048766   0.0660387
   92      16     22284     22268   60.5022        57   0.0922679   0.0661009
   93      15     22502     22487   60.4403     54.75   0.0375271   0.0661543
   94      16     22717     22701   60.3663      53.5   0.0249417   0.0662119
   95      16     22941     22925   60.3203        56   0.0322402   0.0662847
   96      16     23172     23156   60.2934     57.75   0.0767448   0.0663314
   97      16     23381     23365   60.2104     52.25   0.0161751   0.0663815
   98      15     23608     23593   60.1776        57   0.0937064   0.0664567
   99      16     23811     23795   60.0797      50.5   0.0510865   0.0665316
2026-07-07T19:25:10.727475+0800 min lat: 0.00714225 max lat: 0.236146 avg lat: 0.0666011
  sec Cur ops   started  finished  avg MB/s  cur MB/s last lat(s)  avg lat(s)
  100      16     24029     24013   60.0238      54.5   0.0518727   0.0666011
  101      16     24246     24230   59.9666     54.25   0.0875581   0.0666555
  102      16     24471     24455   59.9301     56.25   0.0621045   0.0667018
  103      16     24696     24680   59.8943     56.25   0.0282638   0.0667689
  104      16     24908     24892   59.8279        53   0.0191337    0.066843
  105      16     25114     25098   59.7485      51.5   0.0368487   0.0668963
  106      16     25345     25329   59.7296     57.75   0.0103411   0.0669491
  107      16     25573     25557    59.704        57   0.0121594   0.0669855
  108      16     25787     25771   59.6465      53.5   0.0304691   0.0670301
  109      16     26006     25990   59.6015     54.75    0.023503   0.0670769
  110      16     26221     26205   59.5482     53.75   0.0128645   0.0671055
  111      16     26444     26428   59.5139     55.75   0.0236849     0.06718
  112      16     26660     26644   59.4646        54   0.0121849   0.0672356
  113      16     26876     26860   59.4162        54   0.0141192   0.0672823
  114      16     27148     27132   59.4914        68   0.0198785   0.0672082
  115      16     27357     27341   59.4283     52.25   0.0203623   0.0672624
  116      16     27586     27570   59.4095     57.25   0.0247986    0.067305
  117      16     27815     27799   59.3909     57.25   0.0493182   0.0673404
  118      16     28016     28000   59.3134     50.25    0.019199   0.0674241
  119      16     28233     28217   59.2708     54.25   0.0178563   0.0674696
2026-07-07T19:25:30.730483+0800 min lat: 0.00714225 max lat: 0.236146 avg lat: 0.0675086
  sec Cur ops   started  finished  avg MB/s  cur MB/s last lat(s)  avg lat(s)
  120      16     28449     28433   59.2268        54   0.0364831   0.0675086
  121      16     28664     28648   59.1815     53.75   0.0341909   0.0675414
  122      16     28876     28860   59.1307        53    0.077531   0.0676136
  123      16     29094     29078    59.093      54.5   0.0188703   0.0676499
  124      16     29313     29297   59.0579     54.75   0.0181061   0.0676959
  125      16     29515     29499   58.9894      50.5   0.0124366   0.0677603
  126      16     29751     29735   58.9894        59   0.0200167   0.0677819
  127      16     29969     29953    58.954      54.5   0.0472949   0.0678105
  128      16     30198     30182   58.9406     57.25   0.0739023   0.0678555
  129      16     30405     30389   58.8848     51.75    0.017865   0.0678899
  130      16     30619     30603   58.8433      53.5   0.0340097    0.067937
  131      16     30840     30824   58.8158     55.25   0.0471171   0.0679708
  132      16     31072     31056   58.8096        58   0.0193965   0.0680025
  133      16     31273     31257   58.7451     50.25   0.0343902   0.0680482
  134      16     31502     31486   58.7339     57.25   0.0959139   0.0680946
  135      16     31713     31697   58.6895     52.75   0.0799978   0.0681301
  136      16     31943     31927   58.6807      57.5   0.0200759   0.0681531
  137      16     32156     32140    58.641     53.25   0.0781162   0.0681744
  138      16     32386     32370   58.6327      57.5    0.023125    0.068208
  139      16     32598     32582   58.5921        53   0.0429179   0.0682411
2026-07-07T19:25:50.733656+0800 min lat: 0.00714225 max lat: 0.236146 avg lat: 0.0682681
  sec Cur ops   started  finished  avg MB/s  cur MB/s last lat(s)  avg lat(s)
  140      16     32817     32801   58.5646     54.75   0.0279805   0.0682681
  141      16     33036     33020   58.5375     54.75   0.0175583   0.0683178
  142      16     33252     33236   58.5054        54   0.0240251   0.0683447
  143      16     33470     33454   58.4774      54.5   0.0446518   0.0683728
  144      16     33686     33670   58.4462        54   0.0156391   0.0684265
  145      16     33905     33889   58.4207     54.75   0.0145692   0.0684569
  146      16     34119     34103   58.3869      53.5   0.0101843   0.0684883
  147      16     34347     34331   58.3774        57   0.0161193   0.0685115
  148      16     34554     34538   58.3326     51.75   0.0422141    0.068542
  149      16     34772     34756   58.3069      54.5   0.0294463   0.0685689
  150      16     34995     34979   58.2898     55.75   0.0302376   0.0686021
  151      16     35211     35195   58.2613        54   0.0121334   0.0686304
  152      16     35416     35400   58.2151     51.25   0.0173831   0.0686704
  153      16     35638     35622   58.1973      55.5    0.044627   0.0687024
  154      16     35868     35852   58.1928      57.5   0.0968491   0.0687296
  155      16     36081     36065   58.1608     53.25   0.0297177   0.0687403
  156      16     36302     36286   58.1421     55.25   0.0183364   0.0687665
  157      16     36505     36489    58.095     50.75   0.0517292   0.0688171
  158      16     36720     36704   58.0674     53.75   0.0112132   0.0688767
  159      16     36922     36906   58.0198      50.5   0.0220196   0.0689293
2026-07-07T19:26:10.736485+0800 min lat: 0.00714225 max lat: 0.236146 avg lat: 0.0689311
  sec Cur ops   started  finished  avg MB/s  cur MB/s last lat(s)  avg lat(s)
  160      16     37140     37124   57.9977      54.5   0.0206615   0.0689311
  161      16     37370     37354   57.9946      57.5   0.0881867   0.0689582
  162      16     37595     37579   57.9838     56.25   0.0196654   0.0689719
  163      16     37801     37785   57.9439      51.5   0.0519039   0.0689958
  164      16     38018     38002   57.9214     54.25   0.0157258   0.0690271
  165      16     38243     38227   57.9112     56.25   0.0145046   0.0690615
  166      16     38461     38445   57.8906      54.5   0.0144156   0.0690788
  167      16     38661     38645   57.8433        50   0.0513273   0.0691176
  168      16     38877     38861   57.8204        54   0.0723522   0.0691471
  169      16     39104     39088    57.814     56.75   0.0263094   0.0691722
  170      16     39327     39311   57.8018     55.75   0.0440641   0.0691776
  171      16     39553     39537   57.7941      56.5   0.0193888   0.0691815
  172      16     39783     39767   57.7924      57.5   0.0291832   0.0691996
  173      16     39997     39981   57.7675      53.5   0.0294905   0.0692215
  174      16     40217     40201   57.7516        55   0.0331118   0.0692286
  175      16     40434     40418   57.7315     54.25   0.0191117   0.0692726
  176      16     40646     40630   57.7046        53   0.0732807   0.0692871
  177      16     40878     40862   57.7062        58   0.0169713   0.0693042
  178      16     41087     41071   57.6755     52.25    0.056716   0.0693249
  179      16     41310     41294   57.6647     55.75   0.0434867   0.0693404
2026-07-07T19:26:30.739548+0800 min lat: 0.00714225 max lat: 0.236146 avg lat: 0.069367
  sec Cur ops   started  finished  avg MB/s  cur MB/s last lat(s)  avg lat(s)
  180      16     41532     41516   57.6526      55.5    0.105523    0.069367
  181      16     41753     41737   57.6393     55.25    0.032262   0.0693824
  182      16     41965     41949   57.6137        53   0.0723518   0.0694207
  183      16     42177     42161   57.5885        53   0.0173126   0.0694455
  184      16     42385     42369   57.5581        52   0.0206766   0.0694665
  185      16     42612     42596   57.5537     56.75   0.0214776   0.0694872
  186      16     42831     42815   57.5385     54.75   0.0177696   0.0694981
  187      16     43047     43031   57.5196        54   0.0447548     0.06952
  188      16     43277     43261   57.5194      57.5   0.0881242   0.0695361
  189      16     43494     43478   57.5021     54.25    0.019618   0.0695429
  190      16     43703     43687   57.4744     52.25   0.0189578   0.0695675
  191      16     43927     43911   57.4666        56   0.0226934   0.0695915
  192      16     44145     44129   57.4511      54.5   0.0259774   0.0695996
  193      16     44348     44332   57.4164     50.75   0.0219197    0.069636
  194      15     44567     44552   57.4039        55   0.0911301   0.0696653
  195      16     44787     44771   57.3902     54.75   0.0213647   0.0696856
  196      16     45004     44988   57.3742     54.25   0.0184482    0.069698
  197      16     45234     45218   57.3748      57.5   0.0720979   0.0697097
  198      16     45450     45434   57.3577        54   0.0154083   0.0697277
  199      16     45667     45651    57.342     54.25   0.0195812   0.0697413
2026-07-07T19:26:50.742623+0800 min lat: 0.00714225 max lat: 0.236146 avg lat: 0.0697592
  sec Cur ops   started  finished  avg MB/s  cur MB/s last lat(s)  avg lat(s)
  200      16     45890     45874    57.334     55.75   0.0793321   0.0697592
  201      16     46094     46078   57.3025        51   0.0190205   0.0697783
  202      16     46311     46295   57.2873     54.25   0.0255913   0.0698015
  203      16     46530     46514   57.2748     54.75   0.0521655   0.0698134
  204      16     46758     46742   57.2734        57   0.0425796   0.0698195
  205      16     46955     46939   57.2342     49.25   0.0930103   0.0698691
  206      16     47171     47155   57.2185        54    0.066577   0.0698822
  207      16     47393     47377   57.2101      55.5   0.0274827   0.0698918
  208      16     47614     47598   57.2006     55.25   0.0176568   0.0699087
  209      16     47825     47809   57.1793     52.75     0.08928   0.0699495
  210      16     48043     48027   57.1665      54.5   0.0881954   0.0699636
  211      16     48260     48244   57.1527     54.25   0.0139725    0.069972
  212      16     48469     48453   57.1295     52.25    0.014057   0.0700071
  213      16     48686     48670   57.1159     54.25   0.0126042   0.0700249
  214      16     48906     48890    57.106        55   0.0886083   0.0700387
  215      16     49121     49105   57.0904     53.75   0.0949839   0.0700503
  216      16     49329     49313   57.0668        52   0.0731901   0.0700777
  217      16     49549     49533   57.0572        55   0.0139944   0.0700882
  218      16     49765     49749   57.0431        54   0.0292564   0.0701024
  219      16     49983     49967   57.0315      54.5   0.0224445   0.0701132
2026-07-07T19:27:10.745694+0800 min lat: 0.00714225 max lat: 0.236146 avg lat: 0.0701371
  sec Cur ops   started  finished  avg MB/s  cur MB/s last lat(s)  avg lat(s)
  220      16     50204     50188   57.0233     55.25   0.0108812   0.0701371
  221      16     50421     50405   57.0108     54.25    0.015584   0.0701505
  222      16     50638     50622   56.9983     54.25   0.0232927   0.0701659
  223      16     50864     50848    56.996      56.5    0.102681   0.0701702
  224      16     51069     51053   56.9703     51.25   0.0204314   0.0701879
  225      16     51290     51274   56.9626     55.25   0.0773778   0.0702149
  226      16     51504     51488   56.9473      53.5   0.0193307   0.0702235
  227      16     51713     51697   56.9266     52.25   0.0457185   0.0702413
  228      16     51924     51908   56.9082     52.75    0.020016    0.070265
  229      16     52153     52137   56.9097     57.25   0.0800291    0.070279
  230      16     52374     52358   56.9024     55.25   0.0205809   0.0702845
  231      16     52573     52557   56.8714     49.75   0.0168882   0.0703128
  232      16     52785     52769   56.8547        53   0.0806254   0.0703312
  233      16     53006     52990   56.8478     55.25   0.0276132   0.0703428
  234      16     53222     53206   56.8356        54   0.0151972    0.070359
  235      16     53453     53437   56.8394     57.75   0.0250819   0.0703578
  236      16     53676     53660   56.8348     55.75   0.0185744   0.0703676
  237      16     53894     53878   56.8249      54.5   0.0273939   0.0703755
  238      16     54115     54099   56.8182     55.25   0.0344072    0.070385
  239      16     54330     54314   56.8053     53.75   0.0440247    0.070396
2026-07-07T19:27:30.748792+0800 min lat: 0.00714225 max lat: 0.236146 avg lat: 0.0704089
  sec Cur ops   started  finished  avg MB/s  cur MB/s last lat(s)  avg lat(s)
  240      16     54558     54542   56.8061        57   0.0828251   0.0704089
  241      16     54780     54764   56.8007      55.5   0.0181444   0.0704102
  242      16     55006     54990   56.7994      56.5    0.027109   0.0704003
  243      16     55223     55207   56.7889     54.25   0.0256699   0.0704223
  244      16     55442     55426   56.7805     54.75   0.0185578    0.070431
  245      16     55665     55649   56.7762     55.75   0.0173709   0.0704417
  246      16     55869     55853   56.7527        51    0.113173   0.0704539
  247      16     56108     56092   56.7648     59.75    0.010672   0.0704588
  248      16     56323     56307   56.7526     53.75   0.0175034    0.070468
  249      16     56536     56520   56.7385     53.25   0.0172414   0.0704795
  250      16     56753     56737   56.7285     54.25   0.0265604   0.0704994
  251      16     56963     56947   56.7117      52.5   0.0236934   0.0705224
  252      16     57181     57165   56.7028      54.5   0.0166993   0.0705325
  253      16     57393     57377   56.6882        53   0.0456065   0.0705398
  254      16     57625     57609   56.6933        58   0.0941185   0.0705474
  255      16     57840     57824   56.6817     53.75   0.0907655   0.0705636
  256      16     58049     58033   56.6644     52.25   0.0264649   0.0705686
  257      16     58276     58260   56.6647     56.75   0.0264911   0.0705704
  258      16     58489     58473   56.6514     53.25   0.0378041   0.0706025
  259      16     58702     58686   56.6383     53.25   0.0762045   0.0706182
2026-07-07T19:27:50.751856+0800 min lat: 0.00714225 max lat: 0.236146 avg lat: 0.0706234
  sec Cur ops   started  finished  avg MB/s  cur MB/s last lat(s)  avg lat(s)
  260      16     58909     58893   56.6194     51.75   0.0256542   0.0706234
  261      16     59135     59119   56.6189      56.5    0.112723   0.0706433
  262      16     59359     59343   56.6165        56    0.102709   0.0706459
  263      16     59569     59553   56.6008      52.5   0.0187151   0.0706494
  264      16     59789     59773   56.5948        55    0.019987   0.0706561
  265      16     59991     59975   56.5717      50.5    0.017198     0.07068
  266      16     60201     60185   56.5564      52.5   0.0167077   0.0707005
  267      16     60426     60410   56.5552     56.25   0.0468541   0.0707049
  268      16     60657     60641   56.5596     57.75   0.0108985   0.0707149
  269      16     60870     60854   56.5473     53.25   0.0175886   0.0707246
  270      16     61087     61071   56.5388     54.25   0.0296159   0.0707409
  271      16     61297     61281   56.5238      52.5   0.0599223    0.070745
  272      16     61514     61498   56.5154     54.25     0.01437   0.0707528
  273      16     61716     61700   56.4934      50.5   0.0123767   0.0707857
  274      16     61933     61917   56.4851     54.25   0.0412861   0.0707976
  275      16     62158     62142   56.4843     56.25   0.0129889   0.0708053
  276      16     62379     62363   56.4798     55.25   0.0199051    0.070807
  277      16     62585     62569   56.4617      51.5   0.0188662   0.0708245
  278      16     62811     62795   56.4619      56.5   0.0989428   0.0708364
  279      16     63022     63006   56.4485     52.75   0.0741686   0.0708427
2026-07-07T19:28:10.755031+0800 min lat: 0.00714225 max lat: 0.236146 avg lat: 0.0708435
  sec Cur ops   started  finished  avg MB/s  cur MB/s last lat(s)  avg lat(s)
  280      16     63256     63240   56.4558      58.5    0.019179   0.0708435
  281      16     63476     63460   56.4506        55   0.0108183   0.0708388
  282      16     63705     63689   56.4534     57.25   0.0299934   0.0708429
  283      16     63929     63913   56.4518        56   0.0220418   0.0708506
  284      16     64129     64113    56.429        50   0.0127957   0.0708656
  285      16     64348     64332   56.4231     54.75   0.0920794   0.0708852
  286      16     64566     64550   56.4163      54.5   0.0193227   0.0708897
  287      16     64796     64780   56.4201      57.5   0.0778144   0.0708917
  288      16     65030     65014   56.4273      58.5   0.0117889   0.0708781
  289      16     65238     65222   56.4119        52   0.0440244   0.0708944
  290      16     65460     65444   56.4088      55.5   0.0148032   0.0709032
  291      16     65679     65663    56.403     54.75   0.0185953   0.0709086
  292      16     65875     65859   56.3777        49   0.0179014    0.070933
  293      16     66092     66076   56.3704     54.25   0.0453904   0.0709433
  294      16     66309     66293   56.3631     54.25    0.016604   0.0709451
  295      16     66525     66509   56.3551        54   0.0128675    0.070962
  296      16     66746     66730   56.3513     55.25   0.0512986   0.0709621
  297      16     66976     66960   56.3552      57.5   0.0901151   0.0709731
  298      16     67184     67168   56.3405        52   0.0427808   0.0709782
  299      16     67394     67378   56.3277      52.5   0.0184571   0.0709988
2026-07-07T19:28:30.758040+0800 min lat: 0.00714225 max lat: 0.287159 avg lat: 0.0710111
  sec Cur ops   started  finished  avg MB/s  cur MB/s last lat(s)  avg lat(s)
  300      12     67603     67591   56.3174     53.25   0.0264793   0.0710111
Total time run:         300.071
Total writes made:      67603
Write size:             262144
Object size:            262144
Bandwidth (MB/sec):     56.3225
Stddev Bandwidth:       9.9297
Max bandwidth (MB/sec): 112
Min bandwidth (MB/sec): 49
Average IOPS:           225
Stddev IOPS:            39.7188
Max IOPS:               448
Min IOPS:               196
Average Latency(s):     0.0710118
Stddev Latency(s):      0.0305739
Max latency(s):         0.287159
Min latency(s):         0.00714225
