hints = 1
Maintaining 64 concurrent writes of 262144 bytes to objects of size 262144 for up to 300 seconds or 0 objects
Object prefix: benchmark_data_tikv-node_3751881
  sec Cur ops   started  finished  avg MB/s  cur MB/s last lat(s)  avg lat(s)
    0       0         0         0         0         0           -           0
    1      64       506       442   110.485     110.5   0.0554837    0.122615
    2      64       954       890   111.233       112   0.0382708    0.130558
    3      64      1400      1336   111.318     111.5     0.44202    0.133986
    4      64      1847      1783   111.422    111.75   0.0188052    0.136191
    5      64      2293      2229   111.435     111.5    0.394829     0.13867
    6      64      2739      2675   111.444     111.5    0.341806     0.13978
    7      64      3151      3087   110.236       103    0.468403    0.139134
    8      64      3351      3287   102.705        50    0.256344    0.152331
    9      64      3597      3533    98.126      61.5    0.308374    0.161672
   10      64      3799      3735   93.3625      50.5    0.301617    0.168619
   11      64      4032      3968     90.17     58.25    0.260434    0.175269
   12      64      4279      4215   87.8008     61.75   0.0604948    0.180451
   13      64      4502      4438   85.3346     55.75   0.0491308    0.186242
   14      64      4710      4646    82.953        52    0.273148    0.191246
   15      64      4930      4866   81.0892        55   0.0754005    0.194997
   16      64      5140      5076   79.3019      52.5    0.133191    0.198708
   17      64      5376      5312   78.1071        59   0.0679091    0.203471
   18      64      5592      5528   76.7675        54    0.407611     0.20745
   19      64      5795      5731   75.3977     50.75    0.282288    0.210109
2026-07-07T19:46:58.913414+0800 min lat: 0.0107057 max lat: 0.706005 avg lat: 0.213468
  sec Cur ops   started  finished  avg MB/s  cur MB/s last lat(s)  avg lat(s)
   20      64      6047      5983   74.7775        63    0.340402    0.213468
   21      64      6247      6183   73.5973        50    0.322831    0.216138
   22      64      6460      6396   72.6722     53.25    0.270608    0.218582
   23      64      6699      6635     72.11     59.75    0.282135    0.220775
   24      64      6908      6844   71.2822     52.25    0.258184    0.223027
   25      64      7121      7057   70.5607     53.25    0.298517    0.224552
   26      64      7375      7311   70.2888      63.5   0.0165439     0.22686
   27      64      7594      7530    69.713     54.75   0.0448535     0.22848
   28      64      7817      7753   69.2141     55.75   0.0137779    0.230749
   29      64      8025      7961   68.6202        52   0.0546021    0.232292
   30      64      8255      8191   68.2492      57.5    0.221184    0.233911
   31      64      8473      8409   67.8054      54.5   0.0131863    0.235074
   32      64      8688      8624    67.366     53.75   0.0444942    0.236786
   33      64      8892      8828   66.8699        51    0.248256    0.238354
   34      64      9121      9057   66.5868     57.25    0.271895    0.239348
   35      64      9317      9253   66.0841        49     0.32913    0.240077
   36      64      9582      9518   66.0885     66.25   0.0186187    0.241804
   37      64      9775      9711   65.6062     48.25    0.189179    0.242577
   38      64      9990      9926    65.294     53.75    0.250177    0.243425
   39      64     10201     10137   64.9721     52.75    0.389977    0.244915
2026-07-07T19:47:18.916032+0800 min lat: 0.0107057 max lat: 0.706005 avg lat: 0.246131
  sec Cur ops   started  finished  avg MB/s  cur MB/s last lat(s)  avg lat(s)
   40      64     10415     10351   64.6852      53.5    0.293798    0.246131
   41      64     10653     10589   64.5584      59.5    0.281687    0.246926
   42      64     10870     10806   64.3128     54.25    0.274684    0.247673
   43      64     11101     11037     64.16     57.75    0.282045    0.248675
   44      64     11322     11258   63.9573     55.25    0.111728    0.249124
   45      64     11539     11475   63.7414     54.25    0.247845    0.249792
   46      64     11751     11687   63.5077        53    0.295068    0.250772
   47      64     12000     11936   63.4808     62.25   0.0752473    0.251469
   48      64     12219     12155   63.2988     54.75      0.1609    0.251988
   49      64     12430     12366   63.0833     52.75    0.246505    0.252592
   50      64     12681     12617   63.0765     62.75    0.113074    0.253227
   51      64     12904     12840   62.9327     55.75    0.314923    0.254003
   52      64     13111     13047   62.7175     51.75    0.172053    0.254397
   53      64     13320     13256   62.5198     52.25    0.135332    0.254783
   54      64     13524     13460   62.3064        51    0.213571    0.255619
   55      63     13781     13718   62.3461      64.5    0.179846    0.256237
   56      64     14017     13953   62.2817     58.75   0.0551763    0.256649
   57      64     14208     14144   62.0266     47.75    0.442691    0.257382
   58      64     14415     14351   61.8493     51.75    0.299341    0.257879
   59      64     14663     14599   61.8517        62    0.276539    0.258244
2026-07-07T19:47:38.918901+0800 min lat: 0.00972492 max lat: 0.706005 avg lat: 0.258591
  sec Cur ops   started  finished  avg MB/s  cur MB/s last lat(s)  avg lat(s)
   60      64     14875     14811   61.7041        53    0.266696    0.258591
   61      64     15096     15032   61.5982     55.25     0.07932    0.259018
   62      64     15305     15241   61.4473     52.25    0.294314    0.259562
   63      64     15520     15456    61.325     53.75     0.12605    0.259817
   64      64     15764     15700   61.3197        61    0.288813     0.26042
   65      64     15989     15925   61.2417     56.25   0.0852651    0.260834
   66      64     16194     16130   61.0902     51.25    0.102655    0.261225
   67      64     16424     16360   61.0365      57.5    0.272072    0.261806
   68      64     16618     16554    60.852      48.5    0.335145    0.262248
   69      64     16833     16769   60.7489     53.75    0.156188    0.262418
   70      64     17095     17031   60.8167      65.5    0.174376    0.262859
   71      64     17314     17250   60.7312     54.75   0.0898657    0.263049
   72      64     17516     17452    60.589      50.5    0.194861    0.263613
   73      64     17729     17665   60.4883     53.25    0.145229     0.26381
   74      64     17948     17884   60.4107     54.75    0.164643    0.263949
   75      64     18160     18096   60.3118        53    0.283528      0.2642
   76      64     18383     18319   60.2517     55.75    0.134366    0.264719
   77      64     18613     18549   60.2158      57.5     0.28601    0.265269
   78      64     18848     18784   60.1969     58.75    0.273542    0.265364
   79      64     19068     19004   60.1311        55    0.282319    0.265676
2026-07-07T19:47:58.921634+0800 min lat: 0.00910154 max lat: 0.706005 avg lat: 0.26595
  sec Cur ops   started  finished  avg MB/s  cur MB/s last lat(s)  avg lat(s)
   80      64     19284     19220   60.0543        54    0.288892     0.26595
   81      64     19516     19452   60.0288        58     0.26163    0.266183
   82      64     19732     19668   59.9552        54    0.280362    0.266338
   83      64     19956     19892   59.9074        56    0.292151    0.266776
   84      64     20157     20093   59.7924     50.25    0.299447    0.267028
   85      64     20404     20340   59.8153     61.75    0.284217     0.26719
   86      64     20617     20553   59.7389     53.25    0.332667    0.267408
   87      64     20848     20784    59.716     57.75    0.361801    0.267735
   88      64     21043     20979   59.5913     48.75    0.350359    0.267991
   89      64     21283     21219   59.5958        60     0.28361    0.268086
   90      64     21497     21433   59.5279      53.5    0.288632    0.268347
   91      64     21710     21646   59.4589     53.25    0.293335    0.268571
   92      64     21945     21881   59.4511     58.75    0.280794    0.268746
   93      64     22159     22095    59.387      53.5    0.273908    0.268855
   94      64     22374     22310    59.327     53.75    0.314703    0.269136
   95      64     22613     22549   59.3313     59.75    0.283928    0.269396
   96      64     22832     22768   59.2835     54.75   0.0601112     0.26937
   97      64     23017     22953   59.1491     46.25    0.252825    0.269555
   98      64     23255     23191   59.1526      59.5    0.291312    0.270008
   99      64     23486     23422   59.1383     57.75    0.330218     0.27016
2026-07-07T19:48:18.924459+0800 min lat: 0.00910154 max lat: 0.706005 avg lat: 0.270151
  sec Cur ops   started  finished  avg MB/s  cur MB/s last lat(s)  avg lat(s)
  100      64     23708     23644   59.1019      55.5    0.162877    0.270151
  101      64     23918     23854   59.0364      52.5    0.128633    0.270463
  102      64     24132     24068   58.9821      53.5    0.423811    0.270764
  103      64     24368     24304   58.9822        59    0.278352    0.270937
  104      64     24606     24542   58.9871      59.5    0.025636    0.270854
  105      64     24816     24752   58.9252      52.5   0.0277756    0.271351
  106      64     25019     24955    58.848     50.75    0.227786    0.271706
  107      64     25220     25156   58.7676     50.25    0.310697    0.272014
  108      64     25426     25362   58.7002      51.5    0.267106    0.272156
  109      64     25653     25589   58.6823     56.75    0.264998    0.272329
  110      64     25889     25825   58.6851        59    0.254334    0.272407
  111      64     26101     26037   58.6338        53     0.11032    0.272435
  112      64     26296     26232   58.5455     48.75    0.383471    0.272942
  113      64     26497     26433    58.472     50.25    0.324435     0.27333
  114      64     26703     26639   58.4108      51.5    0.458365     0.27356
  115      64     26924     26860   58.3832     55.25    0.128588    0.273524
  116      64     27144     27080    58.354        55   0.0979373    0.273816
  117      64     27367     27303   58.3317     55.75   0.0196825    0.274186
  118      64     27566     27502   58.2589     49.75    0.303802    0.274105
  119      64     27767     27703   58.1915     50.25    0.291775    0.274357
2026-07-07T19:48:38.927314+0800 min lat: 0.00910154 max lat: 0.706005 avg lat: 0.274452
  sec Cur ops   started  finished  avg MB/s  cur MB/s last lat(s)  avg lat(s)
  120      64     27991     27927   58.1732        56     0.29179    0.274452
  121      64     28238     28174   58.2027     61.75    0.254826    0.274668
  122      64     28450     28386     58.16        53    0.275617    0.274572
  123      64     28654     28590   58.1017        51    0.309641    0.274904
  124      64     28896     28832    58.121      60.5    0.273299    0.275034
  125      64     29102     29038    58.068      51.5    0.279494     0.27513
  126      64     29353     29289   58.1051     62.75    0.340326    0.275138
  127      64     29573     29509   58.0806        55    0.329454    0.275289
  128      64     29783     29719   58.0369      52.5   0.0794426    0.275356
  129      64     29990     29926   57.9881     51.75    0.233434     0.27548
  130      64     30192     30128   57.9305      50.5     0.27654    0.275572
  131      64     30426     30362   57.9348      58.5    0.314375    0.275775
  132      64     30662     30598   57.9428        59    0.276901    0.275892
  133      64     30878     30814   57.9131        54    0.275751    0.275878
  134      64     31109     31045   57.9118     57.75    0.282987    0.276042
  135      64     31326     31262   57.8846     54.25    0.249727    0.276144
  136      64     31555     31491   57.8799     57.25    0.133937    0.276121
  137      64     31794     31730   57.8935     59.75   0.0532024    0.276206
  138      64     31993     31929   57.8344     49.75    0.268002    0.276499
  139      64     32197     32133   57.7852        51    0.291282    0.276609
2026-07-07T19:48:58.929999+0800 min lat: 0.00910154 max lat: 0.706005 avg lat: 0.276642
  sec Cur ops   started  finished  avg MB/s  cur MB/s last lat(s)  avg lat(s)
  140      64     32421     32357   57.7724        56    0.274682    0.276642
  141      64     32649     32585   57.7669        57    0.327153    0.276746
  142      64     32852     32788   57.7174     50.75    0.171258    0.276722
  143      64     33111     33047   57.7665     64.75    0.325585     0.27687
  144      64     33334     33270   57.7525     55.75     0.34301    0.276933
  145      64     33532     33468   57.6955      49.5    0.298816     0.27711
  146      64     33737     33673   57.6513     51.25    0.294931     0.27721
  147      64     33979     33915   57.6706      60.5      0.3347    0.277255
  148      64     34194     34130   57.6441     53.75   0.0750134    0.277222
  149      64     34425     34361   57.6448     57.75   0.0181441    0.277399
  150      64     34630     34566   57.6021     51.25    0.154803    0.277471
  151      64     34857     34793   57.5964     56.75    0.174097    0.277473
  152      64     35070     35006   57.5677     53.25    0.144277    0.277593
  153      64     35267     35203   57.5133     49.25     0.43224    0.277724
  154      64     35487     35423   57.4969        55   0.0955573    0.277784
  155      64     35738     35674   57.5308     62.75    0.275254    0.277908
  156      64     35953     35889   57.5065     53.75     0.25893    0.278017
  157      63     36178     36115      57.5      56.5    0.336103     0.27813
  158      64     36384     36320   57.4604     51.25    0.140942    0.278132
  159      64     36609     36545   57.4528     56.25    0.285717    0.278235
2026-07-07T19:49:18.932758+0800 min lat: 0.00910154 max lat: 0.706005 avg lat: 0.278348
  sec Cur ops   started  finished  avg MB/s  cur MB/s last lat(s)  avg lat(s)
  160      64     36822     36758   57.4265     53.25    0.293803    0.278348
  161      64     37043     36979   57.4129     55.25    0.287325    0.278442
  162      64     37266     37202   57.4026     55.75    0.257919    0.278473
  163      64     37502     37438   57.4123        59    0.197644    0.278395
  164      64     37743     37679   57.4295     60.25    0.287079    0.278422
  165      64     37956     37892   57.4042     53.25    0.356456    0.278447
  166      64     38211     38147   57.4424     63.75    0.254457    0.278362
  167      64     38434     38370   57.4322     55.75    0.334772    0.278442
  168      64     38637     38573   57.3924     50.75    0.267062    0.278582
  169      64     38843     38779   57.3575      51.5    0.251126    0.278642
  170      64     39117     39053    57.423      68.5   0.0181421    0.278568
  171      64     39312     39248   57.3722     48.75    0.264342    0.278744
  172      64     39509     39445   57.3249     49.25    0.291184    0.278822
  173      64     39760     39696   57.3562     62.75     0.25906    0.278835
  174      64     39957     39893   57.3096     49.25    0.389535    0.278865
  175      64     40224     40160   57.3635     66.75   0.0171277    0.278884
  176      64     40402     40338   57.2904      44.5    0.314235    0.278989
  177      64     40646     40582   57.3113        61   0.0915065     0.27892
  178      64     40849     40785   57.2744     50.75    0.111938    0.279043
  179      64     41059     40995   57.2477      52.5   0.0845341    0.279111
2026-07-07T19:49:38.935429+0800 min lat: 0.00910154 max lat: 0.706005 avg lat: 0.279198
  sec Cur ops   started  finished  avg MB/s  cur MB/s last lat(s)  avg lat(s)
  180      64     41323     41259   57.2963        66   0.0291711    0.279198
  181      64     41527     41463   57.2615        51    0.285713     0.27926
  182      64     41740     41676   57.2394     53.25    0.291583    0.279392
  183      64     41948     41884   57.2107        52    0.204797    0.279452
  184      64     42165     42101   57.1946     54.25    0.275072    0.279493
  185      64     42410     42346   57.2164     61.25    0.395899    0.279525
  186      64     42617     42553    57.187     51.75    0.279065    0.279573
  187      64     42854     42790    57.198     59.25    0.113961    0.279566
  188      64     43058     42994    57.165        51    0.269307    0.279639
  189      64     43269     43205   57.1416     52.75    0.299833    0.279761
  190      64     43487     43423   57.1276      54.5    0.293616    0.279816
  191      64     43724     43660   57.1387     59.25   0.0203328    0.279786
  192      64     43941     43877   57.1236     54.25    0.226714    0.279798
  193      64     44155     44091   57.1048      53.5    0.138925    0.279898
  194      64     44371     44307   57.0888        54   0.0842192    0.279951
  195      64     44592     44528   57.0793     55.25    0.126307    0.279956
  196      64     44807     44743   57.0623     53.75    0.281229    0.280042
  197      64     45056     44992   57.0886     62.25    0.377683    0.280146
  198      64     45263     45199   57.0616     51.75    0.194187    0.280187
  199      64     45478     45414   57.0449     53.75    0.260453    0.280195
2026-07-07T19:49:58.938390+0800 min lat: 0.00910154 max lat: 0.706005 avg lat: 0.280282
  sec Cur ops   started  finished  avg MB/s  cur MB/s last lat(s)  avg lat(s)
  200      64     45718     45654   57.0596        60    0.322306    0.280282
  201      64     45918     45854   57.0244        50     0.29018    0.280326
  202      64     46149     46085    57.028     57.75    0.281862    0.280356
  203      64     46374     46310   57.0241     56.25    0.283863    0.280337
  204      64     46597     46533   57.0178     55.75    0.286504    0.280434
  205      64     46814     46750   57.0043     54.25    0.288358     0.28047
  206      64     47035     46971   56.9957     55.25    0.273482    0.280474
  207      64     47265     47201   56.9982      57.5    0.282578    0.280458
  208      64     47465     47401   56.9645        50    0.438001    0.280512
  209      64     47717     47653   56.9933        63    0.349028    0.280603
  210      64     47945     47881   56.9933        57    0.159101    0.280509
  211      64     48155     48091    56.972      52.5    0.429787    0.280668
  212      64     48354     48290   56.9379     49.75    0.106592    0.280663
  213      64     48622     48558   56.9851        67   0.0156147    0.280726
  214      64     48841     48777   56.9746     54.75   0.0203409    0.280713
  215      64     49039     48975   56.9398      49.5    0.365364    0.280853
  216      64     49238     49174   56.9065     49.75    0.282804    0.280905
  217      64     49477     49413   56.9195     59.75    0.251611    0.280907
  218      64     49689     49625   56.9015        53    0.129239    0.280831
  219      64     49909     49845   56.8928        55    0.178757    0.280942
2026-07-07T19:50:18.941199+0800 min lat: 0.00910154 max lat: 0.706005 avg lat: 0.281055
  sec Cur ops   started  finished  avg MB/s  cur MB/s last lat(s)  avg lat(s)
  220      64     50121     50057   56.8751        53    0.274197    0.281055
  221      64     50375     50311    56.905      63.5   0.0770999    0.280978
  222      64     50589     50525   56.8896      53.5    0.155726    0.281085
  223      64     50794     50730   56.8643     51.25    0.438528    0.281152
  224      64     51002     50938   56.8426        52   0.0902181    0.281121
  225      64     51268     51204   56.8854      66.5    0.321843    0.281166
  226      64     51463     51399   56.8494     48.75    0.342259    0.281319
  227      64     51678     51614   56.8357     53.75    0.357464    0.281367
  228      64     51889     51825   56.8178     52.75    0.216955    0.281338
  229      64     52150     52086   56.8546     65.25    0.205386     0.28135
  230      64     52352     52288   56.8269      50.5     0.35383     0.28146
  231      64     52556     52492   56.8017        51    0.203447    0.281498
  232      64     52783     52719   56.8014     56.75    0.268736    0.281492
  233      64     53023     52959   56.8151        60   0.0766654    0.281521
  234      64     53228     53164   56.7913     51.25    0.203018    0.281598
  235      64     53436     53372   56.7709        52   0.0705256    0.281587
  236      64     53655     53591   56.7623     54.75     0.40867    0.281608
  237      64     53893     53829   56.7738      59.5    0.139946    0.281702
  238      64     54116     54052   56.7694     55.75    0.154728    0.281734
  239      64     54331     54267   56.7568     53.75    0.231854    0.281782
2026-07-07T19:50:38.944027+0800 min lat: 0.00910154 max lat: 0.706005 avg lat: 0.281785
  sec Cur ops   started  finished  avg MB/s  cur MB/s last lat(s)  avg lat(s)
  240      64     54527     54463   56.7244        49    0.250417    0.281785
  241      64     54735     54671   56.7048        52    0.281896    0.281905
  242      64     54983     54919   56.7266        62    0.253103    0.281918
  243      64     55185     55121    56.701      50.5    0.280239    0.281939
  244      64     55421     55357   56.7104        59    0.295516    0.282003
  245      64     55627     55563   56.6891      51.5    0.294169    0.282045
  246      64     55847     55783   56.6822        55    0.286353    0.282058
  247      64     56098     56034   56.7067     62.75    0.168212    0.282019
  248      64     56321     56257   56.7028     55.75   0.0333529    0.282058
  249      64     56527     56463   56.6819      51.5    0.270375    0.282141
  250      64     56740     56676   56.6681     53.25    0.273306    0.282137
  251      64     56979     56915   56.6804     59.75    0.338425    0.282115
  252      64     57181     57117   56.6558      50.5    0.289747    0.282204
  253      64     57438     57374   56.6858     64.25   0.0297226    0.282174
  254      64     57640     57576   56.6614      50.5    0.221944    0.282201
  255      64     57846     57782   56.6411      51.5    0.323215    0.282242
  256      64     58089     58025   56.6572     60.75    0.290367    0.282307
  257      64     58312     58248   56.6536     55.75    0.147965    0.282258
  258      64     58524     58460   56.6394        53    0.219693    0.282287
  259      64     58727     58663   56.6166     50.75    0.111196     0.28231
2026-07-07T19:50:58.946887+0800 min lat: 0.00891521 max lat: 0.706005 avg lat: 0.282358
  sec Cur ops   started  finished  avg MB/s  cur MB/s last lat(s)  avg lat(s)
  260      64     58940     58876   56.6037     53.25    0.223383    0.282358
  261      64     59180     59116   56.6167        60     0.29762    0.282414
  262      64     59413     59349   56.6229     58.25    0.150986    0.282358
  263      64     59616     59552   56.6005     50.75    0.427701    0.282489
  264      64     59832     59768   56.5906        54    0.278047    0.282545
  265      64     60074     60010   56.6053      60.5    0.275189    0.282524
  266      64     60274     60210   56.5805        50   0.0654374    0.282463
  267      64     60529     60465   56.6073     63.75     0.37695    0.282474
  268      64     60743     60679   56.5957      53.5    0.297847    0.282461
  269      64     60995     60931   56.6194        63    0.253864    0.282493
  270      64     61192     61128   56.5921     49.25    0.276963    0.282508
  271      64     61409     61345   56.5835     54.25      0.2842    0.282554
  272      64     61649     61585    56.596        60     0.27793    0.282559
  273      64     61872     61808   56.5929     55.75    0.276511    0.282556
  274      64     62100     62036   56.5943        57    0.289816    0.282633
  275      64     62306     62242   56.5758      51.5    0.274249    0.282634
  276      64     62546     62482   56.5881        60    0.274605    0.282615
  277      64     62785     62721   56.5995     59.75   0.0184801    0.282645
  278      64     63005     62941   56.5937        55   0.0206389    0.282671
  279      64     63221     63157   56.5844        54   0.0708608    0.282672
2026-07-07T19:51:18.949682+0800 min lat: 0.00786444 max lat: 0.706005 avg lat: 0.28266
  sec Cur ops   started  finished  avg MB/s  cur MB/s last lat(s)  avg lat(s)
  280      64     63447     63383   56.5841      56.5     0.07372     0.28266
  281      64     63672     63608   56.5829     56.25    0.018893    0.282658
  282      64     63881     63817   56.5675     52.25    0.398196    0.282744
  283      64     64094     64030   56.5557     53.25    0.264637    0.282733
  284      64     64334     64270   56.5678        60    0.283717    0.282715
  285      64     64542     64478   56.5518        52    0.288166    0.282724
  286      64     64782     64718   56.5638        60    0.284066    0.282736
  287      64     65014     64950   56.5688        58    0.276659    0.282715
  288      64     65232     65168   56.5616      54.5   0.0515379    0.282674
  289      64     65450     65386   56.5544      54.5    0.104497    0.282733
  290      64     65679     65615   56.5568     57.25   0.0608746    0.282751
  291      64     65885     65821   56.5394      51.5    0.286245    0.282805
  292      64     66132     66068   56.5572     61.75     0.29244    0.282728
  293      64     66396     66332   56.5894        66   0.0224564    0.282704
  294      64     66603     66539   56.5729     51.75    0.355181     0.28275
  295      64     66807     66743    56.554        51    0.276504    0.282737
  296      64     67049     66985   56.5673      60.5    0.295738    0.282658
  297      64     67323     67259   56.6074      68.5    0.318936     0.28264
  298      64     67489     67425   56.5567      41.5    0.186385    0.282623
  299      64     67805     67741   56.6318        79   0.0813169    0.282457
2026-07-07T19:51:38.952463+0800 min lat: 0.00786444 max lat: 0.706005 avg lat: 0.281753
  sec Cur ops   started  finished  avg MB/s  cur MB/s last lat(s)  avg lat(s)
  300      60     68132     68072   56.7188     82.75    0.536772    0.281753
Total time run:         300.061
Total writes made:      68132
Write size:             262144
Object size:            262144
Bandwidth (MB/sec):     56.7651
Stddev Bandwidth:       9.67217
Max bandwidth (MB/sec): 112
Min bandwidth (MB/sec): 41.5
Average IOPS:           227
Stddev IOPS:            38.6887
Max IOPS:               448
Min IOPS:               166
Average Latency(s):     0.281856
Stddev Latency(s):      0.0791208
Max latency(s):         0.706005
Min latency(s):         0.00786444
