hints = 1
Maintaining 32 concurrent writes of 262144 bytes to objects of size 262144 for up to 300 seconds or 0 objects
Object prefix: benchmark_data_tikv-node_3689572
  sec Cur ops   started  finished  avg MB/s  cur MB/s last lat(s)  avg lat(s)
    0       0         0         0         0         0           -           0
    1      32       473       441   110.241    110.25   0.0265576   0.0673268
    2      32       918       886   110.738    111.25   0.0654108   0.0698366
    3      32      1364      1332   110.989     111.5    0.180554   0.0700206
    4      32      1810      1778   111.114     111.5   0.0111588   0.0704844
    5      32      2255      2223   111.139    111.25    0.211385   0.0708636
    6      32      2706      2674   111.405    112.75    0.034433   0.0709205
    7      32      3153      3121   111.453    111.75    0.162252    0.071185
    8      32      3415      3383   105.707      65.5   0.0288719   0.0754321
    9      32      3607      3575   99.2944        48   0.0606624   0.0795236
   10      32      3824      3792   94.7891     54.25   0.0531502   0.0833938
   11      32      4050      4018   91.3072      56.5   0.0669612   0.0866537
   12      32      4276      4244   88.4058      56.5   0.0434466   0.0894846
   13      32      4507      4475   86.0472     57.75    0.045035   0.0926154
   14      32      4732      4700   83.9183     56.25   0.0193622   0.0951187
   15      32      4950      4918   81.9567      54.5     0.17054   0.0974791
   16      32      5151      5119   79.9745     50.25    0.133161   0.0992005
   17      32      5388      5356   78.7549     59.25   0.0196419    0.101416
   18      32      5602      5570   77.3515      53.5   0.0126996    0.103346
   19      32      5826      5794   76.2274        56    0.162423    0.104932
2026-07-07T19:35:27.388156+0800 min lat: 0.0104628 max lat: 0.305592 avg lat: 0.106342
  sec Cur ops   started  finished  avg MB/s  cur MB/s last lat(s)  avg lat(s)
   20      32      6017      5985   74.8032     47.75   0.0238416    0.106342
   21      32      6241      6209   73.9073        56   0.0210754    0.107922
   22      32      6465      6433    73.093        56   0.0467438    0.109255
   23      32      6687      6655   72.3277      55.5   0.0301279    0.110431
   24      32      6872      6840   71.2408     46.25    0.157472    0.111695
   25      32      7095      7063   70.6209     55.75    0.111664    0.112725
   26      32      7322      7290   70.0872     56.75   0.0168125     0.11375
   27      32      7551      7519   69.6114     57.25   0.0235131    0.114643
   28      32      7736      7704   68.7768     46.25    0.135894    0.115689
   29      32      7968      7936   68.4048        58   0.0540406     0.11665
   30      32      8195      8163   68.0161     56.75   0.0389344     0.11745
   31      32      8420      8388   67.6364     56.25    0.165615    0.118236
   32      32      8603      8571   66.9522     45.75   0.0435312     0.11903
   33      32      8821      8789   66.5747      54.5   0.0857416    0.119654
   34      32      9048      9016   66.2854     56.75    0.103121    0.120383
   35      32      9265      9233   65.9413     54.25    0.076376    0.120896
   36      32      9480      9448   65.6025     53.75    0.083649    0.121692
   37      32      9705      9673   65.3496     56.25   0.0460294     0.12225
   38      32      9925      9893   65.0771        55   0.0200932    0.122734
   39      32     10142     10110   64.7993     54.25    0.168287     0.12343
2026-07-07T19:35:47.390915+0800 min lat: 0.00795536 max lat: 0.305592 avg lat: 0.123778
  sec Cur ops   started  finished  avg MB/s  cur MB/s last lat(s)  avg lat(s)
   40      32     10335     10303   64.3853     48.25   0.0686845    0.123778
   41      32     10554     10522   64.1501     54.75   0.0747447    0.124268
   42      32     10778     10746   63.9559        56   0.0742253    0.124644
   43      32     10998     10966   63.7474        55   0.0531458    0.125188
   44      32     11219     11187   63.5542     55.25    0.112049    0.125604
   45      32     11439     11407   63.3639        55   0.0505257     0.12601
   46      32     11658     11626   63.1765     54.75    0.118613      0.1263
   47      32     11865     11833   62.9332     51.75   0.0996314    0.126747
   48      32     12093     12061   62.8095        57   0.0114852    0.127208
   49      32     12315     12283   62.6602      55.5   0.0449116    0.127507
   50      32     12535     12503   62.5068        55   0.0153015    0.127917
   51      32     12752     12720   62.3448     54.25   0.0217419    0.128196
   52      32     12971     12939   62.1986     54.75   0.0231488    0.128526
   53      32     13195     13163   62.0815        56    0.151125    0.128842
   54      32     13384     13352   61.8068     47.25    0.143183    0.129098
   55      32     13608     13576   61.7011        56   0.0279918    0.129344
   56      32     13830     13798   61.5902      55.5   0.0990306    0.129618
   57      32     14062     14030   61.5271        58   0.0212091    0.129862
   58      32     14246     14214   61.2592        46    0.167614    0.130215
   59      32     14494     14462   61.2717        62   0.0215746    0.130529
2026-07-07T19:36:07.393448+0800 min lat: 0.00795536 max lat: 0.305592 avg lat: 0.130712
  sec Cur ops   started  finished  avg MB/s  cur MB/s last lat(s)  avg lat(s)
   60      32     14714     14682   61.1671        55   0.0237147    0.130712
   61      32     14906     14874    60.951        48   0.0734424    0.131009
   62      32     15140     15108   60.9114      58.5   0.0419006     0.13124
   63      32     15355     15323   60.7976     53.75    0.111337     0.13152
   64      32     15580     15548   60.7265     56.25   0.0468191    0.131616
   65      32     15769     15737   60.5191     47.25     0.16181    0.131909
   66      32     15989     15957   60.4354        55    0.128297    0.132135
   67      32     16214     16182   60.3728     56.25   0.0259157    0.132327
   68      32     16436     16404    60.301      55.5   0.0263996    0.132492
   69      32     16650     16618   60.2024      53.5   0.0698917    0.132759
   70      32     16860     16828   60.0922      52.5    0.120894    0.132983
   71      32     17081     17049   60.0239     55.25    0.200173    0.133201
   72      32     17267     17235    59.836      46.5     0.14659    0.133455
   73      32     17488     17456   59.7731     55.25   0.0401507    0.133661
   74      32     17714     17682   59.7287      56.5   0.0131426    0.133811
   75      32     17938     17906    59.679        56   0.0520483    0.133898
   76      32     18153     18121   59.6009     53.75   0.0337303    0.134147
   77      32     18371     18339   59.5345      54.5   0.0618921    0.134268
   78      32     18596     18564   59.4923     56.25    0.180928    0.134454
   79      32     18790     18758   59.3531      48.5   0.0732939    0.134555
2026-07-07T19:36:27.395994+0800 min lat: 0.00795536 max lat: 0.305592 avg lat: 0.134734
  sec Cur ops   started  finished  avg MB/s  cur MB/s last lat(s)  avg lat(s)
   80      32     19013     18981    59.308     55.75   0.0681734    0.134734
   81      32     19245     19213   59.2917        58   0.0191676    0.134849
   82      32     19460     19428    59.224     53.75    0.169478    0.135002
   83      32     19654     19622   59.0947      48.5    0.190437    0.135114
   84      32     19895     19863   59.1084     60.25   0.0259129    0.135273
   85      32     20122     20090   59.0806     56.75    0.161917    0.135384
   86      32     20347     20315   59.0476     56.25    0.168046    0.135472
   87      32     20536     20504   58.9119     47.25   0.0194732    0.135624
   88      32     20759     20727   58.8759     55.75   0.0124455    0.135768
   89      32     20984     20952   58.8463     56.25    0.165797    0.135909
   90      32     21180     21148   58.7368        49   0.0686292    0.135973
   91      32     21398     21366   58.6901      54.5   0.0621946    0.136161
   92      32     21625     21593    58.669     56.75   0.0239364    0.136243
   93      32     21853     21821   58.6509        57   0.0447157    0.136321
   94      32     22047     22015   58.5429      48.5   0.0279168     0.13638
   95      32     22274     22242   58.5239     56.75   0.0339289    0.136603
   96      32     22498     22466   58.4975        56   0.0294881    0.136711
   97      32     22723     22691   58.4743     56.25   0.0130414    0.136782
   98      32     22903     22871   58.3367        45    0.122059     0.13692
   99      32     23126     23094   58.3105     55.75      0.1155    0.137054
2026-07-07T19:36:47.398838+0800 min lat: 0.00795536 max lat: 0.3168 avg lat: 0.137168
  sec Cur ops   started  finished  avg MB/s  cur MB/s last lat(s)  avg lat(s)
  100      32     23343     23311   58.2698     54.25   0.0431295    0.137168
  101      32     23525     23493   58.1433      45.5    0.111131    0.137376
  102      32     23742     23710   58.1051     54.25   0.0610287    0.137532
  103      32     23958     23926   58.0651        54   0.0204724    0.137632
  104      32     24186     24154   58.0548        57   0.0255869    0.137723
  105      32     24406     24374   58.0257        55    0.048449    0.137816
  106      32     24629     24597   58.0041     55.75   0.0605437    0.137908
  107      32     24842     24810   57.9596     53.25    0.129045    0.137991
  108      32     25065     25033   57.9391     55.75   0.0153869    0.138049
  109      32     25277     25245   57.8938        53   0.0397157    0.138155
  110      32     25491     25459   57.8538      53.5   0.0198594    0.138243
  111      32     25705     25673   57.8145      53.5   0.0640734    0.138324
  112      32     25921     25889   57.7804        54   0.0778617    0.138322
  113      32     26142     26110   57.7579     55.25   0.0339981    0.138455
  114      32     26368     26336   57.7468      56.5   0.0129966    0.138515
  115      32     26574     26542   57.6925      51.5   0.0265656    0.138579
  116      32     26796     26764   57.6735      55.5   0.0154054    0.138646
  117      32     26990     26958   57.5951      48.5    0.163151    0.138745
  118      32     27231     27199   57.6175     60.25    0.168694    0.138833
  119      32     27428     27396   57.5471     49.25   0.0951328    0.138852
2026-07-07T19:37:07.401255+0800 min lat: 0.00781059 max lat: 0.3168 avg lat: 0.138888
  sec Cur ops   started  finished  avg MB/s  cur MB/s last lat(s)  avg lat(s)
  120      32     27651     27619   57.5321     55.75   0.0713746    0.138888
  121      32     27871     27839   57.5111        55   0.0684376    0.139005
  122      32     28092     28060   57.4925     55.25   0.0263956    0.139034
  123      32     28317     28285   57.4823     56.25   0.0287905    0.139067
  124      32     28536     28504   57.4602     54.75   0.0447763    0.139173
  125      32     28753     28721   57.4345     54.25   0.0167263    0.139249
  126      32     28947     28915   57.3635      48.5   0.0896949    0.139297
  127      32     29170     29138   57.3507     55.75    0.126934     0.13934
  128      32     29392     29360   57.3362      55.5   0.0339137    0.139434
  129      32     29621     29589   57.3355     57.25    0.017965    0.139482
  130      32     29838     29806   57.3117     54.25    0.156974    0.139537
  131      32     30038     30006   57.2558        50    0.182998    0.139561
  132      32     30275     30243   57.2709     59.25    0.172307    0.139673
  133      32     30474     30442   57.2143     49.75   0.0944244      0.1397
  134      32     30700     30668   57.2089      56.5   0.0837646    0.139741
  135      32     30918     30886   57.1888      54.5   0.0868092    0.139802
  136      32     31131     31099   57.1597     53.25   0.0170332    0.139852
  137      32     31363     31331   57.1658        58    0.181748    0.139935
  138      32     31573     31541    57.132      52.5    0.045891     0.13996
  139      32     31759     31727   57.0554      46.5   0.0171725    0.140055
2026-07-07T19:37:27.404060+0800 min lat: 0.00781059 max lat: 0.319408 avg lat: 0.14011
  sec Cur ops   started  finished  avg MB/s  cur MB/s last lat(s)  avg lat(s)
  140      32     32002     31970   57.0818     60.75   0.0597915     0.14011
  141      32     32217     32185   57.0581     53.75    0.124559    0.140149
  142      32     32436     32404   57.0418     54.75     0.11938    0.140168
  143      32     32656     32624   57.0275        55   0.0425956    0.140251
  144      32     32873     32841   57.0081     54.25    0.069473    0.140288
  145      32     33097     33065   57.0011        56   0.0449734    0.140288
  146      32     33313     33281   56.9805        54    0.156327     0.14037
  147      32     33518     33486   56.9415     51.25   0.0999093    0.140397
  148      32     33719     33687   56.8962     50.25    0.217616    0.140458
  149      32     33941     33909   56.8868      55.5    0.145527      0.1405
  150      32     34154     34122   56.8625     53.25   0.0122699    0.140564
  151      32     34371     34339   56.8451     54.25    0.135793    0.140606
  152      32     34589     34557   56.8297      54.5   0.0547602    0.140631
  153      31     34800     34769   56.8046        53    0.236272      0.1407
  154      32     35003     34971   56.7636      50.5   0.0652928    0.140848
  155      32     35218     35186   56.7441     53.75   0.0396836    0.140937
  156      32     35433     35401   56.7249     53.75    0.166219    0.141023
  157      32     35613     35581   56.6502        45   0.0773519    0.141085
  158      32     35848     35816   56.6634     58.75   0.0260168    0.141135
  159      32     36080     36048   56.6718        58   0.0542024     0.14111
2026-07-07T19:37:47.406770+0800 min lat: 0.00781059 max lat: 0.319408 avg lat: 0.141041
  sec Cur ops   started  finished  avg MB/s  cur MB/s last lat(s)  avg lat(s)
  160      32     36315     36283   56.6847     58.75   0.0938598    0.141041
  161      32     36531     36499    56.668        54    0.166498    0.141115
  162      32     36753     36721   56.6607      55.5   0.0252413    0.141166
  163      32     36967     36935   56.6413      53.5   0.0874769    0.141179
  164      32     37192     37160   56.6389     56.25   0.0765603    0.141169
  165      32     37399     37367   56.6092     51.75    0.188649    0.141255
  166      32     37610     37578   56.5859     52.75    0.130187    0.141303
  167      32     37834     37802   56.5824        56   0.0272322    0.141286
  168      32     38056     38024   56.5759      55.5   0.0494144    0.141338
  169      32     38278     38246   56.5695      55.5   0.0173585    0.141374
  170      32     38504     38472    56.569      56.5    0.162855    0.141409
  171      32     38698     38666   56.5218      48.5    0.044997    0.141415
  172      32     38920     38888   56.5158      55.5    0.156985    0.141484
  173      32     39146     39114   56.5157      56.5   0.0433225    0.141501
  174      32     39365     39333   56.5055     54.75    0.170912    0.141541
  175      32     39595     39563   56.5111      57.5   0.0147051     0.14155
  176      32     39784     39752   56.4584     47.25   0.0423584    0.141603
  177      32     40010     39978   56.4586      56.5   0.0178115    0.141628
  178      32     40235     40203   56.4574     56.25   0.0453982    0.141661
  179      32     40425     40393   56.4073      47.5   0.0933972     0.14168
2026-07-07T19:38:07.409490+0800 min lat: 0.00781059 max lat: 0.319408 avg lat: 0.141718
  sec Cur ops   started  finished  avg MB/s  cur MB/s last lat(s)  avg lat(s)
  180      32     40672     40640    56.437     61.75   0.0174042    0.141718
  181      32     40865     40833   56.3917     48.25   0.0694766     0.14175
  182      32     41114     41082   56.4238     62.25   0.0175739    0.141765
  183      32     41304     41272    56.375      47.5   0.0219967    0.141823
  184      32     41524     41492   56.3675        55    0.076929    0.141855
  185      32     41744     41712   56.3601        55   0.0784214    0.141873
  186      32     41962     41930     56.35      54.5   0.0437531    0.141895
  187      32     42186     42154   56.3481        56   0.0259651     0.14195
  188      32     42400     42368   56.3329      53.5    0.017301    0.141985
  189      32     42619     42587   56.3245     54.75   0.0261678    0.141998
  190      32     42835     42803   56.3123        54   0.0176694    0.142007
  191      32     43030     42998   56.2726     48.75    0.144454    0.142105
  192      32     43263     43231   56.2829     58.25   0.0174872    0.142097
  193      32     43479     43447    56.271        54   0.0295917    0.142116
  194      32     43702     43670   56.2683     55.75   0.0212549    0.142148
  195      32     43895     43863   56.2272     48.25   0.0167103     0.14219
  196      32     44106     44074   56.2094     52.75    0.160373    0.142234
  197      32     44355     44323     56.24     62.25   0.0146919    0.142234
  198      32     44535     44503   56.1832        45     0.17433    0.142267
  199      32     44757     44725   56.1797      55.5   0.0928398    0.142305
2026-07-07T19:38:27.412154+0800 min lat: 0.00781059 max lat: 0.343925 avg lat: 0.142326
  sec Cur ops   started  finished  avg MB/s  cur MB/s last lat(s)  avg lat(s)
  200      32     44980     44948   56.1776     55.75   0.0456034    0.142326
  201      32     45206     45174   56.1791      56.5    0.177598    0.142348
  202      31     45411     45380   56.1559      51.5    0.172443    0.142413
  203      32     45615     45583   56.1293     50.75   0.0926314    0.142435
  204      32     45853     45821   56.1457      59.5   0.0192617    0.142432
  205      32     46075     46043   56.1425      55.5   0.0139771     0.14245
  206      32     46294     46262   56.1357     54.75   0.0197698    0.142465
  207      32     46516     46484   56.1326      55.5   0.0144838    0.142506
  208      32     46732     46700   56.1223        54   0.0453027    0.142512
  209      32     46924     46892   56.0834        48    0.111185    0.142556
  210      32     47147     47115   56.0818     55.75   0.0605367    0.142575
  211      32     47371     47339   56.0814        56   0.0275709    0.142606
  212      32     47588     47556   56.0727     54.25    0.070438    0.142606
  213      32     47808     47776   56.0676        55   0.0194835    0.142651
  214      32     48022     47990   56.0556      53.5   0.0193208    0.142666
  215      32     48241     48209   56.0495     54.75   0.0977077    0.142701
  216      32     48448     48416   56.0296     51.75    0.138824    0.142701
  217      32     48673     48641   56.0305     56.25   0.0706364     0.14272
  218      32     48892     48860   56.0246     54.75    0.073208    0.142738
  219      32     49117     49085   56.0256     56.25   0.0746534    0.142743
2026-07-07T19:38:47.415064+0800 min lat: 0.00781059 max lat: 0.343925 avg lat: 0.142805
  sec Cur ops   started  finished  avg MB/s  cur MB/s last lat(s)  avg lat(s)
  220      32     49306     49274   55.9857     47.25   0.0196705    0.142805
  221      32     49520     49488   55.9744      53.5   0.0552429    0.142853
  222      32     49755     49723   55.9869     58.75   0.0250719    0.142873
  223      32     49976     49944   55.9835     55.25   0.0400046    0.142885
  224      32     50174     50142   55.9546      49.5   0.0343762    0.142915
  225      32     50386     50354   55.9414        53   0.0690325    0.142932
  226      32     50603     50571   55.9339     54.25   0.0453828     0.14295
  227      32     50823     50791   55.9297        55    0.120639     0.14296
  228      32     51043     51011   55.9256        55   0.0427773    0.142995
  229      32     51262     51230   55.9205     54.75    0.147343    0.143034
  230      32     51493     51461   55.9284     57.75    0.169679    0.143025
  231      32     51685     51653    55.894        48   0.0513627    0.143039
  232      31     51929     51898   55.9171     61.25   0.0122863    0.143058
  233      32     52131     52099   55.8927     50.25   0.0268148    0.143066
  234      32     52348     52316   55.8857     54.25   0.0174202    0.143074
  235      32     52582     52550   55.8968      58.5   0.0170495    0.143105
  236      32     52780     52748   55.8696      49.5   0.0804853     0.14313
  237      32     53009     52977   55.8754     57.25    0.038542    0.143133
  238      32     53226     53194   55.8686     54.25   0.0166293    0.143171
  239      32     53446     53414   55.8649        55   0.0136569    0.143189
2026-07-07T19:39:07.417749+0800 min lat: 0.00781059 max lat: 0.343925 avg lat: 0.143208
  sec Cur ops   started  finished  avg MB/s  cur MB/s last lat(s)  avg lat(s)
  240      32     53663     53631   55.8582     54.25   0.0955442    0.143208
  241      32     53887     53855   55.8587        56   0.0840666    0.143211
  242      32     54080     54048   55.8272     48.25   0.0850786    0.143237
  243      32     54295     54263   55.8187     53.75   0.0703298     0.14326
  244      32     54509     54477   55.8091      53.5   0.0285707    0.143276
  245      32     54740     54708    55.817     57.75   0.0301442    0.143278
  246      32     54959     54927   55.8126     54.75   0.0201595      0.1433
  247      32     55183     55151   55.8134        56   0.0257111    0.143305
  248      32     55407     55375   55.8141        56   0.0270198    0.143322
  249      32     55628     55596   55.8118     55.25    0.185402    0.143296
  250      32     55818     55786   55.7785      47.5   0.0514501    0.143337
  251      32     56044     56012   55.7814      56.5   0.0845482    0.143364
  252      32     56267     56235   55.7812     55.75   0.0605073    0.143373
  253      32     56484     56452   55.7751     54.25    0.017591    0.143404
  254      32     56707     56675    55.775     55.75   0.0792274    0.143424
  255      32     56927     56895   55.7719        55   0.0119719    0.143428
  256      32     57139     57107   55.7611        53    0.181176    0.143424
  257      32     57338     57306   55.7377     49.75    0.138955    0.143467
  258      32     57564     57532   55.7406      56.5   0.0226141    0.143474
  259      32     57792     57760   55.7454        57    0.017138    0.143492
2026-07-07T19:39:27.420455+0800 min lat: 0.00767821 max lat: 0.343925 avg lat: 0.143491
  sec Cur ops   started  finished  avg MB/s  cur MB/s last lat(s)  avg lat(s)
  260      32     57982     57950   55.7137      47.5   0.0754469    0.143491
  261      32     58204     58172   55.7128      55.5    0.128212    0.143534
  262      32     58430     58398   55.7158      56.5   0.0776034     0.14354
  263      32     58651     58619    55.714     55.25   0.0590362    0.143544
  264      32     58877     58845    55.717      56.5   0.0130763    0.143571
  265      32     59069     59037   55.6878        48   0.0503653    0.143594
  266      32     59290     59258   55.6862     55.25   0.0404032    0.143613
  267      32     59513     59481   55.6864     55.75   0.0443174    0.143611
  268      32     59742     59710   55.6922     57.25   0.0182972    0.143631
  269      32     59928     59896    55.658      46.5   0.0780989    0.143654
  270      32     60180     60148   55.6851        63   0.0150482    0.143654
  271      32     60370     60338   55.6549      47.5    0.045789    0.143655
  272      32     60593     60561   55.6552     55.75   0.0552492    0.143692
  273      32     60806     60774   55.6464     53.25   0.0704067    0.143705
  274      32     61033     61001   55.6504     56.75     0.02345    0.143711
  275      32     61255     61223   55.6498      55.5    0.177838    0.143743
  276      32     61456     61424   55.6302     50.25   0.0463696    0.143748
  277      32     61686     61654    55.637      57.5   0.0380581    0.143762
  278      32     61906     61874   55.6346        55   0.0237006    0.143775
  279      32     62126     62094   55.6323        55   0.0178077    0.143789
2026-07-07T19:39:47.423134+0800 min lat: 0.00767821 max lat: 0.343925 avg lat: 0.143807
  sec Cur ops   started  finished  avg MB/s  cur MB/s last lat(s)  avg lat(s)
  280      32     62321     62289   55.6077     48.75    0.118469    0.143807
  281      32     62534     62502   55.5993     53.25   0.0837607    0.143804
  282      32     62765     62733   55.6069     57.75   0.0603999    0.143817
  283      32     62985     62953   55.6048        55   0.0176194    0.143855
  284      32     63176     63144   55.5771     47.75   0.0274061    0.143873
  285      32     63402     63370   55.5803      56.5   0.0819685    0.143878
  286      32     63620     63588   55.5765      54.5   0.0515896    0.143904
  287      32     63844     63812   55.5779        56    0.026887    0.143906
  288      32     64063     64031    55.575     54.75   0.0184137    0.143927
  289      32     64261     64229    55.554      49.5   0.0280014    0.143925
  290      32     64482     64450   55.5529     55.25   0.0177502    0.143956
  291      32     64695     64663    55.545     53.25   0.0628557     0.14398
  292      32     64922     64890   55.5491     56.75   0.0284335     0.14398
  293      32     65144     65112   55.5489      55.5   0.0136209    0.144006
  294      32     65362     65330   55.5453      54.5   0.0352616    0.144007
  295      32     65581     65549   55.5426     54.75   0.0272487    0.144016
  296      32     65799     65767    55.539      54.5   0.0154579    0.144024
  297      32     65989     65957   55.5119      47.5   0.0827148    0.144034
  298      32     66218     66186   55.5177     57.25   0.0839027     0.14406
  299      32     66441     66409   55.5185     55.75   0.0136056     0.14408
Total time run:         300.026
Total writes made:      66634
Write size:             262144
Object size:            262144
Bandwidth (MB/sec):     55.5236
Stddev Bandwidth:       9.35614
Max bandwidth (MB/sec): 112.75
Min bandwidth (MB/sec): 45
Average IOPS:           222
Stddev IOPS:            37.4245
Max IOPS:               451
Min IOPS:               180
Average Latency(s):     0.144079
Stddev Latency(s):      0.0536165
Max latency(s):         0.343925
Min latency(s):         0.00767821
