hints = 1
Maintaining 128 concurrent writes of 262144 bytes to objects of size 262144 for up to 300 seconds or 0 objects
Object prefix: benchmark_data_tikv-node_3905828
  sec Cur ops   started  finished  avg MB/s  cur MB/s last lat(s)  avg lat(s)
    0       0         0         0         0         0           -           0
    1     128       571       443   110.731    110.75     0.20338    0.226518
    2     128      1020       892   111.482    112.25    0.867739    0.228459
    3     128      1468      1340   111.651       112   0.0241081    0.249507
    4     128      1914      1786   111.609     111.5    0.851062    0.258653
    5     128      2362      2234   111.684       112   0.0515852     0.26161
    6     128      2771      2643   110.109    102.25    0.958559    0.264909
    7     128      2926      2798   99.9142     38.75    0.557905    0.300843
    8     128      3194      3066    95.799        67    0.483068    0.324684
    9     128      3416      3288   91.3202      55.5    0.496608     0.34058
   10     128      3658      3530   88.2373      60.5    0.528245    0.353287
   11     128      3878      3750   85.2152        55    0.618882    0.366138
   12     128      4096      3968   82.6552      54.5    0.596329     0.37652
   13     128      4343      4215   81.0466     61.75    0.484277    0.387606
   14     128      4558      4430   79.0965     53.75    0.505015    0.395096
   15     128      4782      4654   77.5562        56    0.604788    0.404176
   16     128      5014      4886   76.3334        58    0.442016    0.411049
   17     128      5234      5106    75.078        55    0.587275    0.417267
   18     128      5452      5324   73.9343      54.5     0.78869    0.424195
   19     128      5754      5626   74.0161      75.5    0.654254    0.426135
2026-07-07T20:15:55.808198+0800 min lat: 0.0103612 max lat: 1.40161 avg lat: 0.431496
  sec Cur ops   started  finished  avg MB/s  cur MB/s last lat(s)  avg lat(s)
   20     128      5925      5797   72.4525     42.75    0.482097    0.431496
   21     128      6312      6184   73.6087     96.75     0.43369    0.423391
   22     128      6562      6434   73.1033      62.5    0.598036    0.433407
   23     128      6791      6663   72.4136     57.25    0.450033    0.437816
   24     128      6974      6846   71.3023     45.75    0.702019    0.442926
   25     128      7278      7150   71.4898        76    0.103485    0.444054
   26     128      7437      7309   70.2689     39.75    0.559105    0.448248
   27     128      7694      7566   70.0458     64.25    0.575937    0.452052
   28     128      7929      7801   69.6421     58.75    0.415953    0.456053
   29     128      8159      8031   69.2232      57.5    0.483229    0.459245
   30     128      8394      8266   68.8738     58.75    0.368449    0.461428
   31     128      8602      8474   68.3293        52    0.575023    0.463598
   32     128      8819      8691   67.8891     54.25     0.57327    0.466936
   33     128      9042      8914    67.521     55.75    0.585685    0.470159
   34     128      9260      9132   67.1378      54.5     0.56617    0.472188
   35     128      9486      9358   66.8336      56.5    0.609877    0.474494
   36     128      9712      9584   66.5463      56.5    0.596917    0.475874
   37     128      9972      9844   66.5043        65    0.539614    0.478253
   38     128     10191     10063   66.1949     54.75    0.493205    0.480428
   39     128     10385     10257    65.741      48.5    0.628028    0.482074
2026-07-07T20:16:15.810931+0800 min lat: 0.0103612 max lat: 1.40161 avg lat: 0.483776
  sec Cur ops   started  finished  avg MB/s  cur MB/s last lat(s)  avg lat(s)
   40     128     10627     10499   65.6097      60.5     0.62295    0.483776
   41     128     10854     10726   65.3934     56.75    0.428866    0.486156
   42     128     11079     10951   65.1755     56.25    0.497494    0.487635
   43     128     11298     11170   64.9329     54.75    0.571268    0.489379
   44     128     11533     11405   64.7922     58.75    0.507134    0.490396
   45     128     11787     11659   64.7634      63.5    0.499165    0.491837
   46     128     12015     11887   64.5944        57    0.608862    0.493151
   47     128     12191     12063   64.1561        44    0.467809    0.494332
   48     128     12420     12292    64.012     57.25    0.522226    0.496055
   49     128     12638     12510   63.8178      54.5    0.394187    0.497251
   50     128     12908     12780   63.8913      67.5    0.603727     0.49774
   51     128     13132     13004   63.7364        56    0.552361    0.499513
   52     128     13353     13225   63.5731     55.25    0.642695    0.501028
   53     128     13580     13452   63.4442     56.75    0.605964    0.502163
   54     128     13779     13651   63.1905     49.75    0.511911    0.503025
   55     128     13992     13864   63.0097     53.25    0.525468    0.504633
   56     128     14242     14114   63.0004      62.5    0.507414    0.505961
   57     128     14469     14341   62.8906     56.75    0.452241    0.506729
   58     128     14654     14526   62.6036     46.25    0.451279    0.507464
   59     128     14903     14775   62.5974     62.25    0.498362     0.50854
2026-07-07T20:16:35.813565+0800 min lat: 0.0103612 max lat: 1.40161 avg lat: 0.508999
  sec Cur ops   started  finished  avg MB/s  cur MB/s last lat(s)  avg lat(s)
   60     128     15118     14990   62.4499     53.75    0.538967    0.508999
   61     128     15375     15247   62.4792     64.25    0.554652    0.510086
   62     128     15607     15479   62.4068        58    0.577977    0.510765
   63     128     15808     15680   62.2137     50.25    0.562222    0.511732
   64     128     16041     15913   62.1516     58.25    0.497576     0.51255
   65     128     16268     16140   62.0684     56.75    0.493227    0.513158
   66     128     16483     16355   61.9422     53.75    0.525733    0.513928
   67     128     16718     16590   61.8944     58.75    0.592749    0.514614
   68     128     16941     16813    61.804     55.75    0.400387    0.515318
   69     128     17169     17041   61.7342        57    0.453924     0.51581
   70     128     17429     17301   61.7808        65    0.497212    0.516387
   71     128     17637     17509   61.6429        52    0.426478    0.517126
   72     128     17868     17740   61.5888     57.75    0.522542    0.517656
   73     128     18101     17973    61.543     58.25    0.431843    0.517868
   74     128     18347     18219   61.5423      61.5    0.575259    0.518082
   75     128     18560     18432   61.4316     53.25    0.568559     0.51848
   76     128     18783     18655   61.3567     55.75    0.587446    0.519154
   77     128     19012     18884   61.3033     57.25    0.549127    0.519668
   78     128     19237     19109   61.2384     56.25    0.537805    0.520728
   79     128     19474     19346   61.2131     59.25    0.453661    0.521081
2026-07-07T20:16:55.816409+0800 min lat: 0.0103612 max lat: 1.40161 avg lat: 0.521291
  sec Cur ops   started  finished  avg MB/s  cur MB/s last lat(s)  avg lat(s)
   80     128     19715     19587    61.201     60.25    0.604209    0.521291
   81     128     19965     19837   61.2169      62.5     0.57819    0.520255
   82     128     20177     20049   61.1166        53    0.592133    0.521475
   83     128     20405     20277   61.0669        57    0.598431    0.521975
   84     128     20638     20510   61.0333     58.25    0.649508    0.522466
   85     128     20962     20834    61.268        81    0.675547    0.519755
   86     128     21209     21081   61.2735     61.75    0.560486    0.520874
   87     128     21393     21265   61.0979        46    0.496371     0.52139
   88     128     21745     21617   61.4035        88   0.0671013     0.52039
   89     128     21926     21798   61.2219     45.25    0.592033    0.521103
   90     128     22160     22032   61.1916      58.5     0.46177    0.521668
   91     128     22393     22265   61.1592     58.25    0.410572    0.521978
   92     128     22585     22457   61.0161        48    0.427791    0.522242
   93     128     22852     22724   61.0777     66.75    0.541256    0.522508
   94     128     23076     22948   61.0236        56    0.362311    0.523038
   95     128     23278     23150   60.9127      50.5    0.548683    0.523278
   96     128     23492     23364   60.8354      53.5    0.547526    0.524046
   97     128     23719     23591   60.7932     56.75    0.582525    0.524559
   98     128     23953     23825   60.7697      58.5    0.499361     0.52494
   99     128     24204     24076   60.7897     62.75    0.549365    0.525205
2026-07-07T20:17:15.819101+0800 min lat: 0.0103612 max lat: 1.40161 avg lat: 0.525424
  sec Cur ops   started  finished  avg MB/s  cur MB/s last lat(s)  avg lat(s)
  100     128     24433     24305   60.7542     57.25    0.529413    0.525424
  101     128     24651     24523   60.6922      54.5    0.562755    0.525728
  102     128     24869     24741   60.6314      54.5    0.596903    0.526154
  103     128     25098     24970   60.5985     57.25    0.455318    0.526515
  104     127     25318     25191    60.547     55.25    0.629051     0.52726
  105     128     25519     25391   60.4465        50    0.473839    0.527541
  106     128     25746     25618   60.4115     56.75     0.47658    0.527776
  107     128     26079     25951   60.6248     83.25    0.209705    0.526237
  108     128     26264     26136   60.4917     46.25    0.482067    0.527339
  109     128     26481     26353   60.4344     54.25    0.512311    0.527596
  110     128     26746     26618   60.4872     66.25    0.572557    0.527842
  111     128     26964     26836   60.4331      54.5    0.591376    0.528201
  112     128     27193     27065   60.4046     57.25    0.626117    0.528666
  113     128     27393     27265   60.3125        50     0.48903    0.528905
  114     128     27647     27519   60.3404      63.5    0.554239    0.529223
  115     128     27828     27700   60.2091     45.25    0.466741    0.529925
  116     128     28059     27931   60.1878     57.75    0.426633    0.530316
  117     128     28287     28159   60.1605        57    0.458916     0.53056
  118     128     28496     28368   60.0934     52.25    0.583302    0.530747
  119     128     28746     28618   60.1136      62.5    0.599825    0.531135
2026-07-07T20:17:35.821948+0800 min lat: 0.0103612 max lat: 1.40161 avg lat: 0.53144
  sec Cur ops   started  finished  avg MB/s  cur MB/s last lat(s)  avg lat(s)
  120     128     28964     28836   60.0667      54.5    0.640089     0.53144
  121     128     29199     29071   60.0558     58.75    0.567199    0.531659
  122     128     29445     29317   60.0675      61.5    0.316893    0.531546
  123     128     29668     29540   60.0324     55.75    0.484777    0.531775
  124     128     29876     29748   59.9675        52     0.46035    0.531971
  125     128     30120     29992   59.9757        61    0.387075    0.532179
  126     128     30416     30288    60.087        74    0.476032    0.530437
  127     128     30636     30508   60.0469        55    0.606414    0.531572
  128     128     30869     30741   60.0328     58.25    0.543511    0.531804
  129     128     31089     30961   59.9937        55    0.635334    0.532009
  130     128     31384     31256   60.0994     73.75    0.740995    0.530947
  131     128     31573     31445   60.0013     47.25    0.617963    0.531738
  132     128     31787     31659    59.952      53.5    0.523569    0.532171
  133     128     32024     31896   59.9466     59.25    0.681467    0.532752
  134     128     32232     32104   59.8873        52     0.58773    0.533241
  135     128     32457     32329   59.8603     56.25    0.536072    0.533386
  136     128     32680     32552     59.83     55.75    0.430125    0.533572
  137     128     32905     32777   59.8038     56.25    0.461189     0.53384
  138     127     33139     33012   59.7961     58.75    0.536348    0.534117
  139     128     33371     33243   59.7813     57.75    0.435878    0.534408
2026-07-07T20:17:55.824793+0800 min lat: 0.0103612 max lat: 1.40161 avg lat: 0.534524
  sec Cur ops   started  finished  avg MB/s  cur MB/s last lat(s)  avg lat(s)
  140     128     33601     33473    59.765      57.5    0.592574    0.534524
  141     128     33782     33654    59.662     45.25    0.672482    0.534861
  142     128     34030     33902   59.6784        62    0.447965    0.535219
  143     128     34230     34102   59.6106        50    0.416471    0.535395
  144     128     34466     34338   59.6063        59    0.550143    0.535611
  145     128     34719     34591   59.6314     63.25    0.522705    0.535787
  146     128     34937     34809   59.5962      54.5    0.506276    0.535957
  147     128     35176     35048   59.5972     59.75    0.430941    0.536166
  148     128     35390     35262   59.5559      53.5    0.516508    0.536206
  149     128     35624     35496   59.5488      58.5    0.499585    0.536479
  150     128     35855     35727   59.5367     57.75    0.360308    0.536684
  151     128     36065     35937   59.4901      52.5     0.57749    0.536802
  152     128     36457     36329   59.7433        98    0.284486    0.535072
  153     128     36623     36495    59.624      41.5    0.882732    0.535311
  154     128     36876     36748   59.6475     63.25    0.563621    0.535647
  155     128     37095     36967   59.6159     54.75     0.56739     0.53584
  156     128     37475     37347   59.8426        95    0.485353    0.533641
  157     128     37667     37539   59.7672        48    0.559785    0.534533
  158     128     37898     37770   59.7544     57.75    0.491758    0.534767
  159     128     38109     37981   59.7102     52.75    0.522199    0.534879
2026-07-07T20:18:15.827693+0800 min lat: 0.0103612 max lat: 1.40161 avg lat: 0.534591
  sec Cur ops   started  finished  avg MB/s  cur MB/s last lat(s)  avg lat(s)
  160     128     38384     38256   59.7667     68.75    0.763849    0.534591
  161     128     38592     38464   59.7184        52    0.550105    0.534947
  162     128     38804     38676   59.6769        53    0.573871    0.535087
  163     128     39035     38907    59.665     57.75     0.55171    0.535316
  164     128     39253     39125   59.6334      54.5    0.689972    0.535696
  165     128     39483     39355   59.6205      57.5    0.584949    0.535798
  166     128     39709     39581   59.6016      56.5    0.506767    0.535911
  167     128     39983     39855   59.6548      68.5    0.406708    0.535934
  168     128     40186     40058   59.6018     50.75    0.488715    0.536026
  169     128     40403     40275   59.5701     54.25    0.483621    0.536152
  170     128     40640     40512   59.5681     59.25    0.500786    0.536283
  171     128     40868     40740   59.5531        57    0.504013     0.53635
  172     128     41092     40964   59.5324        56      0.4186      0.5368
  173     128     41319     41191   59.5163     56.75    0.489952    0.536837
  174     128     41540     41412   59.4917     55.25    0.495869    0.536976
  175     128     41760     41632    59.466        55    0.491837    0.537179
  176     128     41979     41851   59.4391     54.75    0.656941    0.537544
  177     128     42168     42040   59.3702     47.25    0.421394    0.537641
  178     128     42423     42295   59.3948     63.75    0.600352    0.537656
  179     128     42645     42517    59.373      55.5    0.683645    0.537866
2026-07-07T20:18:35.830635+0800 min lat: 0.0103612 max lat: 1.40161 avg lat: 0.538206
  sec Cur ops   started  finished  avg MB/s  cur MB/s last lat(s)  avg lat(s)
  180     128     42878     42750   59.3667     58.25    0.403944    0.538206
  181     128     43111     42983   59.3605     58.25    0.520551    0.538226
  182     128     43333     43205   59.3392      55.5    0.479631    0.538315
  183     128     43543     43415   59.3018      52.5    0.619232    0.538512
  184     128     43797     43669   59.3246      63.5    0.513649    0.538696
  185     128     44005     43877   59.2849        52    0.633523    0.538748
  186     128     44245     44117   59.2887        60    0.624889    0.538899
  187     128     44415     44287   59.1989      42.5    0.722531    0.539188
  188     128     44668     44540   59.2204     63.25    0.514985    0.539366
  189     128     44913     44785   59.2311     61.25    0.598607    0.539498
  190     128     45120     44992   59.1917     51.75    0.471847    0.539627
  191     128     45373     45245   59.2129     63.25    0.473178     0.53986
  192     128     45602     45474   59.2026     57.25    0.448407    0.539755
  193     128     45816     45688    59.173      53.5    0.545616    0.539864
  194     128     46083     45955    59.212     66.75    0.598554    0.539861
  195     128     46260     46132   59.1353     44.25     0.43485    0.540115
  196     128     46524     46396   59.1703        66    0.584923    0.540248
  197     128     46756     46628   59.1643        58    0.430067    0.540435
  198     128     47025     46897   59.2051     67.25    0.443216    0.539895
  199     128     47245     47117   59.1839        55    0.556886    0.539975
2026-07-07T20:18:55.833579+0800 min lat: 0.0103612 max lat: 1.40161 avg lat: 0.540021
  sec Cur ops   started  finished  avg MB/s  cur MB/s last lat(s)  avg lat(s)
  200     128     47477     47349   59.1779        58    0.539764    0.540021
  201     128     47707     47579   59.1695      57.5    0.473418    0.540143
  202     128     47911     47783    59.129        51    0.540422    0.540146
  203     128     48124     47996      59.1     53.25    0.616182    0.540467
  204     128     48382     48254   59.1265      64.5     0.55921    0.540563
  205     128     48621     48493   59.1295     59.75    0.450793    0.540586
  206     128     48815     48687   59.0778      48.5    0.705262    0.540786
  207     128     49023     48895   59.0436        52    0.567126    0.541027
  208     128     49288     49160   59.0782     66.25    0.610394    0.541037
  209     128     49508     49380   59.0586        55    0.390422    0.541121
  210     128     49738     49610   59.0512      57.5    0.584045     0.54107
  211     128     49990     49862   59.0699        63    0.535371    0.541248
  212     128     50197     50069   59.0353     51.75    0.610198    0.541419
  213     128     50383     50255   58.9764      46.5     0.52443    0.541657
  214     128     50632     50504   58.9917     62.25    0.496371    0.541845
  215     128     50858     50730     58.98      56.5    0.512412    0.541924
  216     128     51090     50962   58.9755        58    0.338439    0.541886
  217     128     51301     51173   58.9467     52.75    0.500756    0.542062
  218     128     51522     51394   58.9297     55.25    0.591473    0.542225
  219     128     51738     51610   58.9072        54    0.459943    0.542344
2026-07-07T20:19:15.836598+0800 min lat: 0.0103612 max lat: 1.40161 avg lat: 0.542451
  sec Cur ops   started  finished  avg MB/s  cur MB/s last lat(s)  avg lat(s)
  220     128     51981     51853   58.9155     60.75    0.642889    0.542451
  221     128     52186     52058   58.8808     51.25    0.565041    0.542646
  222     128     52414     52286   58.8723        57    0.596753    0.542752
  223     128     52643     52515    58.865     57.25      0.5005    0.542831
  224     128     52868     52740   58.8533     56.25    0.608167     0.54298
  225     128     53095     52967   58.8439     56.75    0.430536    0.543133
  226     128     53329     53201   58.8423      58.5     0.49332    0.543243
  227     128     53537     53409   58.8122        52    0.608482    0.543323
  228     128     53748     53620   58.7855     52.75    0.465098    0.543438
  229     128     53988     53860   58.7908        60    0.407274    0.543638
  230     128     54220     54092   58.7873        58     0.46634    0.543715
  231     128     54452     54324   58.7839        58     0.52472    0.543758
  232     128     54637     54509   58.7298     46.25    0.510372    0.544035
  233     128     54869     54741   58.7266        58    0.390962    0.544152
  234     128     55128     55000   58.7524     64.75      0.5638    0.544222
  235     128     55313     55185   58.6991     46.25     0.58424    0.544279
  236     128     55550     55422   58.7014     59.25    0.447525    0.544378
  237     128     55810     55682   58.7279        65     0.48994    0.544481
  238     128     56021     55893   58.7028     52.75    0.640053    0.544532
  239     128     56241     56113   58.6873        55    0.374118    0.544523
2026-07-07T20:19:35.839547+0800 min lat: 0.0103612 max lat: 1.40161 avg lat: 0.544583
  sec Cur ops   started  finished  avg MB/s  cur MB/s last lat(s)  avg lat(s)
  240     128     56474     56346   58.6854     58.25    0.586588    0.544583
  241     128     56687     56559   58.6628     53.25    0.505155    0.544765
  242     128     56927     56799   58.6683        60    0.506741    0.544855
  243     128     57134     57006   58.6398     51.75    0.575577    0.544953
  244     128     57367     57239   58.6382     58.25    0.580789    0.545007
  245     128     57617     57489   58.6539      62.5    0.482512    0.545002
  246     128     57840     57712   58.6421     55.75    0.545447    0.545059
  247     128     58071     57943   58.6384     57.75    0.633594    0.545217
  248     128     58297     58169   58.6298      56.5    0.590013    0.545307
  249     128     58523     58395   58.6212      56.5    0.580814    0.545367
  250     128     58735     58607   58.5987        53    0.639901    0.545372
  251     128     58988     58860   58.6172     63.25    0.602847    0.545457
  252     128     59186     59058    58.581      49.5    0.504939    0.545507
  253     128     59443     59315   58.6033     64.25    0.513371    0.545532
  254     128     59623     59495   58.5497        45    0.644807    0.545572
  255     128     59850     59722   58.5427     56.75    0.427753     0.54591
  256     128     60068     59940   58.5268      54.5     0.56878    0.545952
  257     128     60330     60202   58.5539      65.5    0.460358    0.545991
  258     128     60557     60429   58.5469     56.75    0.500771    0.546032
  259     128     60783     60655    58.539      56.5    0.504354     0.54612
2026-07-07T20:19:55.842434+0800 min lat: 0.0103612 max lat: 1.40161 avg lat: 0.546194
  sec Cur ops   started  finished  avg MB/s  cur MB/s last lat(s)  avg lat(s)
  260     128     61004     60876   58.5263     55.25    0.657503    0.546194
  261     128     61246     61118   58.5338      60.5    0.498633    0.546225
  262     128     61440     61312   58.4955      48.5    0.562925    0.546371
  263     128     61668     61540   58.4898        57    0.608108    0.546513
  264     128     61892     61764   58.4803        56    0.472275    0.546558
  265     128     62147     62019   58.5002     63.75    0.550966    0.546547
  266     128     62362     62234   58.4823     53.75    0.583203    0.546654
  267     128     62562     62434   58.4505        50     0.47375    0.546749
  268     128     62817     62689   58.4702     63.75    0.602798    0.546775
  269     128     63013     62885    58.435        49    0.741648    0.546826
  270     128     63237     63109    58.426        56    0.494956    0.547034
  271     128     63497     63369   58.4502        65    0.401812    0.547056
  272     128     63712     63584   58.4329     53.75    0.595902      0.5471
  273     128     63933     63805   58.4212     55.25    0.631064    0.547252
  274     128     64158     64030   58.4132     56.25    0.691262    0.547286
  275     128     64388     64260   58.4099      57.5    0.599362    0.547347
  276     128     64620     64492   58.4084        58    0.510048    0.547357
  277     128     64822     64694   58.3798      50.5    0.483448    0.547473
  278     128     65052     64924   58.3766      57.5    0.518334    0.547594
  279     128     65265     65137   58.3582     53.25    0.563791     0.54765
2026-07-07T20:20:15.845265+0800 min lat: 0.0103612 max lat: 1.40161 avg lat: 0.547699
  sec Cur ops   started  finished  avg MB/s  cur MB/s last lat(s)  avg lat(s)
  280     128     65528     65400   58.3846     65.75    0.472023    0.547699
  281     128     65749     65621   58.3734     55.25    0.523984    0.547741
  282     128     65970     65842   58.3623     55.25    0.583976    0.547806
  283     128     66201     66073   58.3601     57.75    0.502423     0.54786
  284     128     66391     66263   58.3218      47.5    0.473007    0.547893
  285     128     66629     66501   58.3259      59.5    0.589927     0.54807
  286     128     66859     66731    58.323      57.5    0.562396    0.548134
  287     128     67101     66973   58.3306      60.5    0.411091    0.548097
  288     128     67305     67177   58.3051        51    0.595841    0.548224
  289     128     67551     67423   58.3161      61.5    0.551331    0.548348
  290     128     67773     67645   58.3064      55.5    0.620735    0.548206
  291     128     67988     67860   58.2907     53.75    0.516845    0.548364
  292     128     68203     68075   58.2751     53.75    0.645444    0.548457
  293     128     68434     68306   58.2733     57.75    0.511534    0.548558
  294     128     68683     68555   58.2868     62.25    0.491593    0.548599
  295     128     68911     68783   58.2824        57    0.546011     0.54858
  296     128     69150     69022   58.2873     59.75    0.546065    0.548543
  297     128     69369     69241   58.2754     54.75    0.491543    0.548585
  298     128     69601     69473   58.2744        58    0.600706     0.54864
  299     128     69817     69689   58.2601        54    0.481286    0.548728
2026-07-07T20:20:35.847978+0800 min lat: 0.0103612 max lat: 1.40161 avg lat: 0.548769
  sec Cur ops   started  finished  avg MB/s  cur MB/s last lat(s)  avg lat(s)
  300     107     70031     69924   58.2617     58.75     0.61318    0.548769
Total time run:         300.202
Total writes made:      70031
Write size:             262144
Object size:            262144
Bandwidth (MB/sec):     58.3198
Stddev Bandwidth:       10.4666
Max bandwidth (MB/sec): 112.25
Min bandwidth (MB/sec): 38.75
Average IOPS:           233
Stddev IOPS:            41.8665
Max IOPS:               449
Min IOPS:               155
Average Latency(s):     0.548603
Stddev Latency(s):      0.138413
Max latency(s):         1.40161
Min latency(s):         0.0103612
