1784784503 | enp139s0f0np0: 234717358486668 63353246933    0 2473    0     0          0    502343 184216050203950 47735190903    0    0    0     0       0          0
1784784504 | enp139s0f0np0: 234718839779809 63353606541    0 2473    0     0          0    502343 184216057031923 47735208408    0    0    0     0       0          0
1784784505 | enp139s0f0np0: 234721900192850 63354349363    0 2473    0     0          0    502343 184216070956170 47735244415    0    0    0     0       0          0
1784784506 | enp139s0f0np0: 234724967147981 63355093762    0 2473    0     0          0    502343 184216084992034 47735280872    0    0    0     0       0          0
1784784507 | enp139s0f0np0: 234728015052649 63355833640    0 2473    0     0          0    502343 184216098931118 47735318135    0    0    0     0       0          0
1784784508 | enp139s0f0np0: 234731065469282 63356573641    0 2473    0     0          0    502343 184216112879981 47735354779    0    0    0     0       0          0
1784784509 | enp139s0f0np0: 234734137369424 63357319134    0 2473    0     0          0    502343 184216126931720 47735391827    0    0    0     0       0          0
1784784510 | enp139s0f0np0: 234737132745659 63358046097    0 2473    0     0          0    502343 184216140653428 47735428211    0    0    0     0       0          0
1784784511 | enp139s0f0np0: 234740114123923 63358769874    0 2473    0     0          0    502343 184216154341097 47735464874    0    0    0     0       0          0
1784784512 | enp139s0f0np0: 234743213902729 63359522103    0 2473    0     0          0    502343 184216168500439 47735502083    0    0    0     0       0          0
1784784513 | enp139s0f0np0: 234746287193416 63360267913    0 2473    0     0          0    502343 184216182542904 47735538859    0    0    0     0       0          0
1784784514 | enp139s0f0np0: 234749341088028 63361008949    0 2473    0     0          0    502343 184216196487601 47735575174    0    0    0     0       0          0
1784784515 | enp139s0f0np0: 234752335393635 63361735828    0 2473    0     0          0    502343 184216210251691 47735612139    0    0    0     0       0          0
1784784516 | enp139s0f0np0: 234755602547425 63362528028    0 2473    0     0          0    502343 184216225148412 47735650448    0    0    0     0       0          0
1784784517 | enp139s0f0np0: 234758815165563 63363307036    0 2473    0     0          0    502343 184216239725869 47735687901    0    0    0     0       0          0
1784784518 | enp139s0f0np0: 234761852113315 63364044125    0 2473    0     0          0    502344 184216253686145 47735724811    0    0    0     0       0          0
1784784519 | enp139s0f0np0: 234764894856616 63364782878    0 2473    0     0          0    502344 184216267585843 47735761725    0    0    0     0       0          0
1784784520 | enp139s0f0np0: 234767906700987 63365513706    0 2473    0     0          0    502344 184216281333290 47735797699    0    0    0     0       0          0
1784784521 | enp139s0f0np0: 234770939323680 63366249390    0 2473    0     0          0    502344 184216295208609 47735833656    0    0    0     0       0          0
1784784522 | enp139s0f0np0: 234773834201046 63366952102    0 2473    0     0          0    502344 184216308478444 47735869640    0    0    0     0       0          0
1784784523 | enp139s0f0np0: 234776838988018 63367681456    0 2473    0     0          0    502344 184216322328008 47735907253    0    0    0     0       0          0
1784784524 | enp139s0f0np0: 234779916973240 63368428520    0 2473    0     0          0    502344 184216336456242 47735945145    0    0    0     0       0          0
1784784525 | enp139s0f0np0: 234782955631745 63369165783    0 2473    0     0          0    502344 184216350404996 47735982210    0    0    0     0       0          0
1784784526 | enp139s0f0np0: 234785914590467 63369884427    0 2473    0     0          0    502344 184216363989288 47736018742    0    0    0     0       0          0
1784784527 | enp139s0f0np0: 234788983680177 63370629355    0 2473    0     0          0    502344 184216378063691 47736056324    0    0    0     0       0          0
1784784528 | enp139s0f0np0: 234792057579354 63371375475    0 2473    0     0          0    502344 184216392154318 47736094274    0    0    0     0       0          0
1784784529 | enp139s0f0np0: 234795046035389 63372101264    0 2473    0     0          0    502344 184216405918760 47736131660    0    0    0     0       0          0
1784784530 | enp139s0f0np0: 234798113138493 63372845422    0 2473    0     0          0    502344 184216419914577 47736168241    0    0    0     0       0          0
1784784531 | enp139s0f0np0: 234801231888034 63373602192    0 2473    0     0          0    502344 184216434188302 47736205880    0    0    0     0       0          0
1784784532 | enp139s0f0np0: 234804250098726 63374334848    0 2473    0     0          0    502344 184216448068584 47736243298    0    0    0     0       0          0
1784784533 | enp139s0f0np0: 234807349514090 63375086892    0 2473    0     0          0    502344 184216462193132 47736279949    0    0    0     0       0          0
1784784534 | enp139s0f0np0: 234810412765121 63375830502    0 2473    0     0          0    502344 184216476212029 47736317023    0    0    0     0       0          0
1784784535 | enp139s0f0np0: 234813445861871 63376567137    0 2473    0     0          0    502344 184216490140991 47736353878    0    0    0     0       0          0
1784784536 | enp139s0f0np0: 234816597731493 63377331877    0 2473    0     0          0    502344 184216504515156 47736391256    0    0    0     0       0          0
1784784537 | enp139s0f0np0: 234819994370946 63378155296    0 2473    0     0          0    502344 184216519853703 47736429676    0    0    0     0       0          0
1784784538 | enp139s0f0np0: 234823110095091 63378911198    0 2473    0     0          0    502344 184216534108791 47736466653    0    0    0     0       0          0
1784784539 | enp139s0f0np0: 234826128516239 63379643851    0 2473    0     0          0    502344 184216547910798 47736503599    0    0    0     0       0          0
1784784540 | enp139s0f0np0: 234829175653657 63380383206    0 2473    0     0          0    502344 184216561846515 47736539848    0    0    0     0       0          0
1784784541 | enp139s0f0np0: 234832199569416 63381117365    0 2473    0     0          0    502344 184216575694503 47736576734    0    0    0     0       0          0
1784784542 | enp139s0f0np0: 234835180893179 63381840983    0 2473    0     0          0    502344 184216589362763 47736613326    0    0    0     0       0          0
1784784543 | enp139s0f0np0: 234838330112204 63382604977    0 2473    0     0          0    502344 184216603720212 47736650114    0    0    0     0       0          0
1784784544 | enp139s0f0np0: 234841317500634 63383330125    0 2473    0     0          0    502344 184216617392748 47736686474    0    0    0     0       0          0
1784784545 | enp139s0f0np0: 234844497863537 63384101825    0 2473    0     0          0    502344 184216631947634 47736724847    0    0    0     0       0          0
1784784546 | enp139s0f0np0: 234847968973011 63384942976    0 2473    0     0          0    502344 184216647610108 47736763937    0    0    0     0       0          0
1784784547 | enp139s0f0np0: 234851147893752 63385714405    0 2473    0     0          0    502344 184216662135973 47736801393    0    0    0     0       0          0
1784784548 | enp139s0f0np0: 234854238319993 63386464353    0 2473    0     0          0    502345 184216676225266 47736838460    0    0    0     0       0          0
1784784549 | enp139s0f0np0: 234857305214545 63387208783    0 2473    0     0          0    502345 184216690268742 47736875634    0    0    0     0       0          0
1784784550 | enp139s0f0np0: 234860452654128 63387972653    0 2473    0     0          0    502345 184216704664782 47736913703    0    0    0     0       0          0
1784784551 | enp139s0f0np0: 234863571937233 63388729645    0 2473    0     0          0    502345 184216718854047 47736950265    0    0    0     0       0          0
1784784552 | enp139s0f0np0: 234866676596273 63389483382    0 2473    0     0          0    502345 184216733015114 47736987230    0    0    0     0       0          0
1784784553 | enp139s0f0np0: 234869734884212 63390225933    0 2473    0     0          0    502345 184216747009185 47737024428    0    0    0     0       0          0
1784784554 | enp139s0f0np0: 234872737649354 63390954960    0 2473    0     0          0    502345 184216760878576 47737061860    0    0    0     0       0          0
1784784555 | enp139s0f0np0: 234875799234970 63391698409    0 2473    0     0          0    502345 184216774841542 47737099101    0    0    0     0       0          0
1784784556 | enp139s0f0np0: 234878801598232 63392427698    0 2473    0     0          0    502345 184216788651953 47737136661    0    0    0     0       0          0
1784784557 | enp139s0f0np0: 234881826286882 63393161953    0 2473    0     0          0    502345 184216802499768 47737172994    0    0    0     0       0          0
1784784558 | enp139s0f0np0: 234884888708496 63393905375    0 2473    0     0          0    502345 184216816513356 47737210295    0    0    0     0       0          0
1784784559 | enp139s0f0np0: 234887783890636 63394608728    0 2473    0     0          0    502345 184216829873251 47737246994    0    0    0     0       0          0
1784784560 | enp139s0f0np0: 234890960464908 63395379388    0 2473    0     0          0    502345 184216844383035 47737284898    0    0    0     0       0          0
1784784561 | enp139s0f0np0: 234894067662500 63396133918    0 2473    0     0          0    502345 184216858675654 47737323344    0    0    0     0       0          0
1784784562 | enp139s0f0np0: 234897150533608 63396882216    0 2473    0     0          0    502345 184216872806622 47737360840    0    0    0     0       0          0
1784784563 | enp139s0f0np0: 234900173778849 63397615815    0 2473    0     0          0    502345 184216886513920 47737395756    0    0    0     0       0          0
1784784564 | enp139s0f0np0: 234903221779386 63398355264    0 2473    0     0          0    502345 184216900473944 47737432562    0    0    0     0       0          0
1784784565 | enp139s0f0np0: 234906251931315 63399090868    0 2473    0     0          0    502345 184216914429773 47737470152    0    0    0     0       0          0
1784784566 | enp139s0f0np0: 234909610111763 63399905120    0 2473    0     0          0    502345 184216929708385 47737508676    0    0    0     0       0          0
1784784567 | enp139s0f0np0: 234912956638748 63400716288    0 2473    0     0          0    502345 184216944834413 47737547289    0    0    0     0       0          0
1784784568 | enp139s0f0np0: 234916147014199 63401489994    0 2473    0     0          0    502345 184216959349645 47737584768    0    0    0     0       0          0
1784784569 | enp139s0f0np0: 234919545468372 63402313909    0 2473    0     0          0    502345 184216974737247 47737623807    0    0    0     0       0          0
1784784570 | enp139s0f0np0: 234923088612390 63403171777    0 2473    0     0          0    502345 184216990665239 47737662318    0    0    0     0       0          0
1784784571 | enp139s0f0np0: 234926530507120 63404005629    0 2473    0     0          0    502345 184217006069425 47737699723    0    0    0     0       0          0
1784784572 | enp139s0f0np0: 234930018223749 63404850931    0 2473    0     0          0    502345 184217021788468 47737738691    0    0    0     0       0          0
1784784573 | enp139s0f0np0: 234933186203966 63405619253    0 2473    0     0          0    502345 184217036176553 47737776022    0    0    0     0       0          0
1784784574 | enp139s0f0np0: 234936184154865 63406347098    0 2473    0     0          0    502345 184217049849543 47737811987    0    0    0     0       0          0
1784784575 | enp139s0f0np0: 234939280822933 63407098330    0 2473    0     0          0    502345 184217063916753 47737848588    0    0    0     0       0          0
1784784576 | enp139s0f0np0: 234942346159837 63407842393    0 2473    0     0          0    502345 184217077858456 47737885098    0    0    0     0       0          0
1784784577 | enp139s0f0np0: 234945363525906 63408574824    0 2473    0     0          0    502345 184217091576818 47737921191    0    0    0     0       0          0
1784784578 | enp139s0f0np0: 234948383618753 63409307853    0 2473    0     0          0    502346 184217105372140 47737958108    0    0    0     0       0          0
1784784579 | enp139s0f0np0: 234951472752493 63410057281    0 2473    0     0          0    502346 184217119402804 47737994623    0    0    0     0       0          0
1784784580 | enp139s0f0np0: 234954576903198 63410810564    0 2473    0     0          0    502346 184217133531480 47738032427    0    0    0     0       0          0
1784784581 | enp139s0f0np0: 234957649817265 63411556290    0 2473    0     0          0    502346 184217147545996 47738069612    0    0    0     0       0          0
1784784582 | enp139s0f0np0: 234960730629271 63412303872    0 2473    0     0          0    502346 184217161487636 47738106526    0    0    0     0       0          0
1784784583 | enp139s0f0np0: 234963771660875 63413042167    0 2473    0     0          0    502346 184217175365385 47738144285    0    0    0     0       0          0
1784784584 | enp139s0f0np0: 234966784534077 63413773328    0 2473    0     0          0    502346 184217189048153 47738181438    0    0    0     0       0          0
1784784585 | enp139s0f0np0: 234969900230299 63414529575    0 2473    0     0          0    502346 184217203210834 47738220168    0    0    0     0       0          0
1784784586 | enp139s0f0np0: 234972974936473 63415275747    0 2473    0     0          0    502346 184217217088493 47738257387    0    0    0     0       0          0
1784784587 | enp139s0f0np0: 234976009430528 63416011909    0 2473    0     0          0    502346 184217230699417 47738293662    0    0    0     0       0          0
1784784588 | enp139s0f0np0: 234979107375071 63416763636    0 2473    0     0          0    502346 184217244501901 47738330441    0    0    0     0       0          0
1784784589 | enp139s0f0np0: 234982200375513 63417514259    0 2473    0     0          0    502346 184217258344646 47738368415    0    0    0     0       0          0
1784784590 | enp139s0f0np0: 234985369679287 63418282914    0 2473    0     0          0    502346 184217272205929 47738405845    0    0    0     0       0          0
1784784591 | enp139s0f0np0: 234988406408744 63419019999    0 2473    0     0          0    502346 184217285443141 47738443075    0    0    0     0       0          0
1784784592 | enp139s0f0np0: 234991444830166 63419757441    0 2473    0     0          0    502346 184217298343424 47738480305    0    0    0     0       0          0
1784784593 | enp139s0f0np0: 234994522798432 63420504094    0 2473    0     0          0    502346 184217311225206 47738517060    0    0    0     0       0          0
1784784594 | enp139s0f0np0: 234997640817596 63421260145    0 2473    0     0          0    502346 184217324141905 47738553776    0    0    0     0       0          0
1784784595 | enp139s0f0np0: 235000697845769 63422001690    0 2473    0     0          0    502346 184217336572571 47738591402    0    0    0     0       0          0
1784784596 | enp139s0f0np0: 235003730624309 63422737378    0 2473    0     0          0    502346 184217349205216 47738627492    0    0    0     0       0          0
1784784597 | enp139s0f0np0: 235006856810602 63423495575    0 2473    0     0          0    502346 184217362541242 47738663558    0    0    0     0       0          0
1784784598 | enp139s0f0np0: 235009938797589 63424243753    0 2473    0     0          0    502346 184217376345869 47738701166    0    0    0     0       0          0
1784784599 | enp139s0f0np0: 235013016542019 63424990530    0 2473    0     0          0    502346 184217390405067 47738738433    0    0    0     0       0          0
1784784600 | enp139s0f0np0: 235016132377044 63425746552    0 2473    0     0          0    502346 184217404642377 47738776155    0    0    0     0       0          0
1784784601 | enp139s0f0np0: 235019164315864 63426482647    0 2473    0     0          0    502346 184217418615324 47738814197    0    0    0     0       0          0
1784784602 | enp139s0f0np0: 235022269243704 63427235979    0 2473    0     0          0    502346 184217432807548 47738851718    0    0    0     0       0          0
1784784603 | enp139s0f0np0: 235025372032003 63427988532    0 2473    0     0          0    502346 184217446986445 47738888636    0    0    0     0       0          0
1784784604 | enp139s0f0np0: 235028400017325 63428723262    0 2473    0     0          0    502346 184217460840377 47738925091    0    0    0     0       0          0
1784784605 | enp139s0f0np0: 235031437182216 63429460319    0 2473    0     0          0    502346 184217474713662 47738961460    0    0    0     0       0          0
1784784606 | enp139s0f0np0: 235034455514766 63430193217    0 2473    0     0          0    502346 184217488523300 47738998041    0    0    0     0       0          0
1784784607 | enp139s0f0np0: 235037561451085 63430947227    0 2473    0     0          0    502346 184217502792789 47739035922    0    0    0     0       0          0
1784784608 | enp139s0f0np0: 235040586279283 63431681365    0 2473    0     0          0    502347 184217516695925 47739072959    0    0    0     0       0          0
1784784609 | enp139s0f0np0: 235043924479868 63432490607    0 2473    0     0          0    502347 184217531793702 47739111418    0    0    0     0       0          0
1784784610 | enp139s0f0np0: 235047370758621 63433325764    0 2473    0     0          0    502347 184217547307579 47739148940    0    0    0     0       0          0
1784784611 | enp139s0f0np0: 235050831072928 63434164329    0 2473    0     0          0    502347 184217562936333 47739187185    0    0    0     0       0          0
1784784612 | enp139s0f0np0: 235054261160001 63434995297    0 2473    0     0          0    502347 184217578332270 47739224619    0    0    0     0       0          0
1784784613 | enp139s0f0np0: 235057526432871 63435787035    0 2473    0     0          0    502347 184217593136978 47739261787    0    0    0     0       0          0
1784784614 | enp139s0f0np0: 235060541729723 63436519050    0 2473    0     0          0    502347 184217606963083 47739298852    0    0    0     0       0          0
1784784615 | enp139s0f0np0: 235063652606231 63437273761    0 2473    0     0          0    502347 184217621150463 47739335891    0    0    0     0       0          0
1784784616 | enp139s0f0np0: 235066671272406 63438006399    0 2473    0     0          0    502347 184217635036177 47739373252    0    0    0     0       0          0
1784784617 | enp139s0f0np0: 235069731397336 63438748983    0 2473    0     0          0    502347 184217649035925 47739409420    0    0    0     0       0          0
1784784618 | enp139s0f0np0: 235072805344766 63439495115    0 2473    0     0          0    502347 184217663049492 47739446043    0    0    0     0       0          0
1784784619 | enp139s0f0np0: 235075856318199 63440235352    0 2473    0     0          0    502347 184217677003813 47739482831    0    0    0     0       0          0
1784784620 | enp139s0f0np0: 235078842576633 63440960483    0 2473    0     0          0    502347 184217690710779 47739519778    0    0    0     0       0          0
1784784621 | enp139s0f0np0: 235081894203146 63441701255    0 2473    0     0          0    502347 184217704679500 47739557004    0    0    0     0       0          0
1784784622 | enp139s0f0np0: 235084954052008 63442444646    0 2473    0     0          0    502347 184217718712609 47739594470    0    0    0     0       0          0
1784784623 | enp139s0f0np0: 235088054786604 63443197276    0 2473    0     0          0    502347 184217732849707 47739631406    0    0    0     0       0          0
1784784624 | enp139s0f0np0: 235091069273433 63443928943    0 2473    0     0          0    502347 184217746694646 47739668432    0    0    0     0       0          0
1784784625 | enp139s0f0np0: 235094098228809 63444664128    0 2473    0     0          0    502347 184217760556634 47739705108    0    0    0     0       0          0
1784784626 | enp139s0f0np0: 235097202686581 63445417315    0 2473    0     0          0    502347 184217774758654 47739742064    0    0    0     0       0          0
1784784627 | enp139s0f0np0: 235100281376219 63446164172    0 2473    0     0          0    502347 184217788781599 47739778509    0    0    0     0       0          0
1784784628 | enp139s0f0np0: 235103320064383 63446901558    0 2473    0     0          0    502347 184217802620317 47739814441    0    0    0     0       0          0
1784784629 | enp139s0f0np0: 235106398962659 63447648722    0 2473    0     0          0    502347 184217816666865 47739850881    0    0    0     0       0          0
1784784630 | enp139s0f0np0: 235109486874360 63448398313    0 2473    0     0          0    502347 184217830820034 47739888558    0    0    0     0       0          0
1784784631 | enp139s0f0np0: 235112431867567 63449113575    0 2473    0     0          0    502347 184217844360007 47739925028    0    0    0     0       0          0
1784784632 | enp139s0f0np0: 235115449213955 63449845868    0 2473    0     0          0    502347 184217858243714 47739962467    0    0    0     0       0          0
1784784633 | enp139s0f0np0: 235118477137032 63450580624    0 2473    0     0          0    502347 184217872080188 47739999328    0    0    0     0       0          0
1784784634 | enp139s0f0np0: 235121548248773 63451326317    0 2473    0     0          0    502347 184217886143570 47740036716    0    0    0     0       0          0
1784784635 | enp139s0f0np0: 235124685357505 63452087324    0 2473    0     0          0    502347 184217900494084 47740074672    0    0    0     0       0          0
1784784636 | enp139s0f0np0: 235127738656059 63452828574    0 2473    0     0          0    502347 184217914518419 47740112028    0    0    0     0       0          0
1784784637 | enp139s0f0np0: 235130919576934 63453600241    0 2473    0     0          0    502347 184217929094914 47740150582    0    0    0     0       0          0
1784784638 | enp139s0f0np0: 235134002526022 63454348413    0 2473    0     0          0    502348 184217943175011 47740187838    0    0    0     0       0          0
1784784639 | enp139s0f0np0: 235137003830239 63455076955    0 2473    0     0          0    502348 184217956942951 47740224001    0    0    0     0       0          0
1784784640 | enp139s0f0np0: 235140149788763 63455840314    0 2473    0     0          0    502348 184217971275845 47740261235    0    0    0     0       0          0
1784784641 | enp139s0f0np0: 235143206234043 63456582326    0 2473    0     0          0    502348 184217985231952 47740298005    0    0    0     0       0          0
1784784642 | enp139s0f0np0: 235146253251042 63457322174    0 2473    0     0          0    502348 184217999262155 47740335655    0    0    0     0       0          0
1784784643 | enp139s0f0np0: 235149459257425 63458100191    0 2473    0     0          0    502348 184218013875186 47740374178    0    0    0     0       0          0
1784784644 | enp139s0f0np0: 235152915785559 63458937777    0 2473    0     0          0    502348 184218029491286 47740412206    0    0    0     0       0          0
1784784645 | enp139s0f0np0: 235156256697354 63459747698    0 2473    0     0          0    502348 184218044583008 47740450417    0    0    0     0       0          0
1784784646 | enp139s0f0np0: 235159319227272 63460491097    0 2473    0     0          0    502348 184218058616106 47740487662    0    0    0     0       0          0
1784784647 | enp139s0f0np0: 235162357270707 63461228467    0 2473    0     0          0    502348 184218072528202 47740524242    0    0    0     0       0          0
1784784648 | enp139s0f0np0: 235165398700889 63461967002    0 2473    0     0          0    502348 184218086447560 47740561479    0    0    0     0       0          0
1784784649 | enp139s0f0np0: 235168486915097 63462716287    0 2473    0     0          0    502348 184218100592085 47740599060    0    0    0     0       0          0
1784784650 | enp139s0f0np0: 235171878014143 63463538248    0 2473    0     0          0    502348 184218115929927 47740637118    0    0    0     0       0          0
1784784651 | enp139s0f0np0: 235175272296347 63464361152    0 2473    0     0          0    502348 184218131265520 47740675197    0    0    0     0       0          0
1784784652 | enp139s0f0np0: 235178712137608 63465194838    0 2473    0     0          0    502348 184218146800136 47740714012    0    0    0     0       0          0
1784784653 | enp139s0f0np0: 235182146213491 63466027195    0 2473    0     0          0    502348 184218162252951 47740751486    0    0    0     0       0          0
1784784654 | enp139s0f0np0: 235185477284725 63466834940    0 2473    0     0          0    502348 184218177409195 47740790256    0    0    0     0       0          0
1784784655 | enp139s0f0np0: 235188479475980 63467563790    0 2473    0     0          0    502348 184218191143087 47740826658    0    0    0     0       0          0
1784784656 | enp139s0f0np0: 235191510539230 63468299815    0 2473    0     0          0    502348 184218205035194 47740864123    0    0    0     0       0          0
1784784657 | enp139s0f0np0: 235194547760400 63469037059    0 2473    0     0          0    502348 184218218804633 47740899083    0    0    0     0       0          0
1784784658 | enp139s0f0np0: 235197636031004 63469786151    0 2473    0     0          0    502348 184218232771919 47740934296    0    0    0     0       0          0
1784784659 | enp139s0f0np0: 235200661507079 63470520624    0 2473    0     0          0    502348 184218246639135 47740971680    0    0    0     0       0          0
1784784661 | enp139s0f0np0: 235203744372837 63471268811    0 2473    0     0          0    502348 184218260772274 47741008840    0    0    0     0       0          0
1784784662 | enp139s0f0np0: 235206705335341 63471987714    0 2473    0     0          0    502348 184218274296631 47741044893    0    0    0     0       0          0
1784784663 | enp139s0f0np0: 235209823004485 63472744143    0 2473    0     0          0    502348 184218288475317 47741081588    0    0    0     0       0          0
1784784664 | enp139s0f0np0: 235213160230119 63473553358    0 2473    0     0          0    502348 184218303594437 47741120438    0    0    0     0       0          0
1784784665 | enp139s0f0np0: 235216633728596 63474394852    0 2473    0     0          0    502348 184218319216214 47741158279    0    0    0     0       0          0
1784784666 | enp139s0f0np0: 235220149525397 63475246801    0 2473    0     0          0    502348 184218335054679 47741197811    0    0    0     0       0          0
1784784667 | enp139s0f0np0: 235223618418878 63476087434    0 2473    0     0          0    502348 184218350735817 47741236982    0    0    0     0       0          0
1784784668 | enp139s0f0np0: 235227078002884 63476925797    0 2473    0     0          0    502349 184218366216460 47741274800    0    0    0     0       0          0
1784784669 | enp139s0f0np0: 235230569382696 63477771772    0 2473    0     0          0    502349 184218381954638 47741313958    0    0    0     0       0          0
1784784670 | enp139s0f0np0: 235234059114376 63478617195    0 2473    0     0          0    502349 184218397643378 47741352329    0    0    0     0       0          0
1784784671 | enp139s0f0np0: 235237269790816 63479395757    0 2473    0     0          0    502349 184218412155170 47741389647    0    0    0     0       0          0
1784784672 | enp139s0f0np0: 235240537583469 63480188183    0 2473    0     0          0    502349 184218426889573 47741427126    0    0    0     0       0          0
1784784673 | enp139s0f0np0: 235243666725421 63480947338    0 2473    0     0          0    502349 184218441019602 47741463176    0    0    0     0       0          0
1784784674 | enp139s0f0np0: 235246950737120 63481744057    0 2473    0     0          0    502349 184218455831481 47741501750    0    0    0     0       0          0
1784784675 | enp139s0f0np0: 235250493293892 63482602629    0 2473    0     0          0    502349 184218471670227 47741540883    0    0    0     0       0          0
1784784676 | enp139s0f0np0: 235253995472432 63483451287    0 2473    0     0          0    502349 184218487309493 47741579991    0    0    0     0       0          0
1784784677 | enp139s0f0np0: 235257323980518 63484257813    0 2473    0     0          0    502349 184218502130150 47741616771    0    0    0     0       0          0
1784784678 | enp139s0f0np0: 235260453859390 63485017051    0 2473    0     0          0    502349 184218516121574 47741653647    0    0    0     0       0          0
1784784679 | enp139s0f0np0: 235263701155539 63485804222    0 2473    0     0          0    502349 184218530449348 47741690997    0    0    0     0       0          0
1784784680 | enp139s0f0np0: 235266835320850 63486564449    0 2473    0     0          0    502349 184218544275195 47741727962    0    0    0     0       0          0
1784784681 | enp139s0f0np0: 235270087569164 63487352937    0 2473    0     0          0    502349 184218558373266 47741765401    0    0    0     0       0          0
1784784682 | enp139s0f0np0: 235273453765499 63488168385    0 2473    0     0          0    502349 184218572763665 47741804049    0    0    0     0       0          0
1784784683 | enp139s0f0np0: 235276606322477 63488932846    0 2473    0     0          0    502349 184218586259609 47741841368    0    0    0     0       0          0
1784784684 | enp139s0f0np0: 235279798782664 63489706152    0 2473    0     0          0    502349 184218599485826 47741875774    0    0    0     0       0          0
