---------usage--------- ----------fuse--------- -------------meta------------ -blockcache ---------------------object--------------------
 cpu   mem   buf  cache| ops   lat   read write| ops   lat   txn   lat  retry| read write| get  get_c  lat   put  put_c  lat  del_c  lat 
 0.0%  100M    0     0 |   0     0     0     0 |   0     0     0     0     0 |   0     0 |   0     0     0     0     0     0     0     0 
 1.5%  101M    0     0 |  13  0.45     0     0 |   2  1.16     0     0     0 |   0     0 |   0     0     0     0     0     0     0     0 
 1.3%  102M    0     0 |  12  0.35     0     0 |   1  1.00     0     0     0 |   0     0 |   0     0     0     0     0     0     0     0 
99.8%  325M  208M    0 |2264  0.15     0   280M|  12  1.69     8  3.10     0 |   0     0 |   0     0     0    71M  286  43.5     0     0 
67.0%  419M  300M    0 |1638  0.48     0   203M|   4  1.84     1  3.47     0 |   0     0 |   0     0     0   112M  449  44.2     0     0 
52.1%  420M  300M    0 | 909  0.96     0   112M|   4  2.35     2  3.77     0 |   0     0 |   0     0     0   112M  448  44.5     0     0 
59.0%  422M  299M    0 | 904  0.94     0   111M|   3  3.25     4  3.91     0 |   0     0 |   0     0     0   112M  448  44.3     0     0 
52.5%  422M  299M    0 | 909  0.96     0   112M|   4  2.46     2  3.89     0 |   0     0 |   0     0     0   112M  449  44.8     0     0 
51.8%  423M  299M    0 | 910  0.97     0   112M|   2  2.40     1  3.71     0 |   0     0 |   0     0     0   111M  445  44.9     0     0 
47.0%  425M  298M    0 | 900  0.98     0   111M|   4  2.40     2  3.75     0 |   0     0 |   0     0     0   111M  447  45.0     0     0 
49.4%  426M  300M    0 | 910  0.97     0   111M|   4  2.49     2  4.04     0 |   0     0 |   0     0     0   111M  444  44.7     0     0 
51.7%  427M  300M    0 | 901  0.97     0   111M|   3  3.14     2  4.18     0 |   0     0 |   0     0     0   112M  447  44.6     0     0 
56.4%  428M  300M    0 | 914  0.94     0   112M|   3  1.90     1  3.95     0 |   0     0 |   0     0     0   111M  449  44.5     0     0 
52.7%  430M  299M    0 | 896  0.96     0   110M|   3  3.13     2  4.16     0 |   0     0 |   0     0     0   111M  446  45.0     0     0 
50.8%  432M  299M    0 | 910  0.95     0   112M|   5  2.31     2  3.96     0 |   0     0 |   0     0     0   111M  447  44.3     0     0 
43.5%  433M  299M    0 | 904  1.00     0   111M|   4  1.93     2  3.08     0 |   0     0 |   0     0     0   111M  444  45.5     0     0 
46.9%  434M  299M    0 | 906  0.99     0   111M|   2  2.26     1  3.41     0 |   0     0 |   0     0     0   111M  447  44.3     0     0 
56.6%  436M  299M    0 | 915  0.95     0   112M|   4  2.90     2  4.66     0 |   0     0 |   0     0     0   113M  449  44.7     0     0 
54.4%  437M  299M    0 | 900  0.96     0   111M|   3  2.75     4  3.29     0 |   0     0 |   0     0     0   111M  449  44.6     0     0 
54.4%  438M  299M    0 | 917  0.95     0   113M|   4  2.44     2  3.92     0 |   0     0 |   0     0     0   112M  447  44.6     0     0 
46.7%  439M  300M    0 | 909  0.98     0   112M|   3  1.77     1  3.66     0 |   0     0 |   0     0     0   112M  449  44.1     0     0 
51.5%  444M  299M    0 | 908  0.97     0   112M|   3  2.67     2  3.26     0 |   0     0 |   0     0     0   112M  449  44.8     0     0 
59.2%  445M  300M    0 | 905  0.96     0   111M|   4  2.72     2  4.27     0 |   0     0 |   0     0     0   111M  446  44.9     0     0 
77.0%  446M  300M    0 | 914  0.94     0   112M|   3  3.21     2  4.32     0 |   0     0 |   0     0     0   112M  451  44.4     0     0 
61.2%  447M  300M    0 | 907  0.96     0   111M|   4  1.91     1  3.62     0 |   0     0 |   0     0     0   111M  445  44.5     0     0 
51.6%  448M  299M    0 | 903  0.97     0   111M|   4  2.36     2  3.95     0 |   0     0 |   0     0     0   112M  450  44.6     0     0 
45.1%  450M  299M    0 | 894  0.99     0   110M|   3  2.24     2  2.91     0 |   0     0 |   0     0     0   109M  439  45.3     0     0 
56.7%  452M  300M    0 | 915  0.98     0   112M|   3  1.79     1  3.17     0 |   0     0 |   0     0     0   112M  448  44.5     0     0 
65.4%  453M  299M    0 | 908  0.95     0   112M|   3  3.07     2  3.94     0 |   0     0 |   0     0     0   112M  449  44.8     0     0 
57.4%  453M  300M    0 | 907  0.95     0   111M|   4  2.64     2  4.15     0 |   0     0 |   0     0     0   111M  447  44.6     0     0 
---------usage--------- ----------fuse--------- -------------meta------------ -blockcache ---------------------object--------------------
 cpu   mem   buf  cache| ops   lat   read write| ops   lat   txn   lat  retry| read write| get  get_c  lat   put  put_c  lat  del_c  lat 
54.7%  455M  299M    0 | 907  0.95     0   111M|   4  2.42     4  3.58     0 |   0     0 |   0     0     0   112M  449  43.9     0     0 
48.2%  455M  300M    0 | 910  0.97     0   112M|   3  2.41     2  3.25     0 |   0     0 |   0     0     0   111M  446  45.4     0     0 
46.5%  456M  300M    0 | 909  0.98     0   112M|   3  1.88     1  3.59     0 |   0     0 |   0     0     0   112M  451  44.5     0     0 
55.6%  459M  299M    0 | 902  0.97     0   111M|   3  3.15     2  4.17     0 |   0     0 |   0     0     0   111M  444  44.7     0     0 
65.5%  460M  299M    0 | 895  0.97     0   110M|   5  2.34     2  3.53     0 |   0     0 |   0     0     0   110M  442  44.8     0     0 
66.7%  461M  300M    0 | 913  0.95     0   112M|   3  2.13     1  4.40     0 |   0     0 |   0     0     0   112M  450  44.9     0     0 
55.8%  463M  298M    0 | 896  0.97     0   110M|   3  2.86     2  3.80     0 |   0     0 |   0     0     0   112M  448  44.8     0     0 
35.2%  464M  224M    0 | 312  0.98     0    37M|   4  2.12     2  3.31     0 |   0     0 |   0     0     0   111M  446  44.5     0     0 
31.1%  464M  111M    0 |  12  0.36     0     0 |   3  2.86     2  3.81     0 |   0     0 |   0     0     0   112M  448  44.5     0     0 
30.7%  464M  256K    0 |  15   178     0     0 |   4  2.37     2  3.75     0 |   0     0 |   0     0     0   111M  446  45.0     0     0 
 1.6%  465M  256K    0 |  13  0.40     0     0 |   2  0.96     0     0     0 |   0     0 |   0     0     0     0     0     0     0     0 
 1.2%  465M  256K    0 |  12  0.37     0     0 |   1  1.05     0     0     0 |   0     0 |   0     0     0     0     0     0     0     0 
 4.5%  466M  256K    0 |  28  0.70     0     0 |   6  2.12     7  3.03     0 |   0     0 |   0     0     0     0     0     0     0     0 
 1.7%  467M  256K    0 |  25  0.32     0     0 |   3  0.82     0     0     0 |   0     0 |   0     0     0     0     0     0     0     0 
 3.1%  468M  256K    0 |  25  0.29     0     0 |   4  1.15     0     0     0 |   0     0 |   0     0     0     0     0     0     0     0 
 103%  475M  245M    0 |2647  0.12     0   325M|  23  1.03     5  4.14     0 |   0     0 |   0     0     0    81M  326  43.5     0     0 
82.0%  479M  299M    0 |1361  0.57     0   166M|  10  2.77     7  3.54     0 |   0     0 |   0     0     0   112M  450  44.5     0     0 
85.8%  485M  299M    0 | 927  0.92     0   112M|  36  2.86    33  3.03     0 |   0     0 |   0     0     0   112M  448  44.1     0     0 
50.2%  486M  299M    0 | 918  0.96     0   111M|   6  2.37     4  3.10     0 |   0     0 |   0     0     0   112M  449  44.8     0     0 
47.0%  486M  298M    0 | 919  0.97     0   111M|   7  1.97     4  2.79     0 |   0     0 |   0     0     0   112M  448  44.2     0     0 
61.7%  487M  300M    0 | 931  0.95     0   113M|   4  1.52     1  3.45     0 |   0     0 |   0     0     0   112M  448  45.1     0     0 
67.7%  487M  300M    0 | 923  0.93     0   112M|   5  2.21     2  4.08     0 |   0     0 |   0     0     0   112M  449  44.5     0     0 
65.0%  487M  300M    0 | 916  0.95     0   111M|   3  2.11     1  4.08     0 |   0     0 |   0     0     0   111M  446  44.8     0     0 
68.3%  487M  299M    0 | 911  0.94     0   110M|  10  2.90     7  3.78     0 |   0     0 |   0     0     0   111M  446  44.3     0     0 
62.3%  487M  300M    0 | 923  0.97     0   112M|  14  2.47    10  2.99     0 |   0     0 |   0     0     0   112M  450  44.9     0     0 
63.1%  488M  300M    0 | 928  0.97     0   111M|  25  3.17    25  3.06     0 |   0     0 |   0     0     0   112M  448  44.6     0     0 
56.2%  488M  300M    0 | 921  0.95     0   112M|   4  1.62     1  3.68     0 |   0     0 |   0     0     0   112M  448  44.3     0     0 
59.4%  488M  299M    0 | 919  0.92     0   111M|   5  2.33     2  4.29     0 |   0     0 |   0     0     0   112M  451  44.5     0     0 
60.6%  488M  300M    0 | 924  0.94     0   112M|   6  2.86     4  3.71     0 |   0     0 |   0     0     0   112M  446  44.9     0     0 
65.3%  488M  300M    0 | 917  0.94     0   111M|   4  1.74     1  3.70     0 |   0     0 |   0     0     0   111M  447  44.1     0     0 
