---------usage--------- ----------fuse--------- -------------meta------------ -blockcache ---------------------object--------------------
 cpu   mem   buf  cache| ops   lat   read write| ops   lat   txn   lat  retry| read write| get  get_c  lat   put  put_c  lat  del_c  lat 
 0.0%  591M  512K    0 |   0     0     0     0 |   0     0     0     0     0 |   0     0 |   0     0     0     0     0     0     0     0 
 2.5%  592M  512K    0 |  25  0.36     0     0 |   3  0.87     0     0     0 |   0     0 |   0     0     0     0     0     0     0     0 
 2.3%  593M  512K    0 |  26  0.40     0     0 |   4  1.04     0     0     0 |   0     0 |   0     0     0     0     0     0     0     0 
23.0%  596M  768K    0 | 178  3.92    18M    0 |  48  0.66     2  2.24     0 |   0     0 |  18M  151  4.25     0     0     0     0     0 
29.4%  599M  768K    0 | 246  3.94    27M    0 |  22  0.75     0     0     0 |   0     0 |  27M  219  4.21     0     0     0     0     0 
30.1%  600M  768K    0 | 236  4.10    27M    0 |   5  0.86     0     0     0 |   0     0 |  27M  221  4.22     0     0     0     0     0 
35.1%  602M  768K    0 | 228  4.22    26M    0 |   3  0.96     0     0     0 |   0     0 |  26M  213  4.36     0     0     0     0     0 
33.4%  603M  768K    0 | 231  4.16    27M    0 |   3  1.22     0     0     0 |   0     0 |  27M  217  4.27     0     0     0     0     0 
30.6%  604M  768K    0 | 234  4.11    27M    0 |   3  0.70     0     0     0 |   0     0 |  27M  219  4.25     0     0     0     0     0 
45.8%  608M  768K    0 | 237  4.08    27M    0 |   2  0.83     0     0     0 |   0     0 |  27M  223  4.19     0     0     0     0     0 
31.4%  608M  768K    0 | 234  4.11    27M    0 |   3  1.00     0     0     0 |   0     0 |  27M  219  4.24     0     0     0     0     0 
33.1%  608M  768K    0 | 232  4.13    27M    0 |   2  0.95     0     0     0 |   0     0 |  27M  218  4.25     0     0     0     0     0 
34.7%  608M  768K    0 | 229  4.20    26M    0 |   3  0.98     0     0     0 |   0     0 |  26M  214  4.34     0     0     0     0     0 
30.9%  608M  768K    0 | 233  4.12    27M    0 |   3  0.94     0     0     0 |   0     0 |  27M  218  4.26     0     0     0     0     0 
32.9%  609M  768K    0 | 234  4.11    27M    0 |   2  0.92     0     0     0 |   0     0 |  27M  220  4.22     0     0     0     0     0 
31.2%  609M  768K    0 | 238  4.05    27M    0 |   3  1.00     2  2.86     0 |   0     0 |  27M  223  4.19     0     0     0     0     0 
34.4%  609M  768K    0 | 231  4.15    27M    0 |   2  0.95     0     0     0 |   0     0 |  27M  217  4.27     0     0     0     0     0 
32.3%  609M  768K    0 | 234  4.10    27M    0 |   4  1.19     0     0     0 |   0     0 |  27M  219  4.24     0     0     0     0     0 
33.2%  609M  768K    0 | 229  4.20    26M    0 |   2  0.91     0     0     0 |   0     0 |  26M  215  4.31     0     0     0     0     0 
31.2%  609M  768K    0 | 233  4.12    27M    0 |   3  0.94     0     0     0 |   0     0 |  27M  219  4.26     0     0     0     0     0 
31.2%  609M  768K    0 | 241  4.02    28M    0 |   2  0.86     0     0     0 |   0     0 |  28M  225  4.14     0     0     0     0     0 
30.7%  609M  768K    0 | 238  4.04    28M    0 |   3  0.85     0     0     0 |   0     0 |  27M  224  4.17     0     0     0     0     0 
32.0%  609M  768K    0 | 234  4.11    27M    0 |   3  0.89     0     0     0 |   0     0 |  27M  219  4.24     0     0     0     0     0 
33.0%  609M  768K    0 | 231  4.18    26M    0 |   3  0.95     0     0     0 |   0     0 |  27M  216  4.30     0     0     0     0     0 
32.8%  609M  768K    0 | 234  4.11    27M    0 |   2  1.01     0     0     0 |   0     0 |  27M  220  4.22     0     0     0     0     0 
31.9%  609M  768K    0 | 237  4.07    27M    0 |   3  0.85     0     0     0 |   0     0 |  27M  222  4.20     0     0     0     0     0 
29.9%  609M  768K    0 | 237  4.08    27M    0 |   2  0.96     0     0     0 |   0     0 |  27M  223  4.19     0     0     0     0     0 
34.5%  609M  768K    0 | 237  4.08    27M    0 |   4  1.11     0     0     0 |   0     0 |  27M  222  4.19     0     0     0     0     0 
32.8%  609M  768K    0 | 235  4.10    27M    0 |   2  0.92     2  2.70     0 |   0     0 |  27M  221  4.21     0     0     0     0     0 
34.2%  609M  768K    0 | 230  4.19    27M    0 |   3  0.94     0     0     0 |   0     0 |  26M  216  4.32     0     0     0     0     0 
---------usage--------- ----------fuse--------- -------------meta------------ -blockcache ---------------------object--------------------
 cpu   mem   buf  cache| ops   lat   read write| ops   lat   txn   lat  retry| read write| get  get_c  lat   put  put_c  lat  del_c  lat 
31.8%  609M  768K    0 | 237  4.07    27M    0 |   2  0.94     0     0     0 |   0     0 |  28M  222  4.18     0     0     0     0     0 
29.9%  609M  768K    0 | 237  4.08    27M    0 |   3  0.90     0     0     0 |   0     0 |  27M  222  4.21     0     0     0     0     0 
31.5%  609M  768K    0 | 237  4.08    27M    0 |   3  1.01     0     0     0 |   0     0 |  27M  222  4.21     0     0     0     0     0 
31.8%  609M  768K    0 | 235  4.10    27M    0 |   2  1.02     0     0     0 |   0     0 |  27M  221  4.20     0     0     0     0     0 
31.7%  609M  768K    0 | 234  4.11    27M    0 |   3  1.04     0     0     0 |   0     0 |  27M  219  4.24     0     0     0     0     0 
31.6%  609M  768K    0 | 233  4.12    27M    0 |   3  0.88     0     0     0 |   0     0 |  27M  218  4.25     0     0     0     0     0 
30.6%  609M  768K    0 | 237  4.06    27M    0 |   2  0.85     0     0     0 |   0     0 |  27M  223  4.17     0     0     0     0     0 
32.0%  609M  768K    0 | 237  4.09    27M    0 |   4  1.00     0     0     0 |   0     0 |  27M  222  4.22     0     0     0     0     0 
31.1%  609M  768K    0 | 233  4.10    27M    0 |   2  0.92     0     0     0 |   0     0 |  27M  219  4.22     0     0     0     0     0 
31.7%  609M  768K    0 | 234  4.11    27M    0 |   3  0.82     2  3.46     0 |   0     0 |  27M  219  4.24     0     0     0     0     0 
32.8%  609M  768K    0 | 227  4.22    26M    0 |   2  0.90     0     0     0 |   0     0 |  26M  213  4.34     0     0     0     0     0 
31.4%  609M  768K    0 | 235  4.10    27M    0 |   3  0.87     0     0     0 |   0     0 |  27M  220  4.23     0     0     0     0     0 
30.5%  609M  768K    0 | 237  4.07    27M    0 |   3  0.84     0     0     0 |   0     0 |  27M  223  4.20     0     0     0     0     0 
30.1%  609M  768K    0 | 239  4.05    27M    0 |   3  0.84     0     0     0 |   0     0 |  28M  223  4.19     0     0     0     0     0 
32.5%  609M  768K    0 | 233  4.12    27M    0 |   2  1.04     0     0     0 |   0     0 |  27M  219  4.23     0     0     0     0     0 
32.3%  609M  768K    0 | 236  4.07    27M    0 |   3  0.93     0     0     0 |   0     0 |  27M  221  4.20     0     0     0     0     0 
35.3%  609M  768K    0 | 231  4.14    27M    0 |   2  1.03     0     0     0 |   0     0 |  27M  217  4.25     0     0     0     0     0 
31.6%  609M  768K    0 | 238  4.06    27M    0 |   3  0.81     0     0     0 |   0     0 |  27M  223  4.19     0     0     0     0     0 
31.3%  609M  768K    0 | 237  4.06    28M    0 |   3  1.05     0     0     0 |   0     0 |  28M  224  4.19     0     0     0     0     0 
32.0%  609M  768K    0 | 237  4.08    27M    0 |   3  0.93     0     0     0 |   0     0 |  27M  221  4.21     0     0     0     0     0 
32.7%  609M  768K    0 | 232  4.13    27M    0 |   2  0.95     0     0     0 |   0     0 |  27M  218  4.25     0     0     0     0     0 
34.1%  609M  768K    0 | 231  4.14    27M    0 |   3  0.87     2  3.38     0 |   0     0 |  27M  216  4.27     0     0     0     0     0 
31.1%  609M  768K    0 | 233  4.12    27M    0 |   3  0.82     0     0     0 |   0     0 |  27M  218  4.26     0     0     0     0     0 
28.9%  609M  768K    0 | 241  4.02    28M    0 |   2  0.99     0     0     0 |   0     0 |  28M  227  4.14     0     0     0     0     0 
28.7%  609M  768K    0 | 240  4.03    28M    0 |   3  0.79     0     0     0 |   0     0 |  28M  225  4.17     0     0     0     0     0 
32.9%  609M  768K    0 | 230  4.17    27M    0 |   2  1.21     0     0     0 |   0     0 |  27M  216  4.28     0     0     0     0     0 
30.3%  609M  768K    0 | 234  4.12    27M    0 |   3  1.03     0     0     0 |   0     0 |  27M  219  4.25     0     0     0     0     0 
34.2%  609M  768K    0 | 230  4.18    26M    0 |   4  1.17     0     0     0 |   0     0 |  26M  215  4.30     0     0     0     0     0 
31.0%  610M  768K    0 | 239  4.05    28M    0 |   2  0.86     0     0     0 |   0     0 |  28M  225  4.16     0     0     0     0     0 
29.8%  610M  768K    0 | 241  4.03    28M    0 |   3  0.92     0     0     0 |   0     0 |  28M  226  4.16     0     0     0     0     0 
