Linux 5.15.0-181-generic (tikv-node) 	07/08/26 	_x86_64_	(64 CPU)

22:26:13      UID       PID    %usr %system  %guest   %wait    %CPU   CPU  Command
22:26:14        0   3282693    0.00    0.00    0.00    0.00    0.00     4  juicefs.v1.3.1
22:26:15        0   3282693    0.00    0.00    0.00    0.00    0.00     4  juicefs.v1.3.1
22:26:16        0   3282693    0.00    0.00    0.00    0.00    0.00     4  juicefs.v1.3.1
22:26:17        0   3282693    0.00    0.00    0.00    0.00    0.00     4  juicefs.v1.3.1
22:26:18        0   3282693    0.00    0.00    0.00    0.00    0.00     4  juicefs.v1.3.1
22:26:19        0   3282693    0.00    0.00    0.00    0.00    0.00     4  juicefs.v1.3.1
22:26:20        0   3282693    0.00    0.00    0.00    0.00    0.00     4  juicefs.v1.3.1
22:26:21        0   3282693    0.00    0.00    0.00    0.00    0.00     4  juicefs.v1.3.1
22:26:22        0   3282693    0.00    0.00    0.00    0.00    0.00     4  juicefs.v1.3.1
22:26:23        0   3282693    0.00    0.00    0.00    0.00    0.00     4  juicefs.v1.3.1
22:26:24        0   3282693    0.00    0.00    0.00    0.00    0.00     4  juicefs.v1.3.1
22:26:25        0   3282693    0.00    0.00    0.00    0.00    0.00     4  juicefs.v1.3.1
22:26:26        0   3282693    0.00    0.00    0.00    0.00    0.00     4  juicefs.v1.3.1
22:26:27        0   3282693    0.00    0.00    0.00    0.00    0.00     4  juicefs.v1.3.1
22:26:28        0   3282693    0.00    0.00    0.00    0.00    0.00     4  juicefs.v1.3.1
22:26:29        0   3282693    0.00    0.00    0.00    0.00    0.00     4  juicefs.v1.3.1
22:26:30        0   3282693    0.00    0.00    0.00    0.00    0.00     4  juicefs.v1.3.1
22:26:31        0   3282693    0.00    0.00    0.00    0.00    0.00     4  juicefs.v1.3.1
22:26:32        0   3282693    0.00    0.00    0.00    0.00    0.00     4  juicefs.v1.3.1
22:26:33        0   3282693    0.00    0.00    0.00    0.00    0.00     4  juicefs.v1.3.1
22:26:34        0   3282693    0.00    0.00    0.00    0.00    0.00     4  juicefs.v1.3.1
22:26:35        0   3282693    0.00    0.00    0.00    0.00    0.00     4  juicefs.v1.3.1
22:26:36        0   3282693    0.00    0.00    0.00    0.00    0.00     4  juicefs.v1.3.1
22:26:37        0   3282693    0.00    0.00    0.00    0.00    0.00     4  juicefs.v1.3.1
22:26:38        0   3282693    0.00    0.00    0.00    0.00    0.00     4  juicefs.v1.3.1
22:26:39        0   3282693    0.00    0.00    0.00    0.00    0.00     4  juicefs.v1.3.1
22:26:40        0   3282693    0.00    0.00    0.00    0.00    0.00     4  juicefs.v1.3.1
22:26:41        0   3282693    0.00    0.00    0.00    0.00    0.00     4  juicefs.v1.3.1
22:26:42        0   3282693    0.00    0.00    0.00    0.00    0.00     4  juicefs.v1.3.1
22:26:43        0   3282693    0.00    0.00    0.00    0.00    0.00     4  juicefs.v1.3.1
22:26:44        0   3282693    0.00    0.00    0.00    0.00    0.00     4  juicefs.v1.3.1
22:26:45        0   3282693    0.00    0.00    0.00    0.00    0.00     4  juicefs.v1.3.1
22:26:46        0   3282693    0.00    0.00    0.00    0.00    0.00     4  juicefs.v1.3.1
22:26:47        0   3282693    0.00    0.00    0.00    0.00    0.00     4  juicefs.v1.3.1
22:26:48        0   3282693    0.00    0.00    0.00    0.00    0.00     4  juicefs.v1.3.1
22:26:49        0   3282693    1.00    0.00    0.00    0.00    1.00     4  juicefs.v1.3.1
22:26:50        0   3282693    0.00    0.00    0.00    0.00    0.00     4  juicefs.v1.3.1
22:26:51        0   3282693    0.00    0.00    0.00    0.00    0.00     4  juicefs.v1.3.1
22:26:52        0   3282693    0.00    0.00    0.00    0.00    0.00     4  juicefs.v1.3.1
22:26:53        0   3282693    0.00    0.00    0.00    0.00    0.00     4  juicefs.v1.3.1
22:26:54        0   3282693    0.00    0.00    0.00    0.00    0.00     4  juicefs.v1.3.1
22:26:55        0   3282693    0.00    0.00    0.00    0.00    0.00     4  juicefs.v1.3.1
22:26:56        0   3282693    0.00    0.00    0.00    0.00    0.00     4  juicefs.v1.3.1
22:26:57        0   3282693    0.00    0.00    0.00    0.00    0.00     4  juicefs.v1.3.1
22:26:58        0   3282693    0.00    0.00    0.00    0.00    0.00     4  juicefs.v1.3.1
22:26:59        0   3282693    0.00    0.00    0.00    0.00    0.00     4  juicefs.v1.3.1
22:27:00        0   3282693    0.00    0.00    0.00    0.00    0.00     4  juicefs.v1.3.1
22:27:01        0   3282693    0.00    0.00    0.00    0.00    0.00     4  juicefs.v1.3.1
22:27:02        0   3282693    0.00    0.00    0.00    0.00    0.00     4  juicefs.v1.3.1
22:27:03        0   3282693    0.00    0.00    0.00    0.00    0.00     4  juicefs.v1.3.1
22:27:04        0   3282693    0.00    0.00    0.00    0.00    0.00     4  juicefs.v1.3.1
22:27:05        0   3282693    0.00    0.00    0.00    0.00    0.00     4  juicefs.v1.3.1
22:27:06        0   3282693    0.00    0.00    0.00    0.00    0.00     4  juicefs.v1.3.1
22:27:07        0   3282693    0.00    0.00    0.00    0.00    0.00     4  juicefs.v1.3.1
22:27:08        0   3282693    0.00    0.00    0.00    0.00    0.00     4  juicefs.v1.3.1
22:27:09        0   3282693    0.00    0.00    0.00    0.00    0.00     4  juicefs.v1.3.1
22:27:10        0   3282693    0.00    0.00    0.00    0.00    0.00     4  juicefs.v1.3.1
22:27:11        0   3282693    0.00    0.00    0.00    0.00    0.00     4  juicefs.v1.3.1
22:27:12        0   3282693    0.00    0.00    0.00    0.00    0.00     4  juicefs.v1.3.1
22:27:13        0   3282693    0.00    0.00    0.00    0.00    0.00     4  juicefs.v1.3.1
Average:        0   3282693    0.02    0.00    0.00    0.00    0.02     -  juicefs.v1.3.1
