1783520615 17154746468181
1783520616 17154746495905
1783520617 17154746512601
1783520618 17154817502317
1783520619 17154940681273
1783520620 17155063741839
1783520621 17155186663872
1783520622 17155309924798
1783520623 17155432325619
1783520624 17155554377067
1783520625 17155676479982
1783520626 17155799231632
1783520628 17155921800988
1783520629 17156044349167
1783520630 17156167105888
1783520631 17156288936378
1783520632 17156411496855
1783520633 17156534673590
1783520634 17156657698793
1783520635 17156780581647
1783520636 17156903619009
1783520637 17157026660719
1783520638 17157149307874
1783520639 17157272739790
1783520640 17157395646905
1783520641 17157517711197
1783520642 17157639304951
1783520643 17157761779902
1783520644 17157885167878
1783520645 17158007965976
1783520646 17158131151820
1783520647 17158253835121
1783520648 17158376303123
1783520649 17158498965539
1783520650 17158620953992
1783520651 17158743701072
1783520652 17158866082065
1783520653 17158988743366
1783520654 17159111716777
