1784739963 | enp139s0f0np0: 209367191781200 56752153512    0 2473    0     0          0    500858 154084562913524 40030942501    0    0    0     0       0          0
1784739964 | enp139s0f0np0: 209368227781295 56752404879    0 2473    0     0          0    500859 154084567678085 40030954500    0    0    0     0       0          0
1784739965 | enp139s0f0np0: 209370364018681 56752923417    0 2473    0     0          0    500859 154084577445498 40030979745    0    0    0     0       0          0
1784739966 | enp139s0f0np0: 209372514688972 56753445505    0 2473    0     0          0    500859 154084587249551 40031005430    0    0    0     0       0          0
1784739967 | enp139s0f0np0: 209374662107108 56753966776    0 2473    0     0          0    500859 154084597034597 40031030665    0    0    0     0       0          0
1784739968 | enp139s0f0np0: 209376773841980 56754479016    0 2473    0     0          0    500859 154084606646373 40031055394    0    0    0     0       0          0
1784739969 | enp139s0f0np0: 209378951467134 56755007274    0 2473    0     0          0    500859 154084616581075 40031080636    0    0    0     0       0          0
1784739970 | enp139s0f0np0: 209381125763546 56755534499    0 2473    0     0          0    500859 154084626421095 40031106166    0    0    0     0       0          0
1784739971 | enp139s0f0np0: 209383235977384 56756046410    0 2473    0     0          0    500859 154084636016672 40031130909    0    0    0     0       0          0
1784739972 | enp139s0f0np0: 209385371457927 56756564587    0 2473    0     0          0    500859 154084645773745 40031156025    0    0    0     0       0          0
1784739973 | enp139s0f0np0: 209387546722161 56757092210    0 2473    0     0          0    500859 154084655669578 40031181540    0    0    0     0       0          0
1784739974 | enp139s0f0np0: 209389700883512 56757614931    0 2473    0     0          0    500859 154084665491065 40031206617    0    0    0     0       0          0
1784739975 | enp139s0f0np0: 209391815309436 56758128102    0 2473    0     0          0    500859 154084675095854 40031231782    0    0    0     0       0          0
1784739976 | enp139s0f0np0: 209393970808448 56758650752    0 2473    0     0          0    500859 154084684931308 40031257033    0    0    0     0       0          0
1784739977 | enp139s0f0np0: 209396117825618 56759171688    0 2473    0     0          0    500859 154084694692674 40031282112    0    0    0     0       0          0
1784739978 | enp139s0f0np0: 209398255474835 56759690390    0 2473    0     0          0    500859 154084704422019 40031307178    0    0    0     0       0          0
1784739979 | enp139s0f0np0: 209400406541017 56760212182    0 2473    0     0          0    500859 154084714235804 40031332707    0    0    0     0       0          0
1784739980 | enp139s0f0np0: 209402535456440 56760728692    0 2473    0     0          0    500859 154084723948896 40031357886    0    0    0     0       0          0
1784739981 | enp139s0f0np0: 209404649328594 56761241386    0 2473    0     0          0    500859 154084733588926 40031382693    0    0    0     0       0          0
1784739982 | enp139s0f0np0: 209406799437703 56761763250    0 2473    0     0          0    500859 154084743389031 40031408342    0    0    0     0       0          0
1784739983 | enp139s0f0np0: 209408975735717 56762291325    0 2473    0     0          0    500859 154084753304334 40031433984    0    0    0     0       0          0
1784739984 | enp139s0f0np0: 209411145227128 56762817490    0 2473    0     0          0    500859 154084763180800 40031459189    0    0    0     0       0          0
1784739985 | enp139s0f0np0: 209413284163571 56763336524    0 2473    0     0          0    500859 154084772933135 40031484583    0    0    0     0       0          0
1784739986 | enp139s0f0np0: 209415445902118 56763861062    0 2473    0     0          0    500859 154084782823790 40031510442    0    0    0     0       0          0
1784739987 | enp139s0f0np0: 209417573169201 56764376865    0 2473    0     0          0    500859 154084792467917 40031534990    0    0    0     0       0          0
1784739988 | enp139s0f0np0: 209419691353561 56764890765    0 2473    0     0          0    500859 154084802161891 40031560530    0    0    0     0       0          0
1784739989 | enp139s0f0np0: 209421877361390 56765421042    0 2473    0     0          0    500859 154084812129648 40031586489    0    0    0     0       0          0
1784739990 | enp139s0f0np0: 209423966733746 56765927900    0 2473    0     0          0    500859 154084821680420 40031611546    0    0    0     0       0          0
1784739991 | enp139s0f0np0: 209426134550759 56766453876    0 2473    0     0          0    500859 154084831573741 40031637004    0    0    0     0       0          0
1784739992 | enp139s0f0np0: 209428314229633 56766982981    0 2473    0     0          0    500859 154084841540674 40031663279    0    0    0     0       0          0
1784739993 | enp139s0f0np0: 209430466949896 56767505030    0 2473    0     0          0    500859 154084851337996 40031688302    0    0    0     0       0          0
1784739994 | enp139s0f0np0: 209432619383412 56768027266    0 2473    0     0          0    500860 154084861143269 40031713546    0    0    0     0       0          0
1784739995 | enp139s0f0np0: 209434822075749 56768561896    0 2473    0     0          0    500860 154084871160532 40031739391    0    0    0     0       0          0
1784739996 | enp139s0f0np0: 209436994347786 56769089272    0 2473    0     0          0    500860 154084881077170 40031765349    0    0    0     0       0          0
1784739997 | enp139s0f0np0: 209439158807524 56769614611    0 2473    0     0          0    500860 154084890894394 40031790785    0    0    0     0       0          0
1784739998 | enp139s0f0np0: 209441272626842 56770127465    0 2473    0     0          0    500860 154084900527403 40031815410    0    0    0     0       0          0
1784739999 | enp139s0f0np0: 209443425640312 56770649785    0 2473    0     0          0    500860 154084910283375 40031840257    0    0    0     0       0          0
1784740000 | enp139s0f0np0: 209445605689843 56771178802    0 2473    0     0          0    500860 154084920242087 40031865921    0    0    0     0       0          0
1784740001 | enp139s0f0np0: 209447747539323 56771698474    0 2473    0     0          0    500860 154084929955598 40031890960    0    0    0     0       0          0
1784740002 | enp139s0f0np0: 209449901322256 56772221148    0 2473    0     0          0    500860 154084939792083 40031916425    0    0    0     0       0          0
1784740003 | enp139s0f0np0: 209452050397879 56772742709    0 2473    0     0          0    500860 154084949586468 40031941952    0    0    0     0       0          0
1784740004 | enp139s0f0np0: 209454207543672 56773266167    0 2473    0     0          0    500860 154084959409159 40031966941    0    0    0     0       0          0
1784740005 | enp139s0f0np0: 209456432083027 56773805712    0 2473    0     0          0    500860 154084969522282 40031993171    0    0    0     0       0          0
1784740006 | enp139s0f0np0: 209458527439613 56774314114    0 2473    0     0          0    500860 154084979099243 40032017887    0    0    0     0       0          0
1784740007 | enp139s0f0np0: 209460687652135 56774838203    0 2473    0     0          0    500860 154084988940675 40032043238    0    0    0     0       0          0
1784740008 | enp139s0f0np0: 209462857914145 56775365135    0 2473    0     0          0    500860 154084998848840 40032069222    0    0    0     0       0          0
1784740009 | enp139s0f0np0: 209465019897306 56775889779    0 2473    0     0          0    500860 154085008720117 40032094932    0    0    0     0       0          0
1784740010 | enp139s0f0np0: 209467205716829 56776420303    0 2473    0     0          0    500860 154085018596465 40032120087    0    0    0     0       0          0
1784740011 | enp139s0f0np0: 209469381623405 56776948117    0 2473    0     0          0    500860 154085028496058 40032145331    0    0    0     0       0          0
1784740012 | enp139s0f0np0: 209471574470513 56777480384    0 2473    0     0          0    500860 154085038461093 40032170959    0    0    0     0       0          0
1784740013 | enp139s0f0np0: 209473686388753 56777992722    0 2473    0     0          0    500860 154085048075614 40032195488    0    0    0     0       0          0
1784740014 | enp139s0f0np0: 209475841859930 56778515837    0 2473    0     0          0    500860 154085057902352 40032221039    0    0    0     0       0          0
1784740015 | enp139s0f0np0: 209478175248329 56779082119    0 2473    0     0          0    500860 154085068522795 40032248404    0    0    0     0       0          0
1784740016 | enp139s0f0np0: 209480446074980 56779633454    0 2473    0     0          0    500860 154085078904788 40032275156    0    0    0     0       0          0
1784740017 | enp139s0f0np0: 209482591568900 56780153945    0 2473    0     0          0    500860 154085088665933 40032300128    0    0    0     0       0          0
1784740018 | enp139s0f0np0: 209484787595516 56780686912    0 2473    0     0          0    500860 154085098657654 40032326432    0    0    0     0       0          0
1784740019 | enp139s0f0np0: 209486941687857 56781209638    0 2473    0     0          0    500860 154085108489614 40032352073    0    0    0     0       0          0
1784740020 | enp139s0f0np0: 209489085131685 56781729654    0 2473    0     0          0    500860 154085118234962 40032376880    0    0    0     0       0          0
1784740021 | enp139s0f0np0: 209491201172563 56782242973    0 2473    0     0          0    500860 154085127862962 40032401417    0    0    0     0       0          0
1784740022 | enp139s0f0np0: 209493386321049 56782773285    0 2473    0     0          0    500860 154085137802927 40032427171    0    0    0     0       0          0
1784740023 | enp139s0f0np0: 209495524039393 56783292133    0 2473    0     0          0    500860 154085147558076 40032452759    0    0    0     0       0          0
1784740024 | enp139s0f0np0: 209497659267214 56783810271    0 2473    0     0          0    500861 154085157311586 40032478001    0    0    0     0       0          0
1784740025 | enp139s0f0np0: 209499773392703 56784323047    0 2473    0     0          0    500861 154085166931466 40032502865    0    0    0     0       0          0
1784740026 | enp139s0f0np0: 209501908390358 56784841367    0 2473    0     0          0    500861 154085176661108 40032528387    0    0    0     0       0          0
1784740027 | enp139s0f0np0: 209504122611457 56785378605    0 2473    0     0          0    500861 154085186731800 40032554205    0    0    0     0       0          0
1784740028 | enp139s0f0np0: 209506256404861 56785896543    0 2473    0     0          0    500861 154085196483806 40032579529    0    0    0     0       0          0
1784740029 | enp139s0f0np0: 209508424992850 56786422394    0 2473    0     0          0    500861 154085206320252 40032604729    0    0    0     0       0          0
1784740030 | enp139s0f0np0: 209510585033971 56786946314    0 2473    0     0          0    500861 154085216163608 40032630153    0    0    0     0       0          0
1784740031 | enp139s0f0np0: 209512692294468 56787457614    0 2473    0     0          0    500861 154085225769396 40032655189    0    0    0     0       0          0
1784740032 | enp139s0f0np0: 209514860332822 56787983749    0 2473    0     0          0    500861 154085235684009 40032680990    0    0    0     0       0          0
1784740033 | enp139s0f0np0: 209517044283438 56788513724    0 2473    0     0          0    500861 154085245598681 40032706815    0    0    0     0       0          0
1784740034 | enp139s0f0np0: 209519186911708 56789033583    0 2473    0     0          0    500861 154085255358934 40032731480    0    0    0     0       0          0
1784740035 | enp139s0f0np0: 209521344688579 56789557184    0 2473    0     0          0    500861 154085265167680 40032757255    0    0    0     0       0          0
1784740036 | enp139s0f0np0: 209523439608870 56790065414    0 2473    0     0          0    500861 154085274704154 40032781634    0    0    0     0       0          0
1784740037 | enp139s0f0np0: 209525599415999 56790589493    0 2473    0     0          0    500861 154085284552985 40032807268    0    0    0     0       0          0
1784740038 | enp139s0f0np0: 209527716403726 56791102984    0 2473    0     0          0    500861 154085294198473 40032832337    0    0    0     0       0          0
1784740039 | enp139s0f0np0: 209529831743700 56791616177    0 2473    0     0          0    500861 154085303833939 40032856928    0    0    0     0       0          0
1784740040 | enp139s0f0np0: 209531901029062 56792118291    0 2473    0     0          0    500861 154085313293753 40032881236    0    0    0     0       0          0
1784740041 | enp139s0f0np0: 209534040774024 56792637909    0 2473    0     0          0    500861 154085323092273 40032907249    0    0    0     0       0          0
1784740042 | enp139s0f0np0: 209536138377451 56793146893    0 2473    0     0          0    500861 154085332656392 40032931991    0    0    0     0       0          0
1784740043 | enp139s0f0np0: 209538284451688 56793667661    0 2473    0     0          0    500861 154085342466225 40032956979    0    0    0     0       0          0
1784740044 | enp139s0f0np0: 209540381133351 56794176569    0 2473    0     0          0    500861 154085352047634 40032982244    0    0    0     0       0          0
1784740045 | enp139s0f0np0: 209542539434542 56794700296    0 2473    0     0          0    500861 154085361872954 40033008027    0    0    0     0       0          0
1784740046 | enp139s0f0np0: 209544683399859 56795220720    0 2473    0     0          0    500861 154085371664076 40033033430    0    0    0     0       0          0
1784740047 | enp139s0f0np0: 209546810044958 56795736631    0 2473    0     0          0    500861 154085381383113 40033058546    0    0    0     0       0          0
1784740048 | enp139s0f0np0: 209548968701598 56796260324    0 2473    0     0          0    500861 154085391147351 40033083608    0    0    0     0       0          0
1784740049 | enp139s0f0np0: 209551128599872 56796784389    0 2473    0     0          0    500861 154085401010485 40033109369    0    0    0     0       0          0
1784740050 | enp139s0f0np0: 209553264426634 56797302776    0 2473    0     0          0    500861 154085410730757 40033134818    0    0    0     0       0          0
1784740051 | enp139s0f0np0: 209555389467405 56797818518    0 2473    0     0          0    500861 154085420418439 40033159926    0    0    0     0       0          0
1784740052 | enp139s0f0np0: 209557599167862 56798354739    0 2473    0     0          0    500861 154085430526152 40033186357    0    0    0     0       0          0
1784740053 | enp139s0f0np0: 209559743893132 56798875165    0 2473    0     0          0    500861 154085440252770 40033211786    0    0    0     0       0          0
1784740054 | enp139s0f0np0: 209561879115143 56799393166    0 2473    0     0          0    500862 154085449972110 40033236792    0    0    0     0       0          0
1784740055 | enp139s0f0np0: 209564047712008 56799919294    0 2473    0     0          0    500862 154085459876119 40033262584    0    0    0     0       0          0
1784740056 | enp139s0f0np0: 209566205679441 56800442658    0 2473    0     0          0    500862 154085469667953 40033287709    0    0    0     0       0          0
1784740057 | enp139s0f0np0: 209568354855025 56800963886    0 2473    0     0          0    500862 154085479507597 40033313651    0    0    0     0       0          0
1784740058 | enp139s0f0np0: 209570541492560 56801494309    0 2473    0     0          0    500862 154085489444926 40033339483    0    0    0     0       0          0
1784740059 | enp139s0f0np0: 209572728320274 56802025086    0 2473    0     0          0    500862 154085499428478 40033365646    0    0    0     0       0          0
1784740060 | enp139s0f0np0: 209574883454005 56802548021    0 2473    0     0          0    500862 154085509199315 40033390998    0    0    0     0       0          0
1784740061 | enp139s0f0np0: 209577038797143 56803070919    0 2473    0     0          0    500862 154085519025338 40033416506    0    0    0     0       0          0
1784740062 | enp139s0f0np0: 209579211765342 56803598199    0 2473    0     0          0    500862 154085528896208 40033442315    0    0    0     0       0          0
1784740063 | enp139s0f0np0: 209581408618793 56804131167    0 2473    0     0          0    500862 154085538893180 40033468187    0    0    0     0       0          0
1784740064 | enp139s0f0np0: 209583544511524 56804649246    0 2473    0     0          0    500862 154085548589074 40033493711    0    0    0     0       0          0
1784740065 | enp139s0f0np0: 209585737617522 56805181389    0 2473    0     0          0    500862 154085558625950 40033519807    0    0    0     0       0          0
1784740066 | enp139s0f0np0: 209587893241393 56805704266    0 2473    0     0          0    500862 154085568359267 40033544962    0    0    0     0       0          0
1784740067 | enp139s0f0np0: 209590052096187 56806227761    0 2473    0     0          0    500862 154085578109107 40033569769    0    0    0     0       0          0
1784740068 | enp139s0f0np0: 209592261761799 56806763810    0 2473    0     0          0    500862 154085588183969 40033595839    0    0    0     0       0          0
1784740069 | enp139s0f0np0: 209594429901348 56807289755    0 2473    0     0          0    500862 154085597995779 40033621425    0    0    0     0       0          0
1784740070 | enp139s0f0np0: 209596613096536 56807819395    0 2473    0     0          0    500862 154085607935114 40033647158    0    0    0     0       0          0
1784740071 | enp139s0f0np0: 209598766844407 56808341910    0 2473    0     0          0    500862 154085617656712 40033672415    0    0    0     0       0          0
1784740072 | enp139s0f0np0: 209600901961694 56808859823    0 2473    0     0          0    500862 154085627312397 40033697243    0    0    0     0       0          0
1784740073 | enp139s0f0np0: 209603098062096 56809392661    0 2473    0     0          0    500862 154085637328915 40033723496    0    0    0     0       0          0
1784740074 | enp139s0f0np0: 209605280917617 56809922287    0 2473    0     0          0    500862 154085647209305 40033749590    0    0    0     0       0          0
1784740075 | enp139s0f0np0: 209607501295925 56810460733    0 2473    0     0          0    500862 154085657249522 40033775918    0    0    0     0       0          0
1784740076 | enp139s0f0np0: 209609678659096 56810988981    0 2473    0     0          0    500862 154085667113229 40033801946    0    0    0     0       0          0
1784740077 | enp139s0f0np0: 209611855228664 56811516971    0 2473    0     0          0    500862 154085676951247 40033827428    0    0    0     0       0          0
1784740078 | enp139s0f0np0: 209613999141954 56812037045    0 2473    0     0          0    500862 154085686627338 40033852320    0    0    0     0       0          0
1784740079 | enp139s0f0np0: 209616129387231 56812554033    0 2473    0     0          0    500862 154085696221771 40033877128    0    0    0     0       0          0
1784740080 | enp139s0f0np0: 209618289246190 56813077922    0 2473    0     0          0    500862 154085705903736 40033902523    0    0    0     0       0          0
1784740081 | enp139s0f0np0: 209620431597283 56813597669    0 2473    0     0          0    500862 154085715612801 40033927922    0    0    0     0       0          0
1784740082 | enp139s0f0np0: 209622581466833 56814119021    0 2473    0     0          0    500862 154085725196857 40033952884    0    0    0     0       0          0
1784740083 | enp139s0f0np0: 209624713045502 56814635715    0 2473    0     0          0    500862 154085734735662 40033977893    0    0    0     0       0          0
1784740084 | enp139s0f0np0: 209626844936823 56815152837    0 2473    0     0          0    500863 154085744269416 40034003480    0    0    0     0       0          0
1784740085 | enp139s0f0np0: 209629034439530 56815683971    0 2473    0     0          0    500863 154085754054316 40034029313    0    0    0     0       0          0
1784740086 | enp139s0f0np0: 209631188717455 56816206296    0 2473    0     0          0    500863 154085763506017 40034054017    0    0    0     0       0          0
1784740087 | enp139s0f0np0: 209633374068411 56816736016    0 2473    0     0          0    500863 154085773160330 40034079642    0    0    0     0       0          0
1784740088 | enp139s0f0np0: 209635552306240 56817263994    0 2473    0     0          0    500863 154085782656807 40034105313    0    0    0     0       0          0
1784740089 | enp139s0f0np0: 209637717557043 56817788959    0 2473    0     0          0    500863 154085791993854 40034130272    0    0    0     0       0          0
1784740090 | enp139s0f0np0: 209639981453542 56818337919    0 2473    0     0          0    500863 154085801610192 40034156580    0    0    0     0       0          0
1784740091 | enp139s0f0np0: 209642153109104 56818864545    0 2473    0     0          0    500863 154085810687278 40034181909    0    0    0     0       0          0
1784740092 | enp139s0f0np0: 209644408583047 56819411200    0 2473    0     0          0    500863 154085820124900 40034207875    0    0    0     0       0          0
1784740093 | enp139s0f0np0: 209646617571967 56819946437    0 2473    0     0          0    500863 154085829163690 40034233418    0    0    0     0       0          0
1784740094 | enp139s0f0np0: 209648862942975 56820490510    0 2473    0     0          0    500863 154085838195497 40034259205    0    0    0     0       0          0
1784740095 | enp139s0f0np0: 209651017620629 56821012615    0 2473    0     0          0    500863 154085846779676 40034284025    0    0    0     0       0          0
1784740096 | enp139s0f0np0: 209653248717656 56821553475    0 2473    0     0          0    500863 154085856065791 40034310172    0    0    0     0       0          0
1784740097 | enp139s0f0np0: 209655385234008 56822071335    0 2473    0     0          0    500863 154085865261181 40034335200    0    0    0     0       0          0
1784740098 | enp139s0f0np0: 209657573610071 56822601910    0 2473    0     0          0    500863 154085874803449 40034360708    0    0    0     0       0          0
1784740099 | enp139s0f0np0: 209659681427591 56823112961    0 2473    0     0          0    500863 154085884219560 40034385675    0    0    0     0       0          0
1784740100 | enp139s0f0np0: 209661783435818 56823623149    0 2473    0     0          0    500863 154085893768977 40034410594    0    0    0     0       0          0
1784740101 | enp139s0f0np0: 209663907408391 56824138472    0 2473    0     0          0    500863 154085903429196 40034435446    0    0    0     0       0          0
1784740102 | enp139s0f0np0: 209666016262800 56824650206    0 2473    0     0          0    500863 154085913069682 40034460338    0    0    0     0       0          0
1784740103 | enp139s0f0np0: 209668178482268 56825174837    0 2473    0     0          0    500863 154085922914951 40034485742    0    0    0     0       0          0
1784740104 | enp139s0f0np0: 209670290528712 56825687239    0 2473    0     0          0    500863 154085932549873 40034510967    0    0    0     0       0          0
1784740105 | enp139s0f0np0: 209672357637806 56826189002    0 2473    0     0          0    500863 154085941948780 40034535371    0    0    0     0       0          0
1784740106 | enp139s0f0np0: 209674423220031 56826690127    0 2473    0     0          0    500863 154085951401500 40034559849    0    0    0     0       0          0
1784740107 | enp139s0f0np0: 209676505345479 56827195231    0 2473    0     0          0    500863 154085960829087 40034584141    0    0    0     0       0          0
1784740108 | enp139s0f0np0: 209678623831786 56827709171    0 2473    0     0          0    500863 154085970579598 40034609701    0    0    0     0       0          0
1784740109 | enp139s0f0np0: 209680725922662 56828219325    0 2473    0     0          0    500863 154085980169881 40034634826    0    0    0     0       0          0
1784740110 | enp139s0f0np0: 209682873732081 56828740661    0 2473    0     0          0    500863 154085989942922 40034660276    0    0    0     0       0          0
1784740111 | enp139s0f0np0: 209684949748956 56829244594    0 2473    0     0          0    500863 154085999412634 40034684911    0    0    0     0       0          0
1784740112 | enp139s0f0np0: 209687063572454 56829757495    0 2473    0     0          0    500863 154086009102134 40034710151    0    0    0     0       0          0
1784740113 | enp139s0f0np0: 209689198440857 56830275656    0 2473    0     0          0    500863 154086018829880 40034735289    0    0    0     0       0          0
1784740114 | enp139s0f0np0: 209691235469715 56830769953    0 2473    0     0          0    500864 154086028131112 40034759620    0    0    0     0       0          0
1784740115 | enp139s0f0np0: 209693370744280 56831288160    0 2473    0     0          0    500864 154086037876599 40034785057    0    0    0     0       0          0
1784740116 | enp139s0f0np0: 209695479116931 56831799935    0 2473    0     0          0    500864 154086047484037 40034810285    0    0    0     0       0          0
1784740118 | enp139s0f0np0: 209697613020279 56832317634    0 2473    0     0          0    500864 154086057220829 40034835229    0    0    0     0       0          0
1784740119 | enp139s0f0np0: 209699733428440 56832832093    0 2473    0     0          0    500864 154086066902156 40034860300    0    0    0     0       0          0
1784740120 | enp139s0f0np0: 209701887032828 56833354554    0 2473    0     0          0    500864 154086076662882 40034885449    0    0    0     0       0          0
1784740121 | enp139s0f0np0: 209704020376960 56833872367    0 2473    0     0          0    500864 154086086408490 40034910940    0    0    0     0       0          0
1784740122 | enp139s0f0np0: 209706170792999 56834394111    0 2473    0     0          0    500864 154086096231298 40034936323    0    0    0     0       0          0
1784740123 | enp139s0f0np0: 209708316363965 56834914851    0 2473    0     0          0    500864 154086106018797 40034961819    0    0    0     0       0          0
1784740124 | enp139s0f0np0: 209710557684479 56835458957    0 2473    0     0          0    500864 154086116240794 40034987978    0    0    0     0       0          0
1784740125 | enp139s0f0np0: 209712709308572 56835981033    0 2473    0     0          0    500864 154086126017022 40035013599    0    0    0     0       0          0
1784740126 | enp139s0f0np0: 209714854521579 56836501662    0 2473    0     0          0    500864 154086135823144 40035038892    0    0    0     0       0          0
1784740127 | enp139s0f0np0: 209716982766762 56837017790    0 2473    0     0          0    500864 154086145497057 40035063784    0    0    0     0       0          0
1784740128 | enp139s0f0np0: 209719171681368 56837549280    0 2473    0     0          0    500864 154086155464746 40035089814    0    0    0     0       0          0
1784740129 | enp139s0f0np0: 209721329993280 56838073167    0 2473    0     0          0    500864 154086165292395 40035115100    0    0    0     0       0          0
1784740130 | enp139s0f0np0: 209723496934711 56838598954    0 2473    0     0          0    500864 154086175162591 40035140373    0    0    0     0       0          0
1784740131 | enp139s0f0np0: 209725682308015 56839129240    0 2473    0     0          0    500864 154086185112682 40035166372    0    0    0     0       0          0
1784740132 | enp139s0f0np0: 209727839786271 56839652771    0 2473    0     0          0    500864 154086194968814 40035192024    0    0    0     0       0          0
1784740133 | enp139s0f0np0: 209730019048577 56840181562    0 2473    0     0          0    500864 154086204846283 40035217174    0    0    0     0       0          0
1784740134 | enp139s0f0np0: 209732194750707 56840709656    0 2473    0     0          0    500864 154086214744221 40035242508    0    0    0     0       0          0
1784740135 | enp139s0f0np0: 209734364561232 56841236297    0 2473    0     0          0    500864 154086224634572 40035267798    0    0    0     0       0          0
1784740136 | enp139s0f0np0: 209736586777222 56841775605    0 2473    0     0          0    500864 154086234744103 40035294042    0    0    0     0       0          0
1784740137 | enp139s0f0np0: 209738710953632 56842291121    0 2473    0     0          0    500864 154086244381318 40035318960    0    0    0     0       0          0
1784740138 | enp139s0f0np0: 209740841577858 56842807885    0 2473    0     0          0    500864 154086254102547 40035343783    0    0    0     0       0          0
1784740139 | enp139s0f0np0: 209743024122509 56843337313    0 2473    0     0          0    500864 154086264053848 40035369785    0    0    0     0       0          0
1784740140 | enp139s0f0np0: 209745187015397 56843862421    0 2473    0     0          0    500864 154086273928941 40035395393    0    0    0     0       0          0
1784740141 | enp139s0f0np0: 209747362228731 56844390156    0 2473    0     0          0    500864 154086283817901 40035420936    0    0    0     0       0          0
1784740142 | enp139s0f0np0: 209749544237660 56844919719    0 2473    0     0          0    500864 154086293781704 40035446747    0    0    0     0       0          0
1784740143 | enp139s0f0np0: 209751674891041 56845436705    0 2473    0     0          0    500864 154086303457038 40035471781    0    0    0     0       0          0
1784740144 | enp139s0f0np0: 209753733584008 56845936157    0 2473    0     0          0    500864 154086312755782 40035495553    0    0    0     0       0          0
