1784742890 | enp139s0f0np0: 211099164386556 57189941633    0 2473    0     0          0    500956 155792305855927 40461855941    0    0    0     0       0          0
1784742891 | enp139s0f0np0: 211099166047121 57189953805    0 2473    0     0          0    500956 155793076553962 40462041501    0    0    0     0       0          0
1784742892 | enp139s0f0np0: 211099168176957 57189969402    0 2473    0     0          0    500956 155794051577979 40462276257    0    0    0     0       0          0
1784742893 | enp139s0f0np0: 211099170287425 57189984941    0 2473    0     0          0    500956 155795035528223 40462513129    0    0    0     0       0          0
1784742894 | enp139s0f0np0: 211099172472450 57190000773    0 2473    0     0          0    500956 155796027750191 40462752042    0    0    0     0       0          0
1784742895 | enp139s0f0np0: 211099173914918 57190011206    0 2473    0     0          0    500956 155796675893756 40462908083    0    0    0     0       0          0
1784742896 | enp139s0f0np0: 211099334600308 57190050886    0 2473    0     0          0    500956 155796677080226 40462913570    0    0    0     0       0          0
1784742897 | enp139s0f0np0: 211099509862365 57190094151    0 2473    0     0          0    500956 155796678385856 40462919721    0    0    0     0       0          0
1784742898 | enp139s0f0np0: 211099680870676 57190136375    0 2473    0     0          0    500956 155796679669210 40462925874    0    0    0     0       0          0
1784742899 | enp139s0f0np0: 211099852401570 57190178722    0 2473    0     0          0    500956 155796680947666 40462931894    0    0    0     0       0          0
1784742900 | enp139s0f0np0: 211100021529314 57190220482    0 2473    0     0          0    500956 155796682214194 40462937948    0    0    0     0       0          0
1784742901 | enp139s0f0np0: 211100193987156 57190263076    0 2473    0     0          0    500956 155796683499244 40462943994    0    0    0     0       0          0
1784742902 | enp139s0f0np0: 211100362304564 57190304638    0 2473    0     0          0    500956 155796684746560 40462949819    0    0    0     0       0          0
1784742903 | enp139s0f0np0: 211100531696994 57190346462    0 2473    0     0          0    500956 155796686016892 40462955894    0    0    0     0       0          0
1784742904 | enp139s0f0np0: 211100700580891 57190388164    0 2473    0     0          0    500956 155796687279803 40462961902    0    0    0     0       0          0
1784742905 | enp139s0f0np0: 211100870124629 57190430032    0 2473    0     0          0    500957 155796688546795 40462967917    0    0    0     0       0          0
1784742906 | enp139s0f0np0: 211101044430737 57190473065    0 2473    0     0          0    500957 155796689849109 40462974095    0    0    0     0       0          0
1784742907 | enp139s0f0np0: 211101220526675 57190516538    0 2473    0     0          0    500957 155796691170817 40462980428    0    0    0     0       0          0
1784742908 | enp139s0f0np0: 211101396414214 57190559964    0 2473    0     0          0    500957 155796692479905 40462986593    0    0    0     0       0          0
1784742909 | enp139s0f0np0: 211101569706219 57190602759    0 2473    0     0          0    500957 155796693772519 40462992692    0    0    0     0       0          0
1784742910 | enp139s0f0np0: 211101740603351 57190644948    0 2473    0     0          0    500957 155796695046143 40462998708    0    0    0     0       0          0
1784742911 | enp139s0f0np0: 211101912723795 57190687445    0 2473    0     0          0    500957 155796696331445 40463004799    0    0    0     0       0          0
1784742912 | enp139s0f0np0: 211102088556427 57190730884    0 2473    0     0          0    500957 155796697642047 40463011000    0    0    0     0       0          0
1784742913 | enp139s0f0np0: 211102259176614 57190773011    0 2473    0     0          0    500957 155796698913641 40463016989    0    0    0     0       0          0
1784742914 | enp139s0f0np0: 211102432061659 57190815704    0 2473    0     0          0    500957 155796700206212 40463023146    0    0    0     0       0          0
1784742915 | enp139s0f0np0: 211102602958615 57190857902    0 2473    0     0          0    500957 155796701474006 40463029057    0    0    0     0       0          0
1784742916 | enp139s0f0np0: 211102776113681 57190900710    0 2473    0     0          0    500957 155796702756780 40463035034    0    0    0     0       0          0
1784742917 | enp139s0f0np0: 211102946300923 57190942851    0 2473    0     0          0    500957 155796704013146 40463040845    0    0    0     0       0          0
1784742918 | enp139s0f0np0: 211103123673106 57190986752    0 2473    0     0          0    500957 155796705326632 40463046964    0    0    0     0       0          0
1784742919 | enp139s0f0np0: 211103302637976 57191031053    0 2473    0     0          0    500957 155796706661780 40463053284    0    0    0     0       0          0
1784742920 | enp139s0f0np0: 211103476407739 57191074070    0 2473    0     0          0    500957 155796707949546 40463059281    0    0    0     0       0          0
1784742921 | enp139s0f0np0: 211103650140406 57191117081    0 2473    0     0          0    500957 155796709232782 40463065231    0    0    0     0       0          0
1784742922 | enp139s0f0np0: 211103828265302 57191161173    0 2473    0     0          0    500957 155796710561800 40463071508    0    0    0     0       0          0
1784742923 | enp139s0f0np0: 211104006582532 57191205318    0 2473    0     0          0    500957 155796711903822 40463077987    0    0    0     0       0          0
1784742924 | enp139s0f0np0: 211104189312901 57191250554    0 2473    0     0          0    500957 155796713273205 40463084543    0    0    0     0       0          0
1784742925 | enp139s0f0np0: 211104370586974 57191295429    0 2473    0     0          0    500957 155796714626419 40463090949    0    0    0     0       0          0
1784742926 | enp139s0f0np0: 211104547163143 57191339141    0 2473    0     0          0    500957 155796715941509 40463097155    0    0    0     0       0          0
1784742927 | enp139s0f0np0: 211104722492712 57191382551    0 2473    0     0          0    500957 155796717245941 40463103298    0    0    0     0       0          0
1784742928 | enp139s0f0np0: 211104893360859 57191424871    0 2473    0     0          0    500957 155796718506365 40463109114    0    0    0     0       0          0
1784742929 | enp139s0f0np0: 211105071524401 57191468978    0 2473    0     0          0    500957 155796719817623 40463115136    0    0    0     0       0          0
1784742930 | enp139s0f0np0: 211105254349715 57191514231    0 2473    0     0          0    500957 155796721184683 40463121645    0    0    0     0       0          0
1784742931 | enp139s0f0np0: 211105433692861 57191558629    0 2473    0     0          0    500957 155796722525377 40463128007    0    0    0     0       0          0
1784742932 | enp139s0f0np0: 211105608102761 57191601804    0 2473    0     0          0    500957 155796723798385 40463133748    0    0    0     0       0          0
1784742933 | enp139s0f0np0: 211105782656728 57191645021    0 2473    0     0          0    500957 155796725074789 40463139514    0    0    0     0       0          0
1784742934 | enp139s0f0np0: 211105957979652 57191688434    0 2473    0     0          0    500958 155796726374190 40463145570    0    0    0     0       0          0
1784742935 | enp139s0f0np0: 211106137735018 57191732919    0 2473    0     0          0    500958 155796727712730 40463151892    0    0    0     0       0          0
1784742936 | enp139s0f0np0: 211106316297345 57191777117    0 2473    0     0          0    500958 155796729042919 40463158162    0    0    0     0       0          0
1784742937 | enp139s0f0np0: 211106501929442 57191823063    0 2473    0     0          0    500958 155796730423362 40463164652    0    0    0     0       0          0
1784742938 | enp139s0f0np0: 211106690806019 57191869778    0 2473    0     0          0    500958 155796731840134 40463171427    0    0    0     0       0          0
1784742939 | enp139s0f0np0: 211106876938244 57191915819    0 2473    0     0          0    500958 155796733231322 40463178035    0    0    0     0       0          0
1784742940 | enp139s0f0np0: 211107059512744 57191960979    0 2473    0     0          0    500958 155796734592376 40463184472    0    0    0     0       0          0
1784742941 | enp139s0f0np0: 211107240594207 57192005748    0 2473    0     0          0    500958 155796735945744 40463190904    0    0    0     0       0          0
1784742942 | enp139s0f0np0: 211107425134015 57192051389    0 2473    0     0          0    500958 155796737316144 40463197322    0    0    0     0       0          0
1784742943 | enp139s0f0np0: 211107609164545 57192096908    0 2473    0     0          0    500958 155796738674666 40463203587    0    0    0     0       0          0
1784742944 | enp139s0f0np0: 211107793316025 57192142446    0 2473    0     0          0    500958 155796740030753 40463209820    0    0    0     0       0          0
1784742945 | enp139s0f0np0: 211107977558684 57192188011    0 2473    0     0          0    500958 155796741394279 40463216166    0    0    0     0       0          0
1784742946 | enp139s0f0np0: 211108166248962 57192234680    0 2473    0     0          0    500958 155796742810639 40463222944    0    0    0     0       0          0
1784742947 | enp139s0f0np0: 211108350124421 57192280148    0 2473    0     0          0    500958 155796744179227 40463229385    0    0    0     0       0          0
1784742948 | enp139s0f0np0: 211108537458831 57192326469    0 2473    0     0          0    500958 155796745568599 40463235883    0    0    0     0       0          0
1784742949 | enp139s0f0np0: 211108719981230 57192371607    0 2473    0     0          0    500958 155796746911729 40463242032    0    0    0     0       0          0
1784742950 | enp139s0f0np0: 211108903585293 57192417020    0 2473    0     0          0    500958 155796748261611 40463248213    0    0    0     0       0          0
1784742951 | enp139s0f0np0: 211109083805993 57192461574    0 2473    0     0          0    500958 155796749604501 40463254554    0    0    0     0       0          0
1784742952 | enp139s0f0np0: 211109271123996 57192507890    0 2473    0     0          0    500958 155796751009834 40463261276    0    0    0     0       0          0
1784742953 | enp139s0f0np0: 211109458086653 57192554112    0 2473    0     0          0    500958 155796752404499 40463267874    0    0    0     0       0          0
1784742954 | enp139s0f0np0: 211109644804567 57192600293    0 2473    0     0          0    500958 155796753796026 40463274441    0    0    0     0       0          0
1784742955 | enp139s0f0np0: 211109826637422 57192645261    0 2473    0     0          0    500958 155796755151332 40463280834    0    0    0     0       0          0
1784742956 | enp139s0f0np0: 211110013983945 57192691584    0 2473    0     0          0    500958 155796756539818 40463287304    0    0    0     0       0          0
1784742957 | enp139s0f0np0: 211110201871986 57192738036    0 2473    0     0          0    500958 155796757934062 40463293827    0    0    0     0       0          0
1784742958 | enp139s0f0np0: 211110381299679 57192782410    0 2473    0     0          0    500958 155796759267506 40463300077    0    0    0     0       0          0
1784742959 | enp139s0f0np0: 211110562330786 57192827172    0 2473    0     0          0    500958 155796760622299 40463306531    0    0    0     0       0          0
1784742960 | enp139s0f0np0: 211110739590669 57192870941    0 2473    0     0          0    500958 155796761945944 40463312796    0    0    0     0       0          0
1784742961 | enp139s0f0np0: 211110918843839 57192915153    0 2473    0     0          0    500958 155796763274902 40463318992    0    0    0     0       0          0
1784742962 | enp139s0f0np0: 211111096876916 57192959065    0 2473    0     0          0    500958 155796764588106 40463325045    0    0    0     0       0          0
1784742963 | enp139s0f0np0: 211111273729684 57193002697    0 2473    0     0          0    500958 155796765891290 40463331045    0    0    0     0       0          0
1784742964 | enp139s0f0np0: 211111452602973 57193046819    0 2473    0     0          0    500959 155796767211417 40463337135    0    0    0     0       0          0
1784742965 | enp139s0f0np0: 211111641124877 57193093323    0 2473    0     0          0    500959 155796768611107 40463343673    0    0    0     0       0          0
1784742966 | enp139s0f0np0: 211111833223038 57193140708    0 2473    0     0          0    500959 155796770033563 40463350297    0    0    0     0       0          0
1784742967 | enp139s0f0np0: 211112021854667 57193187240    0 2473    0     0          0    500959 155796771427023 40463356742    0    0    0     0       0          0
1784742968 | enp139s0f0np0: 211112206892667 57193232894    0 2473    0     0          0    500959 155796772809763 40463363299    0    0    0     0       0          0
1784742969 | enp139s0f0np0: 211112402599821 57193281168    0 2473    0     0          0    500959 155796774264019 40463370106    0    0    0     0       0          0
1784742970 | enp139s0f0np0: 211112592018988 57193327897    0 2473    0     0          0    500959 155796775675663 40463376768    0    0    0     0       0          0
1784742971 | enp139s0f0np0: 211112783587650 57193375156    0 2473    0     0          0    500959 155796777108067 40463383574    0    0    0     0       0          0
1784742972 | enp139s0f0np0: 211112975953245 57193422606    0 2473    0     0          0    500959 155796778534957 40463390222    0    0    0     0       0          0
1784742973 | enp139s0f0np0: 211113167010475 57193469737    0 2473    0     0          0    500959 155796779961923 40463396984    0    0    0     0       0          0
1784742974 | enp139s0f0np0: 211113354807498 57193516055    0 2473    0     0          0    500959 155796781380806 40463403875    0    0    0     0       0          0
1784742975 | enp139s0f0np0: 211113544254566 57193562789    0 2473    0     0          0    500959 155796782801080 40463410664    0    0    0     0       0          0
1784742976 | enp139s0f0np0: 211113735957751 57193610083    0 2473    0     0          0    500959 155796784225006 40463417331    0    0    0     0       0          0
1784742977 | enp139s0f0np0: 211113927699955 57193657382    0 2473    0     0          0    500959 155796785644222 40463423934    0    0    0     0       0          0
1784742978 | enp139s0f0np0: 211114109120220 57193702143    0 2473    0     0          0    500959 155796786987930 40463430185    0    0    0     0       0          0
1784742979 | enp139s0f0np0: 211114293498300 57193747638    0 2473    0     0          0    500959 155796788352110 40463436515    0    0    0     0       0          0
1784742980 | enp139s0f0np0: 211114484672128 57193794796    0 2473    0     0          0    500959 155796789792416 40463443464    0    0    0     0       0          0
1784742981 | enp139s0f0np0: 211114669836894 57193840484    0 2473    0     0          0    500959 155796791180760 40463450108    0    0    0     0       0          0
1784742982 | enp139s0f0np0: 211114854891692 57193886166    0 2473    0     0          0    500959 155796792547940 40463456426    0    0    0     0       0          0
1784742983 | enp139s0f0np0: 211115043270835 57193932676    0 2473    0     0          0    500959 155796793942250 40463462905    0    0    0     0       0          0
1784742984 | enp139s0f0np0: 211115235434803 57193980123    0 2473    0     0          0    500959 155796795362241 40463469479    0    0    0     0       0          0
1784742985 | enp139s0f0np0: 211115428363709 57194027753    0 2473    0     0          0    500959 155796796816103 40463476503    0    0    0     0       0          0
1784742986 | enp139s0f0np0: 211115621696092 57194075478    0 2473    0     0          0    500959 155796798264427 40463483413    0    0    0     0       0          0
1784742987 | enp139s0f0np0: 211115813821011 57194122919    0 2473    0     0          0    500959 155796799702685 40463490266    0    0    0     0       0          0
1784742988 | enp139s0f0np0: 211115997927207 57194168368    0 2473    0     0          0    500959 155796801061593 40463496542    0    0    0     0       0          0
1784742989 | enp139s0f0np0: 211116184964578 57194214537    0 2473    0     0          0    500959 155796802450661 40463503052    0    0    0     0       0          0
1784742990 | enp139s0f0np0: 211116372312290 57194260789    0 2473    0     0          0    500959 155796803851751 40463509703    0    0    0     0       0          0
1784742991 | enp139s0f0np0: 211116554168491 57194305685    0 2473    0     0          0    500959 155796805207583 40463516115    0    0    0     0       0          0
1784742992 | enp139s0f0np0: 211116733220464 57194349894    0 2473    0     0          0    500959 155796806532327 40463522260    0    0    0     0       0          0
1784742993 | enp139s0f0np0: 211116916126861 57194395059    0 2473    0     0          0    500959 155796807887619 40463528573    0    0    0     0       0          0
1784742994 | enp139s0f0np0: 211117102658670 57194441130    0 2473    0     0          0    500960 155796809266696 40463534967    0    0    0     0       0          0
1784742995 | enp139s0f0np0: 211117285818121 57194486340    0 2473    0     0          0    500960 155796810634050 40463541451    0    0    0     0       0          0
1784742996 | enp139s0f0np0: 211117475579636 57194533189    0 2473    0     0          0    500960 155796812037308 40463547953    0    0    0     0       0          0
1784742997 | enp139s0f0np0: 211117661715445 57194579133    0 2473    0     0          0    500960 155796813401758 40463554162    0    0    0     0       0          0
1784742998 | enp139s0f0np0: 211117844011782 57194624143    0 2473    0     0          0    500960 155796814744158 40463560330    0    0    0     0       0          0
1784742999 | enp139s0f0np0: 211118027753186 57194669523    0 2473    0     0          0    500960 155796816096748 40463566526    0    0    0     0       0          0
1784743000 | enp139s0f0np0: 211118206915104 57194713751    0 2473    0     0          0    500960 155796817419432 40463572648    0    0    0     0       0          0
1784743001 | enp139s0f0np0: 211118387966809 57194758444    0 2473    0     0          0    500960 155796818757672 40463578838    0    0    0     0       0          0
1784743002 | enp139s0f0np0: 211118573042988 57194804155    0 2473    0     0          0    500960 155796820111938 40463584977    0    0    0     0       0          0
1784743003 | enp139s0f0np0: 211118753702969 57194848767    0 2473    0     0          0    500960 155796821452102 40463591235    0    0    0     0       0          0
1784743004 | enp139s0f0np0: 211118932087272 57194892913    0 2473    0     0          0    500960 155796822773383 40463597391    0    0    0     0       0          0
1784743005 | enp139s0f0np0: 211119112756092 57194937636    0 2473    0     0          0    500960 155796824122885 40463603782    0    0    0     0       0          0
1784743006 | enp139s0f0np0: 211119297360392 57194983332    0 2473    0     0          0    500960 155796825491803 40463610189    0    0    0     0       0          0
1784743007 | enp139s0f0np0: 211119483845086 57195029494    0 2473    0     0          0    500960 155796826894055 40463616942    0    0    0     0       0          0
1784743008 | enp139s0f0np0: 211119674956256 57195076792    0 2473    0     0          0    500960 155796828320859 40463623701    0    0    0     0       0          0
1784743009 | enp139s0f0np0: 211119862247469 57195123149    0 2473    0     0          0    500960 155796829702583 40463630083    0    0    0     0       0          0
1784743010 | enp139s0f0np0: 211120060221110 57195172143    0 2473    0     0          0    500960 155796831184579 40463637149    0    0    0     0       0          0
1784743011 | enp139s0f0np0: 211120252840610 57195219813    0 2473    0     0          0    500960 155796832632981 40463644114    0    0    0     0       0          0
1784743012 | enp139s0f0np0: 211120447478367 57195267977    0 2473    0     0          0    500960 155796834086506 40463651014    0    0    0     0       0          0
1784743013 | enp139s0f0np0: 211120643468884 57195316470    0 2473    0     0          0    500960 155796835561215 40463658120    0    0    0     0       0          0
1784743014 | enp139s0f0np0: 211120834518177 57195363751    0 2473    0     0          0    500960 155796836985446 40463664862    0    0    0     0       0          0
1784743015 | enp139s0f0np0: 211121019097349 57195409431    0 2473    0     0          0    500960 155796838345430 40463671118    0    0    0     0       0          0
1784743016 | enp139s0f0np0: 211121199687347 57195454130    0 2473    0     0          0    500960 155796839675296 40463677228    0    0    0     0       0          0
1784743017 | enp139s0f0np0: 211121384131235 57195499772    0 2473    0     0          0    500960 155796841039386 40463683568    0    0    0     0       0          0
1784743018 | enp139s0f0np0: 211121563622074 57195544200    0 2473    0     0          0    500960 155796842368064 40463689751    0    0    0     0       0          0
1784743019 | enp139s0f0np0: 211121744619036 57195589003    0 2473    0     0          0    500960 155796843697939 40463695829    0    0    0     0       0          0
1784743020 | enp139s0f0np0: 211121927568716 57195634283    0 2473    0     0          0    500960 155796845052958 40463702130    0    0    0     0       0          0
1784743021 | enp139s0f0np0: 211122112521987 57195680058    0 2473    0     0          0    500960 155796846428956 40463708613    0    0    0     0       0          0
1784743022 | enp139s0f0np0: 211122300006827 57195726449    0 2473    0     0          0    500960 155796847826352 40463715210    0    0    0     0       0          0
1784743023 | enp139s0f0np0: 211122494079687 57195774470    0 2473    0     0          0    500960 155796849283590 40463722202    0    0    0     0       0          0
1784743024 | enp139s0f0np0: 211122688452534 57195822577    0 2473    0     0          0    500961 155796850733837 40463729057    0    0    0     0       0          0
1784743025 | enp139s0f0np0: 211122873714029 57195868428    0 2473    0     0          0    500961 155796852104111 40463735422    0    0    0     0       0          0
1784743026 | enp139s0f0np0: 211123056133213 57195913536    0 2473    0     0          0    500961 155796853449661 40463741630    0    0    0     0       0          0
1784743027 | enp139s0f0np0: 211123242525724 57195959621    0 2473    0     0          0    500961 155796854817999 40463747875    0    0    0     0       0          0
1784743028 | enp139s0f0np0: 211123436037517 57196007479    0 2473    0     0          0    500961 155796856268889 40463754804    0    0    0     0       0          0
1784743029 | enp139s0f0np0: 211123629647501 57196055353    0 2473    0     0          0    500961 155796857727637 40463761858    0    0    0     0       0          0
1784743030 | enp139s0f0np0: 211123824996785 57196103666    0 2473    0     0          0    500961 155796859184695 40463768739    0    0    0     0       0          0
1784743031 | enp139s0f0np0: 211124021991481 57196152360    0 2473    0     0          0    500961 155796860660261 40463775782    0    0    0     0       0          0
1784743032 | enp139s0f0np0: 211124218966882 57196201073    0 2473    0     0          0    500961 155796862134897 40463782809    0    0    0     0       0          0
1784743033 | enp139s0f0np0: 211124416538798 57196249938    0 2473    0     0          0    500961 155796863605285 40463789730    0    0    0     0       0          0
1784743034 | enp139s0f0np0: 211124612529114 57196298402    0 2473    0     0          0    500961 155796865061940 40463796567    0    0    0     0       0          0
1784743035 | enp139s0f0np0: 211124811921485 57196347693    0 2473    0     0          0    500961 155796866535580 40463803393    0    0    0     0       0          0
1784743036 | enp139s0f0np0: 211125008640505 57196396330    0 2473    0     0          0    500961 155796867992294 40463810166    0    0    0     0       0          0
1784743037 | enp139s0f0np0: 211125197868502 57196443128    0 2473    0     0          0    500961 155796869398402 40463816756    0    0    0     0       0          0
1784743038 | enp139s0f0np0: 211125390018552 57196490631    0 2473    0     0          0    500961 155796870806054 40463823155    0    0    0     0       0          0
1784743039 | enp139s0f0np0: 211125578569488 57196537251    0 2473    0     0          0    500961 155796872218428 40463829883    0    0    0     0       0          0
1784743040 | enp139s0f0np0: 211125767505012 57196583965    0 2473    0     0          0    500961 155796873639618 40463836724    0    0    0     0       0          0
1784743041 | enp139s0f0np0: 211125954185507 57196630122    0 2473    0     0          0    500961 155796875016536 40463843075    0    0    0     0       0          0
1784743042 | enp139s0f0np0: 211126141100672 57196676346    0 2473    0     0          0    500961 155796876405916 40463849603    0    0    0     0       0          0
1784743043 | enp139s0f0np0: 211126329356937 57196722897    0 2473    0     0          0    500961 155796877815176 40463856315    0    0    0     0       0          0
1784743044 | enp139s0f0np0: 211126516801704 57196769248    0 2473    0     0          0    500961 155796879217835 40463862992    0    0    0     0       0          0
1784743045 | enp139s0f0np0: 211126702636019 57196815200    0 2473    0     0          0    500961 155796880598809 40463869467    0    0    0     0       0          0
1784743046 | enp139s0f0np0: 211126895426510 57196862860    0 2473    0     0          0    500961 155796882037506 40463876268    0    0    0     0       0          0
1784743047 | enp139s0f0np0: 211127089144121 57196910755    0 2473    0     0          0    500961 155796883485729 40463883139    0    0    0     0       0          0
1784743048 | enp139s0f0np0: 211127274564821 57196956497    0 2473    0     0          0    500961 155796884858729 40463889527    0    0    0     0       0          0
1784743049 | enp139s0f0np0: 211127460402007 57197002339    0 2473    0     0          0    500961 155796886257127 40463896266    0    0    0     0       0          0
1784743050 | enp139s0f0np0: 211127645671754 57197048042    0 2473    0     0          0    500961 155796887644643 40463902873    0    0    0     0       0          0
1784743051 | enp139s0f0np0: 211127833903225 57197094478    0 2473    0     0          0    500961 155796889060079 40463909678    0    0    0     0       0          0
1784743053 | enp139s0f0np0: 211128021462848 57197140742    0 2473    0     0          0    500961 155796890457889 40463916283    0    0    0     0       0          0
1784743054 | enp139s0f0np0: 211128207407191 57197186615    0 2473    0     0          0    500961 155796891842587 40463922804    0    0    0     0       0          0
1784743055 | enp139s0f0np0: 211128391082912 57197231924    0 2473    0     0          0    500962 155796893202564 40463929113    0    0    0     0       0          0
1784743056 | enp139s0f0np0: 211128574498216 57197277166    0 2473    0     0          0    500962 155796894557832 40463935394    0    0    0     0       0          0
1784743057 | enp139s0f0np0: 211128759521602 57197322800    0 2473    0     0          0    500962 155796895924278 40463941701    0    0    0     0       0          0
1784743058 | enp139s0f0np0: 211128950986986 57197370039    0 2473    0     0          0    500962 155796897343502 40463948324    0    0    0     0       0          0
1784743059 | enp139s0f0np0: 211129140022042 57197416675    0 2473    0     0          0    500962 155796898742886 40463954824    0    0    0     0       0          0
1784743060 | enp139s0f0np0: 211129330413063 57197463639    0 2473    0     0          0    500962 155796900154566 40463961398    0    0    0     0       0          0
1784743061 | enp139s0f0np0: 211129513951396 57197508916    0 2473    0     0          0    500962 155796901511240 40463967691    0    0    0     0       0          0
1784743062 | enp139s0f0np0: 211129697662551 57197554241    0 2473    0     0          0    500962 155796902883356 40463974185    0    0    0     0       0          0
1784743063 | enp139s0f0np0: 211129883541231 57197600090    0 2473    0     0          0    500962 155796904269380 40463980733    0    0    0     0       0          0
1784743064 | enp139s0f0np0: 211130072248834 57197646643    0 2473    0     0          0    500962 155796905673212 40463987325    0    0    0     0       0          0
1784743065 | enp139s0f0np0: 211130268668702 57197695102    0 2473    0     0          0    500962 155796907139407 40463994278    0    0    0     0       0          0
1784743066 | enp139s0f0np0: 211130463063587 57197743057    0 2473    0     0          0    500962 155796908593625 40464001195    0    0    0     0       0          0
1784743067 | enp139s0f0np0: 211130648766917 57197788865    0 2473    0     0          0    500962 155796909974499 40464007664    0    0    0     0       0          0
1784743068 | enp139s0f0np0: 211130837939953 57197835525    0 2473    0     0          0    500962 155796911389329 40464014395    0    0    0     0       0          0
1784743069 | enp139s0f0np0: 211131030750241 57197883092    0 2473    0     0          0    500962 155796912841917 40464021413    0    0    0     0       0          0
1784743070 | enp139s0f0np0: 211131221563580 57197930162    0 2473    0     0          0    500962 155796914285359 40464028454    0    0    0     0       0          0
1784743071 | enp139s0f0np0: 211131412798355 57197977378    0 2473    0     0          0    500962 155796915727957 40464035431    0    0    0     0       0          0
1784743072 | enp139s0f0np0: 211131606679293 57198025241    0 2473    0     0          0    500962 155796917195313 40464042597    0    0    0     0       0          0
1784743073 | enp139s0f0np0: 211131800176886 57198073004    0 2473    0     0          0    500962 155796918663317 40464049785    0    0    0     0       0          0
1784743074 | enp139s0f0np0: 211131992062794 57198120376    0 2473    0     0          0    500962 155796920103339 40464056696    0    0    0     0       0          0
1784743075 | enp139s0f0np0: 211132180445133 57198166896    0 2473    0     0          0    500962 155796921517670 40464063473    0    0    0     0       0          0
