1784738552 | enp139s0f0np0: 208972182418117 56630012857    0 2473    0     0          0    500811 152649866634983 39667486181    0    0    0     0       0          0
1784738553 | enp139s0f0np0: 208972182564288 56630013034    0 2473    0     0          0    500811 152649866634983 39667486181    0    0    0     0       0          0
1784738554 | enp139s0f0np0: 208972182725705 56630013213    0 2473    0     0          0    500812 152649866635124 39667486183    0    0    0     0       0          0
1784738555 | enp139s0f0np0: 208972182886636 56630013379    0 2473    0     0          0    500812 152649866635124 39667486183    0    0    0     0       0          0
1784738556 | enp139s0f0np0: 208972183080099 56630013564    0 2473    0     0          0    500812 152649866635124 39667486183    0    0    0     0       0          0
1784738557 | enp139s0f0np0: 208972183241543 56630013753    0 2473    0     0          0    500812 152649866635364 39667486184    0    0    0     0       0          0
1784738558 | enp139s0f0np0: 208972183418353 56630013922    0 2473    0     0          0    500812 152649866635364 39667486184    0    0    0     0       0          0
1784738559 | enp139s0f0np0: 208972183540383 56630013986    0 2473    0     0          0    500812 152649866635364 39667486184    0    0    0     0       0          0
1784738560 | enp139s0f0np0: 208972183670525 56630014052    0 2473    0     0          0    500812 152649866635364 39667486184    0    0    0     0       0          0
1784738561 | enp139s0f0np0: 208972183794541 56630014111    0 2473    0     0          0    500812 152649866635364 39667486184    0    0    0     0       0          0
1784738562 | enp139s0f0np0: 208972183909572 56630014166    0 2473    0     0          0    500812 152649866635592 39667486186    0    0    0     0       0          0
1784738563 | enp139s0f0np0: 208972183992944 56630014204    0 2473    0     0          0    500812 152649866635592 39667486186    0    0    0     0       0          0
1784738564 | enp139s0f0np0: 208972184125229 56630014521    0 2473    0     0          0    500812 152649883706163 39667490299    0    0    0     0       0          0
1784738565 | enp139s0f0np0: 208972185721443 56630026006    0 2473    0     0          0    500812 152650583855355 39667658836    0    0    0     0       0          0
1784738566 | enp139s0f0np0: 208972187476480 56630038604    0 2473    0     0          0    500812 152651400027159 39667855270    0    0    0     0       0          0
1784738567 | enp139s0f0np0: 208972189277434 56630051566    0 2473    0     0          0    500812 152652199932095 39668047837    0    0    0     0       0          0
1784738568 | enp139s0f0np0: 208972190998746 56630063877    0 2473    0     0          0    500812 152652986219763 39668237118    0    0    0     0       0          0
1784738569 | enp139s0f0np0: 208972196812763 56630094904    0 2473    0     0          0    500812 152656577524253 39669099495    0    0    0     0       0          0
1784738570 | enp139s0f0np0: 208972203491905 56630129818    0 2473    0     0          0    500812 152660730681627 39670096483    0    0    0     0       0          0
1784738571 | enp139s0f0np0: 208972210121830 56630164009    0 2473    0     0          0    500812 152664852775739 39671086040    0    0    0     0       0          0
1784738572 | enp139s0f0np0: 208972216037453 56630194571    0 2473    0     0          0    500812 152668516406685 39671965580    0    0    0     0       0          0
1784738573 | enp139s0f0np0: 208972221630083 56630224126    0 2473    0     0          0    500812 152671947081663 39672789418    0    0    0     0       0          0
1784738574 | enp139s0f0np0: 208972227185301 56630253699    0 2473    0     0          0    500812 152675323151546 39673600233    0    0    0     0       0          0
1784738575 | enp139s0f0np0: 208972233557299 56630286350    0 2473    0     0          0    500812 152679303030440 39674555730    0    0    0     0       0          0
1784738576 | enp139s0f0np0: 208972238511480 56630312113    0 2473    0     0          0    500812 152682382769258 39675295132    0    0    0     0       0          0
1784738577 | enp139s0f0np0: 208972244076092 56630341591    0 2473    0     0          0    500812 152685759626940 39676106078    0    0    0     0       0          0
1784738578 | enp139s0f0np0: 208972249396353 56630369807    0 2473    0     0          0    500812 152689017780974 39676888482    0    0    0     0       0          0
1784738579 | enp139s0f0np0: 208972254276337 56630396414    0 2473    0     0          0    500812 152691927309654 39677587358    0    0    0     0       0          0
1784738580 | enp139s0f0np0: 208972259070395 56630421904    0 2473    0     0          0    500812 152694831634864 39678284906    0    0    0     0       0          0
1784738582 | enp139s0f0np0: 208972264054112 56630448097    0 2473    0     0          0    500812 152697840417358 39679007505    0    0    0     0       0          0
1784738583 | enp139s0f0np0: 208972268926316 56630474171    0 2473    0     0          0    500812 152700807756008 39679720254    0    0    0     0       0          0
1784738584 | enp139s0f0np0: 208972274042490 56630501514    0 2473    0     0          0    500812 152703920702962 39680467751    0    0    0     0       0          0
1784738585 | enp139s0f0np0: 208972279613898 56630530939    0 2473    0     0          0    500813 152707349282583 39681291019    0    0    0     0       0          0
1784738586 | enp139s0f0np0: 208972285662936 56630562760    0 2473    0     0          0    500813 152711050121851 39682179591    0    0    0     0       0          0
1784738587 | enp139s0f0np0: 208972292278944 56630596765    0 2473    0     0          0    500813 152715208959393 39683177975    0    0    0     0       0          0
1784738588 | enp139s0f0np0: 208972298744634 56630629562    0 2473    0     0          0    500813 152719270787525 39684153018    0    0    0     0       0          0
1784738589 | enp139s0f0np0: 208972305026216 56630661903    0 2473    0     0          0    500813 152723165051189 39685087951    0    0    0     0       0          0
1784738590 | enp139s0f0np0: 208972310267763 56630689756    0 2473    0     0          0    500813 152726360280513 39685855250    0    0    0     0       0          0
1784738591 | enp139s0f0np0: 208972315307385 56630717027    0 2473    0     0          0    500813 152729418957643 39686589849    0    0    0     0       0          0
1784738592 | enp139s0f0np0: 208972320254840 56630744003    0 2473    0     0          0    500813 152732397095603 39687305167    0    0    0     0       0          0
1784738593 | enp139s0f0np0: 208972325130336 56630770527    0 2473    0     0          0    500813 152735330952493 39688009876    0    0    0     0       0          0
1784738594 | enp139s0f0np0: 208972329991957 56630796966    0 2473    0     0          0    500813 152738270928769 39688716038    0    0    0     0       0          0
1784738595 | enp139s0f0np0: 208972334725379 56630821713    0 2473    0     0          0    500813 152741164641458 39689410965    0    0    0     0       0          0
1784738596 | enp139s0f0np0: 208972339773766 56630848639    0 2473    0     0          0    500813 152744247189168 39690151378    0    0    0     0       0          0
1784738597 | enp139s0f0np0: 208972345851889 56630879863    0 2473    0     0          0    500813 152748035593732 39691060866    0    0    0     0       0          0
1784738598 | enp139s0f0np0: 208972352147254 56630913260    0 2473    0     0          0    500813 152751921643346 39691993896    0    0    0     0       0          0
1784738599 | enp139s0f0np0: 208972358241550 56630944771    0 2473    0     0          0    500813 152755710503524 39692903482    0    0    0     0       0          0
1784738600 | enp139s0f0np0: 208972364696157 56630978012    0 2473    0     0          0    500813 152759714376286 39693864587    0    0    0     0       0          0
1784738601 | enp139s0f0np0: 208972371143164 56631010871    0 2473    0     0          0    500813 152763747311386 39694832737    0    0    0     0       0          0
1784738602 | enp139s0f0np0: 208972377654390 56631044412    0 2473    0     0          0    500813 152767820810252 39695810564    0    0    0     0       0          0
1784738603 | enp139s0f0np0: 208972384256319 56631078315    0 2473    0     0          0    500813 152771943295274 39696800179    0    0    0     0       0          0
1784738604 | enp139s0f0np0: 208972390507431 56631110102    0 2473    0     0          0    500813 152775844029600 39697736554    0    0    0     0       0          0
1784738605 | enp139s0f0np0: 208972395387814 56631135180    0 2473    0     0          0    500813 152778807477155 39698448154    0    0    0     0       0          0
1784738606 | enp139s0f0np0: 208972398912337 56631154687    0 2473    0     0          0    500813 152780899342029 39698950990    0    0    0     0       0          0
1784738607 | enp139s0f0np0: 208972405194966 56631187194    0 2473    0     0          0    500813 152784785602809 39699883979    0    0    0     0       0          0
1784738608 | enp139s0f0np0: 208972411701900 56631219865    0 2473    0     0          0    500813 152788850998129 39700859898    0    0    0     0       0          0
1784738609 | enp139s0f0np0: 208972417810371 56631251251    0 2473    0     0          0    500813 152792633445707 39701767979    0    0    0     0       0          0
1784738610 | enp139s0f0np0: 208972423242612 56631280014    0 2473    0     0          0    500813 152795932374465 39702560222    0    0    0     0       0          0
1784738611 | enp139s0f0np0: 208972428709534 56631309110    0 2473    0     0          0    500813 152799234830927 39703353351    0    0    0     0       0          0
1784738612 | enp139s0f0np0: 208972435080784 56631342141    0 2473    0     0          0    500813 152803165822567 39704297083    0    0    0     0       0          0
1784738613 | enp139s0f0np0: 208972441384078 56631374935    0 2473    0     0          0    500813 152807037606993 39705226642    0    0    0     0       0          0
1784738614 | enp139s0f0np0: 208972447660766 56631407600    0 2473    0     0          0    500813 152810885027973 39706150445    0    0    0     0       0          0
1784738615 | enp139s0f0np0: 208972454045232 56631440451    0 2473    0     0          0    500814 152814812752328 39707093340    0    0    0     0       0          0
1784738616 | enp139s0f0np0: 208972459624424 56631469833    0 2473    0     0          0    500814 152818200150472 39707906793    0    0    0     0       0          0
1784738617 | enp139s0f0np0: 208972466059605 56631502845    0 2473    0     0          0    500814 152822181485046 39708862575    0    0    0     0       0          0
1784738618 | enp139s0f0np0: 208972472175507 56631534300    0 2473    0     0          0    500814 152825972520660 39709772755    0    0    0     0       0          0
1784738619 | enp139s0f0np0: 208972478341783 56631565654    0 2473    0     0          0    500814 152829809251186 39710693870    0    0    0     0       0          0
1784738620 | enp139s0f0np0: 208972484027083 56631594901    0 2473    0     0          0    500814 152833294652920 39711530759    0    0    0     0       0          0
1784738621 | enp139s0f0np0: 208972490120129 56631626386    0 2473    0     0          0    500814 152837022835908 39712425878    0    0    0     0       0          0
1784738622 | enp139s0f0np0: 208972496326511 56631659271    0 2473    0     0          0    500814 152840759546544 39713323144    0    0    0     0       0          0
1784738623 | enp139s0f0np0: 208972502660011 56631691678    0 2473    0     0          0    500814 152844640728858 39714254973    0    0    0     0       0          0
1784738624 | enp139s0f0np0: 208972509096338 56631724769    0 2473    0     0          0    500814 152848619617516 39715210208    0    0    0     0       0          0
1784738625 | enp139s0f0np0: 208972515547440 56631757918    0 2473    0     0          0    500814 152852622428925 39716171140    0    0    0     0       0          0
1784738626 | enp139s0f0np0: 208972521425833 56631788686    0 2473    0     0          0    500814 152856235995523 39717038840    0    0    0     0       0          0
1784738627 | enp139s0f0np0: 208972527807071 56631821132    0 2473    0     0          0    500814 152860174328217 39717984265    0    0    0     0       0          0
1784738628 | enp139s0f0np0: 208972534123115 56631853648    0 2473    0     0          0    500814 152864021590549 39718907962    0    0    0     0       0          0
1784738629 | enp139s0f0np0: 208972537851264 56631874104    0 2473    0     0          0    500814 152866197471317 39719430992    0    0    0     0       0          0
1784738630 | enp139s0f0np0: 208972543509972 56631903263    0 2473    0     0          0    500814 152869662067943 39720262863    0    0    0     0       0          0
1784738631 | enp139s0f0np0: 208972548119316 56631927446    0 2473    0     0          0    500814 152872386295415 39720917322    0    0    0     0       0          0
1784738632 | enp139s0f0np0: 208972553306292 56631953950    0 2473    0     0          0    500814 152875570571451 39721682008    0    0    0     0       0          0
1784738633 | enp139s0f0np0: 208972560091826 56631988342    0 2473    0     0          0    500814 152879767571267 39722689681    0    0    0     0       0          0
1784738634 | enp139s0f0np0: 208972566845604 56632022403    0 2473    0     0          0    500814 152883937990813 39723690857    0    0    0     0       0          0
1784738635 | enp139s0f0np0: 208972573582909 56632056633    0 2473    0     0          0    500814 152888136436718 39724698671    0    0    0     0       0          0
1784738636 | enp139s0f0np0: 208972579797236 56632088620    0 2473    0     0          0    500814 152891917552776 39725606508    0    0    0     0       0          0
1784738637 | enp139s0f0np0: 208972586188333 56632120958    0 2473    0     0          0    500814 152895903383970 39726563341    0    0    0     0       0          0
1784738638 | enp139s0f0np0: 208972592449426 56632152908    0 2473    0     0          0    500814 152899794442560 39727497437    0    0    0     0       0          0
1784738639 | enp139s0f0np0: 208972599018302 56632186817    0 2473    0     0          0    500814 152903800985458 39728459228    0    0    0     0       0          0
1784738640 | enp139s0f0np0: 208972604977186 56632217541    0 2473    0     0          0    500814 152907475460444 39729341316    0    0    0     0       0          0
1784738641 | enp139s0f0np0: 208972610039320 56632244364    0 2473    0     0          0    500814 152910494467258 39730066328    0    0    0     0       0          0
1784738642 | enp139s0f0np0: 208972615383550 56632272448    0 2473    0     0          0    500814 152913731700854 39730843789    0    0    0     0       0          0
1784738643 | enp139s0f0np0: 208972620540643 56632299317    0 2473    0     0          0    500814 152916861676794 39731595504    0    0    0     0       0          0
1784738644 | enp139s0f0np0: 208972626554001 56632330835    0 2473    0     0          0    500815 152920517776150 39732473402    0    0    0     0       0          0
1784738645 | enp139s0f0np0: 208972632341280 56632360718    0 2473    0     0          0    500815 152924038371305 39733318696    0    0    0     0       0          0
1784738646 | enp139s0f0np0: 208972638766483 56632393804    0 2473    0     0          0    500815 152927964896639 39734261424    0    0    0     0       0          0
1784738647 | enp139s0f0np0: 208972644262938 56632422701    0 2473    0     0          0    500815 152931303368713 39735063180    0    0    0     0       0          0
1784738648 | enp139s0f0np0: 208972649615252 56632450904    0 2473    0     0          0    500815 152934579958391 39735850027    0    0    0     0       0          0
1784738649 | enp139s0f0np0: 208972654552972 56632476877    0 2473    0     0          0    500815 152937618733717 39736579729    0    0    0     0       0          0
1784738650 | enp139s0f0np0: 208972660619935 56632507967    0 2473    0     0          0    500815 152941400869263 39737487670    0    0    0     0       0          0
1784738651 | enp139s0f0np0: 208972665609984 56632533201    0 2473    0     0          0    500815 152944472141089 39738225296    0    0    0     0       0          0
1784738652 | enp139s0f0np0: 208972671298143 56632562705    0 2473    0     0          0    500815 152948011318371 39739074955    0    0    0     0       0          0
1784738653 | enp139s0f0np0: 208972676147752 56632588618    0 2473    0     0          0    500815 152950905994915 39739770238    0    0    0     0       0          0
1784738654 | enp139s0f0np0: 208972680795588 56632613355    0 2473    0     0          0    500815 152953729416797 39740448400    0    0    0     0       0          0
1784738655 | enp139s0f0np0: 208972687460209 56632647117    0 2473    0     0          0    500815 152957902251282 39741449960    0    0    0     0       0          0
1784738656 | enp139s0f0np0: 208972694152400 56632680413    0 2473    0     0          0    500815 152962120427778 39742462420    0    0    0     0       0          0
1784738657 | enp139s0f0np0: 208972700731281 56632713127    0 2473    0     0          0    500815 152966248152787 39743453178    0    0    0     0       0          0
1784738658 | enp139s0f0np0: 208972710898009 56632744552    0 2473    0     0          0    500815 152970067591541 39744370049    0    0    0     0       0          0
1784738659 | enp139s0f0np0: 208972722603788 56632778356    0 2473    0     0          0    500815 152974039307040 39745323675    0    0    0     0       0          0
1784738660 | enp139s0f0np0: 208972736179264 56632808313    0 2473    0     0          0    500815 152977209885115 39746085348    0    0    0     0       0          0
1784738661 | enp139s0f0np0: 208972745276352 56632836813    0 2473    0     0          0    500815 152980349523593 39746839341    0    0    0     0       0          0
1784738662 | enp139s0f0np0: 208972762631819 56632867028    0 2473    0     0          0    500815 152983423049745 39747577846    0    0    0     0       0          0
1784738663 | enp139s0f0np0: 208972784776364 56632898113    0 2473    0     0          0    500815 152986428201413 39748300102    0    0    0     0       0          0
1784738664 | enp139s0f0np0: 208972807032001 56632930218    0 2473    0     0          0    500815 152989618962880 39749066819    0    0    0     0       0          0
1784738665 | enp139s0f0np0: 208972821881995 56632959194    0 2473    0     0          0    500815 152992727926970 39749813698    0    0    0     0       0          0
1784738666 | enp139s0f0np0: 208972835109281 56632991793    0 2473    0     0          0    500815 152996445434779 39750706360    0    0    0     0       0          0
1784738667 | enp139s0f0np0: 208972851988402 56633027111    0 2473    0     0          0    500815 153000416330339 39751659895    0    0    0     0       0          0
1784738668 | enp139s0f0np0: 208972867898200 56633062202    0 2473    0     0          0    500815 153004499752254 39752640376    0    0    0     0       0          0
1784738669 | enp139s0f0np0: 208972879465021 56633096087    0 2473    0     0          0    500815 153008495342162 39753599691    0    0    0     0       0          0
1784738670 | enp139s0f0np0: 208972890357541 56633128064    0 2473    0     0          0    500815 153012149535729 39754477195    0    0    0     0       0          0
1784738671 | enp139s0f0np0: 208972908591673 56633153672    0 2473    0     0          0    500815 153014626264121 39755072644    0    0    0     0       0          0
1784738672 | enp139s0f0np0: 208972922586445 56633182505    0 2473    0     0          0    500815 153017896769287 39755858143    0    0    0     0       0          0
1784738673 | enp139s0f0np0: 208972937462374 56633216326    0 2473    0     0          0    500815 153021730823311 39756778742    0    0    0     0       0          0
1784738674 | enp139s0f0np0: 208972949013413 56633248059    0 2473    0     0          0    500816 153025511226970 39757686335    0    0    0     0       0          0
1784738675 | enp139s0f0np0: 208972960896343 56633282528    0 2473    0     0          0    500816 153029585964440 39758664594    0    0    0     0       0          0
1784738676 | enp139s0f0np0: 208972977934154 56633318273    0 2473    0     0          0    500816 153033706146215 39759653836    0    0    0     0       0          0
1784738677 | enp139s0f0np0: 208972999878741 56633354474    0 2473    0     0          0    500816 153037652920392 39760601602    0    0    0     0       0          0
1784738678 | enp139s0f0np0: 208973013069289 56633389771    0 2473    0     0          0    500816 153041777998034 39761591943    0    0    0     0       0          0
1784738679 | enp139s0f0np0: 208973019613858 56633423349    0 2473    0     0          0    500816 153045857352036 39762571195    0    0    0     0       0          0
1784738680 | enp139s0f0np0: 208973026036140 56633456516    0 2473    0     0          0    500816 153049880717706 39763536909    0    0    0     0       0          0
1784738681 | enp139s0f0np0: 208973032528612 56633489531    0 2473    0     0          0    500816 153053963259084 39764516936    0    0    0     0       0          0
1784738682 | enp139s0f0np0: 208973039030619 56633522701    0 2473    0     0          0    500816 153058028491680 39765492805    0    0    0     0       0          0
1784738683 | enp139s0f0np0: 208973045668171 56633556615    0 2473    0     0          0    500816 153062183917906 39766490260    0    0    0     0       0          0
1784738684 | enp139s0f0np0: 208973051939828 56633588511    0 2473    0     0          0    500816 153066104569680 39767431490    0    0    0     0       0          0
1784738685 | enp139s0f0np0: 208973058171472 56633619705    0 2473    0     0          0    500816 153070043103679 39768376913    0    0    0     0       0          0
1784738686 | enp139s0f0np0: 208973064278903 56633651193    0 2473    0     0          0    500816 153073870543811 39769295725    0    0    0     0       0          0
1784738687 | enp139s0f0np0: 208973070719828 56633684076    0 2473    0     0          0    500816 153077909840323 39770265341    0    0    0     0       0          0
1784738688 | enp139s0f0np0: 208973076491368 56633714538    0 2473    0     0          0    500816 153081456461881 39771116947    0    0    0     0       0          0
1784738689 | enp139s0f0np0: 208973082475983 56633746069    0 2473    0     0          0    500816 153085178601233 39772010495    0    0    0     0       0          0
1784738690 | enp139s0f0np0: 208973088420856 56633777400    0 2473    0     0          0    500816 153088833697939 39772888104    0    0    0     0       0          0
1784738691 | enp139s0f0np0: 208973094148662 56633807032    0 2473    0     0          0    500816 153092381538531 39773739992    0    0    0     0       0          0
1784738692 | enp139s0f0np0: 208973100227321 56633838551    0 2473    0     0          0    500816 153096106712345 39774634414    0    0    0     0       0          0
1784738693 | enp139s0f0np0: 208973106606365 56633871443    0 2473    0     0          0    500816 153100056511443 39775582620    0    0    0     0       0          0
1784738694 | enp139s0f0np0: 208973113035531 56633904492    0 2473    0     0          0    500816 153104053390693 39776542109    0    0    0     0       0          0
1784738695 | enp139s0f0np0: 208973119518288 56633938081    0 2473    0     0          0    500816 153108045458350 39777500488    0    0    0     0       0          0
1784738696 | enp139s0f0np0: 208973125929926 56633970767    0 2473    0     0          0    500816 153112021937548 39778455027    0    0    0     0       0          0
1784738697 | enp139s0f0np0: 208973132519082 56634004259    0 2473    0     0          0    500816 153116101465396 39779434291    0    0    0     0       0          0
1784738698 | enp139s0f0np0: 208973138748013 56634035847    0 2473    0     0          0    500816 153119994210192 39780368718    0    0    0     0       0          0
1784738699 | enp139s0f0np0: 208973144826417 56634066627    0 2473    0     0          0    500816 153123769450790 39781275071    0    0    0     0       0          0
1784738700 | enp139s0f0np0: 208973151194283 56634099004    0 2473    0     0          0    500816 153127719582144 39782223305    0    0    0     0       0          0
1784738701 | enp139s0f0np0: 208973157598820 56634131941    0 2473    0     0          0    500816 153131692709014 39783177074    0    0    0     0       0          0
1784738702 | enp139s0f0np0: 208973163806375 56634163577    0 2473    0     0          0    500816 153135549377600 39784102944    0    0    0     0       0          0
1784738703 | enp139s0f0np0: 208973170266282 56634195624    0 2473    0     0          0    500816 153139622437532 39785080600    0    0    0     0       0          0
1784738704 | enp139s0f0np0: 208973176528328 56634226816    0 2473    0     0          0    500817 153143533099642 39786019302    0    0    0     0       0          0
1784738705 | enp139s0f0np0: 208973180358646 56634247489    0 2473    0     0          0    500817 153145784472681 39786560377    0    0    0     0       0          0
1784738706 | enp139s0f0np0: 208973185411740 56634274289    0 2473    0     0          0    500817 153148852405677 39787297231    0    0    0     0       0          0
1784738707 | enp139s0f0np0: 208973191956413 56634307667    0 2473    0     0          0    500817 153152866413857 39788260772    0    0    0     0       0          0
1784738708 | enp139s0f0np0: 208973198606111 56634341712    0 2473    0     0          0    500817 153156994304723 39789251606    0    0    0     0       0          0
1784738709 | enp139s0f0np0: 208973205328047 56634375585    0 2473    0     0          0    500817 153161160412409 39790251614    0    0    0     0       0          0
1784738710 | enp139s0f0np0: 208973211980746 56634410017    0 2473    0     0          0    500817 153165244151719 39791231980    0    0    0     0       0          0
1784738711 | enp139s0f0np0: 208973218623674 56634444082    0 2473    0     0          0    500817 153169339389557 39792215158    0    0    0     0       0          0
1784738712 | enp139s0f0np0: 208973225208385 56634477675    0 2473    0     0          0    500817 153173408734549 39793192001    0    0    0     0       0          0
1784738713 | enp139s0f0np0: 208973231787880 56634510940    0 2473    0     0          0    500817 153177451572883 39794162635    0    0    0     0       0          0
1784738714 | enp139s0f0np0: 208973237902523 56634542870    0 2473    0     0          0    500817 153181194755501 39795061363    0    0    0     0       0          0
1784738715 | enp139s0f0np0: 208973244650640 56634576693    0 2473    0     0          0    500817 153185395724322 39796069724    0    0    0     0       0          0
1784738716 | enp139s0f0np0: 208973251018623 56634609246    0 2473    0     0          0    500817 153189276923444 39797001585    0    0    0     0       0          0
1784738717 | enp139s0f0np0: 208973257553534 56634642779    0 2473    0     0          0    500817 153193286286808 39797964130    0    0    0     0       0          0
1784738718 | enp139s0f0np0: 208973263235062 56634671962    0 2473    0     0          0    500817 153196740854066 39798793608    0    0    0     0       0          0
1784738719 | enp139s0f0np0: 208973269650468 56634705146    0 2473    0     0          0    500817 153200653101170 39799732875    0    0    0     0       0          0
1784738720 | enp139s0f0np0: 208973276319216 56634739568    0 2473    0     0          0    500817 153204753695470 39800717258    0    0    0     0       0          0
1784738721 | enp139s0f0np0: 208973282302873 56634770587    0 2473    0     0          0    500817 153208369513894 39801585375    0    0    0     0       0          0
1784738722 | enp139s0f0np0: 208973288712541 56634803531    0 2473    0     0          0    500817 153212301382162 39802529309    0    0    0     0       0          0
1784738723 | enp139s0f0np0: 208973295302286 56634837207    0 2473    0     0          0    500817 153216394263502 39803511838    0    0    0     0       0          0
1784738724 | enp139s0f0np0: 208973301613343 56634868745    0 2473    0     0          0    500817 153220314303242 39804452674    0    0    0     0       0          0
1784738725 | enp139s0f0np0: 208973307843638 56634900641    0 2473    0     0          0    500817 153224152700511 39805374157    0    0    0     0       0          0
1784738726 | enp139s0f0np0: 208973313649541 56634930656    0 2473    0     0          0    500817 153227660509031 39806216407    0    0    0     0       0          0
1784738727 | enp139s0f0np0: 208973319909515 56634963259    0 2473    0     0          0    500817 153231501453277 39807138676    0    0    0     0       0          0
1784738728 | enp139s0f0np0: 208973326267789 56634995752    0 2473    0     0          0    500817 153235430096573 39808081884    0    0    0     0       0          0
1784738729 | enp139s0f0np0: 208973332931208 56635029612    0 2473    0     0          0    500817 153239555789559 39809072176    0    0    0     0       0          0
1784738730 | enp139s0f0np0: 208973339551555 56635061920    0 2473    0     0          0    500817 153243707373819 39810068779    0    0    0     0       0          0
1784738731 | enp139s0f0np0: 208973346130553 56635095449    0 2473    0     0          0    500817 153247799139345 39811051048    0    0    0     0       0          0
1784738732 | enp139s0f0np0: 208973352798221 56635129221    0 2473    0     0          0    500817 153251864889557 39812027155    0    0    0     0       0          0
1784738733 | enp139s0f0np0: 208973359069666 56635161403    0 2473    0     0          0    500817 153255741960375 39812957943    0    0    0     0       0          0
1784738734 | enp139s0f0np0: 208973365548872 56635194661    0 2473    0     0          0    500818 153259715105552 39813911753    0    0    0     0       0          0
1784738735 | enp139s0f0np0: 208973372195848 56635228305    0 2473    0     0          0    500818 153263856601592 39814905926    0    0    0     0       0          0
1784738736 | enp139s0f0np0: 208973378766910 56635262244    0 2473    0     0          0    500818 153267916159408 39815880481    0    0    0     0       0          0
1784738737 | enp139s0f0np0: 208973385321587 56635296114    0 2473    0     0          0    500818 153271991943250 39816858900    0    0    0     0       0          0
1784738738 | enp139s0f0np0: 208973392070800 56635331179    0 2473    0     0          0    500818 153276189292182 39817866532    0    0    0     0       0          0
1784738739 | enp139s0f0np0: 208973398442429 56635363996    0 2473    0     0          0    500818 153280132422036 39818813117    0    0    0     0       0          0
1784738740 | enp139s0f0np0: 208973404319931 56635394495    0 2473    0     0          0    500818 153283803041242 39819694366    0    0    0     0       0          0
1784738741 | enp139s0f0np0: 208973410644361 56635426479    0 2473    0     0          0    500818 153287790455130 39820651523    0    0    0     0       0          0
1784738742 | enp139s0f0np0: 208973417191216 56635460160    0 2473    0     0          0    500818 153291863147256 39821629264    0    0    0     0       0          0
1784738743 | enp139s0f0np0: 208973423679379 56635494035    0 2473    0     0          0    500818 153295875631376 39822592634    0    0    0     0       0          0
1784738744 | enp139s0f0np0: 208973430350057 56635528570    0 2473    0     0          0    500818 153300045670021 39823593695    0    0    0     0       0          0
