1784734757 | enp139s0f0np0: 205334263784582 55709165139    0 2473    0     0          0    500685 149872294355933 38942844605    0    0    0     0       0          0
1784734758 | enp139s0f0np0: 205334263940245 55709165322    0 2473    0     0          0    500685 149872294355933 38942844605    0    0    0     0       0          0
1784734759 | enp139s0f0np0: 205334268483029 55709189460    0 2473    0     0          0    500685 149875083548198 38943514229    0    0    0     0       0          0
1784734760 | enp139s0f0np0: 205334274653997 55709220852    0 2473    0     0          0    500685 149878996413511 38944453738    0    0    0     0       0          0
1784734761 | enp139s0f0np0: 205334280819049 55709251335    0 2473    0     0          0    500685 149882953013752 38945403857    0    0    0     0       0          0
1784734762 | enp139s0f0np0: 205334286960625 55709281266    0 2473    0     0          0    500685 149886904813871 38946352723    0    0    0     0       0          0
1784734763 | enp139s0f0np0: 205334293189377 55709311456    0 2473    0     0          0    500685 149890902883131 38947312728    0    0    0     0       0          0
1784734764 | enp139s0f0np0: 205334299330919 55709341499    0 2473    0     0          0    500685 149894823088144 38948254076    0    0    0     0       0          0
1784734765 | enp139s0f0np0: 205334305396214 55709370753    0 2473    0     0          0    500685 149898740321557 38949194712    0    0    0     0       0          0
1784734766 | enp139s0f0np0: 205334311599653 55709401124    0 2473    0     0          0    500685 149902713751575 38950148798    0    0    0     0       0          0
1784734767 | enp139s0f0np0: 205334317795627 55709431619    0 2473    0     0          0    500685 149906696358345 38951105163    0    0    0     0       0          0
1784734768 | enp139s0f0np0: 205334323946382 55709461664    0 2473    0     0          0    500685 149910660443902 38952057047    0    0    0     0       0          0
1784734769 | enp139s0f0np0: 205334330216876 55709492098    0 2473    0     0          0    500685 149914688790432 38953024288    0    0    0     0       0          0
1784734770 | enp139s0f0np0: 205334336473633 55709522841    0 2473    0     0          0    500685 149918680923690 38953982826    0    0    0     0       0          0
1784734771 | enp139s0f0np0: 205334342594524 55709553002    0 2473    0     0          0    500685 149922576907197 38954918313    0    0    0     0       0          0
1784734772 | enp139s0f0np0: 205334348883355 55709584271    0 2473    0     0          0    500685 149926614068283 38955887698    0    0    0     0       0          0
1784734773 | enp139s0f0np0: 205334355067533 55709614799    0 2473    0     0          0    500685 149930557856633 38956834662    0    0    0     0       0          0
1784734774 | enp139s0f0np0: 205334361251798 55709645197    0 2473    0     0          0    500686 149934536143948 38957789973    0    0    0     0       0          0
1784734775 | enp139s0f0np0: 205334367429953 55709676128    0 2473    0     0          0    500686 149938486946470 38958738669    0    0    0     0       0          0
1784734776 | enp139s0f0np0: 205334373624562 55709706431    0 2473    0     0          0    500686 149942430944233 38959685677    0    0    0     0       0          0
1784734777 | enp139s0f0np0: 205334379749686 55709736767    0 2473    0     0          0    500686 149946340016133 38960624231    0    0    0     0       0          0
1784734778 | enp139s0f0np0: 205334386035632 55709766701    0 2473    0     0          0    500686 149950432099622 38961606671    0    0    0     0       0          0
1784734779 | enp139s0f0np0: 205334392279766 55709797345    0 2473    0     0          0    500686 149954416218603 38962563381    0    0    0     0       0          0
1784734780 | enp139s0f0np0: 205334398521275 55709828654    0 2473    0     0          0    500686 149958375775122 38963514210    0    0    0     0       0          0
1784734781 | enp139s0f0np0: 205334404742003 55709859516    0 2473    0     0          0    500686 149962374994084 38964474551    0    0    0     0       0          0
1784734782 | enp139s0f0np0: 205334410978027 55709890255    0 2473    0     0          0    500686 149966371964317 38965434338    0    0    0     0       0          0
1784734783 | enp139s0f0np0: 205334417310407 55709921458    0 2473    0     0          0    500686 149970432165897 38966409289    0    0    0     0       0          0
1784734784 | enp139s0f0np0: 205334423452781 55709951623    0 2473    0     0          0    500686 149974403203270 38967362870    0    0    0     0       0          0
1784734785 | enp139s0f0np0: 205334429541734 55709981453    0 2473    0     0          0    500686 149978297884444 38968298069    0    0    0     0       0          0
1784734786 | enp139s0f0np0: 205334435652406 55710011344    0 2473    0     0          0    500686 149982268986699 38969251692    0    0    0     0       0          0
1784734787 | enp139s0f0np0: 205334441775812 55710041168    0 2473    0     0          0    500686 149986215927020 38970199411    0    0    0     0       0          0
1784734788 | enp139s0f0np0: 205334448000419 55710072028    0 2473    0     0          0    500686 149990195965413 38971155095    0    0    0     0       0          0
1784734789 | enp139s0f0np0: 205334454180595 55710102619    0 2473    0     0          0    500686 149994178984658 38972111447    0    0    0     0       0          0
1784734790 | enp139s0f0np0: 205334460241008 55710132384    0 2473    0     0          0    500686 149998104126521 38973053877    0    0    0     0       0          0
1784734791 | enp139s0f0np0: 205334466393312 55710162734    0 2473    0     0          0    500686 150002033005377 38973997226    0    0    0     0       0          0
1784734792 | enp139s0f0np0: 205334472646337 55710194065    0 2473    0     0          0    500686 150006024827008 38974955696    0    0    0     0       0          0
1784734793 | enp139s0f0np0: 205334478763282 55710223295    0 2473    0     0          0    500686 150010022149198 38975915344    0    0    0     0       0          0
