======================================================
L1 bare-RADOS 256K random-read localization
host=tikv-node  pool=juicefs-data  obj=256K  runtime=60s  threads='16 128'  nic=eno1
ts=20260622-203812
======================================================

>>> Prefilling juicefs-data with 256K objects for 120s (write --no-cleanup)...
hints = 1
Maintaining 16 concurrent writes of 262144 bytes to objects of size 262144 for up to 120 seconds or 0 objects
Object prefix: benchmark_data_tikv-node_714205
  sec Cur ops   started  finished  avg MB/s  cur MB/s last lat(s)  avg lat(s)
    0       0         0         0         0         0           -           0
    1      16       457       441   110.239    110.25   0.0185493   0.0355171
    2      16       905       889   111.113       112   0.0183237   0.0356228
    3      16      1351      1335   111.236     111.5   0.0172124   0.0356407
    4      16      1799      1783   111.423       112   0.0423497   0.0356926
    5      16      2244      2228   111.385    111.25   0.0208312   0.0357046
    6      16      2691      2675   111.443    111.75   0.0199651   0.0357325
    7      16      3139      3123    111.52       112   0.0257455   0.0356818
    8      16      3586      3570   111.547    111.75   0.0401399   0.0357428
    9      16      4033      4017   111.567    111.75   0.0339835   0.0357503
   10      16      4319      4303    107.56      71.5   0.0135862   0.0369834
   11      16      4507      4491   102.054        47    0.104688   0.0389933
   12      16      4722      4706   98.0278     53.75   0.0193224   0.0407117
   13      16      4929      4913   94.4674     51.75   0.0293771    0.042228
   14      16      5148      5132   91.6301     54.75   0.0821409    0.043626
   15      16      5334      5318   88.6208      46.5   0.0132243   0.0450591
   16      16      5543      5527   86.3473     52.25    0.103498   0.0463057
   17      16      5758      5742   84.4294     53.75   0.0303321   0.0472292
   18      16      5966      5950   82.6275        52   0.0822453   0.0483809
   19      16      6165      6149   80.8966     49.75   0.0223381   0.0492985
2026-06-22T20:38:33.283496+0800 min lat: 0.00777319 max lat: 0.164431 avg lat: 0.0502105
  sec Cur ops   started  finished  avg MB/s  cur MB/s last lat(s)  avg lat(s)
   20      16      6379      6363   79.5266      53.5   0.0159085   0.0502105
   21      16      6596      6580   78.3226     54.25    0.019566   0.0510063
   22      16      6780      6764    76.853        46   0.0458103   0.0519357
   23      16      6989      6973    75.783     52.25    0.049001    0.052667
   24      16      7214      7198   74.9689     56.25   0.0513931   0.0533317
   25      16      7425      7409   74.0798     52.75   0.0903241   0.0539558
   26      16      7618      7602   73.0861     48.25   0.0173109    0.054621
   27      16      7821      7805   72.2585     50.75   0.0678451   0.0551984
   28      16      8049      8033   71.7132        57   0.0179368   0.0557416
   29      16      8243      8227   70.9125      48.5   0.0379585   0.0562627
   30      16      8444      8428   70.2235     50.25    0.102633   0.0569194
   31      16      8647      8631   69.5951     50.75   0.0145226   0.0573713
   32      16      8861      8845   69.0919      53.5   0.0414678   0.0577933
   33      16      9060      9044   68.5055     49.75   0.0931487   0.0583534
   34      16      9252      9236   67.9022        48   0.0207692   0.0588069
   35      16      9465      9449   67.4833     53.25   0.0419629   0.0591919
   36      16      9678      9662   67.0877     53.25   0.0216311   0.0595443
   37      16      9884      9868   66.6662      51.5   0.0141767   0.0599283
   38      16     10088     10072   66.2537        51   0.0208689   0.0602605
   39      16     10308     10292   65.9649        55   0.0212902   0.0605626
2026-06-22T20:38:53.286481+0800 min lat: 0.00777319 max lat: 0.207133 avg lat: 0.0609159
  sec Cur ops   started  finished  avg MB/s  cur MB/s last lat(s)  avg lat(s)
   40      16     10521     10505   65.6468     53.25   0.0835333   0.0609159
   41      16     10715     10699   65.2284      48.5   0.0253739   0.0612355
   42      16     10926     10910   64.9311     52.75   0.0129586   0.0615697
   43      16     11145     11129   64.6942     54.75   0.0822716   0.0618159
   44      16     11343     11327   64.3486      49.5   0.0208032   0.0620745
   45      16     11551     11535   64.0741        52   0.0429935    0.062406
   46      16     11758     11742    63.806     51.75   0.0926253   0.0626438
   47      16     11980     11964   63.6291      55.5   0.0241642   0.0628343
   48      16     12167     12151   63.2773     46.75    0.105964   0.0631297
   49      16     12381     12365   63.0776      53.5   0.0145381   0.0633722
   50      16     12594     12578   62.8809     53.25   0.0469081   0.0635488
   51      16     12800     12784   62.6575      51.5   0.0174219   0.0637969
   52      16     13006     12990   62.4428      51.5   0.0151192   0.0640265
   53      16     13219     13203   62.2692     53.25    0.021598   0.0641965
   54      16     13420     13404   62.0465     50.25   0.0995534   0.0644497
   55      16     13608     13592   61.7728        47   0.0821716   0.0646943
   56      16     13813     13797   61.5848     51.25   0.0192716   0.0648549
   57      15     14000     13985   61.3288        47   0.0890374   0.0651405
   58      16     14203     14187   61.1419      50.5   0.0207792   0.0653779
   59      16     14401     14385   60.9445      49.5   0.0435201   0.0655416
2026-06-22T20:39:13.289521+0800 min lat: 0.0075237 max lat: 0.213525 avg lat: 0.0657326
  sec Cur ops   started  finished  avg MB/s  cur MB/s last lat(s)  avg lat(s)
   60      16     14614     14598   60.8161     53.25   0.0199316   0.0657326
   61      16     14781     14765   60.5034     41.75   0.0185385   0.0660133
   62      16     14974     14958   60.3057     48.25   0.0185208   0.0662373
   63      16     15188     15172   60.1975      53.5   0.0594676   0.0663592
   64      16     15392     15376   60.0537        51   0.0136355   0.0665702
   65      16     15575     15559   59.8335     45.75   0.0157074   0.0667924
   66      16     15775     15759   59.6844        50   0.0858693   0.0669495
   67      16     15983     15967   59.5696        52   0.0194525   0.0670643
   68      16     16164     16148   59.3589     45.25   0.0456948   0.0673145
   69      16     16371     16355   59.2486     51.75   0.0818892   0.0674971
   70      16     16582     16566   59.1556     52.75   0.0934322   0.0676049
   71      16     16779     16763    59.016     49.25   0.0613156   0.0677216
   72      16     16971     16955   58.8629        48   0.0176382   0.0679002
   73      16     17174     17158   58.7516     50.75    0.100606   0.0680638
   74      16     17374     17358   58.6333        50   0.0172377   0.0681576
   75      16     17564     17548   58.4847      47.5    0.060677   0.0683231
   76      16     17754     17738   58.3401      47.5   0.0124379     0.06849
   77      16     17966     17950   58.2706        53   0.0945056   0.0686201
   78      16     18169     18153   58.1741     50.75   0.0178748    0.068707
   79      16     18356     18340   58.0294     46.75    0.111113    0.068922
2026-06-22T20:39:33.292561+0800 min lat: 0.0075237 max lat: 0.224939 avg lat: 0.0690233
  sec Cur ops   started  finished  avg MB/s  cur MB/s last lat(s)  avg lat(s)
   80      16     18549     18533   57.9071     48.25   0.0183785   0.0690233
   81      16     18759     18743   57.8402      52.5   0.0183495   0.0691208
   82      16     18948     18932    57.711     47.25   0.0137255   0.0692331
   83      16     19134     19118   57.5758      46.5   0.0446532   0.0694075
   84      16     19334     19318   57.4855        50   0.0506866    0.069511
   85      16     19539     19523   57.4121     51.25    0.082864      0.0696
   86      16     19726     19710    57.288     46.75   0.0216608   0.0697457
   87      16     19928     19912   57.2099      50.5   0.0451404   0.0698665
   88      16     20143     20127   57.1705     53.75    0.086962   0.0699525
   89      16     20337     20321    57.073      48.5   0.0115515   0.0700415
   90      16     20513     20497   56.9276        44   0.0124985   0.0701912
   91      16     20725     20709   56.8844        53   0.0259182   0.0702893
   92      16     20937     20921   56.8421        53   0.0210475   0.0703495
   93      16     21136     21120   56.7658     49.75   0.0448041   0.0704218
   94      16     21343     21327   56.7123     51.75  0.00926671    0.070516
   95      16     21532     21516   56.6126     47.25   0.0853063   0.0706203
   96      16     21734     21718   56.5489      50.5   0.0176465    0.070678
   97      16     21923     21907   56.4529     47.25   0.0806365    0.070794
   98      16     22133     22117   56.4125      52.5     0.11097   0.0708971
   99      16     22326     22310     56.33     48.25   0.0423742   0.0709572
2026-06-22T20:39:53.295641+0800 min lat: 0.00737005 max lat: 0.224939 avg lat: 0.071043
  sec Cur ops   started  finished  avg MB/s  cur MB/s last lat(s)  avg lat(s)
  100      16     22518     22502   56.2466        48   0.0869213    0.071043
  101      16     22704     22688   56.1501      46.5   0.0414768   0.0711883
  102      16     22915     22899   56.1166     52.75    0.014749    0.071265
  103      16     23113     23097   56.0523      49.5   0.0205952   0.0713044
  104      16     23301     23285   55.9652        47    0.110832   0.0714294
  105      16     23505     23489   55.9179        51    0.101036   0.0715252
  106      16     23705     23689    55.862        50   0.0979406   0.0715825
  107      16     23897     23881   55.7885        48   0.0284891   0.0716292
  108      16     24085     24069    55.707        47    0.015333   0.0717588
  109      16     24282     24266   55.6477     49.25   0.0265994   0.0718216
  110      16     24493     24477   55.6213     52.75   0.0915791   0.0718847
  111      16     24584     24568   55.3251     22.75   0.0108649   0.0722228
  112      16     24703     24687   55.0967     29.75   0.0389683   0.0725088
  113      16     24837     24821   54.9056      33.5   0.0127154   0.0728367
  114      16     25020     25004   54.8252     45.75   0.0914708   0.0729443
  115      16     25227     25211   54.7984     51.75   0.0702353   0.0729845
  116      16     25424     25408   54.7505     49.25     0.01436   0.0730296
  117      16     25638     25622   54.7398      53.5    0.092695   0.0730606
  118      16     25844     25828   54.7123      51.5   0.0461099   0.0730674
  119      16     26052     26036   54.6894        52   0.0153186   0.0731191
2026-06-22T20:40:13.298463+0800 min lat: 0.00737005 max lat: 0.261806 avg lat: 0.0731383
  sec Cur ops   started  finished  avg MB/s  cur MB/s last lat(s)  avg lat(s)
  120      14     26263     26249   54.6773     53.25   0.0158935   0.0731383
Total time run:         120.067
Total writes made:      26263
Write size:             262144
Object size:            262144
Bandwidth (MB/sec):     54.6841
Stddev Bandwidth:       16.971
Max bandwidth (MB/sec): 112
Min bandwidth (MB/sec): 22.75
Average IOPS:           218
Stddev IOPS:            67.8839
Max IOPS:               448
Min IOPS:               91
Average Latency(s):     0.0731375
Stddev Latency(s):      0.0343669
Max latency(s):         0.261806
Min latency(s):         0.00737005

======================================================
>>> rados bench RAND  pool=juicefs-data  -b 256K  -t 16  60s
======================================================
hints = 1
  sec Cur ops   started  finished  avg MB/s  cur MB/s last lat(s)  avg lat(s)
    0       0         0         0         0         0           -           0
    1      16       214       198   49.4913      49.5   0.0189973   0.0794188
    2      16       412       396   49.4918      49.5    0.173316   0.0747706
    3      16       585       569    47.409     43.25   0.0215873   0.0837031
    4      16       834       818   51.1169     62.25   0.0707028   0.0777278
    5      16      1101      1085   54.2415     66.75   0.0604817   0.0733434
    6      16      1299      1283     53.45      49.5    0.057191   0.0744626
    7      16      1588      1572   56.1338     72.25   0.0401755   0.0710148
    8      16      1904      1888   58.9908        79   0.0196481    0.067519
    9      16      2133      2117   58.7962     57.25   0.0363082   0.0678232
   10      16      2379      2363   59.0654      61.5   0.0236023   0.0674727
   11      16      2607      2591   58.8771        57   0.0489905   0.0677349
   12      16      2875      2859   59.5531        67   0.0288062   0.0670061
   13      16      3153      3137   60.3176      69.5   0.0489947   0.0661471
   14      16      3463      3447   61.5442      77.5   0.0528061   0.0648288
   15      16      3661      3645   60.7407      49.5   0.0175403   0.0656912
   16      16      3915      3899   60.9125      63.5   0.0263931   0.0655124
   17      16      4193      4177    61.417      69.5   0.0518502   0.0649682
   18      16      4437      4421   61.3933        61   0.0402121   0.0650214
   19      16      4759      4743   62.3982      80.5   0.0410398    0.063966
2026-06-22T20:40:34.390557+0800 min lat: 0.00492231 max lat: 0.705441 avg lat: 0.0630145
  sec Cur ops   started  finished  avg MB/s  cur MB/s last lat(s)  avg lat(s)
   20      16      5084      5068   63.3402     81.25   0.0280124   0.0630145
   21      16      5478      5462   65.0136      98.5   0.0319677   0.0614041
   22      16      5928      5912   67.1712     112.5   0.0232866   0.0594255
   23      16      6379      6363   69.1521    112.75   0.0380435    0.057723
   24      16      6826      6810   70.9263    111.75   0.0203049   0.0562836
   25      16      7242      7226   72.2486       104  0.00932008   0.0551919
   26      16      7691      7675   73.7864    112.25   0.0484814   0.0541109
   27      16      8123      8107   75.0531       108   0.0676306    0.053191
   28      16      8574      8558   76.3988    112.75   0.0219785   0.0522329
   29      16      9028      9012   77.6777     113.5   0.0820563   0.0513846
   30      15      9477      9462   78.8379     112.5   0.0209545   0.0506432
   31      16      9904      9888   79.7298     106.5   0.0291535   0.0500784
   32      16     10354     10338   80.7534     112.5   0.0290803   0.0494337
   33      16     10807     10791   81.7377    113.25   0.0574524    0.048843
   34      16     11259     11243   82.6567       113   0.0291278   0.0483077
   35      16     11710     11694    83.516    112.75   0.0573481   0.0477978
   36      16     12152     12136   84.2651     110.5   0.0247731   0.0473725
   37      16     12591     12575   84.9533    109.75   0.0372247   0.0469917
   38      16     13043     13027   85.6909       113   0.0526156   0.0465929
   39      16     13494     13478   86.3843    112.75     0.01614   0.0462177
2026-06-22T20:40:54.393547+0800 min lat: 0.00492231 max lat: 0.705441 avg lat: 0.0458697
  sec Cur ops   started  finished  avg MB/s  cur MB/s last lat(s)  avg lat(s)
   40      16     13946     13930   87.0493       113   0.0313844   0.0458697
   41      16     14396     14380   87.6696     112.5   0.0309458   0.0455403
   42      15     14817     14802   88.0936     105.5   0.0200228   0.0453216
   43      16     15271     15255   88.6783    113.25    0.040302   0.0450264
   44      16     15722     15706   89.2251    112.75   0.0165052   0.0447476
   45      16     16172     16156   89.7419     112.5   0.0281676   0.0444895
   46      16     16623     16607   90.2416    112.75   0.0485098   0.0442444
   47      16     17071     17055   90.7041       112   0.0276504    0.044017
   48      16     17526     17510   91.1839    113.75   0.0411343   0.0437929
   49      16     17968     17952   91.5778     110.5   0.0411392   0.0436016
   50      16     18418     18402   91.9961     112.5   0.0361616   0.0433982
   51      16     18870     18854   92.4076       113   0.0197121    0.043203
   52      16     19318     19302   92.7841       112   0.0209867   0.0430336
   53      16     19758     19742   93.1086       110   0.0263588   0.0428848
   54      16     20209     20193   93.4721    112.75   0.0310348   0.0427179
   55      16     20659     20643   93.8177     112.5   0.0396361   0.0425572
   56      16     21112     21096   94.1643    113.25   0.0197566    0.042399
   57      16     21562     21546   94.4857     112.5   0.0332599   0.0422585
   58      16     22014     21998   94.8047       113   0.0628866    0.042118
   59      16     22465     22449   95.1085    112.75   0.0399138   0.0419855
2026-06-22T20:41:14.396494+0800 min lat: 0.00492231 max lat: 0.705441 avg lat: 0.0418547
  sec Cur ops   started  finished  avg MB/s  cur MB/s last lat(s)  avg lat(s)
   60      11     22910     22899   95.3981     112.5   0.0180614   0.0418547
Total time run:       60.0315
Total reads made:     22910
Read size:            262144
Object size:          262144
Bandwidth (MB/sec):   95.4083
Average IOPS:         381
Stddev IOPS:          95.5929
Max IOPS:             455
Min IOPS:             173
Average Latency(s):   0.0418549
Max latency(s):       0.705441
Min latency(s):       0.00492231
---- L1 RESULT (t=16) ----
  rados bench rand bandwidth (effective read) : 95.4083 MB/s
  NIC eno1 RX over window                    : 99.1 MB/s
  NIC eno1 TX over window                    : 1.6 MB/s
  >>> amplification  RX/effective              : 1.04x
      (compare vs JuiceFS single-client ~2.5x:
         ~2.5x => amplification in librados/EC/network;
         ~1.x  => amplification inside JuiceFS, go L2 CephFS)

======================================================
>>> rados bench RAND  pool=juicefs-data  -b 256K  -t 128  60s
======================================================
hints = 1
  sec Cur ops   started  finished  avg MB/s  cur MB/s last lat(s)  avg lat(s)
    0       0         0         0         0         0           -           0
    1     128       564       436   108.976       109   0.0188805    0.234226
    2     128      1018       890   111.228     113.5    0.643259    0.255278
    3     128      1468      1340   111.645     112.5   0.0472325    0.255898
    4     128      1923      1795   112.168    113.75    0.293501    0.260627
    5     128      2373      2245   112.231     112.5     1.05397    0.262037
    6     128      2827      2699    112.44     113.5    0.144915    0.264086
    7     128      3274      3146   112.339    111.75   0.0751573    0.262374
    8     128      3723      3595   112.325    112.25   0.0973453    0.266634
    9     127      4174      4047   112.398       113     0.01864    0.266956
   10     128      4627      4499   112.456       113   0.0360241     0.27074
   11     128      5078      4950   112.481    112.75   0.0249326    0.270083
   12     128      5528      5400   112.481     112.5   0.0231995    0.272052
   13     128      5979      5851     112.5    112.75   0.0162069    0.272019
   14     128      6431      6303   112.534       113   0.0149443    0.273716
   15     128      6880      6752   112.514    112.25   0.0396268     0.27396
   16     128      7330      7202   112.512     112.5   0.0197541    0.275564
   17     128      7780      7652    112.51     112.5   0.0191042      0.2756
   18     128      8233      8105    112.55    113.25     1.32382    0.274862
   19     128      8684      8556   112.559    112.75   0.0189066    0.277126
2026-06-22T20:41:35.517971+0800 min lat: 0.00737758 max lat: 1.37852 avg lat: 0.276496
  sec Cur ops   started  finished  avg MB/s  cur MB/s last lat(s)  avg lat(s)
   20     128      9135      9007   112.568    112.75   0.0797054    0.276496
   21     128      9586      9458   112.576    112.75   0.0351703    0.276799
   22     128     10039      9911   112.605    113.25   0.0205196    0.276692
   23     128     10491     10363   112.622       113     1.26277    0.277136
   24     128     10941     10813   112.616     112.5   0.0269755    0.278231
   25     128     11393     11265    112.63       113   0.0179931    0.278071
   26     128     11845     11717   112.644       113   0.0469983    0.278515
   27     128     12295     12167   112.638     112.5   0.0152631    0.278105
   28     128     12746     12618   112.641    112.75     1.13096    0.278673
   29     128     13198     13070   112.653       113   0.0183364    0.279289
   30     128     13648     13520   112.647     112.5   0.0641207    0.278588
   31     128     14099     13971    112.65    112.75     1.20997     0.27933
   32     127     14552     14425   112.676     113.5      1.1555    0.279895
   33     128     15002     14874   112.662    112.25   0.0274657    0.279329
   34     128     15454     15326   112.672       113     1.10499    0.279961
   35     128     15905     15777   112.674    112.75    0.028963    0.279605
   36     128     16357     16229   112.682       113     1.24632    0.279685
   37     128     16809     16681    112.69       113   0.0228343    0.279749
   38     128     17259     17131   112.685     112.5   0.0191383    0.279937
   39     128     17708     17580   112.673    112.25   0.0196194    0.280143
2026-06-22T20:41:55.521376+0800 min lat: 0.00710871 max lat: 1.37852 avg lat: 0.280088
  sec Cur ops   started  finished  avg MB/s  cur MB/s last lat(s)  avg lat(s)
   40     128     18158     18030   112.668     112.5    0.033682    0.280088
   41     127     18607     18480   112.663     112.5    0.154642    0.280361
   42     128     19058     18930   112.659     112.5   0.0329276    0.280576
   43     128     19506     19378   112.643       112     1.02557    0.280868
   44     128     19958     19830   112.651       113   0.0184484    0.280675
   45     128     20409     20281   112.653    112.75     1.13147    0.280916
   46     128     20860     20732   112.654    112.75   0.0171733    0.280959
   47     128     21312     21184   112.661       113   0.0217444    0.280578
   48     128     21762     21634   112.658     112.5     1.09281    0.281264
   49     128     22213     22085   112.659    112.75    0.126878    0.281088
   50     128     22664     22536   112.661    112.75   0.0118722    0.280958
   51     128     23115     22987   112.662    112.75    0.018283    0.281136
   52     128     23564     23436   112.654    112.25   0.0297835    0.281065
   53     128     24017     23889   112.665    113.25    0.011698    0.280991
   54     128     24470     24342   112.675    113.25   0.0127232     0.28121
   55     128     24921     24793   112.676    112.75    0.027573    0.281144
   56     128     25372     25244   112.677    112.75   0.0222804    0.281005
   57     127     25824     25697   112.687    113.25   0.0363075     0.28163
   58     128     26274     26146   112.679    112.25     1.19277    0.281271
   59     128     26727     26599   112.688    113.25   0.0300996    0.281021
2026-06-22T20:42:15.524762+0800 min lat: 0.00692461 max lat: 1.37852 avg lat: 0.281687
  sec Cur ops   started  finished  avg MB/s  cur MB/s last lat(s)  avg lat(s)
   60     123     27176     27053   112.702     113.5    0.146018    0.281687
Total time run:       60.2816
Total reads made:     27176
Read size:            262144
Object size:          262144
Bandwidth (MB/sec):   112.704
Average IOPS:         450
Stddev IOPS:          2.51835
Max IOPS:             455
Min IOPS:             436
Average Latency(s):   0.283199
Max latency(s):       1.37852
Min latency(s):       0.00692461
---- L1 RESULT (t=128) ----
  rados bench rand bandwidth (effective read) : 112.704 MB/s
  NIC eno1 RX over window                    : 117.6 MB/s
  NIC eno1 TX over window                    : 1.9 MB/s
  >>> amplification  RX/effective              : 1.04x
      (compare vs JuiceFS single-client ~2.5x:
         ~2.5x => amplification in librados/EC/network;
         ~1.x  => amplification inside JuiceFS, go L2 CephFS)

>>> Cleaning up prefill objects (rados cleanup --run-name rados-l1-tikv-node)...
Removed 26263 objects

>>> DONE. Full output: /home/turboai/production/results/rados-256k-rand-rados-256k-rand-20260622-203812.txt
>>> Per-thread raw: /home/turboai/production/results/rados-256k-rand-rados-256k-rand-20260622-203812.txt.rand.t*
