1784773011 | enp139s0f0np0: 228420663259644 61688660002    0 2473    0     0          0    501960 175817274753896 45588866313    0    0    0     0       0          0
1784773012 | enp139s0f0np0: 228421832663095 61688951698    0 2473    0     0          0    501960 175817920570401 45589034405    0    0    0     0       0          0
1784773013 | enp139s0f0np0: 228424726534055 61689660995    0 2473    0     0          0    501960 175819517145242 45589438615    0    0    0     0       0          0
1784773014 | enp139s0f0np0: 228427638837042 61690374406    0 2473    0     0          0    501960 175821110190077 45589841142    0    0    0     0       0          0
1784773015 | enp139s0f0np0: 228430500499581 61691075879    0 2473    0     0          0    501960 175822601606831 45590220446    0    0    0     0       0          0
1784773016 | enp139s0f0np0: 228433413839291 61691790016    0 2473    0     0          0    501960 175824181513089 45590621520    0    0    0     0       0          0
1784773017 | enp139s0f0np0: 228436257066970 61692487674    0 2473    0     0          0    501960 175825779920058 45591027144    0    0    0     0       0          0
1784773018 | enp139s0f0np0: 228439142040087 61693195200    0 2473    0     0          0    501960 175827308164641 45591417586    0    0    0     0       0          0
1784773019 | enp139s0f0np0: 228442119887837 61693925750    0 2473    0     0          0    501960 175828913808477 45591825540    0    0    0     0       0          0
1784773020 | enp139s0f0np0: 228444969439096 61694625223    0 2473    0     0          0    501960 175830496068685 45592227453    0    0    0     0       0          0
1784773021 | enp139s0f0np0: 228447853615358 61695332369    0 2473    0     0          0    501960 175832048523859 45592619444    0    0    0     0       0          0
1784773022 | enp139s0f0np0: 228450838902128 61696064746    0 2473    0     0          0    501960 175833610310006 45593016045    0    0    0     0       0          0
1784773023 | enp139s0f0np0: 228453710717622 61696769698    0 2473    0     0          0    501960 175835124377099 45593402980    0    0    0     0       0          0
1784773024 | enp139s0f0np0: 228456571960944 61697472508    0 2473    0     0          0    501960 175836668146432 45593796954    0    0    0     0       0          0
1784773025 | enp139s0f0np0: 228459473053267 61698183969    0 2473    0     0          0    501960 175838210447069 45594186888    0    0    0     0       0          0
1784773026 | enp139s0f0np0: 228462308321388 61698880954    0 2473    0     0          0    501960 175839790526434 45594588245    0    0    0     0       0          0
1784773027 | enp139s0f0np0: 228465218467306 61699594655    0 2473    0     0          0    501961 175841255041250 45594961895    0    0    0     0       0          0
1784773028 | enp139s0f0np0: 228467951125088 61700266364    0 2473    0     0          0    501961 175842641160442 45595321631    0    0    0     0       0          0
1784773029 | enp139s0f0np0: 228470971036825 61701004515    0 2473    0     0          0    501961 175844180473550 45595712316    0    0    0     0       0          0
1784773030 | enp139s0f0np0: 228473911986201 61701724679    0 2473    0     0          0    501961 175845664277023 45596089597    0    0    0     0       0          0
1784773031 | enp139s0f0np0: 228476869819369 61702449182    0 2473    0     0          0    501961 175847187351226 45596476715    0    0    0     0       0          0
1784773032 | enp139s0f0np0: 228479796392346 61703166291    0 2473    0     0          0    501961 175848708396106 45596864493    0    0    0     0       0          0
1784773033 | enp139s0f0np0: 228482748747929 61703890076    0 2473    0     0          0    501961 175850213481431 45597248292    0    0    0     0       0          0
1784773034 | enp139s0f0np0: 228485679258349 61704609469    0 2473    0     0          0    501961 175851732563875 45597635803    0    0    0     0       0          0
1784773035 | enp139s0f0np0: 228488653613052 61705338773    0 2473    0     0          0    501961 175853262892155 45598026499    0    0    0     0       0          0
1784773036 | enp139s0f0np0: 228491686692196 61706081720    0 2473    0     0          0    501961 175854781599482 45598414325    0    0    0     0       0          0
1784773037 | enp139s0f0np0: 228494532318780 61706780900    0 2473    0     0          0    501961 175856223959674 45598785362    0    0    0     0       0          0
1784773038 | enp139s0f0np0: 228497110960139 61707414939    0 2473    0     0          0    501961 175857511772788 45599118133    0    0    0     0       0          0
1784773039 | enp139s0f0np0: 228499977036571 61708118267    0 2473    0     0          0    501961 175858944639405 45599486508    0    0    0     0       0          0
1784773040 | enp139s0f0np0: 228502936796429 61708843999    0 2473    0     0          0    501961 175860410789197 45599861050    0    0    0     0       0          0
1784773041 | enp139s0f0np0: 228505923096484 61709576311    0 2473    0     0          0    501961 175861877895750 45600237997    0    0    0     0       0          0
1784773042 | enp139s0f0np0: 228508876026964 61710299840    0 2473    0     0          0    501961 175863408996778 45600628405    0    0    0     0       0          0
1784773043 | enp139s0f0np0: 228511775542871 61711011106    0 2473    0     0          0    501961 175864860946068 45601000741    0    0    0     0       0          0
1784773044 | enp139s0f0np0: 228514656685514 61711718067    0 2473    0     0          0    501961 175866297038499 45601368994    0    0    0     0       0          0
1784773045 | enp139s0f0np0: 228517515577958 61712420312    0 2473    0     0          0    501961 175867812407593 45601755539    0    0    0     0       0          0
1784773046 | enp139s0f0np0: 228520412997769 61713129793    0 2473    0     0          0    501961 175869272922061 45602127783    0    0    0     0       0          0
1784773047 | enp139s0f0np0: 228523382766714 61713858261    0 2473    0     0          0    501961 175870737963401 45602501627    0    0    0     0       0          0
1784773048 | enp139s0f0np0: 228526344770360 61714585216    0 2473    0     0          0    501961 175872241501208 45602884746    0    0    0     0       0          0
1784773049 | enp139s0f0np0: 228529166214383 61715279581    0 2473    0     0          0    501961 175873730079412 45603266895    0    0    0     0       0          0
1784773050 | enp139s0f0np0: 228531714351723 61715905958    0 2473    0     0          0    501961 175875023748595 45603600015    0    0    0     0       0          0
1784773051 | enp139s0f0np0: 228534540848159 61716601240    0 2473    0     0          0    501961 175876471162028 45603973723    0    0    0     0       0          0
1784773052 | enp139s0f0np0: 228537417425270 61717306634    0 2473    0     0          0    501961 175877920457878 45604345420    0    0    0     0       0          0
1784773053 | enp139s0f0np0: 228540344597729 61718024028    0 2473    0     0          0    501961 175879400877195 45604723184    0    0    0     0       0          0
1784773054 | enp139s0f0np0: 228543210181588 61718727464    0 2473    0     0          0    501961 175880838866481 45605090427    0    0    0     0       0          0
1784773055 | enp139s0f0np0: 228546117366957 61719440305    0 2473    0     0          0    501961 175882245775050 45605450613    0    0    0     0       0          0
1784773056 | enp139s0f0np0: 228549122370825 61720177281    0 2473    0     0          0    501961 175883783862742 45605844526    0    0    0     0       0          0
1784773057 | enp139s0f0np0: 228552041577097 61720893227    0 2473    0     0          0    501962 175885262353506 45606220548    0    0    0     0       0          0
1784773058 | enp139s0f0np0: 228554975469058 61721612511    0 2473    0     0          0    501962 175886709096584 45606589462    0    0    0     0       0          0
1784773059 | enp139s0f0np0: 228557959497811 61722343773    0 2473    0     0          0    501962 175888196464382 45606968063    0    0    0     0       0          0
1784773060 | enp139s0f0np0: 228560995984250 61723088227    0 2473    0     0          0    501962 175889575869554 45607323718    0    0    0     0       0          0
1784773061 | enp139s0f0np0: 228564077389063 61723842306    0 2473    0     0          0    501962 175890948105746 45607673628    0    0    0     0       0          0
1784773062 | enp139s0f0np0: 228567299071366 61724628965    0 2473    0     0          0    501962 175892289234957 45608015802    0    0    0     0       0          0
1784773063 | enp139s0f0np0: 228570353364633 61725376474    0 2473    0     0          0    501962 175893612962532 45608356329    0    0    0     0       0          0
1784773064 | enp139s0f0np0: 228573324393954 61726104654    0 2473    0     0          0    501962 175895005502580 45608714988    0    0    0     0       0          0
1784773065 | enp139s0f0np0: 228576293339109 61726832439    0 2473    0     0          0    501962 175896452701108 45609085714    0    0    0     0       0          0
1784773066 | enp139s0f0np0: 228579263373217 61727560808    0 2473    0     0          0    501962 175897975230304 45609475115    0    0    0     0       0          0
1784773067 | enp139s0f0np0: 228582165159842 61728272650    0 2473    0     0          0    501962 175899458796010 45609853989    0    0    0     0       0          0
1784773068 | enp139s0f0np0: 228585019656651 61728974639    0 2473    0     0          0    501962 175900942311476 45610233700    0    0    0     0       0          0
1784773069 | enp139s0f0np0: 228587868858235 61729674221    0 2473    0     0          0    501962 175902363303416 45610599108    0    0    0     0       0          0
1784773070 | enp139s0f0np0: 228590769085928 61730385200    0 2473    0     0          0    501962 175903827044083 45610972664    0    0    0     0       0          0
1784773071 | enp139s0f0np0: 228593783912855 61731124158    0 2473    0     0          0    501962 175905292938609 45611347464    0    0    0     0       0          0
1784773072 | enp139s0f0np0: 228596766071499 61731854435    0 2473    0     0          0    501962 175906784109457 45611726547    0    0    0     0       0          0
1784773073 | enp139s0f0np0: 228599746554521 61732585266    0 2473    0     0          0    501962 175908256314563 45612103508    0    0    0     0       0          0
1784773074 | enp139s0f0np0: 228602635186647 61733294176    0 2473    0     0          0    501962 175909767483072 45612487326    0    0    0     0       0          0
1784773075 | enp139s0f0np0: 228605334563883 61733957144    0 2473    0     0          0    501962 175911118367074 45612834647    0    0    0     0       0          0
1784773076 | enp139s0f0np0: 228608252173278 61734672463    0 2473    0     0          0    501962 175912670608313 45613228583    0    0    0     0       0          0
1784773077 | enp139s0f0np0: 228610898087497 61735322666    0 2473    0     0          0    501962 175914073184300 45613588986    0    0    0     0       0          0
1784773078 | enp139s0f0np0: 228613882418530 61736053341    0 2473    0     0          0    501962 175915546726792 45613965986    0    0    0     0       0          0
1784773079 | enp139s0f0np0: 228616816838605 61736773363    0 2473    0     0          0    501962 175917079446742 45614356609    0    0    0     0       0          0
1784773080 | enp139s0f0np0: 228619708515145 61737482169    0 2473    0     0          0    501962 175918587411770 45614740758    0    0    0     0       0          0
1784773081 | enp139s0f0np0: 228622274399287 61738114015    0 2473    0     0          0    501962 175919918829877 45615085280    0    0    0     0       0          0
1784773082 | enp139s0f0np0: 228625259778592 61738845176    0 2473    0     0          0    501962 175921356463620 45615454655    0    0    0     0       0          0
1784773083 | enp139s0f0np0: 228628085993552 61739539028    0 2473    0     0          0    501962 175922807309566 45615826176    0    0    0     0       0          0
1784773084 | enp139s0f0np0: 228631005781884 61740255649    0 2473    0     0          0    501962 175924281196533 45616202069    0    0    0     0       0          0
1784773085 | enp139s0f0np0: 228633975490876 61740984185    0 2473    0     0          0    501962 175925777706563 45616584243    0    0    0     0       0          0
1784773086 | enp139s0f0np0: 228636916884492 61741705864    0 2473    0     0          0    501962 175927285570927 45616967090    0    0    0     0       0          0
1784773087 | enp139s0f0np0: 228639320425081 61742297297    0 2473    0     0          0    501963 175928539104552 45617289030    0    0    0     0       0          0
1784773088 | enp139s0f0np0: 228642084253649 61742975950    0 2473    0     0          0    501963 175929930767960 45617646365    0    0    0     0       0          0
1784773089 | enp139s0f0np0: 228644494724339 61743567806    0 2473    0     0          0    501963 175931145857834 45617958624    0    0    0     0       0          0
1784773090 | enp139s0f0np0: 228647494098959 61744302334    0 2473    0     0          0    501963 175932639205308 45618339499    0    0    0     0       0          0
1784773091 | enp139s0f0np0: 228650402680875 61745016670    0 2473    0     0          0    501963 175934121324181 45618719870    0    0    0     0       0          0
1784773092 | enp139s0f0np0: 228652763467311 61745597102    0 2473    0     0          0    501963 175935325402636 45619028284    0    0    0     0       0          0
1784773093 | enp139s0f0np0: 228655694672458 61746316084    0 2473    0     0          0    501963 175936854268825 45619417383    0    0    0     0       0          0
1784773094 | enp139s0f0np0: 228658579148998 61747023495    0 2473    0     0          0    501963 175938292588193 45619783981    0    0    0     0       0          0
1784773095 | enp139s0f0np0: 228661614408208 61747767165    0 2473    0     0          0    501963 175939798334468 45620168237    0    0    0     0       0          0
1784773096 | enp139s0f0np0: 228664532748586 61748483607    0 2473    0     0          0    501963 175941267371079 45620544188    0    0    0     0       0          0
1784773097 | enp139s0f0np0: 228666955272123 61749079624    0 2473    0     0          0    501963 175942491631068 45620859026    0    0    0     0       0          0
1784773098 | enp139s0f0np0: 228669879875063 61749797466    0 2473    0     0          0    501963 175943963617717 45621235513    0    0    0     0       0          0
1784773099 | enp139s0f0np0: 228672556367707 61750455693    0 2473    0     0          0    501963 175945318286057 45621584612    0    0    0     0       0          0
1784773100 | enp139s0f0np0: 228675402517068 61751154779    0 2473    0     0          0    501963 175946731372301 45621949045    0    0    0     0       0          0
1784773101 | enp139s0f0np0: 228678352715655 61751878161    0 2473    0     0          0    501963 175948155958582 45622315188    0    0    0     0       0          0
1784773102 | enp139s0f0np0: 228680737760150 61752464173    0 2473    0     0          0    501963 175949387113768 45622630940    0    0    0     0       0          0
1784773103 | enp139s0f0np0: 228683716826879 61753194298    0 2473    0     0          0    501963 175950890189821 45623014636    0    0    0     0       0          0
1784773104 | enp139s0f0np0: 228686567018076 61753893883    0 2473    0     0          0    501963 175952308350548 45623377744    0    0    0     0       0          0
1784773105 | enp139s0f0np0: 228689557137551 61754625971    0 2473    0     0          0    501963 175953744069306 45623745220    0    0    0     0       0          0
1784773106 | enp139s0f0np0: 228692513379557 61755350087    0 2473    0     0          0    501963 175955198437126 45624115743    0    0    0     0       0          0
1784773107 | enp139s0f0np0: 228695187975450 61756007174    0 2473    0     0          0    501963 175956563187461 45624466980    0    0    0     0       0          0
1784773108 | enp139s0f0np0: 228698192514579 61756743281    0 2473    0     0          0    501963 175958040142277 45624843653    0    0    0     0       0          0
1784773109 | enp139s0f0np0: 228701186928467 61757476334    0 2473    0     0          0    501963 175959440204395 45625202468    0    0    0     0       0          0
1784773110 | enp139s0f0np0: 228704213660850 61758217314    0 2473    0     0          0    501963 175960829420809 45625559359    0    0    0     0       0          0
1784773111 | enp139s0f0np0: 228707266904016 61758965117    0 2473    0     0          0    501963 175962209372703 45625914504    0    0    0     0       0          0
1784773112 | enp139s0f0np0: 228710401381073 61759730927    0 2473    0     0          0    501963 175963574264084 45626262542    0    0    0     0       0          0
1784773113 | enp139s0f0np0: 228713396370276 61760463316    0 2473    0     0          0    501963 175964866025211 45626593963    0    0    0     0       0          0
1784773114 | enp139s0f0np0: 228716402703663 61761199637    0 2473    0     0          0    501963 175966227793083 45626943653    0    0    0     0       0          0
1784773115 | enp139s0f0np0: 228719424462667 61761940337    0 2473    0     0          0    501963 175967617607621 45627300321    0    0    0     0       0          0
1784773116 | enp139s0f0np0: 228722322985742 61762652157    0 2473    0     0          0    501963 175969089453290 45627675674    0    0    0     0       0          0
1784773117 | enp139s0f0np0: 228724592675131 61763208944    0 2473    0     0          0    501964 175970163749674 45627951952    0    0    0     0       0          0
1784773118 | enp139s0f0np0: 228727561368036 61763936578    0 2473    0     0          0    501964 175971696588490 45628341400    0    0    0     0       0          0
1784773119 | enp139s0f0np0: 228730501167166 61764658109    0 2473    0     0          0    501964 175973191425663 45628723866    0    0    0     0       0          0
1784773120 | enp139s0f0np0: 228733355621944 61765359632    0 2473    0     0          0    501964 175974638836045 45629095384    0    0    0     0       0          0
1784773121 | enp139s0f0np0: 228735696249208 61765934410    0 2473    0     0          0    501964 175975831659303 45629400983    0    0    0     0       0          0
1784773122 | enp139s0f0np0: 228738649563178 61766657074    0 2473    0     0          0    501964 175977297234572 45629773670    0    0    0     0       0          0
1784773123 | enp139s0f0np0: 228741591845748 61767378745    0 2473    0     0          0    501964 175978794944284 45630155859    0    0    0     0       0          0
1784773124 | enp139s0f0np0: 228744545728887 61768103715    0 2473    0     0          0    501964 175980306323662 45630541447    0    0    0     0       0          0
1784773125 | enp139s0f0np0: 228747143778305 61768741927    0 2473    0     0          0    501964 175981648401625 45630884908    0    0    0     0       0          0
1784773126 | enp139s0f0np0: 228749887045217 61769416631    0 2473    0     0          0    501964 175983069282897 45631249858    0    0    0     0       0          0
1784773127 | enp139s0f0np0: 228752699913097 61770108218    0 2473    0     0          0    501964 175984455964496 45631607282    0    0    0     0       0          0
1784773128 | enp139s0f0np0: 228755548149001 61770807472    0 2473    0     0          0    501964 175985866616911 45631969768    0    0    0     0       0          0
1784773129 | enp139s0f0np0: 228758458409032 61771521952    0 2473    0     0          0    501964 175987340617670 45632346450    0    0    0     0       0          0
1784773130 | enp139s0f0np0: 228761388122186 61772240410    0 2473    0     0          0    501964 175988805340337 45632720734    0    0    0     0       0          0
1784773131 | enp139s0f0np0: 228764325557057 61772961778    0 2473    0     0          0    501964 175990294319275 45633101462    0    0    0     0       0          0
1784773132 | enp139s0f0np0: 228766617631054 61773524692    0 2473    0     0          0    501964 175991496370634 45633408944    0    0    0     0       0          0
1784773133 | enp139s0f0np0: 228769517995809 61774235920    0 2473    0     0          0    501964 175992974934739 45633786237    0    0    0     0       0          0
1784773134 | enp139s0f0np0: 228772331709362 61774927613    0 2473    0     0          0    501964 175994407776716 45634153986    0    0    0     0       0          0
1784773135 | enp139s0f0np0: 228775260479452 61775646440    0 2473    0     0          0    501964 175995897527589 45634534624    0    0    0     0       0          0
1784773136 | enp139s0f0np0: 228778199189567 61776367676    0 2473    0     0          0    501964 175997398359878 45634917879    0    0    0     0       0          0
1784773137 | enp139s0f0np0: 228781068420502 61777073171    0 2473    0     0          0    501964 175998901134770 45635302723    0    0    0     0       0          0
1784773138 | enp139s0f0np0: 228784029592092 61777798963    0 2473    0     0          0    501964 176000414842168 45635689307    0    0    0     0       0          0
1784773139 | enp139s0f0np0: 228786958864936 61778517071    0 2473    0     0          0    501964 176001894219211 45636066700    0    0    0     0       0          0
1784773140 | enp139s0f0np0: 228789872009807 61779233242    0 2473    0     0          0    501964 176003430440911 45636459114    0    0    0     0       0          0
1784773142 | enp139s0f0np0: 228792791029735 61779949449    0 2473    0     0          0    501964 176004864602452 45636827435    0    0    0     0       0          0
1784773143 | enp139s0f0np0: 228795593759399 61780637938    0 2473    0     0          0    501964 176006297097506 45637193965    0    0    0     0       0          0
1784773144 | enp139s0f0np0: 228798498597186 61781351095    0 2473    0     0          0    501964 176007750184576 45637566525    0    0    0     0       0          0
1784773145 | enp139s0f0np0: 228801314952854 61782044110    0 2473    0     0          0    501964 176009233889246 45637948172    0    0    0     0       0          0
1784773146 | enp139s0f0np0: 228804067426689 61782720387    0 2473    0     0          0    501964 176010576519510 45638292393    0    0    0     0       0          0
1784773147 | enp139s0f0np0: 228806963081248 61783431867    0 2473    0     0          0    501964 176012014433891 45638663273    0    0    0     0       0          0
1784773148 | enp139s0f0np0: 228809860857559 61784143219    0 2473    0     0          0    501965 176013450214635 45639031846    0    0    0     0       0          0
1784773149 | enp139s0f0np0: 228812569009071 61784808575    0 2473    0     0          0    501965 176014815048890 45639380551    0    0    0     0       0          0
1784773150 | enp139s0f0np0: 228815519124075 61785532189    0 2473    0     0          0    501965 176016251195689 45639748109    0    0    0     0       0          0
1784773151 | enp139s0f0np0: 228818405971840 61786240504    0 2473    0     0          0    501965 176017692864171 45640116660    0    0    0     0       0          0
1784773152 | enp139s0f0np0: 228821330183128 61786957706    0 2473    0     0          0    501965 176019152167318 45640489121    0    0    0     0       0          0
1784773153 | enp139s0f0np0: 228824270325003 61787678728    0 2473    0     0          0    501965 176020622692921 45640865357    0    0    0     0       0          0
1784773154 | enp139s0f0np0: 228827221660746 61788402742    0 2473    0     0          0    501965 176022119227086 45641248063    0    0    0     0       0          0
1784773155 | enp139s0f0np0: 228830122819553 61789115315    0 2473    0     0          0    501965 176023557170788 45641616124    0    0    0     0       0          0
1784773156 | enp139s0f0np0: 228833038813403 61789831130    0 2473    0     0          0    501965 176024968893775 45641980454    0    0    0     0       0          0
1784773157 | enp139s0f0np0: 228835984126418 61790553890    0 2473    0     0          0    501965 176026435641983 45642357474    0    0    0     0       0          0
1784773158 | enp139s0f0np0: 228838888342948 61791266780    0 2473    0     0          0    501965 176027833578265 45642717249    0    0    0     0       0          0
1784773159 | enp139s0f0np0: 228841747021670 61791969051    0 2473    0     0          0    501965 176029183418295 45643066474    0    0    0     0       0          0
1784773160 | enp139s0f0np0: 228844725628702 61792698652    0 2473    0     0          0    501965 176030584576619 45643424891    0    0    0     0       0          0
1784773161 | enp139s0f0np0: 228847619963824 61793408831    0 2473    0     0          0    501965 176031949066328 45643774955    0    0    0     0       0          0
1784773162 | enp139s0f0np0: 228850667246680 61794155043    0 2473    0     0          0    501965 176033340304561 45644132325    0    0    0     0       0          0
1784773163 | enp139s0f0np0: 228853795571427 61794919463    0 2473    0     0          0    501965 176034637121621 45644466221    0    0    0     0       0          0
1784773164 | enp139s0f0np0: 228856917156277 61795682265    0 2473    0     0          0    501965 176035971682969 45644809542    0    0    0     0       0          0
1784773165 | enp139s0f0np0: 228860033329969 61796444528    0 2473    0     0          0    501965 176037355485400 45645164905    0    0    0     0       0          0
1784773166 | enp139s0f0np0: 228862958706262 61797161915    0 2473    0     0          0    501965 176038770769758 45645528979    0    0    0     0       0          0
1784773167 | enp139s0f0np0: 228865859609216 61797874222    0 2473    0     0          0    501965 176040211933805 45645897714    0    0    0     0       0          0
1784773168 | enp139s0f0np0: 228868758473504 61798586302    0 2473    0     0          0    501965 176041680931737 45646273449    0    0    0     0       0          0
1784773169 | enp139s0f0np0: 228871672265778 61799301714    0 2473    0     0          0    501965 176043156246303 45646651387    0    0    0     0       0          0
1784773170 | enp139s0f0np0: 228874572749420 61800014051    0 2473    0     0          0    501965 176044623121972 45647024973    0    0    0     0       0          0
1784773171 | enp139s0f0np0: 228877398341273 61800708534    0 2473    0     0          0    501965 176046053432337 45647391406    0    0    0     0       0          0
1784773172 | enp139s0f0np0: 228880268861518 61801413825    0 2473    0     0          0    501965 176047477076818 45647757664    0    0    0     0       0          0
1784773173 | enp139s0f0np0: 228883145048391 61802120057    0 2473    0     0          0    501965 176048976045095 45648139679    0    0    0     0       0          0
1784773174 | enp139s0f0np0: 228885845432229 61802784288    0 2473    0     0          0    501965 176050302174834 45648481555    0    0    0     0       0          0
1784773175 | enp139s0f0np0: 228888684334317 61803481545    0 2473    0     0          0    501965 176051732517517 45648847935    0    0    0     0       0          0
1784773176 | enp139s0f0np0: 228891485411374 61804168768    0 2473    0     0          0    501965 176053044370514 45649186314    0    0    0     0       0          0
1784773177 | enp139s0f0np0: 228893803658816 61804738733    0 2473    0     0          0    501966 176054257826603 45649496979    0    0    0     0       0          0
1784773178 | enp139s0f0np0: 228896611465122 61805428306    0 2473    0     0          0    501966 176055717852958 45649871735    0    0    0     0       0          0
1784773179 | enp139s0f0np0: 228899133824238 61806048928    0 2473    0     0          0    501966 176056990972274 45650199570    0    0    0     0       0          0
1784773180 | enp139s0f0np0: 228902047130666 61806763648    0 2473    0     0          0    501966 176058472953236 45650578810    0    0    0     0       0          0
1784773181 | enp139s0f0np0: 228904833677771 61807448770    0 2473    0     0          0    501966 176059888163194 45650942615    0    0    0     0       0          0
1784773182 | enp139s0f0np0: 228907281474022 61808050528    0 2473    0     0          0    501966 176061128030115 45651260386    0    0    0     0       0          0
1784773183 | enp139s0f0np0: 228910174352991 61808760777    0 2473    0     0          0    501966 176062586626722 45651634190    0    0    0     0       0          0
1784773184 | enp139s0f0np0: 228912456039241 61809321660    0 2473    0     0          0    501966 176063742479478 45651930912    0    0    0     0       0          0
1784773185 | enp139s0f0np0: 228915336046431 61810028723    0 2473    0     0          0    501966 176065202105330 45652303311    0    0    0     0       0          0
1784773186 | enp139s0f0np0: 228918191702941 61810730184    0 2473    0     0          0    501966 176066691556395 45652684168    0    0    0     0       0          0
1784773187 | enp139s0f0np0: 228920663752684 61811337657    0 2473    0     0          0    501966 176067952086351 45653007757    0    0    0     0       0          0
1784773188 | enp139s0f0np0: 228923542661889 61812045402    0 2473    0     0          0    501966 176069389992073 45653378227    0    0    0     0       0          0
1784773189 | enp139s0f0np0: 228926085755476 61812670182    0 2473    0     0          0    501966 176070636055262 45653698497    0    0    0     0       0          0
1784773190 | enp139s0f0np0: 228928969518346 61813378410    0 2473    0     0          0    501966 176072103635784 45654073925    0    0    0     0       0          0
1784773191 | enp139s0f0np0: 228931527618284 61814008813    0 2473    0     0          0    501966 176073409743104 45654410915    0    0    0     0       0          0
1784773192 | enp139s0f0np0: 228934335503980 61814698069    0 2473    0     0          0    501966 176074757479192 45654756432    0    0    0     0       0          0
