hints = 1
  sec Cur ops   started  finished  avg MB/s  cur MB/s last lat(s)  avg lat(s)
    0       0         0         0         0         0           -           0
    1     128     18465     18337   4583.73   4584.25   0.0154049   0.0069167
    2     128     35754     35626   4452.79   4322.25   0.0137038  0.00714707
    3     128     53434     53306   4441.71      4420  0.00118105  0.00716675
    4     127     71524     71397    4461.9   4522.75 0.000932331  0.00714151
    5     128     89290     89162   4457.72   4441.25  0.00188341  0.00715066
    6     128    107312    107184   4465.62    4505.5   0.0175897  0.00714022
    7     128    125487    125359   4476.73   4543.75  0.00120091  0.00712393
    8     128    143083    142955   4466.97      4399  0.00163819   0.0071408
    9     128    160588    160460   4456.84   4376.25   0.0191295  0.00715744
   10     128    178309    178181   4454.15   4430.25  0.00268219  0.00716293
   11     127    196036    195909    4452.1      4432  0.00247264  0.00716772
   12     128    213419    213291   4443.18    4345.5  0.00165997  0.00718137
   13     127    231660    231533   4452.18    4560.5  0.00139483  0.00716719
   14     128    249368    249240   4450.33   4426.75 0.000581952   0.0071702
   15     128    267152    267024   4450.02      4446  0.00271082  0.00717111
   16     128    284812    284684   4447.81      4415   0.0166423   0.0071751
   17     128    302297    302169   4443.28   4371.25    0.022074  0.00718233
   18     128    319788    319660   4439.34   4372.75 0.000862957  0.00718896
   19     127    337421    337294    4437.7    4408.5  0.00175741  0.00719173
2026-07-19T00:53:50.109501+0700 min lat: 0.000367353 max lat: 0.0429561 avg lat: 0.0071956
  sec Cur ops   started  finished  avg MB/s  cur MB/s last lat(s)  avg lat(s)
   20     128    354979    354851   4435.25   4389.25 0.000905702   0.0071956
   21     128    372880    372752   4437.14   4475.25  0.00188258  0.00719335
   22     127    390853    390726   4439.68    4493.5   0.0180444  0.00718926
   23     128    408823    408695   4441.95   4492.25   0.0160943  0.00718497
   24     128    426602    426474   4442.04   4444.75  0.00132394  0.00718522
   25     127    443985    443858   4438.19      4346  0.00142311  0.00719146
   26     128    461830    461702   4439.05      4461    0.011241  0.00719115
   27     128    479092    478964   4434.46    4315.5 0.000491253  0.00719805
   28     128    496989    496861   4435.87   4474.25   0.0190924  0.00719565
   29     128    514626    514498   4434.94   4409.25   0.0186198  0.00719743
   30     128    531887    531759   4430.94   4315.25   0.0225413  0.00720385
   31     127    549798    549671   4432.45      4478   0.0178806  0.00720158
   32     128    567711    567583   4433.86      4478  0.00188497   0.0071993
   33     127    586132    586005   4439.05    4605.5  0.00138567  0.00719094
   34     128    603749    603621   4438.01      4404  0.00121665  0.00719269
   35     128    621174    621046   4435.66   4356.25   0.0148374  0.00719653
   36     128    638738    638610   4434.41      4391   0.0167125  0.00719856
   37     127    656530    656403   4434.77   4448.25   0.0172096  0.00719809
   38     128    674364    674236   4435.38   4458.25 0.000849077  0.00719684
   39     128    692029    691901   4434.88   4416.25  0.00157717  0.00719813
2026-07-19T00:54:10.111242+0700 min lat: 0.000329955 max lat: 0.0434368 avg lat: 0.00719806
  sec Cur ops   started  finished  avg MB/s  cur MB/s last lat(s)  avg lat(s)
   40     128    709743    709615   4434.71    4428.5 0.000946359  0.00719806
   41     128    726899    726771   4431.14      4289  0.00183991  0.00720415
   42     128    744758    744630   4431.93   4464.75   0.0167452   0.0072028
   43     128    762084    761956   4429.59    4331.5  0.00122026  0.00720666
   44     128    780272    780144   4432.25      4547   0.0153275  0.00720223
   45     128    798668    798540   4435.95      4599  0.00164395   0.0071963
   46     127    816142    816015   4434.48   4368.75    0.016494  0.00719889
   47     128    834167    834039   4435.99      4506   0.0152746  0.00719634
   48     127    851508    851381   4433.89    4335.5 0.000923137  0.00719974
   49     128    868019    867891   4427.63    4127.5 0.000942764  0.00720973
   50     128    885191    885063   4424.93      4293   0.0163907  0.00721421
   51     128    902857    902729   4424.76    4416.5   0.0167163  0.00721443
   52     128    920133    920005   4422.72      4319   0.0188151  0.00721788
   53     127    937461    937334      4421   4332.25 0.000858294  0.00722025
   54     128    955365    955237   4422.01   4475.75  0.00103208   0.0072191
   55     127    973546    973419   4424.25    4545.5  0.00135918  0.00721546
   56     127    990743    990616   4422.01   4299.25   0.0110863  0.00721904
   57     128   1008894   1008766   4424.03    4537.5   0.0146767  0.00721583
   58     128   1026503   1026375   4423.65   4402.25  0.00114917  0.00721648
   59     127   1044397   1044270   4424.49   4473.75  0.00123968  0.00721521
2026-07-19T00:54:30.112910+0700 min lat: 0.000329955 max lat: 0.0434368 avg lat: 0.00721667
  sec Cur ops   started  finished  avg MB/s  cur MB/s last lat(s)  avg lat(s)
   60      77   1061819   1061742   4423.55      4368   0.0205725  0.00721667
Total time run:       60.0161
Total reads made:     1061819
Read size:            262144
Object size:          262144
Bandwidth (MB/sec):   4423.06
Average IOPS:         17692
Stddev IOPS:          354.609
Max IOPS:             18422
Min IOPS:             16510
Average Latency(s):   0.00721732
Max latency(s):       0.0434368
Min latency(s):       0.000329955
