Linux 5.15.0-170-generic (oneasia-c1-cpu-node10) 	07/16/26 	_x86_64_	(128 CPU)

11:04:58      UID       PID    %usr %system  %guest   %wait    %CPU   CPU  Command
11:04:59     1002   2427088    1.00    0.00    0.00    0.00    1.00    26  juicefs
11:05:00     1002   2427088    0.00    0.00    0.00    0.00    0.00    26  juicefs
11:05:01     1002   2427088    0.00    0.00    0.00    0.00    0.00    26  juicefs
11:05:02     1002   2427088    0.00    0.00    0.00    0.00    0.00    26  juicefs
11:05:03     1002   2427088    0.00    0.00    0.00    0.00    0.00    26  juicefs
11:05:04     1002   2427088    1.00    0.00    0.00    0.00    1.00    26  juicefs
11:05:05     1002   2427088    0.00    0.00    0.00    0.00    0.00    26  juicefs
11:05:06     1002   2427088    0.00    0.00    0.00    0.00    0.00    26  juicefs
11:05:07     1002   2427088    0.00    0.00    0.00    0.00    0.00    26  juicefs
11:05:08     1002   2427088    0.00    0.00    0.00    0.00    0.00    26  juicefs
11:05:09     1002   2427088    0.00    0.00    0.00    0.00    0.00    26  juicefs
11:05:10     1002   2427088    0.00    0.00    0.00    0.00    0.00    26  juicefs
11:05:11     1002   2427088    0.00    0.00    0.00    0.00    0.00    26  juicefs
11:05:12     1002   2427088    0.00    0.00    0.00    0.00    0.00    26  juicefs
11:05:13     1002   2427088    0.00    0.00    0.00    0.00    0.00    26  juicefs
11:05:14     1002   2427088    0.00    0.00    0.00    0.00    0.00    26  juicefs
11:05:15     1002   2427088    0.00    0.00    0.00    0.00    0.00    26  juicefs
11:05:16     1002   2427088    0.00    0.00    0.00    0.00    0.00    26  juicefs
11:05:17     1002   2427088    0.00    0.00    0.00    0.00    0.00    26  juicefs
11:05:18     1002   2427088    0.00    0.00    0.00    0.00    0.00    26  juicefs
11:05:19     1002   2427088    0.00    0.00    0.00    0.00    0.00    26  juicefs
11:05:20     1002   2427088    0.00    0.00    0.00    0.00    0.00    26  juicefs
11:05:21     1002   2427088    0.00    0.00    0.00    0.00    0.00    26  juicefs
11:05:22     1002   2427088    0.00    0.00    0.00    0.00    0.00    26  juicefs
11:05:23     1002   2427088    0.00    0.00    0.00    0.00    0.00    26  juicefs
11:05:24     1002   2427088    0.00    0.00    0.00    0.00    0.00    26  juicefs
11:05:25     1002   2427088    0.00    0.00    0.00    0.00    0.00    26  juicefs
