Linux 5.15.0-170-generic (oneasia-c1-cpu-node10) 	07/16/26 	_x86_64_	(128 CPU)

11:09:25      UID       PID    %usr %system  %guest   %wait    %CPU   CPU  Command
11:09:26     1002   2427088    0.00    0.00    0.00    0.00    0.00    26  juicefs
11:09:27     1002   2427088    0.00    0.00    0.00    0.00    0.00    26  juicefs
11:09:28     1002   2427088    0.00    0.00    0.00    0.00    0.00    26  juicefs
11:09:29     1002   2427088    0.00    0.00    0.00    0.00    0.00    26  juicefs
11:09:30     1002   2427088    0.00    0.00    0.00    0.00    0.00    26  juicefs
11:09:31     1002   2427088    0.00    0.00    0.00    0.00    0.00    26  juicefs
11:09:32     1002   2427088    0.00    0.00    0.00    0.00    0.00    26  juicefs
11:09:33     1002   2427088    0.00    0.00    0.00    0.00    0.00    26  juicefs
11:09:34     1002   2427088    0.00    0.00    0.00    0.00    0.00    26  juicefs
11:09:35     1002   2427088    0.00    0.00    0.00    0.00    0.00    26  juicefs
11:09:36     1002   2427088    0.00    0.00    0.00    0.00    0.00    26  juicefs
11:09:37     1002   2427088    0.00    0.00    0.00    0.00    0.00    26  juicefs
11:09:38     1002   2427088    0.00    0.00    0.00    0.00    0.00    26  juicefs
11:09:39     1002   2427088    0.00    0.00    0.00    0.00    0.00    26  juicefs
11:09:40     1002   2427088    0.00    0.00    0.00    0.00    0.00    26  juicefs
11:09:41     1002   2427088    0.00    0.00    0.00    0.00    0.00    26  juicefs
11:09:42     1002   2427088    0.00    0.00    0.00    0.00    0.00    26  juicefs
11:09:43     1002   2427088    0.00    0.00    0.00    0.00    0.00    26  juicefs
11:09:44     1002   2427088    0.00    0.00    0.00    0.00    0.00    26  juicefs
11:09:45     1002   2427088    0.00    0.00    0.00    0.00    0.00    26  juicefs
11:09:46     1002   2427088    0.00    0.00    0.00    0.00    0.00    26  juicefs
11:09:47     1002   2427088    0.00    0.00    0.00    0.00    0.00    26  juicefs
11:09:48     1002   2427088    0.00    0.00    0.00    0.00    0.00    26  juicefs
11:09:49     1002   2427088    0.00    0.00    0.00    0.00    0.00    26  juicefs
11:09:50     1002   2427088    0.00    0.00    0.00    0.00    0.00    26  juicefs
11:09:51     1002   2427088    0.00    0.00    0.00    0.00    0.00    26  juicefs
11:09:52     1002   2427088    0.00    0.00    0.00    0.00    0.00    26  juicefs
