1784174698 | enp139s0f0np0: 26937366291952 10647630871    0    0    0     0          0    482018 11287459914801 2948201877    0    0    0     0       0          0
1784174699 | enp139s0f0np0: 26937859064892 10647755701    0    0    0     0          0    482018 11287954680325 2948327785    0    0    0     0       0          0
1784174700 | enp139s0f0np0: 26939195187716 10648095751    0    0    0     0          0    482018 11289260174241 2948664100    0    0    0     0       0          0
1784174701 | enp139s0f0np0: 26940413531232 10648406228    0    0    0     0          0    482018 11290479966205 2948978215    0    0    0     0       0          0
1784174702 | enp139s0f0np0: 26941629810822 10648716683    0    0    0     0          0    482018 11291695608435 2949292271    0    0    0     0       0          0
1784174703 | enp139s0f0np0: 26943091287915 10649088124    0    0    0     0          0    482018 11293213197472 2949679720    0    0    0     0       0          0
1784174704 | enp139s0f0np0: 26944445288672 10649434535    0    0    0     0          0    482018 11294579433318 2950032086    0    0    0     0       0          0
1784174705 | enp139s0f0np0: 26945794318118 10649778320    0    0    0     0          0    482018 11295945382280 2950383343    0    0    0     0       0          0
1784174706 | enp139s0f0np0: 26947088674274 10650107989    0    0    0     0          0    482018 11297266103790 2950722240    0    0    0     0       0          0
1784174707 | enp139s0f0np0: 26948363095575 10650433127    0    0    0     0          0    482018 11298512341897 2951044278    0    0    0     0       0          0
1784174708 | enp139s0f0np0: 26949682879618 10650769319    0    0    0     0          0    482018 11299839402558 2951385465    0    0    0     0       0          0
1784174709 | enp139s0f0np0: 26951038979088 10651113394    0    0    0     0          0    482018 11301189329564 2951731690    0    0    0     0       0          0
1784174710 | enp139s0f0np0: 26952368188615 10651451697    0    0    0     0          0    482018 11302507458878 2952070546    0    0    0     0       0          0
1784174711 | enp139s0f0np0: 26953696612886 10651789431    0    0    0     0          0    482018 11303833601412 2952411421    0    0    0     0       0          0
1784174712 | enp139s0f0np0: 26955073621823 10652139550    0    0    0     0          0    482018 11305142887975 2952749714    0    0    0     0       0          0
1784174713 | enp139s0f0np0: 26956339737988 10652461622    0    0    0     0          0    482018 11306429564715 2953079994    0    0    0     0       0          0
1784174714 | enp139s0f0np0: 26957664425643 10652799226    0    0    0     0          0    482018 11307761179766 2953423056    0    0    0     0       0          0
1784174715 | enp139s0f0np0: 26958961909298 10653129995    0    0    0     0          0    482018 11309058239009 2953756112    0    0    0     0       0          0
1784174716 | enp139s0f0np0: 26960210090547 10653448247    0    0    0     0          0    482018 11310317704879 2954080227    0    0    0     0       0          0
1784174717 | enp139s0f0np0: 26961506423354 10653778600    0    0    0     0          0    482018 11311624516174 2954416131    0    0    0     0       0          0
1784174718 | enp139s0f0np0: 26962843523085 10654118289    0    0    0     0          0    482019 11312928132471 2954751141    0    0    0     0       0          0
1784174719 | enp139s0f0np0: 26964117929649 10654443077    0    0    0     0          0    482019 11314209659401 2955081667    0    0    0     0       0          0
1784174720 | enp139s0f0np0: 26965457232869 10654782875    0    0    0     0          0    482019 11315558348666 2955427527    0    0    0     0       0          0
1784174721 | enp139s0f0np0: 26966804340969 10655125813    0    0    0     0          0    482019 11316920622542 2955776666    0    0    0     0       0          0
1784174722 | enp139s0f0np0: 26968214227411 10655485298    0    0    0     0          0    482019 11318332920814 2956139668    0    0    0     0       0          0
1784174723 | enp139s0f0np0: 26969388045375 10655786447    0    0    0     0          0    482019 11319542535178 2956451847    0    0    0     0       0          0
1784174724 | enp139s0f0np0: 26970515135659 10656078707    0    0    0     0          0    482019 11320642442809 2956743074    0    0    0     0       0          0
1784174725 | enp139s0f0np0: 26971613026786 10656363987    0    0    0     0          0    482019 11321719559271 2957029310    0    0    0     0       0          0
1784174726 | enp139s0f0np0: 26972760026743 10656660727    0    0    0     0          0    482019 11322866882084 2957330939    0    0    0     0       0          0
1784174727 | enp139s0f0np0: 26974043432269 10656988617    0    0    0     0          0    482019 11324176579644 2957667355    0    0    0     0       0          0
1784174728 | enp139s0f0np0: 26975186163938 10657284379    0    0    0     0          0    482019 11325348217906 2957974443    0    0    0     0       0          0
1784174729 | enp139s0f0np0: 26976261738054 10657564826    0    0    0     0          0    482019 11326418960173 2958258408    0    0    0     0       0          0
1784174730 | enp139s0f0np0: 26977511853210 10657885105    0    0    0     0          0    482019 11327666384491 2958581711    0    0    0     0       0          0
1784174731 | enp139s0f0np0: 26978760111145 10658205765    0    0    0     0          0    482019 11328934312665 2958910553    0    0    0     0       0          0
1784174732 | enp139s0f0np0: 26979930905808 10658508533    0    0    0     0          0    482019 11330107239503 2959218409    0    0    0     0       0          0
1784174733 | enp139s0f0np0: 26981061203219 10658802147    0    0    0     0          0    482019 11331241044834 2959518540    0    0    0     0       0          0
1784174734 | enp139s0f0np0: 26982347005980 10659131860    0    0    0     0          0    482019 11332529326450 2959851838    0    0    0     0       0          0
1784174735 | enp139s0f0np0: 26983569536288 10659446505    0    0    0     0          0    482019 11333726167701 2960164061    0    0    0     0       0          0
1784174736 | enp139s0f0np0: 26984745384683 10659750587    0    0    0     0          0    482019 11334926841911 2960477304    0    0    0     0       0          0
1784174737 | enp139s0f0np0: 26986020998053 10660078149    0    0    0     0          0    482019 11336195754771 2960807345    0    0    0     0       0          0
1784174738 | enp139s0f0np0: 26987262636340 10660397543    0    0    0     0          0    482019 11337423347209 2961128112    0    0    0     0       0          0
1784174739 | enp139s0f0np0: 26988579393142 10660734270    0    0    0     0          0    482019 11338735254362 2961467027    0    0    0     0       0          0
1784174740 | enp139s0f0np0: 26989701192677 10661025379    0    0    0     0          0    482019 11339902426254 2961773559    0    0    0     0       0          0
1784174741 | enp139s0f0np0: 26990945606047 10661345738    0    0    0     0          0    482019 11341168744447 2962102409    0    0    0     0       0          0
1784174742 | enp139s0f0np0: 26992079866574 10661639847    0    0    0     0          0    482019 11342332436483 2962407536    0    0    0     0       0          0
1784174743 | enp139s0f0np0: 26993370808241 10661972827    0    0    0     0          0    482019 11343637057658 2962746097    0    0    0     0       0          0
1784174744 | enp139s0f0np0: 26994653691044 10662302742    0    0    0     0          0    482019 11344891341643 2963073926    0    0    0     0       0          0
1784174745 | enp139s0f0np0: 26995927033879 10662631997    0    0    0     0          0    482019 11346164669584 2963407075    0    0    0     0       0          0
1784174746 | enp139s0f0np0: 26997217464072 10662965831    0    0    0     0          0    482019 11347500437528 2963754488    0    0    0     0       0          0
1784174747 | enp139s0f0np0: 26998504896173 10663296370    0    0    0     0          0    482019 11348801297576 2964092267    0    0    0     0       0          0
1784174748 | enp139s0f0np0: 26999764986237 10663621827    0    0    0     0          0    482020 11350075506739 2964424183    0    0    0     0       0          0
1784174749 | enp139s0f0np0: 27000949000758 10663928825    0    0    0     0          0    482020 11351251583839 2964733419    0    0    0     0       0          0
1784174750 | enp139s0f0np0: 27002258399565 10664266695    0    0    0     0          0    482020 11352615693996 2965087305    0    0    0     0       0          0
1784174751 | enp139s0f0np0: 27003459002758 10664577532    0    0    0     0          0    482020 11353810735566 2965401056    0    0    0     0       0          0
1784174752 | enp139s0f0np0: 27004770458365 10664916006    0    0    0     0          0    482020 11355121964119 2965742338    0    0    0     0       0          0
1784174753 | enp139s0f0np0: 27005975104100 10665228838    0    0    0     0          0    482020 11356344762526 2966063279    0    0    0     0       0          0
1784174754 | enp139s0f0np0: 27007199516969 10665547010    0    0    0     0          0    482020 11357578849152 2966386949    0    0    0     0       0          0
1784174755 | enp139s0f0np0: 27008444540625 10665868688    0    0    0     0          0    482020 11358829745114 2966713197    0    0    0     0       0          0
1784174756 | enp139s0f0np0: 27009787510538 10666214299    0    0    0     0          0    482020 11360176291828 2967063454    0    0    0     0       0          0
1784174757 | enp139s0f0np0: 27011078917697 10666547761    0    0    0     0          0    482020 11361483006438 2967403857    0    0    0     0       0          0
1784174758 | enp139s0f0np0: 27012448628527 10666899406    0    0    0     0          0    482020 11362881145562 2967764824    0    0    0     0       0          0
1784174759 | enp139s0f0np0: 27013659515663 10667213428    0    0    0     0          0    482020 11364099488330 2968084475    0    0    0     0       0          0
1784174760 | enp139s0f0np0: 27014714904437 10667489020    0    0    0     0          0    482020 11365157671521 2968365174    0    0    0     0       0          0
1784174761 | enp139s0f0np0: 27015950410953 10667807953    0    0    0     0          0    482020 11366382372796 2968684550    0    0    0     0       0          0
1784174762 | enp139s0f0np0: 27017288239554 10668151172    0    0    0     0          0    482020 11367697671270 2969025638    0    0    0     0       0          0
1784174763 | enp139s0f0np0: 27018417599703 10668444569    0    0    0     0          0    482020 11368846358218 2969328500    0    0    0     0       0          0
1784174764 | enp139s0f0np0: 27019697188047 10668774667    0    0    0     0          0    482020 11370129510783 2969663274    0    0    0     0       0          0
1784174765 | enp139s0f0np0: 27021038572874 10669119443    0    0    0     0          0    482020 11371464527162 2970009868    0    0    0     0       0          0
1784174766 | enp139s0f0np0: 27022404332235 10669470398    0    0    0     0          0    482020 11372861002904 2970370355    0    0    0     0       0          0
1784174767 | enp139s0f0np0: 27023567508641 10669772619    0    0    0     0          0    482020 11374056526184 2970684402    0    0    0     0       0          0
1784174768 | enp139s0f0np0: 27024870743078 10670108197    0    0    0     0          0    482020 11375373521620 2971026572    0    0    0     0       0          0
1784174769 | enp139s0f0np0: 27026216675351 10670454349    0    0    0     0          0    482020 11376721400770 2971375983    0    0    0     0       0          0
1784174770 | enp139s0f0np0: 27027388883266 10670759401    0    0    0     0          0    482020 11377919430099 2971691534    0    0    0     0       0          0
1784174771 | enp139s0f0np0: 27028604640315 10671074467    0    0    0     0          0    482020 11379172895774 2972018460    0    0    0     0       0          0
1784174772 | enp139s0f0np0: 27029785164384 10671380997    0    0    0     0          0    482020 11380350921001 2972328095    0    0    0     0       0          0
1784174773 | enp139s0f0np0: 27031063283414 10671710709    0    0    0     0          0    482020 11381617650445 2972658331    0    0    0     0       0          0
1784174774 | enp139s0f0np0: 27032281642309 10672025478    0    0    0     0          0    482020 11382825585016 2972974445    0    0    0     0       0          0
1784174775 | enp139s0f0np0: 27033425128985 10672322176    0    0    0     0          0    482020 11383994413978 2973281016    0    0    0     0       0          0
1784174776 | enp139s0f0np0: 27034712334831 10672652137    0    0    0     0          0    482020 11385273934720 2973612745    0    0    0     0       0          0
1784174777 | enp139s0f0np0: 27036015120544 10672986427    0    0    0     0          0    482020 11386557021126 2973946704    0    0    0     0       0          0
1784174778 | enp139s0f0np0: 27037124120757 10673274240    0    0    0     0          0    482021 11387655699422 2974235944    0    0    0     0       0          0
1784174779 | enp139s0f0np0: 27038274435893 10673571567    0    0    0     0          0    482021 11388823498718 2974540454    0    0    0     0       0          0
1784174780 | enp139s0f0np0: 27039525840486 10673896343    0    0    0     0          0    482021 11390074445413 2974868603    0    0    0     0       0          0
1784174781 | enp139s0f0np0: 27040835416074 10674233524    0    0    0     0          0    482021 11391370320564 2975206607    0    0    0     0       0          0
1784174782 | enp139s0f0np0: 27042108225843 10674561998    0    0    0     0          0    482021 11392592297527 2975527012    0    0    0     0       0          0
1784174783 | enp139s0f0np0: 27043464452388 10674911377    0    0    0     0          0    482021 11393981721558 2975886570    0    0    0     0       0          0
1784174784 | enp139s0f0np0: 27044651699594 10675220376    0    0    0     0          0    482021 11395159706227 2976196713    0    0    0     0       0          0
1784174785 | enp139s0f0np0: 27045921559172 10675548848    0    0    0     0          0    482021 11396436115102 2976529772    0    0    0     0       0          0
1784174786 | enp139s0f0np0: 27047088211979 10675850971    0    0    0     0          0    482021 11397623423674 2976841005    0    0    0     0       0          0
1784174787 | enp139s0f0np0: 27048287125079 10676160753    0    0    0     0          0    482021 11398812224318 2977152442    0    0    0     0       0          0
1784174788 | enp139s0f0np0: 27049606381626 10676499472    0    0    0     0          0    482021 11400094242283 2977486276    0    0    0     0       0          0
1784174789 | enp139s0f0np0: 27050805286595 10676809485    0    0    0     0          0    482021 11401320434027 2977806325    0    0    0     0       0          0
1784174790 | enp139s0f0np0: 27051870106363 10677087112    0    0    0     0          0    482021 11402384608494 2978088663    0    0    0     0       0          0
1784174791 | enp139s0f0np0: 27053163104111 10677419123    0    0    0     0          0    482021 11403662991204 2978420644    0    0    0     0       0          0
1784174792 | enp139s0f0np0: 27054362662559 10677729223    0    0    0     0          0    482021 11404862775714 2978734821    0    0    0     0       0          0
1784174793 | enp139s0f0np0: 27055510816893 10678026098    0    0    0     0          0    482021 11406038621622 2979042564    0    0    0     0       0          0
1784174794 | enp139s0f0np0: 27056688626317 10678331532    0    0    0     0          0    482021 11407211213964 2979350987    0    0    0     0       0          0
1784174795 | enp139s0f0np0: 27058075463077 10678687137    0    0    0     0          0    482021 11408616817185 2979713916    0    0    0     0       0          0
1784174796 | enp139s0f0np0: 27059222119921 10678984766    0    0    0     0          0    482021 11409756664625 2980014204    0    0    0     0       0          0
1784174797 | enp139s0f0np0: 27060376425293 10679284345    0    0    0     0          0    482021 11410914789830 2980318100    0    0    0     0       0          0
1784174798 | enp139s0f0np0: 27061549660379 10679588794    0    0    0     0          0    482021 11412084683500 2980625077    0    0    0     0       0          0
1784174799 | enp139s0f0np0: 27062876224794 10679929980    0    0    0     0          0    482021 11413432618406 2980974271    0    0    0     0       0          0
1784174800 | enp139s0f0np0: 27064095729010 10680246113    0    0    0     0          0    482021 11414660038181 2981295882    0    0    0     0       0          0
1784174801 | enp139s0f0np0: 27065290909809 10680555789    0    0    0     0          0    482021 11415855280162 2981609749    0    0    0     0       0          0
1784174802 | enp139s0f0np0: 27066544172566 10680880720    0    0    0     0          0    482021 11417117412022 2981938895    0    0    0     0       0          0
1784174803 | enp139s0f0np0: 27067800342003 10681206169    0    0    0     0          0    482021 11418366858677 2982266611    0    0    0     0       0          0
1784174804 | enp139s0f0np0: 27069001791946 10681516790    0    0    0     0          0    482021 11419534956762 2982574211    0    0    0     0       0          0
1784174805 | enp139s0f0np0: 27070167841746 10681818597    0    0    0     0          0    482021 11420733931801 2982888228    0    0    0     0       0          0
1784174806 | enp139s0f0np0: 27071351955541 10682124149    0    0    0     0          0    482021 11421935499575 2983202887    0    0    0     0       0          0
1784174807 | enp139s0f0np0: 27072506598644 10682422995    0    0    0     0          0    482021 11423110546744 2983510927    0    0    0     0       0          0
1784174808 | enp139s0f0np0: 27073643599308 10682716862    0    0    0     0          0    482022 11424274587941 2983816090    0    0    0     0       0          0
1784174809 | enp139s0f0np0: 27074832076334 10683022780    0    0    0     0          0    482022 11425438194260 2984120874    0    0    0     0       0          0
1784174810 | enp139s0f0np0: 27076058561077 10683338253    0    0    0     0          0    482022 11426670744365 2984441957    0    0    0     0       0          0
1784174811 | enp139s0f0np0: 27077087363062 10683605403    0    0    0     0          0    482022 11427670901955 2984708117    0    0    0     0       0          0
1784174812 | enp139s0f0np0: 27078259007427 10683907585    0    0    0     0          0    482022 11428833337659 2985012646    0    0    0     0       0          0
1784174813 | enp139s0f0np0: 27079499061679 10684225870    0    0    0     0          0    482022 11430075331459 2985334917    0    0    0     0       0          0
1784174814 | enp139s0f0np0: 27080569348312 10684503729    0    0    0     0          0    482022 11431151365658 2985619054    0    0    0     0       0          0
1784174815 | enp139s0f0np0: 27081636156694 10684781363    0    0    0     0          0    482022 11432186676032 2985895145    0    0    0     0       0          0
1784174816 | enp139s0f0np0: 27082905300182 10685105725    0    0    0     0          0    482022 11433453153053 2986222664    0    0    0     0       0          0
1784174817 | enp139s0f0np0: 27084124313254 10685418447    0    0    0     0          0    482022 11434686524078 2986542728    0    0    0     0       0          0
1784174818 | enp139s0f0np0: 27085221543160 10685703125    0    0    0     0          0    482022 11435783051716 2986832353    0    0    0     0       0          0
1784174819 | enp139s0f0np0: 27086309985920 10685986261    0    0    0     0          0    482022 11436882472134 2987122700    0    0    0     0       0          0
1784174820 | enp139s0f0np0: 27087459525244 10686284315    0    0    0     0          0    482022 11438009062416 2987420330    0    0    0     0       0          0
1784174821 | enp139s0f0np0: 27088770069698 10686619145    0    0    0     0          0    482022 11439310321504 2987757410    0    0    0     0       0          0
1784174822 | enp139s0f0np0: 27089993653418 10686933943    0    0    0     0          0    482022 11440524122378 2988074559    0    0    0     0       0          0
1784174823 | enp139s0f0np0: 27091098931266 10687220454    0    0    0     0          0    482022 11441624247345 2988365088    0    0    0     0       0          0
1784174824 | enp139s0f0np0: 27092127700715 10687488871    0    0    0     0          0    482022 11442635193804 2988634768    0    0    0     0       0          0
1784174825 | enp139s0f0np0: 27093317660678 10687795368    0    0    0     0          0    482022 11443843832384 2988949030    0    0    0     0       0          0
1784174826 | enp139s0f0np0: 27094637995243 10688133211    0    0    0     0          0    482022 11445184488608 2989294174    0    0    0     0       0          0
1784174827 | enp139s0f0np0: 27095865915074 10688450899    0    0    0     0          0    482022 11446355765454 2989603100    0    0    0     0       0          0
1784174828 | enp139s0f0np0: 27096947176862 10688733037    0    0    0     0          0    482022 11447482113864 2989900628    0    0    0     0       0          0
1784174829 | enp139s0f0np0: 27098213869834 10689060662    0    0    0     0          0    482022 11448709057674 2990222346    0    0    0     0       0          0
1784174830 | enp139s0f0np0: 27099597823982 10689416929    0    0    0     0          0    482022 11450109604094 2990584903    0    0    0     0       0          0
1784174831 | enp139s0f0np0: 27100778853589 10689723174    0    0    0     0          0    482022 11451277122118 2990892416    0    0    0     0       0          0
1784174832 | enp139s0f0np0: 27102054960794 10690053127    0    0    0     0          0    482022 11452544744824 2991223756    0    0    0     0       0          0
1784174833 | enp139s0f0np0: 27103318953243 10690379588    0    0    0     0          0    482022 11453762557566 2991544061    0    0    0     0       0          0
1784174834 | enp139s0f0np0: 27104428142538 10690667252    0    0    0     0          0    482022 11454920760561 2991846183    0    0    0     0       0          0
1784174835 | enp139s0f0np0: 27105628854682 10690976456    0    0    0     0          0    482022 11456109334665 2992156699    0    0    0     0       0          0
1784174836 | enp139s0f0np0: 27106726237292 10691261394    0    0    0     0          0    482022 11457225841873 2992449052    0    0    0     0       0          0
1784174837 | enp139s0f0np0: 27107910910993 10691568677    0    0    0     0          0    482022 11458415680182 2992760830    0    0    0     0       0          0
1784174838 | enp139s0f0np0: 27109010832446 10691855275    0    0    0     0          0    482023 11459533286859 2993055472    0    0    0     0       0          0
1784174839 | enp139s0f0np0: 27110234970295 10692171787    0    0    0     0          0    482023 11460784590242 2993380856    0    0    0     0       0          0
1784174840 | enp139s0f0np0: 27111422376859 10692478758    0    0    0     0          0    482023 11461986420712 2993694440    0    0    0     0       0          0
1784174841 | enp139s0f0np0: 27112444613277 10692745194    0    0    0     0          0    482023 11463029080345 2993969518    0    0    0     0       0          0
1784174842 | enp139s0f0np0: 27113551681041 10693033040    0    0    0     0          0    482023 11464167219224 2994268589    0    0    0     0       0          0
1784174843 | enp139s0f0np0: 27114852597708 10693367645    0    0    0     0          0    482023 11465471982483 2994606872    0    0    0     0       0          0
1784174844 | enp139s0f0np0: 27116058187631 10693680287    0    0    0     0          0    482023 11466727247848 2994934691    0    0    0     0       0          0
1784174845 | enp139s0f0np0: 27117421573062 10694029007    0    0    0     0          0    482023 11468031063059 2995273313    0    0    0     0       0          0
1784174846 | enp139s0f0np0: 27118625350753 10694341104    0    0    0     0          0    482023 11469249654889 2995592937    0    0    0     0       0          0
1784174847 | enp139s0f0np0: 27119784400355 10694641577    0    0    0     0          0    482023 11470371834312 2995889940    0    0    0     0       0          0
1784174848 | enp139s0f0np0: 27120874145259 10694925724    0    0    0     0          0    482023 11471463487468 2996179316    0    0    0     0       0          0
1784174849 | enp139s0f0np0: 27122130536233 10695249413    0    0    0     0          0    482023 11472702172190 2996502540    0    0    0     0       0          0
1784174850 | enp139s0f0np0: 27123371288975 10695569836    0    0    0     0          0    482023 11473942741880 2996826845    0    0    0     0       0          0
1784174851 | enp139s0f0np0: 27124523835437 10695869304    0    0    0     0          0    482023 11475089607669 2997128453    0    0    0     0       0          0
1784174852 | enp139s0f0np0: 27125590064566 10696146897    0    0    0     0          0    482023 11476187415552 2997417646    0    0    0     0       0          0
1784174853 | enp139s0f0np0: 27126680767323 10696429591    0    0    0     0          0    482023 11477278533132 2997704874    0    0    0     0       0          0
1784174854 | enp139s0f0np0: 27127857230294 10696733104    0    0    0     0          0    482023 11478440321339 2998008394    0    0    0     0       0          0
1784174855 | enp139s0f0np0: 27128931701564 10697011350    0    0    0     0          0    482023 11479476304945 2998282147    0    0    0     0       0          0
1784174856 | enp139s0f0np0: 27129914286854 10697268514    0    0    0     0          0    482023 11480486481157 2998550263    0    0    0     0       0          0
1784174857 | enp139s0f0np0: 27130946858688 10697537569    0    0    0     0          0    482023 11481510012287 2998821638    0    0    0     0       0          0
1784174858 | enp139s0f0np0: 27132016257755 10697816345    0    0    0     0          0    482023 11482589719058 2999106450    0    0    0     0       0          0
1784174859 | enp139s0f0np0: 27133206435789 10698124110    0    0    0     0          0    482023 11483772999505 2999415909    0    0    0     0       0          0
1784174860 | enp139s0f0np0: 27134226423585 10698390883    0    0    0     0          0    482023 11484788215048 2999686199    0    0    0     0       0          0
1784174861 | enp139s0f0np0: 27135346022918 10698681700    0    0    0     0          0    482023 11485929656631 2999986570    0    0    0     0       0          0
1784174862 | enp139s0f0np0: 27136599573394 10699004951    0    0    0     0          0    482023 11487205931338 3000318567    0    0    0     0       0          0
1784174863 | enp139s0f0np0: 27137738303609 10699300725    0    0    0     0          0    482023 11488331407608 3000614881    0    0    0     0       0          0
1784174864 | enp139s0f0np0: 27138709946608 10699554909    0    0    0     0          0    482023 11489296738043 3000872316    0    0    0     0       0          0
1784174865 | enp139s0f0np0: 27139795842600 10699837269    0    0    0     0          0    482023 11490352923211 3001151654    0    0    0     0       0          0
1784174866 | enp139s0f0np0: 27140781979292 10700094833    0    0    0     0          0    482023 11491337145859 3001412656    0    0    0     0       0          0
1784174867 | enp139s0f0np0: 27141755375564 10700349958    0    0    0     0          0    482023 11492342498506 3001679024    0    0    0     0       0          0
1784174868 | enp139s0f0np0: 27142726377948 10700604921    0    0    0     0          0    482024 11493315233848 3001938479    0    0    0     0       0          0
1784174869 | enp139s0f0np0: 27143798989534 10700883834    0    0    0     0          0    482024 11494362466292 3002215371    0    0    0     0       0          0
1784174870 | enp139s0f0np0: 27145050715735 10701207758    0    0    0     0          0    482024 11495596403289 3002537519    0    0    0     0       0          0
1784174871 | enp139s0f0np0: 27146241678713 10701517293    0    0    0     0          0    482024 11496799456464 3002852755    0    0    0     0       0          0
1784174872 | enp139s0f0np0: 27147337822101 10701802857    0    0    0     0          0    482024 11497875393297 3003137267    0    0    0     0       0          0
1784174873 | enp139s0f0np0: 27148366414370 10702071723    0    0    0     0          0    482024 11498902305510 3003408530    0    0    0     0       0          0
1784174874 | enp139s0f0np0: 27149348263755 10702328270    0    0    0     0          0    482024 11499894963925 3003670877    0    0    0     0       0          0
1784174875 | enp139s0f0np0: 27150418316888 10702607151    0    0    0     0          0    482024 11500960059117 3003952814    0    0    0     0       0          0
1784174876 | enp139s0f0np0: 27151610456065 10702916910    0    0    0     0          0    482024 11502186023921 3004273916    0    0    0     0       0          0
1784174877 | enp139s0f0np0: 27152860008117 10703239822    0    0    0     0          0    482024 11503434851069 3004599677    0    0    0     0       0          0
1784174878 | enp139s0f0np0: 27153999792413 10703536775    0    0    0     0          0    482024 11504590924532 3004903207    0    0    0     0       0          0
1784174879 | enp139s0f0np0: 27154112813297 10703574108    0    0    0     0          0    482024 11504707324918 3004941293    0    0    0     0       0          0
1784174880 | enp139s0f0np0: 27154449222257 10703668137    0    0    0     0          0    482024 11505041121464 3005033971    0    0    0     0       0          0
