1784174964 | enp139s0f0np0: 27154932768404 10703961748    0    0    0     0          0    482027 11505525228630 3005319404    0    0    0     0       0          0
1784174965 | enp139s0f0np0: 27155458255253 10704094242    0    0    0     0          0    482027 11506051427954 3005452665    0    0    0     0       0          0
1784174966 | enp139s0f0np0: 27156648224116 10704394426    0    0    0     0          0    482027 11507240524155 3005753945    0    0    0     0       0          0
1784174967 | enp139s0f0np0: 27157908172161 10704717017    0    0    0     0          0    482027 11508468969225 3006073254    0    0    0     0       0          0
1784174968 | enp139s0f0np0: 27159115976372 10705025612    0    0    0     0          0    482027 11509703205792 3006391429    0    0    0     0       0          0
1784174969 | enp139s0f0np0: 27160454167114 10705366317    0    0    0     0          0    482027 11511074245994 3006742800    0    0    0     0       0          0
1784174970 | enp139s0f0np0: 27161736242038 10705694542    0    0    0     0          0    482027 11512361364758 3007075725    0    0    0     0       0          0
1784174971 | enp139s0f0np0: 27163089911898 10706038443    0    0    0     0          0    482027 11513721533487 3007424186    0    0    0     0       0          0
1784174972 | enp139s0f0np0: 27164363795744 10706363449    0    0    0     0          0    482027 11515023279898 3007759590    0    0    0     0       0          0
1784174973 | enp139s0f0np0: 27165665459855 10706695091    0    0    0     0          0    482027 11516331448417 3008095981    0    0    0     0       0          0
1784174974 | enp139s0f0np0: 27167004356716 10707035513    0    0    0     0          0    482027 11517672291381 3008440210    0    0    0     0       0          0
1784174975 | enp139s0f0np0: 27168361809320 10707380741    0    0    0     0          0    482027 11519015282238 3008785334    0    0    0     0       0          0
1784174976 | enp139s0f0np0: 27169702103803 10707721803    0    0    0     0          0    482027 11520370494648 3009133906    0    0    0     0       0          0
1784174977 | enp139s0f0np0: 27170947854806 10708039044    0    0    0     0          0    482027 11521599757851 3009451517    0    0    0     0       0          0
1784174978 | enp139s0f0np0: 27172268962097 10708373837    0    0    0     0          0    482027 11522879661523 3009780081    0    0    0     0       0          0
1784174979 | enp139s0f0np0: 27173600713833 10708713218    0    0    0     0          0    482027 11524198166805 3010119301    0    0    0     0       0          0
1784174980 | enp139s0f0np0: 27174904622434 10709045030    0    0    0     0          0    482027 11525507050152 3010455830    0    0    0     0       0          0
1784174981 | enp139s0f0np0: 27176261474433 10709390880    0    0    0     0          0    482027 11526862297012 3010803841    0    0    0     0       0          0
1784174982 | enp139s0f0np0: 27177664278037 10709748121    0    0    0     0          0    482027 11528264507081 3011163680    0    0    0     0       0          0
1784174983 | enp139s0f0np0: 27178948648617 10710076120    0    0    0     0          0    482027 11529569085004 3011498920    0    0    0     0       0          0
1784174984 | enp139s0f0np0: 27180297026243 10710419676    0    0    0     0          0    482027 11530915171539 3011845116    0    0    0     0       0          0
1784174985 | enp139s0f0np0: 27181681519204 10710772039    0    0    0     0          0    482027 11532298774367 3012199377    0    0    0     0       0          0
1784174986 | enp139s0f0np0: 27183040368382 10711118853    0    0    0     0          0    482027 11533646137514 3012546206    0    0    0     0       0          0
1784174987 | enp139s0f0np0: 27184359671475 10711455187    0    0    0     0          0    482027 11534954797350 3012882896    0    0    0     0       0          0
1784174988 | enp139s0f0np0: 27185625862114 10711778104    0    0    0     0          0    482028 11536249256157 3013215360    0    0    0     0       0          0
1784174989 | enp139s0f0np0: 27186995026861 10712127256    0    0    0     0          0    482028 11537607351663 3013563950    0    0    0     0       0          0
1784174990 | enp139s0f0np0: 27188356018758 10712476120    0    0    0     0          0    482028 11538976792981 3013917059    0    0    0     0       0          0
1784174991 | enp139s0f0np0: 27189618509225 10712803987    0    0    0     0          0    482028 11540219610018 3014244288    0    0    0     0       0          0
1784174992 | enp139s0f0np0: 27191030433540 10713166649    0    0    0     0          0    482028 11541622226237 3014607243    0    0    0     0       0          0
1784174993 | enp139s0f0np0: 27192366982143 10713510741    0    0    0     0          0    482028 11542978852908 3014958647    0    0    0     0       0          0
1784174994 | enp139s0f0np0: 27193570835192 10713822977    0    0    0     0          0    482028 11544226732507 3015286008    0    0    0     0       0          0
1784174995 | enp139s0f0np0: 27194842296879 10714152133    0    0    0     0          0    482028 11545507533247 3015620567    0    0    0     0       0          0
1784174996 | enp139s0f0np0: 27196114234519 10714478382    0    0    0     0          0    482028 11546753630153 3015944187    0    0    0     0       0          0
1784174998 | enp139s0f0np0: 27197264435473 10714776624    0    0    0     0          0    482028 11547951394725 3016257114    0    0    0     0       0          0
1784174999 | enp139s0f0np0: 27198411775701 10715074112    0    0    0     0          0    482028 11549083583845 3016554929    0    0    0     0       0          0
1784175000 | enp139s0f0np0: 27199645069402 10715393653    0    0    0     0          0    482028 11550324670526 3016880065    0    0    0     0       0          0
1784175001 | enp139s0f0np0: 27200958819527 10715732329    0    0    0     0          0    482028 11551628878145 3017219840    0    0    0     0       0          0
1784175002 | enp139s0f0np0: 27202109853824 10716031857    0    0    0     0          0    482028 11552786381785 3017524943    0    0    0     0       0          0
1784175003 | enp139s0f0np0: 27203356949715 10716354251    0    0    0     0          0    482028 11554032318673 3017851173    0    0    0     0       0          0
1784175004 | enp139s0f0np0: 27204761159402 10716713568    0    0    0     0          0    482028 11555417682413 3018208444    0    0    0     0       0          0
1784175005 | enp139s0f0np0: 27206081878570 10717054012    0    0    0     0          0    482028 11556751164728 3018555681    0    0    0     0       0          0
1784175006 | enp139s0f0np0: 27207422752567 10717399470    0    0    0     0          0    482028 11558114765613 3018910059    0    0    0     0       0          0
1784175007 | enp139s0f0np0: 27208675569352 10717723069    0    0    0     0          0    482028 11559385517489 3019242016    0    0    0     0       0          0
1784175008 | enp139s0f0np0: 27209939536686 10718049694    0    0    0     0          0    482028 11560660707371 3019575438    0    0    0     0       0          0
1784175009 | enp139s0f0np0: 27211134949335 10718358896    0    0    0     0          0    482028 11561857595751 3019888816    0    0    0     0       0          0
1784175010 | enp139s0f0np0: 27212365052898 10718677769    0    0    0     0          0    482028 11563120947354 3020218146    0    0    0     0       0          0
1784175011 | enp139s0f0np0: 27213607439152 10718999981    0    0    0     0          0    482028 11564337979136 3020538397    0    0    0     0       0          0
1784175012 | enp139s0f0np0: 27214779941368 10719304235    0    0    0     0          0    482028 11565501195136 3020844897    0    0    0     0       0          0
1784175013 | enp139s0f0np0: 27216079652164 10719638571    0    0    0     0          0    482028 11566821949265 3021186964    0    0    0     0       0          0
1784175014 | enp139s0f0np0: 27217245485540 10719940163    0    0    0     0          0    482028 11568065007077 3021509812    0    0    0     0       0          0
1784175015 | enp139s0f0np0: 27218360759029 10720231772    0    0    0     0          0    482028 11569187070826 3021806835    0    0    0     0       0          0
1784175016 | enp139s0f0np0: 27219505998388 10720529640    0    0    0     0          0    482028 11570327751280 3022107188    0    0    0     0       0          0
1784175017 | enp139s0f0np0: 27220757448955 10720853284    0    0    0     0          0    482028 11571577598277 3022433105    0    0    0     0       0          0
1784175018 | enp139s0f0np0: 27222084202462 10721194760    0    0    0     0          0    482029 11572904571041 3022777685    0    0    0     0       0          0
1784175019 | enp139s0f0np0: 27223372798922 10721525172    0    0    0     0          0    482029 11574226790911 3023117867    0    0    0     0       0          0
1784175020 | enp139s0f0np0: 27224455626488 10721807604    0    0    0     0          0    482029 11575327338672 3023408920    0    0    0     0       0          0
1784175021 | enp139s0f0np0: 27225738860199 10722139335    0    0    0     0          0    482029 11576627262784 3023747476    0    0    0     0       0          0
1784175022 | enp139s0f0np0: 27226860492188 10722431386    0    0    0     0          0    482029 11577754813659 3024045691    0    0    0     0       0          0
1784175023 | enp139s0f0np0: 27228230476414 10722781302    0    0    0     0          0    482029 11579107392806 3024394639    0    0    0     0       0          0
1784175024 | enp139s0f0np0: 27229394050795 10723082972    0    0    0     0          0    482029 11580290196211 3024705117    0    0    0     0       0          0
1784175025 | enp139s0f0np0: 27230525471095 10723377629    0    0    0     0          0    482029 11581423797315 3025004396    0    0    0     0       0          0
1784175026 | enp139s0f0np0: 27231704073825 10723682202    0    0    0     0          0    482029 11582612818618 3025315246    0    0    0     0       0          0
1784175027 | enp139s0f0np0: 27233000215006 10724015100    0    0    0     0          0    482029 11583899796726 3025649087    0    0    0     0       0          0
1784175028 | enp139s0f0np0: 27234128687790 10724309028    0    0    0     0          0    482029 11585009191533 3025942260    0    0    0     0       0          0
1784175029 | enp139s0f0np0: 27235244614190 10724599651    0    0    0     0          0    482029 11586153789797 3026243420    0    0    0     0       0          0
1784175030 | enp139s0f0np0: 27236420786556 10724905657    0    0    0     0          0    482029 11587339059623 3026555637    0    0    0     0       0          0
1784175031 | enp139s0f0np0: 27237658885051 10725224863    0    0    0     0          0    482029 11588595845189 3026882308    0    0    0     0       0          0
1784175032 | enp139s0f0np0: 27238767911381 10725512937    0    0    0     0          0    482029 11589742982720 3027182832    0    0    0     0       0          0
1784175033 | enp139s0f0np0: 27239948799109 10725819058    0    0    0     0          0    482029 11590943217291 3027497138    0    0    0     0       0          0
1784175034 | enp139s0f0np0: 27241115581203 10726120660    0    0    0     0          0    482029 11592117969600 3027804094    0    0    0     0       0          0
1784175035 | enp139s0f0np0: 27242285326099 10726424209    0    0    0     0          0    482029 11593325804000 3028119928    0    0    0     0       0          0
1784175036 | enp139s0f0np0: 27243524749789 10726745675    0    0    0     0          0    482029 11594579891349 3028448718    0    0    0     0       0          0
1784175037 | enp139s0f0np0: 27244786914453 10727071787    0    0    0     0          0    482029 11595809090337 3028770458    0    0    0     0       0          0
1784175038 | enp139s0f0np0: 27245971656751 10727378382    0    0    0     0          0    482029 11597000116801 3029081849    0    0    0     0       0          0
1784175039 | enp139s0f0np0: 27247196818730 10727695701    0    0    0     0          0    482029 11598213975855 3029400365    0    0    0     0       0          0
1784175040 | enp139s0f0np0: 27248320120595 10727988297    0    0    0     0          0    482029 11599344646867 3029698614    0    0    0     0       0          0
1784175041 | enp139s0f0np0: 27249599267970 10728318705    0    0    0     0          0    482029 11600616623612 3030031042    0    0    0     0       0          0
1784175042 | enp139s0f0np0: 27250937852552 10728663549    0    0    0     0          0    482029 11601967033003 3030381306    0    0    0     0       0          0
1784175043 | enp139s0f0np0: 27252090039662 10728963084    0    0    0     0          0    482029 11603134547752 3030687047    0    0    0     0       0          0
1784175044 | enp139s0f0np0: 27253245407512 10729263938    0    0    0     0          0    482029 11604319065817 3030997400    0    0    0     0       0          0
1784175045 | enp139s0f0np0: 27254485171019 10729584231    0    0    0     0          0    482029 11605548732822 3031318505    0    0    0     0       0          0
1784175046 | enp139s0f0np0: 27255681050719 10729894551    0    0    0     0          0    482029 11606760850586 3031635313    0    0    0     0       0          0
1784175047 | enp139s0f0np0: 27256861375134 10730201489    0    0    0     0          0    482029 11607931794800 3031943615    0    0    0     0       0          0
1784175048 | enp139s0f0np0: 27258068142848 10730513740    0    0    0     0          0    482030 11609131824974 3032257579    0    0    0     0       0          0
1784175049 | enp139s0f0np0: 27259258507683 10730822511    0    0    0     0          0    482030 11610331759769 3032571517    0    0    0     0       0          0
1784175050 | enp139s0f0np0: 27260486095288 10731140676    0    0    0     0          0    482030 11611552433806 3032890956    0    0    0     0       0          0
1784175051 | enp139s0f0np0: 27261748263447 10731467542    0    0    0     0          0    482030 11612826238139 3033223311    0    0    0     0       0          0
1784175052 | enp139s0f0np0: 27262914795126 10731770558    0    0    0     0          0    482030 11613975621420 3033525635    0    0    0     0       0          0
1784175053 | enp139s0f0np0: 27264125789858 10732083680    0    0    0     0          0    482030 11615154772879 3033834262    0    0    0     0       0          0
1784175054 | enp139s0f0np0: 27265387049315 10732408783    0    0    0     0          0    482030 11616394844997 3034157308    0    0    0     0       0          0
1784175055 | enp139s0f0np0: 27266624661912 10732729023    0    0    0     0          0    482030 11617649319607 3034485039    0    0    0     0       0          0
1784175056 | enp139s0f0np0: 27267849892277 10733047146    0    0    0     0          0    482030 11618897414939 3034811819    0    0    0     0       0          0
1784175057 | enp139s0f0np0: 27269072087520 10733363431    0    0    0     0          0    482030 11620118678354 3035131295    0    0    0     0       0          0
1784175058 | enp139s0f0np0: 27270374048610 10733700019    0    0    0     0          0    482030 11621438939205 3035474313    0    0    0     0       0          0
1784175059 | enp139s0f0np0: 27271699520488 10734041502    0    0    0     0          0    482030 11622712904055 3035806377    0    0    0     0       0          0
1784175060 | enp139s0f0np0: 27272769340611 10734321041    0    0    0     0          0    482030 11623795340041 3036093019    0    0    0     0       0          0
1784175061 | enp139s0f0np0: 27273999443278 10734639909    0    0    0     0          0    482030 11625014171780 3036412272    0    0    0     0       0          0
1784175062 | enp139s0f0np0: 27275274611046 10734969725    0    0    0     0          0    482030 11626277418003 3036742220    0    0    0     0       0          0
1784175063 | enp139s0f0np0: 27276388852468 10735260749    0    0    0     0          0    482030 11627394268619 3037037382    0    0    0     0       0          0
1784175064 | enp139s0f0np0: 27277404020204 10735526572    0    0    0     0          0    482030 11628422541647 3037309691    0    0    0     0       0          0
1784175065 | enp139s0f0np0: 27278529335874 10735818776    0    0    0     0          0    482030 11629557314302 3037607056    0    0    0     0       0          0
1784175066 | enp139s0f0np0: 27279694052200 10736121283    0    0    0     0          0    482030 11630718379863 3037911596    0    0    0     0       0          0
1784175067 | enp139s0f0np0: 27280904667394 10736436078    0    0    0     0          0    482030 11631957743017 3038236364    0    0    0     0       0          0
1784175068 | enp139s0f0np0: 27282192090825 10736766877    0    0    0     0          0    482030 11633220818739 3038565476    0    0    0     0       0          0
1784175069 | enp139s0f0np0: 27283517813276 10737108584    0    0    0     0          0    482030 11634537216856 3038907487    0    0    0     0       0          0
1784175070 | enp139s0f0np0: 27284807195767 10737441859    0    0    0     0          0    482030 11635870667557 3039253935    0    0    0     0       0          0
1784175071 | enp139s0f0np0: 27286069988066 10737769158    0    0    0     0          0    482030 11637112725203 3039578529    0    0    0     0       0          0
1784175072 | enp139s0f0np0: 27287181408494 10738058145    0    0    0     0          0    482030 11638233089540 3039873173    0    0    0     0       0          0
1784175073 | enp139s0f0np0: 27288395508682 10738373502    0    0    0     0          0    482030 11639440218986 3040189823    0    0    0     0       0          0
1784175074 | enp139s0f0np0: 27289655696991 10738698010    0    0    0     0          0    482030 11640703437254 3040517786    0    0    0     0       0          0
1784175075 | enp139s0f0np0: 27290761138725 10738985845    0    0    0     0          0    482030 11641788682400 3040804779    0    0    0     0       0          0
1784175076 | enp139s0f0np0: 27291898350858 10739281753    0    0    0     0          0    482030 11642957479141 3041111392    0    0    0     0       0          0
1784175077 | enp139s0f0np0: 27292968683828 10739559444    0    0    0     0          0    482030 11644024185763 3041391651    0    0    0     0       0          0
1784175078 | enp139s0f0np0: 27294158650779 10739866742    0    0    0     0          0    482031 11645245860252 3041709488    0    0    0     0       0          0
1784175079 | enp139s0f0np0: 27295307701677 10740164205    0    0    0     0          0    482031 11646388112724 3042008411    0    0    0     0       0          0
1784175080 | enp139s0f0np0: 27296433851033 10740456768    0    0    0     0          0    482031 11647546683763 3042312731    0    0    0     0       0          0
1784175081 | enp139s0f0np0: 27297579942707 10740753188    0    0    0     0          0    482031 11648705347003 3042616976    0    0    0     0       0          0
1784175082 | enp139s0f0np0: 27298767944618 10741059033    0    0    0     0          0    482031 11649885078810 3042925571    0    0    0     0       0          0
1784175083 | enp139s0f0np0: 27299937334767 10741359839    0    0    0     0          0    482031 11651040810438 3043227852    0    0    0     0       0          0
1784175084 | enp139s0f0np0: 27300996324231 10741635007    0    0    0     0          0    482031 11652081469873 3043504208    0    0    0     0       0          0
1784175085 | enp139s0f0np0: 27302051177323 10741910060    0    0    0     0          0    482031 11653115312237 3043779493    0    0    0     0       0          0
1784175086 | enp139s0f0np0: 27303159873098 10742197012    0    0    0     0          0    482031 11654198458920 3044065311    0    0    0     0       0          0
1784175087 | enp139s0f0np0: 27304448898374 10742527635    0    0    0     0          0    482031 11655473757821 3044396279    0    0    0     0       0          0
1784175088 | enp139s0f0np0: 27305460105512 10742791217    0    0    0     0          0    482031 11656477644107 3044663557    0    0    0     0       0          0
1784175089 | enp139s0f0np0: 27306561089914 10743075994    0    0    0     0          0    482031 11657557336299 3044947630    0    0    0     0       0          0
1784175090 | enp139s0f0np0: 27307658494680 10743361375    0    0    0     0          0    482031 11658695361907 3045246953    0    0    0     0       0          0
1784175091 | enp139s0f0np0: 27308708634282 10743632780    0    0    0     0          0    482031 11659773093863 3045529163    0    0    0     0       0          0
1784175092 | enp139s0f0np0: 27309820918724 10743921426    0    0    0     0          0    482031 11660901633734 3045825391    0    0    0     0       0          0
1784175093 | enp139s0f0np0: 27311030474200 10744233700    0    0    0     0          0    482031 11662117197950 3046142327    0    0    0     0       0          0
1784175094 | enp139s0f0np0: 27312174495675 10744530193    0    0    0     0          0    482031 11663249034536 3046440170    0    0    0     0       0          0
1784175095 | enp139s0f0np0: 27313289541754 10744819434    0    0    0     0          0    482031 11664375052838 3046736104    0    0    0     0       0          0
1784175096 | enp139s0f0np0: 27314325356302 10745088484    0    0    0     0          0    482031 11665420064472 3047012713    0    0    0     0       0          0
1784175097 | enp139s0f0np0: 27315498574261 10745390470    0    0    0     0          0    482031 11666545364398 3047308332    0    0    0     0       0          0
1784175098 | enp139s0f0np0: 27316715845055 10745703389    0    0    0     0          0    482031 11667772546899 3047627151    0    0    0     0       0          0
1784175099 | enp139s0f0np0: 27317743272887 10745969946    0    0    0     0          0    482031 11668752964176 3047888416    0    0    0     0       0          0
1784175100 | enp139s0f0np0: 27318838085566 10746253390    0    0    0     0          0    482031 11669844460556 3048176119    0    0    0     0       0          0
1784175101 | enp139s0f0np0: 27319967892568 10746545266    0    0    0     0          0    482031 11671014747111 3048481990    0    0    0     0       0          0
1784175102 | enp139s0f0np0: 27321155985073 10746850837    0    0    0     0          0    482031 11672197937953 3048791002    0    0    0     0       0          0
1784175103 | enp139s0f0np0: 27322199429571 10747121879    0    0    0     0          0    482031 11673252518099 3049070253    0    0    0     0       0          0
1784175104 | enp139s0f0np0: 27323274697594 10747400942    0    0    0     0          0    482031 11674323496071 3049352184    0    0    0     0       0          0
1784175105 | enp139s0f0np0: 27324361606543 10747682720    0    0    0     0          0    482031 11675383114789 3049631533    0    0    0     0       0          0
1784175106 | enp139s0f0np0: 27325394071299 10747950565    0    0    0     0          0    482031 11676403456676 3049901083    0    0    0     0       0          0
1784175107 | enp139s0f0np0: 27326339373312 10748197868    0    0    0     0          0    482031 11677361721175 3050156162    0    0    0     0       0          0
1784175108 | enp139s0f0np0: 27327371871333 10748466706    0    0    0     0          0    482032 11678397477834 3050429483    0    0    0     0       0          0
1784175109 | enp139s0f0np0: 27328529079137 10748765621    0    0    0     0          0    482032 11679613582113 3050745206    0    0    0     0       0          0
1784175110 | enp139s0f0np0: 27329521813846 10749023981    0    0    0     0          0    482032 11680592365686 3051005883    0    0    0     0       0          0
1784175111 | enp139s0f0np0: 27330673255687 10749321806    0    0    0     0          0    482032 11681751794003 3051309969    0    0    0     0       0          0
1784175112 | enp139s0f0np0: 27331829729718 10749620688    0    0    0     0          0    482032 11682900782143 3051611445    0    0    0     0       0          0
1784175113 | enp139s0f0np0: 27332987302494 10749919398    0    0    0     0          0    482032 11684070011242 3051916848    0    0    0     0       0          0
1784175114 | enp139s0f0np0: 27334191020564 10750229458    0    0    0     0          0    482032 11685253300121 3052225733    0    0    0     0       0          0
1784175115 | enp139s0f0np0: 27335129731805 10750476194    0    0    0     0          0    482032 11686200181556 3052479421    0    0    0     0       0          0
1784175116 | enp139s0f0np0: 27336042209099 10750716351    0    0    0     0          0    482032 11687136283444 3052729831    0    0    0     0       0          0
1784175117 | enp139s0f0np0: 27337137776888 10751001371    0    0    0     0          0    482032 11688227462826 3053016859    0    0    0     0       0          0
1784175118 | enp139s0f0np0: 27338219308737 10751281841    0    0    0     0          0    482032 11689316610712 3053302568    0    0    0     0       0          0
1784175119 | enp139s0f0np0: 27339264726027 10751555510    0    0    0     0          0    482032 11690361241236 3053579931    0    0    0     0       0          0
1784175120 | enp139s0f0np0: 27340513068826 10751877153    0    0    0     0          0    482032 11691628636242 3053909231    0    0    0     0       0          0
1784175121 | enp139s0f0np0: 27341716405650 10752187444    0    0    0     0          0    482032 11692835163458 3054224403    0    0    0     0       0          0
1784175122 | enp139s0f0np0: 27342836958497 10752477569    0    0    0     0          0    482032 11693937646263 3054515116    0    0    0     0       0          0
1784175123 | enp139s0f0np0: 27343890829943 10752752110    0    0    0     0          0    482032 11694982931207 3054792675    0    0    0     0       0          0
1784175124 | enp139s0f0np0: 27345046329256 10753050989    0    0    0     0          0    482032 11696145814746 3055096447    0    0    0     0       0          0
1784175125 | enp139s0f0np0: 27346191259670 10753347648    0    0    0     0          0    482032 11697292602841 3055397663    0    0    0     0       0          0
1784175126 | enp139s0f0np0: 27347441253348 10753669617    0    0    0     0          0    482032 11698568910221 3055728830    0    0    0     0       0          0
1784175127 | enp139s0f0np0: 27348675819470 10753988921    0    0    0     0          0    482032 11699774436094 3056045616    0    0    0     0       0          0
1784175128 | enp139s0f0np0: 27349912950454 10754308926    0    0    0     0          0    482032 11701032589669 3056374633    0    0    0     0       0          0
1784175129 | enp139s0f0np0: 27351048352384 10754604147    0    0    0     0          0    482032 11702212589944 3056683507    0    0    0     0       0          0
1784175130 | enp139s0f0np0: 27352341251202 10754937976    0    0    0     0          0    482032 11703537061934 3057027411    0    0    0     0       0          0
1784175131 | enp139s0f0np0: 27353488526111 10755236924    0    0    0     0          0    482032 11704668806884 3057326868    0    0    0     0       0          0
1784175132 | enp139s0f0np0: 27354545729676 10755513229    0    0    0     0          0    482032 11705709867644 3057603096    0    0    0     0       0          0
1784175133 | enp139s0f0np0: 27355705529567 10755815714    0    0    0     0          0    482032 11706856657047 3057906401    0    0    0     0       0          0
1784175134 | enp139s0f0np0: 27357054175008 10756163177    0    0    0     0          0    482032 11708189054430 3058252372    0    0    0     0       0          0
1784175135 | enp139s0f0np0: 27358297730518 10756485735    0    0    0     0          0    482032 11709426323806 3058576781    0    0    0     0       0          0
1784175136 | enp139s0f0np0: 27359440853324 10756783547    0    0    0     0          0    482032 11710514908649 3058865908    0    0    0     0       0          0
1784175137 | enp139s0f0np0: 27360508516150 10757061368    0    0    0     0          0    482032 11711575079589 3059144662    0    0    0     0       0          0
1784175138 | enp139s0f0np0: 27361640288332 10757354538    0    0    0     0          0    482033 11712704896404 3059439798    0    0    0     0       0          0
1784175139 | enp139s0f0np0: 27362667050992 10757622962    0    0    0     0          0    482033 11713723448060 3059709787    0    0    0     0       0          0
1784175140 | enp139s0f0np0: 27363586375082 10757864368    0    0    0     0          0    482033 11714674663439 3059961907    0    0    0     0       0          0
1784175141 | enp139s0f0np0: 27364498906990 10758103822    0    0    0     0          0    482033 11715553090169 3060197357    0    0    0     0       0          0
1784175142 | enp139s0f0np0: 27365399071304 10758340739    0    0    0     0          0    482033 11716445869434 3060436148    0    0    0     0       0          0
1784175143 | enp139s0f0np0: 27366271017240 10758569259    0    0    0     0          0    482033 11717302277596 3060664908    0    0    0     0       0          0
1784175144 | enp139s0f0np0: 27367356096114 10758850759    0    0    0     0          0    482033 11718340119980 3060937835    0    0    0     0       0          0
1784175145 | enp139s0f0np0: 27368312087082 10759100871    0    0    0     0          0    482033 11719284931377 3061189162    0    0    0     0       0          0
1784175146 | enp139s0f0np0: 27368612656888 10759184137    0    0    0     0          0    482033 11719569168577 3061268391    0    0    0     0       0          0
