1784752182 | enp139s0f0np0: 217346726718496 58835001541    0 2473    0     0          0    501266 164414755564324 42669673052    0    0    0     0       0          0
1784752183 | enp139s0f0np0: 217346841669192 58835040377    0 2473    0     0          0    501266 164416142053614 42670007217    0    0    0     0       0          0
1784752184 | enp139s0f0np0: 217347093631059 58835117588    0 2473    0     0          0    501266 164418198903289 42670503902    0    0    0     0       0          0
1784752185 | enp139s0f0np0: 217347490036127 58835237660    0 2473    0     0          0    501266 164421287838689 42671250400    0    0    0     0       0          0
1784752186 | enp139s0f0np0: 217347758628190 58835322928    0 2473    0     0          0    501266 164423207141560 42671716193    0    0    0     0       0          0
1784752187 | enp139s0f0np0: 217348180743874 58835446647    0 2473    0     0          0    501266 164425415629989 42672253523    0    0    0     0       0          0
1784752188 | enp139s0f0np0: 217348388934425 58835513662    0 2473    0     0          0    501266 164427110252541 42672664834    0    0    0     0       0          0
1784752189 | enp139s0f0np0: 217348493655217 58835553304    0 2473    0     0          0    501266 164428834018676 42673080316    0    0    0     0       0          0
1784752190 | enp139s0f0np0: 217349138889607 58835733096    0 2473    0     0          0    501266 164431625117765 42673758708    0    0    0     0       0          0
1784752191 | enp139s0f0np0: 217349245418471 58835782630    0 2473    0     0          0    501266 164434475214620 42674444904    0    0    0     0       0          0
1784752192 | enp139s0f0np0: 217349846729892 58835951011    0 2473    0     0          0    501266 164437264049041 42675122047    0    0    0     0       0          0
1784752193 | enp139s0f0np0: 217349995399627 58836008854    0 2473    0     0          0    501266 164439974323593 42675775020    0    0    0     0       0          0
1784752194 | enp139s0f0np0: 217350213652436 58836085848    0 2473    0     0          0    501266 164442465983615 42676376935    0    0    0     0       0          0
1784752195 | enp139s0f0np0: 217350788847001 58836248110    0 2473    0     0          0    501266 164444968044871 42676985467    0    0    0     0       0          0
1784752196 | enp139s0f0np0: 217350815347615 58836274921    0 2473    0     0          0    501266 164447118438109 42677502734    0    0    0     0       0          0
1784752197 | enp139s0f0np0: 217351182174221 58836389652    0 2473    0     0          0    501266 164450117453135 42678227788    0    0    0     0       0          0
1784752198 | enp139s0f0np0: 217351576392411 58836507376    0 2473    0     0          0    501266 164452438583282 42678790973    0    0    0     0       0          0
1784752199 | enp139s0f0np0: 217351839867305 58836597549    0 2473    0     0          0    501266 164455696176435 42679576220    0    0    0     0       0          0
1784752200 | enp139s0f0np0: 217352337498901 58836737861    0 2473    0     0          0    501266 164457889574038 42680109656    0    0    0     0       0          0
1784752201 | enp139s0f0np0: 217352563962184 58836815994    0 2473    0     0          0    501266 164460291549911 42680690260    0    0    0     0       0          0
1784752202 | enp139s0f0np0: 217353098338887 58836969094    0 2473    0     0          0    501266 164462909172950 42681326669    0    0    0     0       0          0
1784752203 | enp139s0f0np0: 217353306395398 58837038768    0 2473    0     0          0    501266 164465105940945 42681857648    0    0    0     0       0          0
1784752204 | enp139s0f0np0: 217353858444784 58837193973    0 2473    0     0          0    501266 164467816934710 42682515900    0    0    0     0       0          0
1784752205 | enp139s0f0np0: 217353874826722 58837224775    0 2473    0     0          0    501266 164471230642338 42683335554    0    0    0     0       0          0
1784752206 | enp139s0f0np0: 217354002969688 58837269803    0 2473    0     0          0    501267 164472512738422 42683646194    0    0    0     0       0          0
1784752207 | enp139s0f0np0: 217354289991262 58837362737    0 2473    0     0          0    501267 164475522479611 42684372327    0    0    0     0       0          0
1784752208 | enp139s0f0np0: 217354762399557 58837493099    0 2473    0     0          0    501267 164477041175307 42684743642    0    0    0     0       0          0
1784752209 | enp139s0f0np0: 217355449667557 58837676391    0 2473    0     0          0    501267 164478400998713 42685080847    0    0    0     0       0          0
1784752210 | enp139s0f0np0: 217355518118318 58837700282    0 2473    0     0          0    501267 164478934213971 42685210575    0    0    0     0       0          0
1784752211 | enp139s0f0np0: 217355519279648 58837707727    0 2473    0     0          0    501267 164479476556487 42685341392    0    0    0     0       0          0
1784752212 | enp139s0f0np0: 217355520066209 58837712536    0 2473    0     0          0    501267 164479838300783 42685428674    0    0    0     0       0          0
1784752213 | enp139s0f0np0: 217355521222678 58837719389    0 2473    0     0          0    501267 164480353488727 42685553055    0    0    0     0       0          0
1784752214 | enp139s0f0np0: 217355522271697 58837725648    0 2473    0     0          0    501267 164480808103479 42685662791    0    0    0     0       0          0
1784752215 | enp139s0f0np0: 217355523004880 58837730278    0 2473    0     0          0    501267 164481144495435 42685743938    0    0    0     0       0          0
1784752216 | enp139s0f0np0: 217355524422295 58837738570    0 2473    0     0          0    501267 164481822851209 42685907586    0    0    0     0       0          0
1784752217 | enp139s0f0np0: 217355525662694 58837746155    0 2473    0     0          0    501267 164482382356046 42686042607    0    0    0     0       0          0
1784752218 | enp139s0f0np0: 217355527196826 58837755439    0 2473    0     0          0    501267 164483115985924 42686219512    0    0    0     0       0          0
1784752219 | enp139s0f0np0: 217355528757928 58837765022    0 2473    0     0          0    501267 164483871705706 42686401628    0    0    0     0       0          0
1784752220 | enp139s0f0np0: 217355530363324 58837773857    0 2473    0     0          0    501267 164484521052420 42686558818    0    0    0     0       0          0
1784752221 | enp139s0f0np0: 217355531747195 58837782611    0 2473    0     0          0    501267 164485178841516 42686717318    0    0    0     0       0          0
1784752222 | enp139s0f0np0: 217355533393086 58837793228    0 2473    0     0          0    501267 164485950580690 42686903404    0    0    0     0       0          0
1784752223 | enp139s0f0np0: 217355534692840 58837801625    0 2473    0     0          0    501267 164486583803906 42687055946    0    0    0     0       0          0
1784752224 | enp139s0f0np0: 217355536011329 58837809618    0 2473    0     0          0    501267 164487184034480 42687200695    0    0    0     0       0          0
1784752225 | enp139s0f0np0: 217355537045759 58837816304    0 2473    0     0          0    501267 164487668962914 42687317573    0    0    0     0       0          0
1784752226 | enp139s0f0np0: 217355538273458 58837823753    0 2473    0     0          0    501267 164488214529368 42687449233    0    0    0     0       0          0
1784752227 | enp139s0f0np0: 217355539262217 58837829290    0 2473    0     0          0    501267 164488603842819 42687543364    0    0    0     0       0          0
1784752228 | enp139s0f0np0: 217355540536043 58837836888    0 2473    0     0          0    501267 164489110287611 42687665832    0    0    0     0       0          0
1784752229 | enp139s0f0np0: 217355542545194 58837847576    0 2473    0     0          0    501267 164489865751050 42687849162    0    0    0     0       0          0
1784752230 | enp139s0f0np0: 217355544304559 58837858341    0 2473    0     0          0    501267 164490680463354 42688045673    0    0    0     0       0          0
1784752231 | enp139s0f0np0: 217355545941500 58837868808    0 2473    0     0          0    501267 164491436471760 42688227984    0    0    0     0       0          0
1784752232 | enp139s0f0np0: 217355548007349 58837880803    0 2473    0     0          0    501267 164492326301150 42688442889    0    0    0     0       0          0
1784752233 | enp139s0f0np0: 217355549174395 58837888056    0 2473    0     0          0    501267 164492853945066 42688570101    0    0    0     0       0          0
1784752234 | enp139s0f0np0: 217355550419630 58837895150    0 2473    0     0          0    501267 164493356934484 42688691685    0    0    0     0       0          0
1784752235 | enp139s0f0np0: 217355551843717 58837903235    0 2473    0     0          0    501268 164493934122466 42688831267    0    0    0     0       0          0
1784752236 | enp139s0f0np0: 217355553299446 58837911955    0 2473    0     0          0    501268 164494567809210 42688984373    0    0    0     0       0          0
1784752237 | enp139s0f0np0: 217355554538215 58837919211    0 2473    0     0          0    501268 164495091260205 42689110756    0    0    0     0       0          0
1784752238 | enp139s0f0np0: 217355556274819 58837929304    0 2473    0     0          0    501268 164495791478801 42689280139    0    0    0     0       0          0
1784752239 | enp139s0f0np0: 217355557749892 58837938152    0 2473    0     0          0    501268 164496483196535 42689446784    0    0    0     0       0          0
1784752240 | enp139s0f0np0: 217355559139480 58837946477    0 2473    0     0          0    501268 164497054175709 42689584711    0    0    0     0       0          0
1784752241 | enp139s0f0np0: 217355560749729 58837956526    0 2473    0     0          0    501268 164497743577039 42689751150    0    0    0     0       0          0
1784752242 | enp139s0f0np0: 217355561969684 58837963749    0 2473    0     0          0    501268 164498250754119 42689873606    0    0    0     0       0          0
1784752243 | enp139s0f0np0: 217355563472765 58837972456    0 2473    0     0          0    501268 164498841794479 42690016589    0    0    0     0       0          0
1784752244 | enp139s0f0np0: 217356139179160 58838125346    0 2473    0     0          0    501268 164499902089615 42690279922    0    0    0     0       0          0
1784752245 | enp139s0f0np0: 217356319175269 58838178050    0 2473    0     0          0    501268 164500634507423 42690459101    0    0    0     0       0          0
1784752246 | enp139s0f0np0: 217356320804015 58838187115    0 2473    0     0          0    501268 164501279429239 42690614948    0    0    0     0       0          0
1784752247 | enp139s0f0np0: 217356322670598 58838199047    0 2473    0     0          0    501268 164502118368212 42690817211    0    0    0     0       0          0
1784752248 | enp139s0f0np0: 217356323961703 58838206832    0 2473    0     0          0    501268 164502664760528 42690949114    0    0    0     0       0          0
1784752249 | enp139s0f0np0: 217356325962777 58838219213    0 2473    0     0          0    501268 164503608492894 42691176417    0    0    0     0       0          0
1784752250 | enp139s0f0np0: 217356327336063 58838227238    0 2473    0     0          0    501268 164504180886846 42691314600    0    0    0     0       0          0
1784752251 | enp139s0f0np0: 217356328985595 58838237268    0 2473    0     0          0    501268 164504929241512 42691494949    0    0    0     0       0          0
1784752252 | enp139s0f0np0: 217356330356333 58838245498    0 2473    0     0          0    501268 164505544912760 42691643380    0    0    0     0       0          0
1784752253 | enp139s0f0np0: 217356331580497 58838252796    0 2473    0     0          0    501268 164506087994436 42691774228    0    0    0     0       0          0
1784752254 | enp139s0f0np0: 217356332745678 58838258793    0 2473    0     0          0    501268 164506449473750 42691862072    0    0    0     0       0          0
1784752255 | enp139s0f0np0: 217356334668130 58838270588    0 2473    0     0          0    501268 164507267731608 42692059593    0    0    0     0       0          0
1784752256 | enp139s0f0np0: 217356335715234 58838276094    0 2473    0     0          0    501268 164507629906947 42692147354    0    0    0     0       0          0
1784752257 | enp139s0f0np0: 217356336877006 58838282507    0 2473    0     0          0    501268 164508088369087 42692258149    0    0    0     0       0          0
1784752258 | enp139s0f0np0: 217356338269694 58838290351    0 2473    0     0          0    501268 164508647021525 42692393115    0    0    0     0       0          0
1784752259 | enp139s0f0np0: 217356338997292 58838294296    0 2473    0     0          0    501268 164508915160505 42692457886    0    0    0     0       0          0
1784752260 | enp139s0f0np0: 217356340307020 58838302098    0 2473    0     0          0    501268 164509490821901 42692596611    0    0    0     0       0          0
1784752261 | enp139s0f0np0: 217356341302252 58838307857    0 2473    0     0          0    501268 164509890464439 42692693076    0    0    0     0       0          0
1784752262 | enp139s0f0np0: 217356342702575 58838315467    0 2473    0     0          0    501268 164510384060955 42692812932    0    0    0     0       0          0
1784752263 | enp139s0f0np0: 217356412883180 58838342919    0 2473    0     0          0    501268 164511217165993 42693015024    0    0    0     0       0          0
1784752264 | enp139s0f0np0: 217356413429736 58838345728    0 2473    0     0          0    501268 164511382859071 42693055128    0    0    0     0       0          0
1784752265 | enp139s0f0np0: 217356414963507 58838354758    0 2473    0     0          0    501269 164512052224751 42693216613    0    0    0     0       0          0
1784752266 | enp139s0f0np0: 217356446807186 58838369176    0 2473    0     0          0    501269 164512529328828 42693332300    0    0    0     0       0          0
1784752267 | enp139s0f0np0: 217356486177603 58838389294    0 2473    0     0          0    501269 164513317708868 42693523047    0    0    0     0       0          0
1784752268 | enp139s0f0np0: 217356487650705 58838398251    0 2473    0     0          0    501269 164513954483614 42693676636    0    0    0     0       0          0
1784752269 | enp139s0f0np0: 217356489526036 58838410002    0 2473    0     0          0    501269 164514842997440 42693890686    0    0    0     0       0          0
1784752270 | enp139s0f0np0: 217356491632427 58838421842    0 2473    0     0          0    501269 164515678090474 42694092936    0    0    0     0       0          0
1784752271 | enp139s0f0np0: 217356493759614 58838433937    0 2473    0     0          0    501269 164516507310210 42694293779    0    0    0     0       0          0
1784752272 | enp139s0f0np0: 217356495900710 58838445767    0 2473    0     0          0    501269 164517349346426 42694497743    0    0    0     0       0          0
1784752273 | enp139s0f0np0: 217356593203047 58838479686    0 2473    0     0          0    501269 164518205737364 42694706435    0    0    0     0       0          0
1784752274 | enp139s0f0np0: 217356636759440 58838502339    0 2473    0     0          0    501269 164519265210030 42694962296    0    0    0     0       0          0
1784752275 | enp139s0f0np0: 217356637497257 58838506764    0 2473    0     0          0    501269 164519567987950 42695035362    0    0    0     0       0          0
1784752276 | enp139s0f0np0: 217356639448078 58838518499    0 2473    0     0          0    501269 164520474773248 42695254048    0    0    0     0       0          0
1784752277 | enp139s0f0np0: 217356640463881 58838524200    0 2473    0     0          0    501269 164520870921215 42695349834    0    0    0     0       0          0
1784752278 | enp139s0f0np0: 217357122087529 58838659722    0 2473    0     0          0    501269 164522341662539 42695711584    0    0    0     0       0          0
1784752279 | enp139s0f0np0: 217357124341344 58838672813    0 2473    0     0          0    501269 164523278549507 42695938060    0    0    0     0       0          0
1784752280 | enp139s0f0np0: 217357125600701 58838680088    0 2473    0     0          0    501269 164523815645009 42696067775    0    0    0     0       0          0
1784752281 | enp139s0f0np0: 217357127611905 58838691814    0 2473    0     0          0    501269 164524698010287 42696280889    0    0    0     0       0          0
1784752282 | enp139s0f0np0: 217357128648838 58838697789    0 2473    0     0          0    501269 164525120628575 42696383013    0    0    0     0       0          0
1784752283 | enp139s0f0np0: 217357129848104 58838705041    0 2473    0     0          0    501269 164525638151595 42696508036    0    0    0     0       0          0
1784752284 | enp139s0f0np0: 217357131242642 58838713235    0 2473    0     0          0    501269 164526241773345 42696653818    0    0    0     0       0          0
1784752285 | enp139s0f0np0: 217357132388702 58838719709    0 2473    0     0          0    501269 164526740691113 42696774209    0    0    0     0       0          0
1784752286 | enp139s0f0np0: 217357134333051 58838731090    0 2473    0     0          0    501269 164527560955951 42696972450    0    0    0     0       0          0
1784752287 | enp139s0f0np0: 217357204300674 58838757268    0 2473    0     0          0    501269 164528253038018 42697140815    0    0    0     0       0          0
1784752288 | enp139s0f0np0: 217357234239569 58838770811    0 2473    0     0          0    501269 164528726423158 42697255616    0    0    0     0       0          0
1784752289 | enp139s0f0np0: 217357274638795 58838785506    0 2473    0     0          0    501269 164529068669558 42697339138    0    0    0     0       0          0
1784752290 | enp139s0f0np0: 217357275546456 58838790846    0 2473    0     0          0    501269 164529466163866 42697435083    0    0    0     0       0          0
1784752291 | enp139s0f0np0: 217357276917422 58838799025    0 2473    0     0          0    501269 164530048358120 42697575727    0    0    0     0       0          0
1784752292 | enp139s0f0np0: 217357277769198 58838804207    0 2473    0     0          0    501269 164530417572342 42697664832    0    0    0     0       0          0
1784752293 | enp139s0f0np0: 217357278598801 58838809085    0 2473    0     0          0    501269 164530754323568 42697746279    0    0    0     0       0          0
1784752294 | enp139s0f0np0: 217357279782860 58838816396    0 2473    0     0          0    501269 164531304155618 42697878899    0    0    0     0       0          0
1784752295 | enp139s0f0np0: 217357280567980 58838820968    0 2473    0     0          0    501270 164531637131942 42697959347    0    0    0     0       0          0
1784752296 | enp139s0f0np0: 217357281517661 58838826511    0 2473    0     0          0    501270 164532024587780 42698053089    0    0    0     0       0          0
1784752297 | enp139s0f0np0: 217357283261166 58838837406    0 2473    0     0          0    501270 164532930959787 42698271375    0    0    0     0       0          0
1784752298 | enp139s0f0np0: 217357284235520 58838843545    0 2473    0     0          0    501270 164533417501039 42698388577    0    0    0     0       0          0
1784752299 | enp139s0f0np0: 217357285528638 58838851492    0 2473    0     0          0    501270 164534053942275 42698541935    0    0    0     0       0          0
1784752300 | enp139s0f0np0: 217357286350901 58838856568    0 2473    0     0          0    501270 164534428179843 42698632124    0    0    0     0       0          0
1784752301 | enp139s0f0np0: 217357287996402 58838867411    0 2473    0     0          0    501270 164535219889615 42698822940    0    0    0     0       0          0
1784752302 | enp139s0f0np0: 217357289023729 58838873684    0 2473    0     0          0    501270 164535694703489 42698937388    0    0    0     0       0          0
1784752303 | enp139s0f0np0: 217357290605511 58838883841    0 2473    0     0          0    501270 164536451703041 42699119776    0    0    0     0       0          0
1784752304 | enp139s0f0np0: 217357291782738 58838890422    0 2473    0     0          0    501270 164536873677125 42699222120    0    0    0     0       0          0
1784752305 | enp139s0f0np0: 217357292847456 58838896851    0 2473    0     0          0    501270 164537328546093 42699331911    0    0    0     0       0          0
1784752306 | enp139s0f0np0: 217357294163078 58838904735    0 2473    0     0          0    501270 164537930328566 42699477095    0    0    0     0       0          0
1784752307 | enp139s0f0np0: 217357295166342 58838911074    0 2473    0     0          0    501270 164538417077724 42699594423    0    0    0     0       0          0
1784752308 | enp139s0f0np0: 217357297055670 58838922970    0 2473    0     0          0    501270 164539323135702 42699812804    0    0    0     0       0          0
1784752309 | enp139s0f0np0: 217357298104618 58838929358    0 2473    0     0          0    501270 164539776408536 42699922247    0    0    0     0       0          0
1784752310 | enp139s0f0np0: 217357403279035 58838963397    0 2473    0     0          0    501270 164540342895768 42700061800    0    0    0     0       0          0
1784752311 | enp139s0f0np0: 217357437531792 58838978744    0 2473    0     0          0    501270 164540855274014 42700185982    0    0    0     0       0          0
1784752312 | enp139s0f0np0: 217357438537773 58838984708    0 2473    0     0          0    501270 164541289030796 42700290587    0    0    0     0       0          0
1784752313 | enp139s0f0np0: 217357439548133 58838990712    0 2473    0     0          0    501270 164541710543116 42700392340    0    0    0     0       0          0
1784752314 | enp139s0f0np0: 217357440682003 58838997857    0 2473    0     0          0    501270 164542235765146 42700518969    0    0    0     0       0          0
1784752315 | enp139s0f0np0: 217357442233395 58839006944    0 2473    0     0          0    501270 164542884136556 42700675584    0    0    0     0       0          0
1784752316 | enp139s0f0np0: 217357443015656 58839011202    0 2473    0     0          0    501270 164543192808487 42700750112    0    0    0     0       0          0
1784752317 | enp139s0f0np0: 217357443967017 58839016744    0 2473    0     0          0    501270 164543587670777 42700845420    0    0    0     0       0          0
1784752318 | enp139s0f0np0: 217357445393253 58839025414    0 2473    0     0          0    501270 164544217791219 42700997421    0    0    0     0       0          0
1784752319 | enp139s0f0np0: 217357446633138 58839032697    0 2473    0     0          0    501270 164544807815257 42701139548    0    0    0     0       0          0
1784752320 | enp139s0f0np0: 217357447977006 58839040576    0 2473    0     0          0    501270 164545457584951 42701296061    0    0    0     0       0          0
1784752321 | enp139s0f0np0: 217357449133816 58839047395    0 2473    0     0          0    501270 164545960451075 42701417361    0    0    0     0       0          0
1784752322 | enp139s0f0np0: 217357450048294 58839052639    0 2473    0     0          0    501270 164546367232857 42701515393    0    0    0     0       0          0
1784752323 | enp139s0f0np0: 217357451199074 58839059321    0 2473    0     0          0    501270 164546858369951 42701633883    0    0    0     0       0          0
1784752324 | enp139s0f0np0: 217357452078773 58839064407    0 2473    0     0          0    501270 164547236361047 42701725057    0    0    0     0       0          0
1784752325 | enp139s0f0np0: 217357538573344 58839094476    0 2473    0     0          0    501271 164547940588193 42701896589    0    0    0     0       0          0
1784752326 | enp139s0f0np0: 217357934550939 58839204044    0 2473    0     0          0    501271 164549112038894 42702184908    0    0    0     0       0          0
1784752327 | enp139s0f0np0: 217357936496677 58839215235    0 2473    0     0          0    501271 164549899517872 42702375401    0    0    0     0       0          0
1784752328 | enp139s0f0np0: 217357937944527 58839223705    0 2473    0     0          0    501271 164550541648286 42702530331    0    0    0     0       0          0
1784752329 | enp139s0f0np0: 217358067343345 58839263955    0 2473    0     0          0    501271 164551229821560 42702698431    0    0    0     0       0          0
1784752330 | enp139s0f0np0: 217358077354125 58839273026    0 2473    0     0          0    501271 164551718079570 42702816470    0    0    0     0       0          0
1784752331 | enp139s0f0np0: 217358079229174 58839284431    0 2473    0     0          0    501271 164552560157706 42703019606    0    0    0     0       0          0
1784752332 | enp139s0f0np0: 217358081217257 58839296051    0 2473    0     0          0    501271 164553399994366 42703222547    0    0    0     0       0          0
1784752333 | enp139s0f0np0: 217358082371419 58839302892    0 2473    0     0          0    501271 164553927663266 42703349837    0    0    0     0       0          0
1784752334 | enp139s0f0np0: 217358084035209 58839313203    0 2473    0     0          0    501271 164554715378160 42703539660    0    0    0     0       0          0
1784752335 | enp139s0f0np0: 217358085241609 58839320219    0 2473    0     0          0    501271 164555242739976 42703666751    0    0    0     0       0          0
1784752336 | enp139s0f0np0: 217358086597208 58839327914    0 2473    0     0          0    501271 164555897045387 42703824325    0    0    0     0       0          0
1784752337 | enp139s0f0np0: 217358171170955 58839356806    0 2473    0     0          0    501271 164556525389842 42703977527    0    0    0     0       0          0
1784752338 | enp139s0f0np0: 217358225991428 58839376520    0 2473    0     0          0    501271 164556990093227 42704090730    0    0    0     0       0          0
1784752339 | enp139s0f0np0: 217358227276857 58839383692    0 2473    0     0          0    501271 164557534634619 42704222197    0    0    0     0       0          0
1784752340 | enp139s0f0np0: 217358228661985 58839391184    0 2473    0     0          0    501271 164558030247831 42704342277    0    0    0     0       0          0
1784752341 | enp139s0f0np0: 217358231011711 58839403083    0 2473    0     0          0    501271 164558771350701 42704523097    0    0    0     0       0          0
1784752342 | enp139s0f0np0: 217358234235924 58839410923    0 2473    0     0          0    501271 164559298214751 42704650506    0    0    0     0       0          0
1784752343 | enp139s0f0np0: 217358302124634 58839435491    0 2473    0     0          0    501271 164559907366251 42704798614    0    0    0     0       0          0
1784752344 | enp139s0f0np0: 217358303083370 58839440964    0 2473    0     0          0    501271 164560291768351 42704891331    0    0    0     0       0          0
1784752345 | enp139s0f0np0: 217358303924009 58839445820    0 2473    0     0          0    501271 164560634835051 42704974117    0    0    0     0       0          0
1784752346 | enp139s0f0np0: 217358304694128 58839449662    0 2473    0     0          0    501271 164560934968038 42705046590    0    0    0     0       0          0
1784752347 | enp139s0f0np0: 217358306406265 58839459156    0 2473    0     0          0    501271 164561734486794 42705239353    0    0    0     0       0          0
1784752348 | enp139s0f0np0: 217358307089158 58839462794    0 2473    0     0          0    501271 164561981831142 42705299192    0    0    0     0       0          0
1784752349 | enp139s0f0np0: 217358308139661 58839468557    0 2473    0     0          0    501271 164562387389336 42705397171    0    0    0     0       0          0
1784752350 | enp139s0f0np0: 217358309625560 58839476612    0 2473    0     0          0    501271 164562982200500 42705541014    0    0    0     0       0          0
1784752351 | enp139s0f0np0: 217358310344039 58839480426    0 2473    0     0          0    501271 164563233305836 42705601799    0    0    0     0       0          0
1784752352 | enp139s0f0np0: 217358310689473 58839482046    0 2473    0     0          0    501271 164563338145588 42705627145    0    0    0     0       0          0
1784752353 | enp139s0f0np0: 217358311374264 58839485879    0 2473    0     0          0    501271 164563591347482 42705688343    0    0    0     0       0          0
1784752354 | enp139s0f0np0: 217358312188486 58839490373    0 2473    0     0          0    501271 164563896844054 42705762172    0    0    0     0       0          0
1784752355 | enp139s0f0np0: 217358312884119 58839494280    0 2473    0     0          0    501272 164564156459696 42705824969    0    0    0     0       0          0
1784752356 | enp139s0f0np0: 217358382111920 58839516257    0 2473    0     0          0    501272 164564504097959 42705910278    0    0    0     0       0          0
1784752357 | enp139s0f0np0: 217358383081156 58839521768    0 2473    0     0          0    501272 164564909115197 42706008134    0    0    0     0       0          0
1784752358 | enp139s0f0np0: 217358453049670 58839547971    0 2473    0     0          0    501272 164565600690649 42706176513    0    0    0     0       0          0
1784752359 | enp139s0f0np0: 217358453686557 58839551408    0 2473    0     0          0    501272 164565830685197 42706232138    0    0    0     0       0          0
1784752360 | enp139s0f0np0: 217358454327969 58839555088    0 2473    0     0          0    501272 164566083076107 42706293135    0    0    0     0       0          0
1784752361 | enp139s0f0np0: 217358455560899 58839562588    0 2473    0     0          0    501272 164566607021203 42706419707    0    0    0     0       0          0
1784752362 | enp139s0f0np0: 217358456666100 58839568793    0 2473    0     0          0    501272 164567066036367 42706530649    0    0    0     0       0          0
1784752363 | enp139s0f0np0: 217358457030210 58839569944    0 2473    0     0          0    501272 164567100370871 42706539468    0    0    0     0       0          0
1784752364 | enp139s0f0np0: 217358525839351 58839588578    0 2473    0     0          0    501272 164567169169365 42706558081    0    0    0     0       0          0
1784752365 | enp139s0f0np0: 217358594557286 58839606926    0 2473    0     0          0    501272 164567237863345 42706576340    0    0    0     0       0          0
1784752366 | enp139s0f0np0: 217358732050645 58839643841    0 2473    0     0          0    501272 164567375389818 42706613174    0    0    0     0       0          0
1784752367 | enp139s0f0np0: 217358818666526 58839666780    0 2473    0     0          0    501272 164567462003423 42706636064    0    0    0     0       0          0
1784752368 | enp139s0f0np0: 217358869619008 58839680846    0 2473    0     0          0    501272 164567512892204 42706650037    0    0    0     0       0          0
1784752369 | enp139s0f0np0: 217358870118071 58839682198    0 2473    0     0          0    501272 164567513329232 42706651304    0    0    0     0       0          0
1784752370 | enp139s0f0np0: 217358917417344 58839694958    0 2473    0     0          0    501272 164567560615410 42706664064    0    0    0     0       0          0
1784752371 | enp139s0f0np0: 217359076311654 58839737481    0 2473    0     0          0    501272 164567719595780 42706706649    0    0    0     0       0          0
1784752372 | enp139s0f0np0: 217359077421598 58839740857    0 2473    0     0          0    501272 164567720770766 42706709951    0    0    0     0       0          0
1784752373 | enp139s0f0np0: 217359077682722 58839741451    0 2473    0     0          0    501272 164567720933594 42706710449    0    0    0     0       0          0
1784752374 | enp139s0f0np0: 217359077942428 58839742106    0 2473    0     0          0    501272 164567721118754 42706711030    0    0    0     0       0          0
1784752375 | enp139s0f0np0: 217359078256338 58839742927    0 2473    0     0          0    501272 164567721360986 42706711788    0    0    0     0       0          0
1784752376 | enp139s0f0np0: 217359215501228 58839778897    0 2473    0     0          0    501272 164567858592973 42706747834    0    0    0     0       0          0
1784752377 | enp139s0f0np0: 217359215664847 58839779168    0 2473    0     0          0    501272 164567858642287 42706748006    0    0    0     0       0          0
1784752378 | enp139s0f0np0: 217359216009314 58839780126    0 2473    0     0          0    501272 164567858955625 42706748919    0    0    0     0       0          0
1784752379 | enp139s0f0np0: 217359216094606 58839780237    0 2473    0     0          0    501272 164567858991313 42706749040    0    0    0     0       0          0
1784752380 | enp139s0f0np0: 217359216253782 58839780544    0 2473    0     0          0    501272 164567859090475 42706749361    0    0    0     0       0          0
1784752381 | enp139s0f0np0: 217359216351449 58839780655    0 2473    0     0          0    501272 164567859117991 42706749467    0    0    0     0       0          0
1784752382 | enp139s0f0np0: 217359285035959 58839798835    0 2473    0     0          0    501272 164567927780921 42706767639    0    0    0     0       0          0
1784752383 | enp139s0f0np0: 217359285112358 58839798896    0 2473    0     0          0    501272 164567927795165 42706767689    0    0    0     0       0          0
1784752384 | enp139s0f0np0: 217359285269801 58839799228    0 2473    0     0          0    501272 164567927910377 42706768060    0    0    0     0       0          0
1784752385 | enp139s0f0np0: 217359285437519 58839799545    0 2473    0     0          0    501273 164567928011723 42706768383    0    0    0     0       0          0
1784752386 | enp139s0f0np0: 217359314473083 58839807300    0 2473    0     0          0    501273 164567957021190 42706776256    0    0    0     0       0          0
1784752387 | enp139s0f0np0: 217359354217593 58839817757    0 2473    0     0          0    501273 164567996725020 42706786805    0    0    0     0       0          0
1784752388 | enp139s0f0np0: 217359354376004 58839817969    0 2473    0     0          0    501273 164567996787366 42706787019    0    0    0     0       0          0
1784752389 | enp139s0f0np0: 217359354489167 58839818179    0 2473    0     0          0    501273 164567996856180 42706787261    0    0    0     0       0          0
1784752390 | enp139s0f0np0: 217359354675070 58839818549    0 2473    0     0          0    501273 164567996980380 42706787666    0    0    0     0       0          0
1784752391 | enp139s0f0np0: 217359354824931 58839818850    0 2473    0     0          0    501273 164567997084534 42706788016    0    0    0     0       0          0
1784752392 | enp139s0f0np0: 217359354955994 58839819054    0 2473    0     0          0    501273 164567997147444 42706788223    0    0    0     0       0          0
1784752393 | enp139s0f0np0: 217359355093344 58839819292    0 2473    0     0          0    501273 164567997224430 42706788493    0    0    0     0       0          0
1784752394 | enp139s0f0np0: 217359427721114 58839838320    0 2473    0     0          0    501273 164568069596386 42706807524    0    0    0     0       0          0
1784752395 | enp139s0f0np0: 217359492344011 58839855312    0 2473    0     0          0    501273 164568134484860 42706824637    0    0    0     0       0          0
1784752396 | enp139s0f0np0: 217359492503436 58839855624    0 2473    0     0          0    501273 164568134587037 42706824988    0    0    0     0       0          0
1784752397 | enp139s0f0np0: 217359492660994 58839855876    0 2473    0     0          0    501273 164568134667401 42706825247    0    0    0     0       0          0
1784752398 | enp139s0f0np0: 217359561373550 58839874071    0 2473    0     0          0    501273 164568203347203 42706843457    0    0    0     0       0          0
1784752399 | enp139s0f0np0: 217359561759106 58839874920    0 2473    0     0          0    501273 164568203639001 42706844339    0    0    0     0       0          0
1784752400 | enp139s0f0np0: 217359562023416 58839875395    0 2473    0     0          0    501273 164568203787405 42706844805    0    0    0     0       0          0
1784752401 | enp139s0f0np0: 217359630876490 58839893970    0 2473    0     0          0    501273 164568272586283 42706863389    0    0    0     0       0          0
1784752402 | enp139s0f0np0: 217359683993159 58839908686    0 2473    0     0          0    501273 164568325406357 42706878029    0    0    0     0       0          0
1784752403 | enp139s0f0np0: 217359699947975 58839913049    0 2473    0     0          0    501273 164568341543255 42706882420    0    0    0     0       0          0
1784752404 | enp139s0f0np0: 217359701019282 58839916301    0 2473    0     0          0    501273 164568342690299 42706885641    0    0    0     0       0          0
1784752405 | enp139s0f0np0: 217359770151916 58839935871    0 2473    0     0          0    501273 164568411863877 42706905235    0    0    0     0       0          0
1784752406 | enp139s0f0np0: 217359957729438 58839985801    0 2473    0     0          0    501273 164568599254704 42706955194    0    0    0     0       0          0
1784752407 | enp139s0f0np0: 217360053960941 58840013722    0 2473    0     0          0    501273 164568695458886 42706983205    0    0    0     0       0          0
1784752408 | enp139s0f0np0: 217360210224336 58840056788    0 2473    0     0          0    501273 164568852018448 42707026476    0    0    0     0       0          0
1784752409 | enp139s0f0np0: 217360421343928 58840113731    0 2473    0     0          0    501273 164569063555711 42707083567    0    0    0     0       0          0
1784752410 | enp139s0f0np0: 217360566170523 58840151977    0 2473    0     0          0    501273 164569208370669 42707121749    0    0    0     0       0          0
1784752411 | enp139s0f0np0: 217360596331440 58840160784    0 2473    0     0          0    501273 164569238445729 42707130513    0    0    0     0       0          0
1784752412 | enp139s0f0np0: 217360596492831 58840161047    0 2473    0     0          0    501273 164569238509467 42707130717    0    0    0     0       0          0
1784752414 | enp139s0f0np0: 217360596658377 58840161249    0 2473    0     0          0    501273 164569238551053 42707130860    0    0    0     0       0          0
1784752415 | enp139s0f0np0: 217360596820808 58840161383    0 2473    0     0          0    501273 164569238569473 42707130920    0    0    0     0       0          0
1784752416 | enp139s0f0np0: 217360665703997 58840180024    0 2473    0     0          0    501274 164569307387503 42707149497    0    0    0     0       0          0
1784752417 | enp139s0f0np0: 217360665869962 58840180155    0 2473    0     0          0    501274 164569307401336 42707149551    0    0    0     0       0          0
1784752418 | enp139s0f0np0: 217360666071195 58840180348    0 2473    0     0          0    501274 164569307440894 42707149684    0    0    0     0       0          0
1784752419 | enp139s0f0np0: 217360666277189 58840180666    0 2473    0     0          0    501274 164569307526268 42707149936    0    0    0     0       0          0
1784752420 | enp139s0f0np0: 217360667320414 58840183718    0 2473    0     0          0    501274 164569308571858 42707152933    0    0    0     0       0          0
1784752421 | enp139s0f0np0: 217360697700035 58840192545    0 2473    0     0          0    501274 164569338903008 42707161752    0    0    0     0       0          0
1784752422 | enp139s0f0np0: 217360736397644 58840202714    0 2473    0     0          0    501274 164569377495836 42707171889    0    0    0     0       0          0
1784752423 | enp139s0f0np0: 217360736711890 58840203268    0 2473    0     0          0    501274 164569377634688 42707172345    0    0    0     0       0          0
1784752424 | enp139s0f0np0: 217360736978836 58840203843    0 2473    0     0          0    501274 164569377774110 42707172820    0    0    0     0       0          0
1784752425 | enp139s0f0np0: 217360737446776 58840205065    0 2473    0     0          0    501274 164569378154174 42707173897    0    0    0     0       0          0
1784752426 | enp139s0f0np0: 217360744940029 58840209136    0 2473    0     0          0    501274 164569385327884 42707177823    0    0    0     0       0          0
1784752427 | enp139s0f0np0: 217360944713960 58840263635    0 2473    0     0          0    501274 164569585506725 42707232292    0    0    0     0       0          0
1784752428 | enp139s0f0np0: 217361057537000 58840293854    0 2473    0     0          0    501274 164569698303511 42707262570    0    0    0     0       0          0
1784752429 | enp139s0f0np0: 217361151020803 58840318778    0 2473    0     0          0    501274 164569791693761 42707287454    0    0    0     0       0          0
1784752430 | enp139s0f0np0: 217361287381232 58840355866    0 2473    0     0          0    501274 164569928062321 42707324422    0    0    0     0       0          0
1784752431 | enp139s0f0np0: 217361469742369 58840404858    0 2473    0     0          0    501274 164570110217239 42707373394    0    0    0     0       0          0
1784752432 | enp139s0f0np0: 217361632719457 58840449381    0 2473    0     0          0    501274 164570273563059 42707418050    0    0    0     0       0          0
1784752433 | enp139s0f0np0: 217361633384692 58840451292    0 2473    0     0          0    501274 164570274172713 42707419808    0    0    0     0       0          0
1784752434 | enp139s0f0np0: 217361633630221 58840451770    0 2473    0     0          0    501274 164570274275061 42707420141    0    0    0     0       0          0
1784752435 | enp139s0f0np0: 217361702812237 58840471432    0 2473    0     0          0    501274 164570343422983 42707439692    0    0    0     0       0          0
1784752436 | enp139s0f0np0: 217361703093021 58840472094    0 2473    0     0          0    501274 164570343586021 42707440245    0    0    0     0       0          0
1784752437 | enp139s0f0np0: 217361703816445 58840474179    0 2473    0     0          0    501274 164570344256920 42707442220    0    0    0     0       0          0
1784752438 | enp139s0f0np0: 217361704126118 58840474939    0 2473    0     0          0    501274 164570344453540 42707442831    0    0    0     0       0          0
1784752439 | enp139s0f0np0: 217361704385839 58840475617    0 2473    0     0          0    501274 164570344624600 42707443376    0    0    0     0       0          0
1784752440 | enp139s0f0np0: 217361705022551 58840477465    0 2473    0     0          0    501274 164570345205640 42707445122    0    0    0     0       0          0
1784752441 | enp139s0f0np0: 217361866249440 58840521037    0 2473    0     0          0    501274 164570506505242 42707488680    0    0    0     0       0          0
1784752442 | enp139s0f0np0: 217361980240027 58840551967    0 2473    0     0          0    501274 164570620510276 42707519546    0    0    0     0       0          0
1784752443 | enp139s0f0np0: 217362118943389 58840590268    0 2473    0     0          0    501274 164570758969511 42707557699    0    0    0     0       0          0
1784752444 | enp139s0f0np0: 217362324284128 58840645591    0 2473    0     0          0    501274 164570964770436 42707612957    0    0    0     0       0          0
1784752445 | enp139s0f0np0: 217362484349339 58840690388    0 2473    0     0          0    501274 164571125024658 42707657682    0    0    0     0       0          0
1784752446 | enp139s0f0np0: 217362532161725 58840706547    0 2473    0     0          0    501275 164571172970718 42707673762    0    0    0     0       0          0
1784752447 | enp139s0f0np0: 217362717284790 58840758421    0 2473    0     0          0    501275 164571358327821 42707725615    0    0    0     0       0          0
