1784773468 | enp139s0f0np0: 229440000751453 61940674475    0 2473    0     0          0    501975 176480744889766 45756816148    0    0    0     0       0          0
1784773469 | enp139s0f0np0: 229440133216685 61940721056    0 2473    0     0          0    501975 176482580282815 45757257852    0    0    0     0       0          0
1784773470 | enp139s0f0np0: 229440761031080 61940902376    0 2473    0     0          0    501975 176485635371259 45757999638    0    0    0     0       0          0
1784773471 | enp139s0f0np0: 229441176603647 61941033924    0 2473    0     0          0    501975 176488665975045 45758734566    0    0    0     0       0          0
1784773472 | enp139s0f0np0: 229441803888008 61941213307    0 2473    0     0          0    501975 176491295684984 45759376565    0    0    0     0       0          0
1784773473 | enp139s0f0np0: 229442313598641 61941363844    0 2473    0     0          0    501975 176493480856872 45759912067    0    0    0     0       0          0
1784773474 | enp139s0f0np0: 229442850785665 61941522954    0 2473    0     0          0    501975 176497265055768 45760826705    0    0    0     0       0          0
1784773475 | enp139s0f0np0: 229443078322124 61941597090    0 2473    0     0          0    501975 176498758319378 45761192498    0    0    0     0       0          0
1784773476 | enp139s0f0np0: 229443628020016 61941759743    0 2473    0     0          0    501975 176502374619084 45762067679    0    0    0     0       0          0
1784773477 | enp139s0f0np0: 229444154198938 61941913624    0 2473    0     0          0    501976 176505098748273 45762730696    0    0    0     0       0          0
1784773478 | enp139s0f0np0: 229444614887198 61942052344    0 2473    0     0          0    501976 176508049736231 45763446278    0    0    0     0       0          0
1784773479 | enp139s0f0np0: 229444847875393 61942138231    0 2473    0     0          0    501976 176510537057734 45764050392    0    0    0     0       0          0
1784773480 | enp139s0f0np0: 229445395687313 61942291587    0 2473    0     0          0    501976 176512372264285 45764501837    0    0    0     0       0          0
1784773481 | enp139s0f0np0: 229445747726890 61942402773    0 2473    0     0          0    501976 176515728078675 45765312264    0    0    0     0       0          0
1784773482 | enp139s0f0np0: 229446404464307 61942589481    0 2473    0     0          0    501976 176518257389539 45765930739    0    0    0     0       0          0
1784773483 | enp139s0f0np0: 229446915762407 61942739027    0 2473    0     0          0    501976 176520491538607 45766476449    0    0    0     0       0          0
1784773484 | enp139s0f0np0: 229447600678401 61942933763    0 2473    0     0          0    501976 176523623392048 45767237236    0    0    0     0       0          0
1784773485 | enp139s0f0np0: 229448058888538 61943077103    0 2473    0     0          0    501976 176526845966565 45768018659    0    0    0     0       0          0
1784773486 | enp139s0f0np0: 229448437273741 61943196227    0 2473    0     0          0    501976 176529723430661 45768716125    0    0    0     0       0          0
1784773487 | enp139s0f0np0: 229449173097192 61943403924    0 2473    0     0          0    501976 176532722105128 45769445907    0    0    0     0       0          0
1784773488 | enp139s0f0np0: 229449856081594 61943598128    0 2473    0     0          0    501976 176535644417322 45770157936    0    0    0     0       0          0
1784773489 | enp139s0f0np0: 229450094812699 61943682791    0 2473    0     0          0    501976 176538105707016 45770756087    0    0    0     0       0          0
1784773490 | enp139s0f0np0: 229450251773226 61943740327    0 2473    0     0          0    501976 176539930121100 45771198350    0    0    0     0       0          0
1784773491 | enp139s0f0np0: 229450931167642 61943932971    0 2473    0     0          0    501976 176542401916339 45771802759    0    0    0     0       0          0
1784773492 | enp139s0f0np0: 229451595523620 61944125080    0 2473    0     0          0    501976 176545764967782 45772618758    0    0    0     0       0          0
1784773493 | enp139s0f0np0: 229451817893175 61944197382    0 2473    0     0          0    501976 176547261005304 45772983867    0    0    0     0       0          0
1784773494 | enp139s0f0np0: 229452373363576 61944352289    0 2473    0     0          0    501976 176549091325826 45773432302    0    0    0     0       0          0
1784773495 | enp139s0f0np0: 229452901129946 61944506851    0 2473    0     0          0    501976 176551719422611 45774070958    0    0    0     0       0          0
1784773496 | enp139s0f0np0: 229453135004169 61944586915    0 2473    0     0          0    501976 176553640610415 45774538355    0    0    0     0       0          0
1784773497 | enp139s0f0np0: 229453534009207 61944714783    0 2473    0     0          0    501976 176557105874107 45775375135    0    0    0     0       0          0
1784773498 | enp139s0f0np0: 229453895749288 61944816731    0 2473    0     0          0    501976 176558631698283 45775746609    0    0    0     0       0          0
1784773499 | enp139s0f0np0: 229454624118171 61945018662    0 2473    0     0          0    501976 176561156388691 45776362566    0    0    0     0       0          0
1784773500 | enp139s0f0np0: 229455042819183 61945149831    0 2473    0     0          0    501976 176564246305374 45777110859    0    0    0     0       0          0
1784773501 | enp139s0f0np0: 229455414758807 61945267053    0 2473    0     0          0    501976 176566721084943 45777710523    0    0    0     0       0          0
1784773502 | enp139s0f0np0: 229455888756195 61945408593    0 2473    0     0          0    501976 176569122545807 45778294941    0    0    0     0       0          0
1784773503 | enp139s0f0np0: 229456280872627 61945531412    0 2473    0     0          0    501976 176572354545617 45779077305    0    0    0     0       0          0
1784773504 | enp139s0f0np0: 229456935226545 61945717624    0 2473    0     0          0    501976 176575420203795 45779821920    0    0    0     0       0          0
1784773505 | enp139s0f0np0: 229457529454663 61945890910    0 2473    0     0          0    501976 176578081452358 45780469952    0    0    0     0       0          0
1784773506 | enp139s0f0np0: 229457894454301 61946008919    0 2473    0     0          0    501976 176581262966764 45781239334    0    0    0     0       0          0
1784773507 | enp139s0f0np0: 229458454823617 61946170541    0 2473    0     0          0    501977 176583981818922 45781899729    0    0    0     0       0          0
1784773508 | enp139s0f0np0: 229458692390835 61946253410    0 2473    0     0          0    501977 176586453401556 45782496835    0    0    0     0       0          0
1784773509 | enp139s0f0np0: 229459214581850 61946397606    0 2473    0     0          0    501977 176587937928096 45782862004    0    0    0     0       0          0
1784773510 | enp139s0f0np0: 229459971800358 61946610394    0 2473    0     0          0    501977 176590971318930 45783599915    0    0    0     0       0          0
1784773511 | enp139s0f0np0: 229460256215439 61946711362    0 2473    0     0          0    501977 176594525872145 45784457959    0    0    0     0       0          0
1784773512 | enp139s0f0np0: 229460734967617 61946852750    0 2473    0     0          0    501977 176596713069456 45784991587    0    0    0     0       0          0
1784773513 | enp139s0f0np0: 229461445042309 61947053336    0 2473    0     0          0    501977 176599568226820 45785687332    0    0    0     0       0          0
1784773514 | enp139s0f0np0: 229461875982389 61947188672    0 2473    0     0          0    501977 176602743451945 45786456962    0    0    0     0       0          0
1784773515 | enp139s0f0np0: 229462379855285 61947339133    0 2473    0     0          0    501977 176605299602806 45787079389    0    0    0     0       0          0
1784773516 | enp139s0f0np0: 229463012961950 61947521496    0 2473    0     0          0    501977 176608420201887 45787836548    0    0    0     0       0          0
1784773517 | enp139s0f0np0: 229463084613089 61947567197    0 2473    0     0          0    501977 176611052291045 45788470795    0    0    0     0       0          0
1784773518 | enp139s0f0np0: 229463089896872 61947588463    0 2473    0     0          0    501977 176613036603759 45788948277    0    0    0     0       0          0
1784773519 | enp139s0f0np0: 229463093973502 61947611184    0 2473    0     0          0    501977 176615109022405 45789447855    0    0    0     0       0          0
1784773520 | enp139s0f0np0: 229463098713736 61947635418    0 2473    0     0          0    501977 176617126747837 45789936124    0    0    0     0       0          0
1784773521 | enp139s0f0np0: 229463226253620 61947697492    0 2473    0     0          0    501977 176620211515827 45790681251    0    0    0     0       0          0
1784773522 | enp139s0f0np0: 229463246382002 61947728156    0 2473    0     0          0    501977 176622960975429 45791342392    0    0    0     0       0          0
1784773523 | enp139s0f0np0: 229463499194711 61947816197    0 2473    0     0          0    501977 176625597399829 45791980356    0    0    0     0       0          0
1784773524 | enp139s0f0np0: 229463793744860 61947917691    0 2473    0     0          0    501977 176628267081657 45792627203    0    0    0     0       0          0
1784773525 | enp139s0f0np0: 229463875854006 61947961027    0 2473    0     0          0    501977 176630039981503 45793058504    0    0    0     0       0          0
1784773526 | enp139s0f0np0: 229463880070304 61947984832    0 2473    0     0          0    501977 176632156725690 45793568553    0    0    0     0       0          0
1784773527 | enp139s0f0np0: 229463952450613 61948025071    0 2473    0     0          0    501977 176633891577461 45793989319    0    0    0     0       0          0
1784773528 | enp139s0f0np0: 229463957949109 61948053758    0 2473    0     0          0    501977 176637218116859 45794788215    0    0    0     0       0          0
1784773529 | enp139s0f0np0: 229464098189022 61948109138    0 2473    0     0          0    501977 176639024773284 45795225660    0    0    0     0       0          0
1784773530 | enp139s0f0np0: 229464151825708 61948150662    0 2473    0     0          0    501977 176641828111417 45795901434    0    0    0     0       0          0
1784773531 | enp139s0f0np0: 229464436257033 61948254205    0 2473    0     0          0    501977 176645710552400 45796837752    0    0    0     0       0          0
1784773532 | enp139s0f0np0: 229464594701896 61948322992    0 2473    0     0          0    501977 176649010773417 45797633927    0    0    0     0       0          0
1784773533 | enp139s0f0np0: 229464597500014 61948339875    0 2473    0     0          0    501977 176650269691665 45797938181    0    0    0     0       0          0
1784773534 | enp139s0f0np0: 229464670778548 61948383938    0 2473    0     0          0    501977 176653053283489 45798608388    0    0    0     0       0          0
1784773535 | enp139s0f0np0: 229464675924614 61948412528    0 2473    0     0          0    501977 176655956468154 45799306534    0    0    0     0       0          0
1784773536 | enp139s0f0np0: 229464678965622 61948430543    0 2473    0     0          0    501977 176657441963440 45799665017    0    0    0     0       0          0
1784773537 | enp139s0f0np0: 229464745583210 61948467753    0 2473    0     0          0    501978 176659458401462 45800151732    0    0    0     0       0          0
1784773538 | enp139s0f0np0: 229464762134820 61948486887    0 2473    0     0          0    501978 176660767409301 45800467496    0    0    0     0       0          0
1784773539 | enp139s0f0np0: 229464847162379 61948527396    0 2473    0     0          0    501978 176662447572782 45800873615    0    0    0     0       0          0
1784773540 | enp139s0f0np0: 229464896710596 61948553465    0 2473    0     0          0    501978 176663822078650 45801205765    0    0    0     0       0          0
1784773541 | enp139s0f0np0: 229464901247997 61948578781    0 2473    0     0          0    501978 176666073799362 45801748685    0    0    0     0       0          0
1784773542 | enp139s0f0np0: 229464972784391 61948611319    0 2473    0     0          0    501978 176667175946364 45802018387    0    0    0     0       0          0
1784773543 | enp139s0f0np0: 229465387857413 61948738970    0 2473    0     0          0    501978 176670031920790 45802710401    0    0    0     0       0          0
1784773544 | enp139s0f0np0: 229465389514444 61948748171    0 2473    0     0          0    501978 176670721602840 45802877612    0    0    0     0       0          0
1784773545 | enp139s0f0np0: 229465462641852 61948789234    0 2473    0     0          0    501978 176673517758662 45803550999    0    0    0     0       0          0
1784773546 | enp139s0f0np0: 229465466327794 61948809951    0 2473    0     0          0    501978 176675598806773 45804051294    0    0    0     0       0          0
1784773547 | enp139s0f0np0: 229465472644522 61948837623    0 2473    0     0          0    501978 176678233503671 45804684983    0    0    0     0       0          0
1784773548 | enp139s0f0np0: 229465543365905 61948877551    0 2473    0     0          0    501978 176680304311531 45805184356    0    0    0     0       0          0
1784773549 | enp139s0f0np0: 229465548343720 61948904588    0 2473    0     0          0    501978 176683186129085 45805877049    0    0    0     0       0          0
1784773550 | enp139s0f0np0: 229465586134501 61948930769    0 2473    0     0          0    501978 176684636468763 45806227443    0    0    0     0       0          0
1784773551 | enp139s0f0np0: 229465658285960 61948976472    0 2473    0     0          0    501978 176688267888629 45807100687    0    0    0     0       0          0
1784773552 | enp139s0f0np0: 229465698154451 61949009116    0 2473    0     0          0    501978 176690319423977 45807595799    0    0    0     0       0          0
1784773553 | enp139s0f0np0: 229465700356741 61949020063    0 2473    0     0          0    501978 176691216651121 45807813128    0    0    0     0       0          0
1784773554 | enp139s0f0np0: 229465706098377 61949051755    0 2473    0     0          0    501978 176694294247745 45808553468    0    0    0     0       0          0
1784773555 | enp139s0f0np0: 229465711411498 61949080348    0 2473    0     0          0    501978 176697420084899 45809304255    0    0    0     0       0          0
1784773556 | enp139s0f0np0: 229465714760549 61949099196    0 2473    0     0          0    501978 176699122735503 45809714542    0    0    0     0       0          0
1784773557 | enp139s0f0np0: 229465785661519 61949132063    0 2473    0     0          0    501978 176700543836702 45810058658    0    0    0     0       0          0
1784773558 | enp139s0f0np0: 229466166082540 61949251880    0 2473    0     0          0    501978 176703513652684 45810777317    0    0    0     0       0          0
1784773559 | enp139s0f0np0: 229466410695456 61949334093    0 2473    0     0          0    501978 176705571264546 45811276489    0    0    0     0       0          0
1784773560 | enp139s0f0np0: 229466482414050 61949370005    0 2473    0     0          0    501978 176707187506480 45811667237    0    0    0     0       0          0
1784773561 | enp139s0f0np0: 229466485921634 61949387935    0 2473    0     0          0    501978 176708645780738 45812020278    0    0    0     0       0          0
1784773562 | enp139s0f0np0: 229466489555955 61949408461    0 2473    0     0          0    501978 176710599915326 45812490368    0    0    0     0       0          0
1784773563 | enp139s0f0np0: 229466493848192 61949432915    0 2473    0     0          0    501978 176713027522996 45813074219    0    0    0     0       0          0
1784773564 | enp139s0f0np0: 229466496113515 61949442997    0 2473    0     0          0    501978 176714044162986 45813319665    0    0    0     0       0          0
1784773565 | enp139s0f0np0: 229466500111350 61949463220    0 2473    0     0          0    501978 176716283475302 45813857973    0    0    0     0       0          0
1784773566 | enp139s0f0np0: 229466523241906 61949487148    0 2473    0     0          0    501978 176718232700934 45814327010    0    0    0     0       0          0
1784773567 | enp139s0f0np0: 229466644342434 61949537773    0 2473    0     0          0    501979 176719973087229 45814749135    0    0    0     0       0          0
1784773568 | enp139s0f0np0: 229466648925303 61949562425    0 2473    0     0          0    501979 176722519983899 45815361633    0    0    0     0       0          0
1784773569 | enp139s0f0np0: 229466652020709 61949579412    0 2473    0     0          0    501979 176724107978444 45815743910    0    0    0     0       0          0
1784773570 | enp139s0f0np0: 229466792467740 61949634407    0 2473    0     0          0    501979 176725652071787 45816120241    0    0    0     0       0          0
1784773571 | enp139s0f0np0: 229467197518890 61949759642    0 2473    0     0          0    501979 176728144243295 45816725637    0    0    0     0       0          0
1784773572 | enp139s0f0np0: 229467279956282 61949802795    0 2473    0     0          0    501979 176729992439981 45817173635    0    0    0     0       0          0
1784773573 | enp139s0f0np0: 229467283485736 61949822214    0 2473    0     0          0    501979 176731748958865 45817596950    0    0    0     0       0          0
1784773574 | enp139s0f0np0: 229467287903196 61949848100    0 2473    0     0          0    501979 176734007644943 45818140663    0    0    0     0       0          0
1784773575 | enp139s0f0np0: 229467290793681 61949863833    0 2473    0     0          0    501979 176735385349017 45818473156    0    0    0     0       0          0
1784773576 | enp139s0f0np0: 229467294455887 61949884023    0 2473    0     0          0    501979 176736943081694 45818849907    0    0    0     0       0          0
1784773577 | enp139s0f0np0: 229467434748092 61949937571    0 2473    0     0          0    501979 176738701429836 45819275968    0    0    0     0       0          0
1784773578 | enp139s0f0np0: 229467506713419 61949975705    0 2473    0     0          0    501979 176740515954984 45819714191    0    0    0     0       0          0
1784773579 | enp139s0f0np0: 229467511308398 61950001569    0 2473    0     0          0    501979 176743014318218 45820315086    0    0    0     0       0          0
1784773580 | enp139s0f0np0: 229467515342752 61950024001    0 2473    0     0          0    501979 176745249427858 45820852699    0    0    0     0       0          0
1784773581 | enp139s0f0np0: 229467519110584 61950045197    0 2473    0     0          0    501979 176747162181796 45821313454    0    0    0     0       0          0
1784773582 | enp139s0f0np0: 229467561572580 61950081244    0 2473    0     0          0    501979 176749530771280 45821884081    0    0    0     0       0          0
1784773583 | enp139s0f0np0: 229467595430865 61950109770    0 2473    0     0          0    501979 176751169629752 45822279846    0    0    0     0       0          0
1784773584 | enp139s0f0np0: 229467600082673 61950135218    0 2473    0     0          0    501979 176753779302582 45822907031    0    0    0     0       0          0
1784773585 | enp139s0f0np0: 229467882263507 61950222058    0 2473    0     0          0    501979 176755749805548 45823384994    0    0    0     0       0          0
1784773586 | enp139s0f0np0: 229468087025153 61950298250    0 2473    0     0          0    501979 176758075782052 45823948151    0    0    0     0       0          0
1784773587 | enp139s0f0np0: 229468091594037 61950321826    0 2473    0     0          0    501979 176760016854227 45824417933    0    0    0     0       0          0
1784773588 | enp139s0f0np0: 229468095363105 61950343339    0 2473    0     0          0    501979 176762020365445 45824900000    0    0    0     0       0          0
1784773589 | enp139s0f0np0: 229468099574114 61950367001    0 2473    0     0          0    501979 176764308593793 45825450422    0    0    0     0       0          0
1784773590 | enp139s0f0np0: 229468204996565 61950412083    0 2473    0     0          0    501979 176765812376309 45825815157    0    0    0     0       0          0
1784773591 | enp139s0f0np0: 229468312715822 61950463521    0 2473    0     0          0    501979 176768311073835 45826417848    0    0    0     0       0          0
1784773592 | enp139s0f0np0: 229468365312018 61950498342    0 2473    0     0          0    501979 176770491307491 45826943133    0    0    0     0       0          0
1784773593 | enp139s0f0np0: 229468390758203 61950534826    0 2473    0     0          0    501979 176773762868867 45827729770    0    0    0     0       0          0
1784773594 | enp139s0f0np0: 229468394507302 61950555623    0 2473    0     0          0    501979 176775754943669 45828209254    0    0    0     0       0          0
1784773595 | enp139s0f0np0: 229468466437659 61950592681    0 2473    0     0          0    501979 176777656258369 45828668058    0    0    0     0       0          0
1784773596 | enp139s0f0np0: 229468470245367 61950614262    0 2473    0     0          0    501979 176779302931566 45829066384    0    0    0     0       0          0
1784773597 | enp139s0f0np0: 229468474754703 61950639714    0 2473    0     0          0    501980 176781606963338 45829621515    0    0    0     0       0          0
1784773598 | enp139s0f0np0: 229468478097963 61950659258    0 2473    0     0          0    501980 176783391098210 45830051003    0    0    0     0       0          0
1784773599 | enp139s0f0np0: 229468483117239 61950687854    0 2473    0     0          0    501980 176786177969142 45830721113    0    0    0     0       0          0
1784773600 | enp139s0f0np0: 229468601572074 61950744550    0 2473    0     0          0    501980 176789100301573 45831425561    0    0    0     0       0          0
1784773601 | enp139s0f0np0: 229468837875056 61950821457    0 2473    0     0          0    501980 176790731479490 45831822905    0    0    0     0       0          0
1784773602 | enp139s0f0np0: 229468905996538 61950858858    0 2473    0     0          0    501980 176793010810172 45832372308    0    0    0     0       0          0
1784773603 | enp139s0f0np0: 229468909627226 61950880384    0 2473    0     0          0    501980 176794866834842 45832819397    0    0    0     0       0          0
1784773604 | enp139s0f0np0: 229468912740688 61950898535    0 2473    0     0          0    501980 176796449407444 45833200630    0    0    0     0       0          0
1784773605 | enp139s0f0np0: 229468985093685 61950937761    0 2473    0     0          0    501980 176798665364312 45833734835    0    0    0     0       0          0
1784773606 | enp139s0f0np0: 229469125154533 61950990272    0 2473    0     0          0    501980 176800451350571 45834166963    0    0    0     0       0          0
1784773607 | enp139s0f0np0: 229469128656638 61951009686    0 2473    0     0          0    501980 176802074203643 45834559027    0    0    0     0       0          0
1784773608 | enp139s0f0np0: 229469200926335 61951047419    0 2473    0     0          0    501980 176803861272723 45834991996    0    0    0     0       0          0
1784773609 | enp139s0f0np0: 229469205057909 61951071448    0 2473    0     0          0    501980 176806079793267 45835525813    0    0    0     0       0          0
1784773610 | enp139s0f0np0: 229469207646919 61951086993    0 2473    0     0          0    501980 176807349388865 45835832048    0    0    0     0       0          0
1784773611 | enp139s0f0np0: 229469211072252 61951105591    0 2473    0     0          0    501980 176809138392431 45836262996    0    0    0     0       0          0
1784773612 | enp139s0f0np0: 229469351633607 61951161128    0 2473    0     0          0    501980 176811165992027 45836753276    0    0    0     0       0          0
1784773613 | enp139s0f0np0: 229469356806320 61951190104    0 2473    0     0          0    501980 176814121897522 45837463682    0    0    0     0       0          0
1784773614 | enp139s0f0np0: 229469465136835 61951234004    0 2473    0     0          0    501980 176815615828955 45837826161    0    0    0     0       0          0
1784773615 | enp139s0f0np0: 229469569435400 61951282415    0 2473    0     0          0    501980 176818080469231 45838420425    0    0    0     0       0          0
1784773616 | enp139s0f0np0: 229469682319379 61951332222    0 2473    0     0          0    501980 176820238593862 45838942203    0    0    0     0       0          0
1784773617 | enp139s0f0np0: 229469782343692 61951377433    0 2473    0     0          0    501980 176821943334030 45839355546    0    0    0     0       0          0
1784773618 | enp139s0f0np0: 229469786670800 61951399887    0 2473    0     0          0    501980 176824181220170 45839894751    0    0    0     0       0          0
1784773619 | enp139s0f0np0: 229469823612808 61951433765    0 2473    0     0          0    501980 176826502268288 45840453683    0    0    0     0       0          0
1784773620 | enp139s0f0np0: 229469862979676 61951463861    0 2473    0     0          0    501980 176828406671516 45840912628    0    0    0     0       0          0
1784773621 | enp139s0f0np0: 229470076905310 61951539135    0 2473    0     0          0    501980 176830281738491 45841367876    0    0    0     0       0          0
1784773622 | enp139s0f0np0: 229470143277988 61951572463    0 2473    0     0          0    501980 176831819683930 45841739697    0    0    0     0       0          0
1784773623 | enp139s0f0np0: 229470215868201 61951613400    0 2473    0     0          0    501980 176833997337944 45842265311    0    0    0     0       0          0
1784773624 | enp139s0f0np0: 229470219617531 61951633569    0 2473    0     0          0    501980 176835770125200 45842693228    0    0    0     0       0          0
1784773625 | enp139s0f0np0: 229470223800622 61951656169    0 2473    0     0          0    501980 176837983813869 45843226348    0    0    0     0       0          0
1784773626 | enp139s0f0np0: 229470226177630 61951669466    0 2473    0     0          0    501980 176839023237983 45843477964    0    0    0     0       0          0
1784773627 | enp139s0f0np0: 229470230153712 61951691628    0 2473    0     0          0    501981 176841109107381 45843980278    0    0    0     0       0          0
1784773629 | enp139s0f0np0: 229470232981710 61951707489    0 2473    0     0          0    501981 176842585904389 45844335713    0    0    0     0       0          0
1784773630 | enp139s0f0np0: 229470236215121 61951727622    0 2473    0     0          0    501981 176844295187649 45844747208    0    0    0     0       0          0
1784773631 | enp139s0f0np0: 229470447164748 61951796074    0 2473    0     0          0    501981 176845719766339 45845093914    0    0    0     0       0          0
1784773632 | enp139s0f0np0: 229470516298890 61951831963    0 2473    0     0          0    501981 176847685003961 45845567969    0    0    0     0       0          0
1784773633 | enp139s0f0np0: 229470657115836 61951888673    0 2473    0     0          0    501981 176849958685165 45846117149    0    0    0     0       0          0
1784773634 | enp139s0f0np0: 229470796606724 61951938189    0 2473    0     0          0    501981 176851344903083 45846453774    0    0    0     0       0          0
1784773635 | enp139s0f0np0: 229470799765544 61951955057    0 2473    0     0          0    501981 176852812699621 45846807996    0    0    0     0       0          0
1784773636 | enp139s0f0np0: 229470803917858 61951978027    0 2473    0     0          0    501981 176854806994409 45847289119    0    0    0     0       0          0
1784773637 | enp139s0f0np0: 229470863658368 61952006097    0 2473    0     0          0    501981 176856051173736 45847590142    0    0    0     0       0          0
1784773638 | enp139s0f0np0: 229470920196541 61952034771    0 2473    0     0          0    501981 176857266556612 45847884430    0    0    0     0       0          0
1784773639 | enp139s0f0np0: 229471018001834 61952079400    0 2473    0     0          0    501981 176859338580588 45848384965    0    0    0     0       0          0
1784773640 | enp139s0f0np0: 229471153999600 61952127758    0 2473    0     0          0    501981 176860470277346 45848661168    0    0    0     0       0          0
1784773641 | enp139s0f0np0: 229471161340927 61952150808    0 2473    0     0          0    501981 176862416663490 45849130144    0    0    0     0       0          0
1784773642 | enp139s0f0np0: 229471163470065 61952162376    0 2473    0     0          0    501981 176863422728712 45849372697    0    0    0     0       0          0
1784773643 | enp139s0f0np0: 229471234070631 61952191980    0 2473    0     0          0    501981 176864375051091 45849604140    0    0    0     0       0          0
1784773644 | enp139s0f0np0: 229471238609575 61952217115    0 2473    0     0          0    501981 176866658724704 45850154229    0    0    0     0       0          0
1784773645 | enp139s0f0np0: 229471385501281 61952269802    0 2473    0     0          0    501981 176867973100372 45850474035    0    0    0     0       0          0
1784773646 | enp139s0f0np0: 229471449999096 61952304624    0 2473    0     0          0    501981 176869705182177 45850892058    0    0    0     0       0          0
1784773647 | enp139s0f0np0: 229471451816640 61952314710    0 2473    0     0          0    501981 176870530524774 45851091244    0    0    0     0       0          0
1784773648 | enp139s0f0np0: 229471455797012 61952336982    0 2473    0     0          0    501981 176872395538174 45851541353    0    0    0     0       0          0
1784773649 | enp139s0f0np0: 229471510718833 61952367116    0 2473    0     0          0    501981 176873907496782 45851906351    0    0    0     0       0          0
1784773650 | enp139s0f0np0: 229471527525055 61952372247    0 2473    0     0          0    501981 176873942376800 45851915469    0    0    0     0       0          0
1784773651 | enp139s0f0np0: 229471527958126 61952373331    0 2473    0     0          0    501981 176873942711504 45851916425    0    0    0     0       0          0
1784773652 | enp139s0f0np0: 229471596709031 61952391613    0 2473    0     0          0    501981 176874011383572 45851934694    0    0    0     0       0          0
1784773653 | enp139s0f0np0: 229471597183402 61952392841    0 2473    0     0          0    501981 176874011757198 45851935746    0    0    0     0       0          0
1784773654 | enp139s0f0np0: 229471597859114 61952394702    0 2473    0     0          0    501981 176874012353713 45851937442    0    0    0     0       0          0
1784773655 | enp139s0f0np0: 229471598216062 61952395663    0 2473    0     0          0    501981 176874012625224 45851938224    0    0    0     0       0          0
1784773656 | enp139s0f0np0: 229471619073115 61952403229    0 2473    0     0          0    501981 176874033482597 45851945679    0    0    0     0       0          0
1784773657 | enp139s0f0np0: 229471702838401 61952425349    0 2473    0     0          0    501982 176874116856113 45851967745    0    0    0     0       0          0
1784773658 | enp139s0f0np0: 229471873681011 61952470648    0 2473    0     0          0    501982 176874287984269 45852013007    0    0    0     0       0          0
1784773659 | enp139s0f0np0: 229471919368803 61952482833    0 2473    0     0          0    501982 176874333586025 45852025077    0    0    0     0       0          0
1784773660 | enp139s0f0np0: 229471942667544 61952489469    0 2473    0     0          0    501982 176874356798255 45852031623    0    0    0     0       0          0
1784773661 | enp139s0f0np0: 229471996781021 61952504139    0 2473    0     0          0    501982 176874410556711 45852046153    0    0    0     0       0          0
1784773662 | enp139s0f0np0: 229472011841165 61952508724    0 2473    0     0          0    501982 176874425767269 45852050664    0    0    0     0       0          0
1784773663 | enp139s0f0np0: 229472067826582 61952523876    0 2473    0     0          0    501982 176874481668127 45852065742    0    0    0     0       0          0
1784773664 | enp139s0f0np0: 229472080868016 61952527610    0 2473    0     0          0    501982 176874494604625 45852069362    0    0    0     0       0          0
1784773665 | enp139s0f0np0: 229472081273754 61952528634    0 2473    0     0          0    501982 176874494919901 45852070294    0    0    0     0       0          0
1784773666 | enp139s0f0np0: 229472218580697 61952564765    0 2473    0     0          0    501982 176874632196129 45852106342    0    0    0     0       0          0
1784773667 | enp139s0f0np0: 229472219091169 61952566089    0 2473    0     0          0    501982 176874632611568 45852107498    0    0    0     0       0          0
1784773668 | enp139s0f0np0: 229472357008315 61952604204    0 2473    0     0          0    501982 176874770587544 45852145482    0    0    0     0       0          0
1784773669 | enp139s0f0np0: 229472357471868 61952605505    0 2473    0     0          0    501982 176874770988620 45852146631    0    0    0     0       0          0
1784773670 | enp139s0f0np0: 229472358129687 61952607129    0 2473    0     0          0    501982 176874771516602 45852148087    0    0    0     0       0          0
1784773671 | enp139s0f0np0: 229472358458423 61952607946    0 2473    0     0          0    501982 176874771752798 45852148781    0    0    0     0       0          0
1784773672 | enp139s0f0np0: 229472359019564 61952609370    0 2473    0     0          0    501982 176874772214618 45852150107    0    0    0     0       0          0
1784773673 | enp139s0f0np0: 229472359234776 61952609765    0 2473    0     0          0    501982 176874772298071 45852150365    0    0    0     0       0          0
1784773674 | enp139s0f0np0: 229472428395046 61952629291    0 2473    0     0          0    501982 176874841415814 45852169857    0    0    0     0       0          0
1784773675 | enp139s0f0np0: 229472428656011 61952629819    0 2473    0     0          0    501982 176874841547844 45852170277    0    0    0     0       0          0
1784773676 | enp139s0f0np0: 229472692606432 61952699965    0 2473    0     0          0    501982 176875105339492 45852240220    0    0    0     0       0          0
1784773677 | enp139s0f0np0: 229472842076561 61952743943    0 2473    0     0          0    501982 176875255327051 45852284057    0    0    0     0       0          0
1784773678 | enp139s0f0np0: 229473198056386 61952840159    0 2473    0     0          0    501982 176875611363729 45852379883    0    0    0     0       0          0
1784773679 | enp139s0f0np0: 229473255237211 61952856915    0 2473    0     0          0    501982 176875668813123 45852396562    0    0    0     0       0          0
1784773680 | enp139s0f0np0: 229473364850953 61952890651    0 2473    0     0          0    501982 176875778159271 45852430123    0    0    0     0       0          0
1784773681 | enp139s0f0np0: 229473599899377 61952952468    0 2473    0     0          0    501982 176876013831509 45852491925    0    0    0     0       0          0
1784773682 | enp139s0f0np0: 229473600940213 61952955749    0 2473    0     0          0    501982 176876014962755 45852495248    0    0    0     0       0          0
1784773683 | enp139s0f0np0: 229473669929606 61952974816    0 2473    0     0          0    501982 176876083956735 45852514331    0    0    0     0       0          0
1784773684 | enp139s0f0np0: 229473928355370 61953047717    0 2473    0     0          0    501982 176876342500979 45852586941    0    0    0     0       0          0
1784773685 | enp139s0f0np0: 229474084005908 61953090938    0 2473    0     0          0    501982 176876498584443 45852630063    0    0    0     0       0          0
1784773686 | enp139s0f0np0: 229474255619144 61953136970    0 2473    0     0          0    501982 176876669986247 45852676034    0    0    0     0       0          0
1784773687 | enp139s0f0np0: 229474383749418 61953174055    0 2473    0     0          0    501983 176876798669457 45852713241    0    0    0     0       0          0
1784773688 | enp139s0f0np0: 229474537344171 61953219290    0 2473    0     0          0    501983 176876952075112 45852758529    0    0    0     0       0          0
