1784695338 | enp139s0f0np0: 186673382449960 50856364877    0 2473    0     0          0    499371 127448890520591 33194459491    0    0    0     0       0          0
1784695339 | enp139s0f0np0: 186673386121228 50856368020    0 2473    0     0          0    499371 127449149248587 33194521681    0    0    0     0       0          0
1784695340 | enp139s0f0np0: 186673584978517 50856430520    0 2473    0     0          0    499371 127451150161500 33195004042    0    0    0     0       0          0
1784695341 | enp139s0f0np0: 186673980287335 50856546082    0 2473    0     0          0    499371 127453903761153 33195669622    0    0    0     0       0          0
1784695342 | enp139s0f0np0: 186674311825798 50856647406    0 2473    0     0          0    499371 127455881230551 33196151116    0    0    0     0       0          0
1784695343 | enp139s0f0np0: 186674834070250 50856796289    0 2473    0     0          0    499371 127458279140965 33196734540    0    0    0     0       0          0
1784695344 | enp139s0f0np0: 186675060486323 50856874680    0 2473    0     0          0    499371 127461191293110 33197436930    0    0    0     0       0          0
1784695345 | enp139s0f0np0: 186675343214926 50856966509    0 2473    0     0          0    499371 127464357177735 33198200298    0    0    0     0       0          0
1784695346 | enp139s0f0np0: 186675598876235 50857046080    0 2473    0     0          0    499371 127466009635696 33198601912    0    0    0     0       0          0
1784695347 | enp139s0f0np0: 186675955352631 50857154101    0 2473    0     0          0    499371 127468828355993 33199282894    0    0    0     0       0          0
1784695348 | enp139s0f0np0: 186676303375578 50857257760    0 2473    0     0          0    499371 127471643616106 33199962745    0    0    0     0       0          0
1784695349 | enp139s0f0np0: 186676485405466 50857323315    0 2473    0     0          0    499371 127473699380768 33200461302    0    0    0     0       0          0
1784695350 | enp139s0f0np0: 186677049492508 50857481833    0 2473    0     0          0    499372 127476104908483 33201047011    0    0    0     0       0          0
1784695351 | enp139s0f0np0: 186677282575672 50857560612    0 2473    0     0          0    499372 127478739959906 33201683367    0    0    0     0       0          0
1784695352 | enp139s0f0np0: 186677853522570 50857721182    0 2473    0     0          0    499372 127481116114120 33202261513    0    0    0     0       0          0
1784695353 | enp139s0f0np0: 186678105248083 50857803169    0 2473    0     0          0    499372 127484012996545 33202959904    0    0    0     0       0          0
1784695354 | enp139s0f0np0: 186678492300173 50857918920    0 2473    0     0          0    499372 127486769890811 33203627382    0    0    0     0       0          0
1784695355 | enp139s0f0np0: 186678917767296 50858037023    0 2473    0     0          0    499372 127488346016211 33204012508    0    0    0     0       0          0
1784695356 | enp139s0f0np0: 186679112685141 50858103862    0 2473    0     0          0    499372 127490720072240 33204585180    0    0    0     0       0          0
1784695357 | enp139s0f0np0: 186679677454822 50858261011    0 2473    0     0          0    499372 127492918609800 33205120302    0    0    0     0       0          0
1784695358 | enp139s0f0np0: 186679829413190 50858318681    0 2473    0     0          0    499372 127495302112394 33205694758    0    0    0     0       0          0
1784695359 | enp139s0f0np0: 186680403313101 50858479658    0 2473    0     0          0    499372 127497607689258 33206256383    0    0    0     0       0          0
1784695360 | enp139s0f0np0: 186680624033776 50858554548    0 2473    0     0          0    499372 127500352236975 33206918349    0    0    0     0       0          0
1784695361 | enp139s0f0np0: 186681137629825 50858699787    0 2473    0     0          0    499372 127502714344765 33207492517    0    0    0     0       0          0
1784695362 | enp139s0f0np0: 186681394415561 50858783974    0 2473    0     0          0    499372 127505590367178 33208186868    0    0    0     0       0          0
1784695363 | enp139s0f0np0: 186681882788875 50858920340    0 2473    0     0          0    499372 127507616517591 33208680433    0    0    0     0       0          0
1784695364 | enp139s0f0np0: 186682210355101 50859019266    0 2473    0     0          0    499372 127509779698722 33209204770    0    0    0     0       0          0
1784695365 | enp139s0f0np0: 186682653053703 50859145644    0 2473    0     0          0    499372 127511768288337 33209689007    0    0    0     0       0          0
1784695366 | enp139s0f0np0: 186682788457439 50859194257    0 2473    0     0          0    499372 127513428421876 33210090223    0    0    0     0       0          0
1784695367 | enp139s0f0np0: 186682789942619 50859202841    0 2473    0     0          0    499372 127514071401458 33210245343    0    0    0     0       0          0
1784695368 | enp139s0f0np0: 186682790572344 50859206314    0 2473    0     0          0    499372 127514305644262 33210301920    0    0    0     0       0          0
1784695369 | enp139s0f0np0: 186682791473938 50859211256    0 2473    0     0          0    499372 127514642142512 33210383310    0    0    0     0       0          0
1784695370 | enp139s0f0np0: 186682792146069 50859215207    0 2473    0     0          0    499372 127514914546698 33210449121    0    0    0     0       0          0
1784695371 | enp139s0f0np0: 186682792984202 50859219984    0 2473    0     0          0    499372 127515245354782 33210528972    0    0    0     0       0          0
1784695372 | enp139s0f0np0: 186682793637290 50859223614    0 2473    0     0          0    499372 127515489476412 33210587960    0    0    0     0       0          0
1784695373 | enp139s0f0np0: 186682794443745 50859228251    0 2473    0     0          0    499372 127515842692780 33210673167    0    0    0     0       0          0
1784695374 | enp139s0f0np0: 186682795979973 50859236922    0 2473    0     0          0    499372 127516597841100 33210854979    0    0    0     0       0          0
1784695375 | enp139s0f0np0: 186682798305330 50859251336    0 2473    0     0          0    499372 127517736306544 33211129192    0    0    0     0       0          0
1784695376 | enp139s0f0np0: 186682799714284 50859259690    0 2473    0     0          0    499372 127518414603765 33211292518    0    0    0     0       0          0
1784695377 | enp139s0f0np0: 186682802125591 50859272887    0 2473    0     0          0    499372 127519614174781 33211581406    0    0    0     0       0          0
1784695378 | enp139s0f0np0: 186682872974639 50859303989    0 2473    0     0          0    499372 127520702607883 33211845410    0    0    0     0       0          0
1784695379 | enp139s0f0np0: 186682877556978 50859319460    0 2473    0     0          0    499372 127522068619387 33212174339    0    0    0     0       0          0
1784695380 | enp139s0f0np0: 186683069763075 50859377199    0 2473    0     0          0    499373 127522863475471 33212370301    0    0    0     0       0          0
1784695381 | enp139s0f0np0: 186683085164205 50859392744    0 2473    0     0          0    499373 127523880999243 33212616418    0    0    0     0       0          0
1784695382 | enp139s0f0np0: 186683086000378 50859397321    0 2473    0     0          0    499373 127524219652739 33212698104    0    0    0     0       0          0
1784695383 | enp139s0f0np0: 186683086661514 50859401195    0 2473    0     0          0    499373 127524497226257 33212765094    0    0    0     0       0          0
1784695384 | enp139s0f0np0: 186683087741733 50859407019    0 2473    0     0          0    499373 127524928060527 33212868964    0    0    0     0       0          0
1784695385 | enp139s0f0np0: 186683088678694 50859412119    0 2473    0     0          0    499373 127525282631053 33212954560    0    0    0     0       0          0
1784695386 | enp139s0f0np0: 186683089640535 50859417293    0 2473    0     0          0    499373 127525646540218 33213042429    0    0    0     0       0          0
1784695387 | enp139s0f0np0: 186683091021305 50859425134    0 2473    0     0          0    499373 127526248682472 33213187671    0    0    0     0       0          0
1784695388 | enp139s0f0np0: 186683091954077 50859430239    0 2473    0     0          0    499373 127526620573210 33213277397    0    0    0     0       0          0
1784695389 | enp139s0f0np0: 186683092597698 50859433543    0 2473    0     0          0    499373 127526828168874 33213327642    0    0    0     0       0          0
1784695390 | enp139s0f0np0: 186683094275201 50859443329    0 2473    0     0          0    499373 127527611373004 33213516318    0    0    0     0       0          0
1784695391 | enp139s0f0np0: 186683095844624 50859449803    0 2473    0     0          0    499373 127528037961788 33213619301    0    0    0     0       0          0
1784695392 | enp139s0f0np0: 186683165697108 50859478451    0 2473    0     0          0    499373 127528910427976 33213831157    0    0    0     0       0          0
1784695393 | enp139s0f0np0: 186683166517064 50859483057    0 2473    0     0          0    499373 127529223900192 33213906840    0    0    0     0       0          0
1784695395 | enp139s0f0np0: 186683167887210 50859490986    0 2473    0     0          0    499373 127529790556596 33214043546    0    0    0     0       0          0
1784695396 | enp139s0f0np0: 186683169214531 50859498261    0 2473    0     0          0    499373 127530282131430 33214162483    0    0    0     0       0          0
1784695397 | enp139s0f0np0: 186683171096773 50859509583    0 2473    0     0          0    499373 127531106243621 33214361252    0    0    0     0       0          0
1784695398 | enp139s0f0np0: 186683172710348 50859518053    0 2473    0     0          0    499373 127531682016351 33214500944    0    0    0     0       0          0
1784695399 | enp139s0f0np0: 186683175055183 50859531458    0 2473    0     0          0    499373 127532681835445 33214742476    0    0    0     0       0          0
1784695400 | enp139s0f0np0: 186683190898081 50859541502    0 2473    0     0          0    499373 127533159213795 33214857995    0    0    0     0       0          0
1784695401 | enp139s0f0np0: 186683445800492 50859618229    0 2473    0     0          0    499373 127534323061448 33215143073    0    0    0     0       0          0
1784695402 | enp139s0f0np0: 186683591565988 50859668483    0 2473    0     0          0    499373 127535470639195 33215422693    0    0    0     0       0          0
1784695403 | enp139s0f0np0: 186683594490448 50859685232    0 2473    0     0          0    499373 127536595672749 33215695420    0    0    0     0       0          0
1784695404 | enp139s0f0np0: 186683650855751 50859712127    0 2473    0     0          0    499373 127537574566371 33215932855    0    0    0     0       0          0
1784695405 | enp139s0f0np0: 186683666510613 50859723136    0 2473    0     0          0    499373 127538092748701 33216058351    0    0    0     0       0          0
1784695406 | enp139s0f0np0: 186683804631065 50859764859    0 2473    0     0          0    499373 127538673604623 33216201185    0    0    0     0       0          0
1784695407 | enp139s0f0np0: 186683874560779 50859791080    0 2473    0     0          0    499373 127539352856804 33216366530    0    0    0     0       0          0
1784695408 | enp139s0f0np0: 186683875362497 50859795358    0 2473    0     0          0    499373 127539632752594 33216434181    0    0    0     0       0          0
1784695409 | enp139s0f0np0: 186683876749829 50859803578    0 2473    0     0          0    499373 127540245640896 33216582072    0    0    0     0       0          0
1784695410 | enp139s0f0np0: 186683877866244 50859810187    0 2473    0     0          0    499373 127540715671702 33216695555    0    0    0     0       0          0
1784695411 | enp139s0f0np0: 186683879508053 50859819915    0 2473    0     0          0    499374 127541419269068 33216865467    0    0    0     0       0          0
1784695412 | enp139s0f0np0: 186683880546594 50859826090    0 2473    0     0          0    499374 127541855214626 33216970740    0    0    0     0       0          0
1784695413 | enp139s0f0np0: 186683881808446 50859833680    0 2473    0     0          0    499374 127542414394930 33217105649    0    0    0     0       0          0
1784695414 | enp139s0f0np0: 186683883092323 50859841639    0 2473    0     0          0    499374 127542989010388 33217244236    0    0    0     0       0          0
1784695415 | enp139s0f0np0: 186683894536951 50859849413    0 2473    0     0          0    499374 127543340945241 33217329426    0    0    0     0       0          0
1784695416 | enp139s0f0np0: 186683964874998 50859877818    0 2473    0     0          0    499374 127544214814783 33217541241    0    0    0     0       0          0
1784695417 | enp139s0f0np0: 186684023386957 50859896773    0 2473    0     0          0    499374 127544530695019 33217618745    0    0    0     0       0          0
1784695418 | enp139s0f0np0: 186684024953384 50859906681    0 2473    0     0          0    499374 127545242951923 33217790469    0    0    0     0       0          0
1784695419 | enp139s0f0np0: 186684025696168 50859911076    0 2473    0     0          0    499374 127545555076363 33217865746    0    0    0     0       0          0
1784695420 | enp139s0f0np0: 186684026774821 50859917851    0 2473    0     0          0    499374 127546037102015 33217981948    0    0    0     0       0          0
1784695421 | enp139s0f0np0: 186684028190082 50859926370    0 2473    0     0          0    499374 127546664637609 33218133481    0    0    0     0       0          0
1784695422 | enp139s0f0np0: 186684028766295 50859929607    0 2473    0     0          0    499374 127546899139569 33218190133    0    0    0     0       0          0
1784695423 | enp139s0f0np0: 186684099457391 50859960388    0 2473    0     0          0    499374 127547982844547 33218452879    0    0    0     0       0          0
1784695424 | enp139s0f0np0: 186684100603475 50859966495    0 2473    0     0          0    499374 127548391263773 33218552025    0    0    0     0       0          0
1784695425 | enp139s0f0np0: 186684102340568 50859977668    0 2473    0     0          0    499374 127549205738647 33218748344    0    0    0     0       0          0
1784695426 | enp139s0f0np0: 186684103372775 50859984225    0 2473    0     0          0    499374 127549669077007 33218859986    0    0    0     0       0          0
1784695427 | enp139s0f0np0: 186684105191483 50859995449    0 2473    0     0          0    499374 127550409516358 33219039080    0    0    0     0       0          0
1784695428 | enp139s0f0np0: 186684106735949 50860004958    0 2473    0     0          0    499374 127551083762960 33219201800    0    0    0     0       0          0
1784695429 | enp139s0f0np0: 186684108270760 50860014427    0 2473    0     0          0    499374 127551802930378 33219375230    0    0    0     0       0          0
1784695430 | enp139s0f0np0: 186684178753123 50860043750    0 2473    0     0          0    499374 127552742659890 33219603391    0    0    0     0       0          0
1784695431 | enp139s0f0np0: 186684179371069 50860047503    0 2473    0     0          0    499374 127552990811628 33219663418    0    0    0     0       0          0
1784695432 | enp139s0f0np0: 186684180710919 50860055572    0 2473    0     0          0    499374 127553571373134 33219803614    0    0    0     0       0          0
1784695433 | enp139s0f0np0: 186684181856322 50860062459    0 2473    0     0          0    499374 127554087335570 33219928106    0    0    0     0       0          0
1784695434 | enp139s0f0np0: 186684457448077 50860142903    0 2473    0     0          0    499374 127555155607530 33220190059    0    0    0     0       0          0
1784695435 | enp139s0f0np0: 186684458460940 50860149244    0 2473    0     0          0    499374 127555633652182 33220305350    0    0    0     0       0          0
1784695436 | enp139s0f0np0: 186684459763342 50860157250    0 2473    0     0          0    499374 127556284803744 33220462257    0    0    0     0       0          0
1784695437 | enp139s0f0np0: 186684460864286 50860163824    0 2473    0     0          0    499374 127556820176091 33220591256    0    0    0     0       0          0
1784695438 | enp139s0f0np0: 186684461570107 50860167940    0 2473    0     0          0    499374 127557114971455 33220662418    0    0    0     0       0          0
1784695439 | enp139s0f0np0: 186684463269402 50860177936    0 2473    0     0          0    499374 127557914232075 33220855107    0    0    0     0       0          0
1784695440 | enp139s0f0np0: 186684464105326 50860182360    0 2473    0     0          0    499374 127558227265379 33220930882    0    0    0     0       0          0
1784695441 | enp139s0f0np0: 186684465967070 50860193266    0 2473    0     0          0    499375 127559086642573 33221138337    0    0    0     0       0          0
1784695442 | enp139s0f0np0: 186684466759729 50860197739    0 2473    0     0          0    499375 127559439566827 33221223433    0    0    0     0       0          0
1784695443 | enp139s0f0np0: 186684468170184 50860206483    0 2473    0     0          0    499375 127560095541059 33221381575    0    0    0     0       0          0
1784695444 | enp139s0f0np0: 186684469154181 50860212163    0 2473    0     0          0    499375 127560528041899 33221485879    0    0    0     0       0          0
1784695445 | enp139s0f0np0: 186684470075848 50860217554    0 2473    0     0          0    499375 127560932384989 33221583394    0    0    0     0       0          0
1784695446 | enp139s0f0np0: 186684471446313 50860226108    0 2473    0     0          0    499375 127561558495513 33221734362    0    0    0     0       0          0
1784695447 | enp139s0f0np0: 186684564175585 50860254006    0 2473    0     0          0    499375 127561937664838 33221827536    0    0    0     0       0          0
1784695448 | enp139s0f0np0: 186684610216166 50860272395    0 2473    0     0          0    499375 127562485506390 33221960503    0    0    0     0       0          0
1784695449 | enp139s0f0np0: 186684611374408 50860279135    0 2473    0     0          0    499375 127562980916944 33222080027    0    0    0     0       0          0
1784695450 | enp139s0f0np0: 186684612359046 50860285075    0 2473    0     0          0    499375 127563394156570 33222179714    0    0    0     0       0          0
1784695451 | enp139s0f0np0: 186684682559804 50860312685    0 2473    0     0          0    499375 127564198825622 33222375114    0    0    0     0       0          0
1784695452 | enp139s0f0np0: 186684683397558 50860317658    0 2473    0     0          0    499375 127564562951924 33222462937    0    0    0     0       0          0
1784695453 | enp139s0f0np0: 186684684860336 50860326996    0 2473    0     0          0    499375 127565275391216 33222634550    0    0    0     0       0          0
1784695454 | enp139s0f0np0: 186684685544621 50860330729    0 2473    0     0          0    499375 127565530743618 33222696257    0    0    0     0       0          0
1784695455 | enp139s0f0np0: 186684686877891 50860338714    0 2473    0     0          0    499375 127566109367964 33222835763    0    0    0     0       0          0
1784695456 | enp139s0f0np0: 186684688146888 50860345843    0 2473    0     0          0    499375 127566705584834 33222979413    0    0    0     0       0          0
1784695457 | enp139s0f0np0: 186684690322794 50860359688    0 2473    0     0          0    499375 127567772528575 33223236290    0    0    0     0       0          0
1784695458 | enp139s0f0np0: 186684692580852 50860373845    0 2473    0     0          0    499375 127568878951023 33223502704    0    0    0     0       0          0
1784695459 | enp139s0f0np0: 186684693868123 50860381577    0 2473    0     0          0    499375 127569479912865 33223647444    0    0    0     0       0          0
1784695460 | enp139s0f0np0: 186684695812536 50860392674    0 2473    0     0          0    499375 127570332129923 33223853210    0    0    0     0       0          0
1784695461 | enp139s0f0np0: 186684697144574 50860400167    0 2473    0     0          0    499375 127570954494805 33224003172    0    0    0     0       0          0
1784695462 | enp139s0f0np0: 186684698949325 50860410696    0 2473    0     0          0    499375 127571776462061 33224201383    0    0    0     0       0          0
1784695463 | enp139s0f0np0: 186684768554472 50860434468    0 2473    0     0          0    499375 127572281030251 33224324595    0    0    0     0       0          0
1784695464 | enp139s0f0np0: 186684811411999 50860451696    0 2473    0     0          0    499375 127572794766001 33224449283    0    0    0     0       0          0
1784695465 | enp139s0f0np0: 186684839234093 50860464194    0 2473    0     0          0    499375 127573222657767 33224553347    0    0    0     0       0          0
1784695466 | enp139s0f0np0: 186684840388684 50860470971    0 2473    0     0          0    499375 127573727123147 33224675003    0    0    0     0       0          0
1784695467 | enp139s0f0np0: 186684841930960 50860480225    0 2473    0     0          0    499375 127574418330352 33224841712    0    0    0     0       0          0
1784695468 | enp139s0f0np0: 186684843181183 50860487681    0 2473    0     0          0    499375 127574982286036 33224977705    0    0    0     0       0          0
1784695469 | enp139s0f0np0: 186684844566056 50860496024    0 2473    0     0          0    499375 127575624352898 33225132382    0    0    0     0       0          0
1784695470 | enp139s0f0np0: 186684902765715 50860517450    0 2473    0     0          0    499375 127576207239267 33225274046    0    0    0     0       0          0
1784695471 | enp139s0f0np0: 186684915500990 50860527574    0 2473    0     0          0    499376 127576741141322 33225403112    0    0    0     0       0          0
1784695472 | enp139s0f0np0: 186684916354239 50860532347    0 2473    0     0          0    499376 127577090877470 33225487490    0    0    0     0       0          0
1784695473 | enp139s0f0np0: 186684917685543 50860540505    0 2473    0     0          0    499376 127577688947568 33225631640    0    0    0     0       0          0
1784695474 | enp139s0f0np0: 186684919017118 50860548321    0 2473    0     0          0    499376 127578245470598 33225765977    0    0    0     0       0          0
1784695475 | enp139s0f0np0: 186684920533215 50860556566    0 2473    0     0          0    499376 127578837321570 33225908999    0    0    0     0       0          0
1784695476 | enp139s0f0np0: 186684921866227 50860563912    0 2473    0     0          0    499376 127579379733394 33226039950    0    0    0     0       0          0
1784695477 | enp139s0f0np0: 186684922840071 50860569291    0 2473    0     0          0    499376 127579840681119 33226150962    0    0    0     0       0          0
1784695478 | enp139s0f0np0: 186684923982843 50860576122    0 2473    0     0          0    499376 127580355244287 33226274962    0    0    0     0       0          0
1784695479 | enp139s0f0np0: 186684925026710 50860581979    0 2473    0     0          0    499376 127580822065587 33226387427    0    0    0     0       0          0
1784695480 | enp139s0f0np0: 186684926419014 50860590487    0 2473    0     0          0    499376 127581426508181 33226533086    0    0    0     0       0          0
1784695481 | enp139s0f0np0: 186684927343092 50860595718    0 2473    0     0          0    499376 127581801866787 33226623657    0    0    0     0       0          0
1784695482 | enp139s0f0np0: 186684928665232 50860603211    0 2473    0     0          0    499376 127582385861969 33226764541    0    0    0     0       0          0
1784695483 | enp139s0f0np0: 186684929590208 50860608605    0 2473    0     0          0    499376 127582749521515 33226852385    0    0    0     0       0          0
1784695484 | enp139s0f0np0: 186684999070808 50860632071    0 2473    0     0          0    499376 127583210281467 33226964994    0    0    0     0       0          0
1784695485 | enp139s0f0np0: 186685000401323 50860640266    0 2473    0     0          0    499376 127583790770609 33227104997    0    0    0     0       0          0
1784695486 | enp139s0f0np0: 186685001374180 50860645987    0 2473    0     0          0    499376 127584176562265 33227198189    0    0    0     0       0          0
1784695487 | enp139s0f0np0: 186685203655497 50860704130    0 2473    0     0          0    499376 127584856216492 33227365589    0    0    0     0       0          0
1784695488 | enp139s0f0np0: 186685277892361 50860731438    0 2473    0     0          0    499376 127585617512404 33227550153    0    0    0     0       0          0
1784695489 | enp139s0f0np0: 186685279093781 50860738668    0 2473    0     0          0    499376 127586171663112 33227683603    0    0    0     0       0          0
1784695490 | enp139s0f0np0: 186685279911061 50860743501    0 2473    0     0          0    499376 127586516990450 33227766884    0    0    0     0       0          0
1784695491 | enp139s0f0np0: 186685281871098 50860754798    0 2473    0     0          0    499376 127587517512934 33228007611    0    0    0     0       0          0
1784695492 | enp139s0f0np0: 186685282879577 50860760681    0 2473    0     0          0    499376 127587928880880 33228106817    0    0    0     0       0          0
1784695493 | enp139s0f0np0: 186685284381841 50860769416    0 2473    0     0          0    499376 127588615022018 33228272203    0    0    0     0       0          0
1784695494 | enp139s0f0np0: 186685285421447 50860775350    0 2473    0     0          0    499376 127589056805485 33228378756    0    0    0     0       0          0
1784695495 | enp139s0f0np0: 186685355288575 50860801369    0 2473    0     0          0    499376 127589802981247 33228559665    0    0    0     0       0          0
1784695496 | enp139s0f0np0: 186685356335237 50860807922    0 2473    0     0          0    499376 127590278994061 33228674367    0    0    0     0       0          0
1784695497 | enp139s0f0np0: 186685357297127 50860813516    0 2473    0     0          0    499376 127590709824952 33228778292    0    0    0     0       0          0
1784695498 | enp139s0f0np0: 186685358452135 50860820485    0 2473    0     0          0    499376 127591217212730 33228900607    0    0    0     0       0          0
1784695499 | enp139s0f0np0: 186685359950724 50860829456    0 2473    0     0          0    499376 127591872758240 33229058803    0    0    0     0       0          0
1784695500 | enp139s0f0np0: 186685361458913 50860838251    0 2473    0     0          0    499376 127592495571320 33229209332    0    0    0     0       0          0
1784695501 | enp139s0f0np0: 186685430731971 50860860261    0 2473    0     0          0    499377 127592909328488 33229310440    0    0    0     0       0          0
1784695502 | enp139s0f0np0: 186685432254998 50860870441    0 2473    0     0          0    499377 127593596480268 33229476026    0    0    0     0       0          0
1784695503 | enp139s0f0np0: 186685433124247 50860875787    0 2473    0     0          0    499377 127593987802182 33229570333    0    0    0     0       0          0
1784695504 | enp139s0f0np0: 186685434851315 50860886335    0 2473    0     0          0    499377 127594755068036 33229755377    0    0    0     0       0          0
1784695505 | enp139s0f0np0: 186685435711516 50860891638    0 2473    0     0          0    499377 127595128253774 33229845349    0    0    0     0       0          0
1784695506 | enp139s0f0np0: 186685436809201 50860898379    0 2473    0     0          0    499377 127595612162620 33229962022    0    0    0     0       0          0
1784695507 | enp139s0f0np0: 186685506267363 50860921673    0 2473    0     0          0    499377 127596061234325 33230071859    0    0    0     0       0          0
1784695508 | enp139s0f0np0: 186685576331259 50860948565    0 2473    0     0          0    499377 127596818078213 33230255896    0    0    0     0       0          0
1784695509 | enp139s0f0np0: 186685577203989 50860953742    0 2473    0     0          0    499377 127597202312707 33230348526    0    0    0     0       0          0
1784695510 | enp139s0f0np0: 186685578512119 50860961433    0 2473    0     0          0    499377 127597764485411 33230484275    0    0    0     0       0          0
1784695511 | enp139s0f0np0: 186685579993196 50860970245    0 2473    0     0          0    499377 127598373696479 33230631540    0    0    0     0       0          0
1784695512 | enp139s0f0np0: 186685580614049 50860974029    0 2473    0     0          0    499377 127598622316459 33230691521    0    0    0     0       0          0
1784695513 | enp139s0f0np0: 186685617614729 50860990555    0 2473    0     0          0    499377 127599155732167 33230820849    0    0    0     0       0          0
1784695514 | enp139s0f0np0: 186685651421453 50861005928    0 2473    0     0          0    499377 127599657736715 33230942704    0    0    0     0       0          0
1784695515 | enp139s0f0np0: 186685652156005 50861010264    0 2473    0     0          0    499377 127599937368729 33231010324    0    0    0     0       0          0
1784695516 | enp139s0f0np0: 186685722360190 50861038261    0 2473    0     0          0    499377 127600768923967 33231212127    0    0    0     0       0          0
1784695517 | enp139s0f0np0: 186685722963240 50861041937    0 2473    0     0          0    499377 127601033513666 33231276074    0    0    0     0       0          0
1784695518 | enp139s0f0np0: 186685792916226 50861068322    0 2473    0     0          0    499377 127601737977856 33231447530    0    0    0     0       0          0
1784695519 | enp139s0f0np0: 186685793698702 50861073092    0 2473    0     0          0    499377 127602095171438 33231533648    0    0    0     0       0          0
1784695520 | enp139s0f0np0: 186685793949705 50861074032    0 2473    0     0          0    499377 127602142721022 33231545340    0    0    0     0       0          0
1784695521 | enp139s0f0np0: 186685794054017 50861074164    0 2473    0     0          0    499377 127602142757832 33231545478    0    0    0     0       0          0
1784695522 | enp139s0f0np0: 186685794623646 50861075817    0 2473    0     0          0    499377 127602143334804 33231547155    0    0    0     0       0          0
1784695523 | enp139s0f0np0: 186685794779657 50861076199    0 2473    0     0          0    499377 127602143467494 33231547552    0    0    0     0       0          0
1784695524 | enp139s0f0np0: 186685795203801 50861077401    0 2473    0     0          0    499377 127602143901764 33231548814    0    0    0     0       0          0
1784695525 | enp139s0f0np0: 186685795376685 50861077693    0 2473    0     0          0    499377 127602143995874 33231549118    0    0    0     0       0          0
1784695526 | enp139s0f0np0: 186685897860752 50861104880    0 2473    0     0          0    499377 127602246503258 33231576401    0    0    0     0       0          0
1784695527 | enp139s0f0np0: 186685932793837 50861114078    0 2473    0     0          0    499377 127602281356077 33231585604    0    0    0     0       0          0
1784695528 | enp139s0f0np0: 186685932954276 50861114425    0 2473    0     0          0    499377 127602281471751 33231585975    0    0    0     0       0          0
1784695529 | enp139s0f0np0: 186686001625905 50861132486    0 2473    0     0          0    499377 127602350107977 33231604060    0    0    0     0       0          0
1784695530 | enp139s0f0np0: 186686001791263 50861132718    0 2473    0     0          0    499377 127602350183889 33231604315    0    0    0     0       0          0
1784695531 | enp139s0f0np0: 186686001919055 50861132873    0 2473    0     0          0    499378 127602350229063 33231604482    0    0    0     0       0          0
1784695532 | enp139s0f0np0: 186686002207922 50861133417    0 2473    0     0          0    499378 127602350413753 33231605042    0    0    0     0       0          0
1784695533 | enp139s0f0np0: 186686002336969 50861133607    0 2473    0     0          0    499378 127602350472031 33231605241    0    0    0     0       0          0
1784695534 | enp139s0f0np0: 186686071039857 50861151810    0 2473    0     0          0    499378 127602419145017 33231623441    0    0    0     0       0          0
1784695535 | enp139s0f0np0: 186686071265238 50861152230    0 2473    0     0          0    499378 127602419294717 33231623844    0    0    0     0       0          0
1784695536 | enp139s0f0np0: 186686071404916 50861152364    0 2473    0     0          0    499378 127602419326305 33231623962    0    0    0     0       0          0
1784695537 | enp139s0f0np0: 186686071711636 50861152924    0 2473    0     0          0    499378 127602419512428 33231624531    0    0    0     0       0          0
1784695538 | enp139s0f0np0: 186686140402508 50861171134    0 2473    0     0          0    499378 127602488172706 33231642668    0    0    0     0       0          0
1784695539 | enp139s0f0np0: 186686140586398 50861171357    0 2473    0     0          0    499378 127602488221822 33231642837    0    0    0     0       0          0
1784695540 | enp139s0f0np0: 186686141057980 50861172514    0 2473    0     0          0    499378 127602488611896 33231643985    0    0    0     0       0          0
1784695541 | enp139s0f0np0: 186686141476936 50861173571    0 2473    0     0          0    499378 127602488991410 33231645026    0    0    0     0       0          0
1784695542 | enp139s0f0np0: 186686183199657 50861184817    0 2473    0     0          0    499378 127602530359392 33231656153    0    0    0     0       0          0
1784695543 | enp139s0f0np0: 186686210506712 50861192515    0 2473    0     0          0    499378 127602557882862 33231663894    0    0    0     0       0          0
1784695544 | enp139s0f0np0: 186686210690007 50861192832    0 2473    0     0          0    499378 127602557967008 33231664160    0    0    0     0       0          0
1784695545 | enp139s0f0np0: 186686210920018 50861193273    0 2473    0     0          0    499378 127602558091000 33231664564    0    0    0     0       0          0
1784695546 | enp139s0f0np0: 186686279605621 50861211334    0 2473    0     0          0    499378 127602626702440 33231682615    0    0    0     0       0          0
1784695547 | enp139s0f0np0: 186686279832384 50861211791    0 2473    0     0          0    499378 127602626835981 33231683043    0    0    0     0       0          0
1784695548 | enp139s0f0np0: 186686279995703 50861211980    0 2473    0     0          0    499378 127602626871891 33231683183    0    0    0     0       0          0
1784695549 | enp139s0f0np0: 186686280162331 50861212210    0 2473    0     0          0    499378 127602626923617 33231683376    0    0    0     0       0          0
1784695550 | enp139s0f0np0: 186686348804672 50861230195    0 2473    0     0          0    499378 127602695507275 33231701347    0    0    0     0       0          0
1784695551 | enp139s0f0np0: 186686348908643 50861230365    0 2473    0     0          0    499378 127602695544163 33231701481    0    0    0     0       0          0
1784695552 | enp139s0f0np0: 186686349080308 50861230570    0 2473    0     0          0    499378 127602695591755 33231701658    0    0    0     0       0          0
1784695553 | enp139s0f0np0: 186686349250911 50861230747    0 2473    0     0          0    499378 127602695625655 33231701783    0    0    0     0       0          0
1784695554 | enp139s0f0np0: 186686349394066 50861230923    0 2473    0     0          0    499378 127602695661397 33231701910    0    0    0     0       0          0
1784695555 | enp139s0f0np0: 186686349589463 50861231212    0 2473    0     0          0    499378 127602695739475 33231702181    0    0    0     0       0          0
1784695556 | enp139s0f0np0: 186686349746954 50861231389    0 2473    0     0          0    499378 127602695778547 33231702317    0    0    0     0       0          0
1784695557 | enp139s0f0np0: 186686349871308 50861231554    0 2473    0     0          0    499378 127602695812540 33231702447    0    0    0     0       0          0
1784695558 | enp139s0f0np0: 186686350006213 50861231716    0 2473    0     0          0    499378 127602695846692 33231702581    0    0    0     0       0          0
1784695559 | enp139s0f0np0: 186686350201283 50861231964    0 2473    0     0          0    499378 127602695905486 33231702793    0    0    0     0       0          0
1784695560 | enp139s0f0np0: 186686350414143 50861232349    0 2473    0     0          0    499378 127602695994088 33231703068    0    0    0     0       0          0
1784695561 | enp139s0f0np0: 186686398113004 50861245424    0 2473    0     0          0    499379 127602743625212 33231716180    0    0    0     0       0          0
1784695562 | enp139s0f0np0: 186686419826094 50861252319    0 2473    0     0          0    499379 127602765251328 33231722955    0    0    0     0       0          0
1784695563 | enp139s0f0np0: 186686420083164 50861252780    0 2473    0     0          0    499379 127602765346874 33231723270    0    0    0     0       0          0
1784695564 | enp139s0f0np0: 186686488759775 50861270938    0 2473    0     0          0    499379 127602833976760 33231741400    0    0    0     0       0          0
1784695565 | enp139s0f0np0: 186686488984479 50861271342    0 2473    0     0          0    499379 127602834051892 33231741660    0    0    0     0       0          0
1784695566 | enp139s0f0np0: 186686489183632 50861271778    0 2473    0     0          0    499379 127602834143399 33231741955    0    0    0     0       0          0
1784695567 | enp139s0f0np0: 186686557883529 50861289916    0 2473    0     0          0    499379 127602902746931 33231759983    0    0    0     0       0          0
1784695568 | enp139s0f0np0: 186686558144460 50861290397    0 2473    0     0          0    499379 127602902850657 33231760323    0    0    0     0       0          0
1784695569 | enp139s0f0np0: 186686558347445 50861290706    0 2473    0     0          0    499379 127602902890675 33231760474    0    0    0     0       0          0
1784695570 | enp139s0f0np0: 186686558537460 50861291008    0 2473    0     0          0    499379 127602902927973 33231760620    0    0    0     0       0          0
1784695571 | enp139s0f0np0: 186686558682011 50861291295    0 2473    0     0          0    499379 127602902969821 33231760778    0    0    0     0       0          0
1784695572 | enp139s0f0np0: 186686558890188 50861291778    0 2473    0     0          0    499379 127602903088749 33231761140    0    0    0     0       0          0
1784695573 | enp139s0f0np0: 186686559198428 50861292420    0 2473    0     0          0    499379 127602903260085 33231761644    0    0    0     0       0          0
1784695574 | enp139s0f0np0: 186686559418911 50861292862    0 2473    0     0          0    499379 127602903353267 33231761953    0    0    0     0       0          0
1784695575 | enp139s0f0np0: 186686559655730 50861293376    0 2473    0     0          0    499379 127602903469727 33231762334    0    0    0     0       0          0
1784695576 | enp139s0f0np0: 186686559867695 50861293902    0 2473    0     0          0    499379 127602903599606 33231762742    0    0    0     0       0          0
1784695577 | enp139s0f0np0: 186686560132296 50861294404    0 2473    0     0          0    499379 127602903716618 33231763104    0    0    0     0       0          0
1784695578 | enp139s0f0np0: 186686560414166 50861295019    0 2473    0     0          0    499379 127602903869894 33231763592    0    0    0     0       0          0
1784695579 | enp139s0f0np0: 186686560673227 50861295699    0 2473    0     0          0    499379 127602904053404 33231764165    0    0    0     0       0          0
1784695580 | enp139s0f0np0: 186686560949387 50861296394    0 2473    0     0          0    499379 127602904245680 33231764701    0    0    0     0       0          0
1784695581 | enp139s0f0np0: 186686567501892 50861298355    0 2473    0     0          0    499379 127602910448273 33231766491    0    0    0     0       0          0
1784695582 | enp139s0f0np0: 186686766820724 50861350516    0 2473    0     0          0    499379 127603110079604 33231818900    0    0    0     0       0          0
1784695583 | enp139s0f0np0: 186686835511524 50861368724    0 2473    0     0          0    499379 127603178740440 33231837061    0    0    0     0       0          0
1784695584 | enp139s0f0np0: 186686835786265 50861369389    0 2473    0     0          0    499379 127603178938496 33231837626    0    0    0     0       0          0
1784695585 | enp139s0f0np0: 186686836049044 50861370092    0 2473    0     0          0    499379 127603179148441 33231838251    0    0    0     0       0          0
1784695586 | enp139s0f0np0: 186686905075497 50861389424    0 2473    0     0          0    499379 127603248180375 33231857470    0    0    0     0       0          0
1784695587 | enp139s0f0np0: 186686905301158 50861389982    0 2473    0     0          0    499379 127603248332115 33231857947    0    0    0     0       0          0
1784695588 | enp139s0f0np0: 186686905487397 50861390440    0 2473    0     0          0    499379 127603248446473 33231858307    0    0    0     0       0          0
1784695589 | enp139s0f0np0: 186686905758753 50861391141    0 2473    0     0          0    499379 127603248660825 33231858924    0    0    0     0       0          0
1784695590 | enp139s0f0np0: 186686974500788 50861409400    0 2473    0     0          0    499379 127603317342575 33231877192    0    0    0     0       0          0
1784695591 | enp139s0f0np0: 186686974680578 50861409820    0 2473    0     0          0    499380 127603317449227 33231877542    0    0    0     0       0          0
1784695592 | enp139s0f0np0: 186686974904627 50861410319    0 2473    0     0          0    499380 127603317578509 33231877943    0    0    0     0       0          0
1784695593 | enp139s0f0np0: 186686975141312 50861410886    0 2473    0     0          0    499380 127603317727235 33231878414    0    0    0     0       0          0
1784695594 | enp139s0f0np0: 186686975377975 50861411463    0 2473    0     0          0    499380 127603317884277 33231878897    0    0    0     0       0          0
1784695595 | enp139s0f0np0: 186686975564499 50861411926    0 2473    0     0          0    499380 127603317995777 33231879257    0    0    0     0       0          0
1784695596 | enp139s0f0np0: 186686975714485 50861412238    0 2473    0     0          0    499380 127603318064164 33231879501    0    0    0     0       0          0
1784695597 | enp139s0f0np0: 186686975934281 50861412733    0 2473    0     0          0    499380 127603318197214 33231879921    0    0    0     0       0          0
1784695598 | enp139s0f0np0: 186687174730943 50861465592    0 2473    0     0          0    499380 127603517044218 33231932329    0    0    0     0       0          0
1784695599 | enp139s0f0np0: 186687251075835 50861486902    0 2473    0     0          0    499380 127603593382130 33231953564    0    0    0     0       0          0
1784695600 | enp139s0f0np0: 186687384823375 50861524513    0 2473    0     0          0    499380 127603727006609 33231991053    0    0    0     0       0          0
1784695601 | enp139s0f0np0: 186687527381091 50861565292    0 2473    0     0          0    499380 127603870014130 33232031687    0    0    0     0       0          0
1784695602 | enp139s0f0np0: 186687721573561 50861619541    0 2473    0     0          0    499380 127604064416257 33232085707    0    0    0     0       0          0
