1784719156 | enp139s0f0np0: 198513447643433 53932790032    0 2473    0     0          0    500165 140703054314039 36612418507    0    0    0     0       0          0
1784719157 | enp139s0f0np0: 198514692992050 53933092916    0 2473    0     0          0    500165 140703060132632 36612434308    0    0    0     0       0          0
1784719158 | enp139s0f0np0: 198517369297735 53933743513    0 2473    0     0          0    500165 140703072516649 36612469078    0    0    0     0       0          0
1784719159 | enp139s0f0np0: 198520190747126 53934429101    0 2473    0     0          0    500165 140703085511106 36612504331    0    0    0     0       0          0
1784719160 | enp139s0f0np0: 198522880391216 53935082958    0 2473    0     0          0    500165 140703098079968 36612540492    0    0    0     0       0          0
1784719161 | enp139s0f0np0: 198525501438208 53935720236    0 2473    0     0          0    500165 140703110277332 36612575699    0    0    0     0       0          0
1784719162 | enp139s0f0np0: 198528085846047 53936348758    0 2473    0     0          0    500165 140703122347523 36612610638    0    0    0     0       0          0
1784719163 | enp139s0f0np0: 198530757948920 53936998148    0 2473    0     0          0    500165 140703134797341 36612646328    0    0    0     0       0          0
1784719164 | enp139s0f0np0: 198533377539168 53937635106    0 2473    0     0          0    500165 140703147055771 36612681150    0    0    0     0       0          0
1784719165 | enp139s0f0np0: 198535977648834 53938267487    0 2473    0     0          0    500165 140703159115422 36612715193    0    0    0     0       0          0
1784719166 | enp139s0f0np0: 198538566735600 53938897185    0 2473    0     0          0    500165 140703171158497 36612749556    0    0    0     0       0          0
1784719167 | enp139s0f0np0: 198541260581813 53939552155    0 2473    0     0          0    500165 140703183630178 36612784531    0    0    0     0       0          0
1784719168 | enp139s0f0np0: 198543871351046 53940186873    0 2473    0     0          0    500165 140703195803852 36612819088    0    0    0     0       0          0
1784719169 | enp139s0f0np0: 198546578097279 53940844705    0 2473    0     0          0    500165 140703208309513 36612854007    0    0    0     0       0          0
1784719170 | enp139s0f0np0: 198549255552573 53941495614    0 2473    0     0          0    500165 140703220720272 36612888905    0    0    0     0       0          0
1784719171 | enp139s0f0np0: 198551906839401 53942140135    0 2473    0     0          0    500165 140703233078648 36612923934    0    0    0     0       0          0
1784719172 | enp139s0f0np0: 198554540151451 53942780129    0 2473    0     0          0    500166 140703245252493 36612958232    0    0    0     0       0          0
1784719173 | enp139s0f0np0: 198557239310239 53943436151    0 2473    0     0          0    500166 140703257770964 36612992898    0    0    0     0       0          0
1784719174 | enp139s0f0np0: 198559914097965 53944086761    0 2473    0     0          0    500166 140703270206520 36613027815    0    0    0     0       0          0
1784719175 | enp139s0f0np0: 198562478219406 53944709962    0 2473    0     0          0    500166 140703282090691 36613061540    0    0    0     0       0          0
1784719176 | enp139s0f0np0: 198565117125886 53945351411    0 2473    0     0          0    500166 140703294340278 36613096095    0    0    0     0       0          0
1784719177 | enp139s0f0np0: 198567808150767 53946005452    0 2473    0     0          0    500166 140703306863667 36613131687    0    0    0     0       0          0
1784719178 | enp139s0f0np0: 198570478356052 53946654592    0 2473    0     0          0    500166 140703319298958 36613166640    0    0    0     0       0          0
1784719179 | enp139s0f0np0: 198573105177321 53947293037    0 2473    0     0          0    500166 140703331428964 36613200510    0    0    0     0       0          0
1784719180 | enp139s0f0np0: 198575661484038 53947914582    0 2473    0     0          0    500166 140703343276049 36613233925    0    0    0     0       0          0
1784719181 | enp139s0f0np0: 198578313070898 53948559062    0 2473    0     0          0    500166 140703355583147 36613268175    0    0    0     0       0          0
1784719182 | enp139s0f0np0: 198580969732589 53949204701    0 2473    0     0          0    500166 140703367849344 36613302217    0    0    0     0       0          0
1784719183 | enp139s0f0np0: 198583567393233 53949836252    0 2473    0     0          0    500166 140703379851870 36613335495    0    0    0     0       0          0
1784719184 | enp139s0f0np0: 198586262934453 53950491508    0 2473    0     0          0    500166 140703392323197 36613370152    0    0    0     0       0          0
1784719185 | enp139s0f0np0: 198588827212855 53951115097    0 2473    0     0          0    500166 140703404178907 36613403245    0    0    0     0       0          0
1784719186 | enp139s0f0np0: 198591513260685 53951767947    0 2473    0     0          0    500166 140703416644076 36613438040    0    0    0     0       0          0
1784719187 | enp139s0f0np0: 198594127110903 53952403360    0 2473    0     0          0    500166 140703428823389 36613472943    0    0    0     0       0          0
1784719188 | enp139s0f0np0: 198596747063926 53953040264    0 2473    0     0          0    500166 140703440958700 36613506911    0    0    0     0       0          0
1784719189 | enp139s0f0np0: 198599450454718 53953697180    0 2473    0     0          0    500166 140703453449253 36613541312    0    0    0     0       0          0
1784719190 | enp139s0f0np0: 198602073439821 53954334599    0 2473    0     0          0    500166 140703465632234 36613575682    0    0    0     0       0          0
1784719191 | enp139s0f0np0: 198604789072144 53954994579    0 2473    0     0          0    500166 140703478223491 36613610903    0    0    0     0       0          0
1784719192 | enp139s0f0np0: 198607517349486 53955657667    0 2473    0     0          0    500166 140703490821218 36613645689    0    0    0     0       0          0
1784719193 | enp139s0f0np0: 198610139976022 53956295284    0 2473    0     0          0    500166 140703503053386 36613680213    0    0    0     0       0          0
1784719194 | enp139s0f0np0: 198612739610927 53956927177    0 2473    0     0          0    500166 140703515060969 36613713775    0    0    0     0       0          0
1784719195 | enp139s0f0np0: 198615406056053 53957575029    0 2473    0     0          0    500166 140703527423468 36613748648    0    0    0     0       0          0
1784719196 | enp139s0f0np0: 198618022574195 53958210927    0 2473    0     0          0    500166 140703539562562 36613783000    0    0    0     0       0          0
1784719197 | enp139s0f0np0: 198620678647597 53958856129    0 2473    0     0          0    500166 140703551944500 36613817625    0    0    0     0       0          0
1784719198 | enp139s0f0np0: 198623298636514 53959492758    0 2473    0     0          0    500166 140703564034272 36613851493    0    0    0     0       0          0
1784719199 | enp139s0f0np0: 198625935074971 53960133297    0 2473    0     0          0    500166 140703576273695 36613886109    0    0    0     0       0          0
1784719200 | enp139s0f0np0: 198628562729657 53960771977    0 2473    0     0          0    500166 140703588477529 36613920856    0    0    0     0       0          0
1784719201 | enp139s0f0np0: 198631225321821 53961418937    0 2473    0     0          0    500166 140703600933671 36613956345    0    0    0     0       0          0
1784719202 | enp139s0f0np0: 198633912230431 53962071891    0 2473    0     0          0    500167 140703613367152 36613991229    0    0    0     0       0          0
1784719203 | enp139s0f0np0: 198636526672930 53962707524    0 2473    0     0          0    500167 140703625484684 36614025431    0    0    0     0       0          0
1784719204 | enp139s0f0np0: 198639129373526 53963340229    0 2473    0     0          0    500167 140703637581506 36614059610    0    0    0     0       0          0
1784719205 | enp139s0f0np0: 198641787338936 53963986219    0 2473    0     0          0    500167 140703649955772 36614094407    0    0    0     0       0          0
1784719206 | enp139s0f0np0: 198644431545145 53964628906    0 2473    0     0          0    500167 140703662176189 36614128715    0    0    0     0       0          0
1784719207 | enp139s0f0np0: 198647065327522 53965268874    0 2473    0     0          0    500167 140703674402643 36614163136    0    0    0     0       0          0
1784719208 | enp139s0f0np0: 198649755030167 53965922377    0 2473    0     0          0    500167 140703686864766 36614198103    0    0    0     0       0          0
1784719209 | enp139s0f0np0: 198652409209030 53966567419    0 2473    0     0          0    500167 140703699163012 36614232456    0    0    0     0       0          0
1784719210 | enp139s0f0np0: 198655021051519 53967202067    0 2473    0     0          0    500167 140703711239281 36614266252    0    0    0     0       0          0
1784719211 | enp139s0f0np0: 198657722256969 53967858548    0 2473    0     0          0    500167 140703723767626 36614301546    0    0    0     0       0          0
1784719212 | enp139s0f0np0: 198660388024541 53968506362    0 2473    0     0          0    500167 140703736112423 36614335967    0    0    0     0       0          0
1784719213 | enp139s0f0np0: 198663030352476 53969148826    0 2473    0     0          0    500167 140703748373092 36614370264    0    0    0     0       0          0
1784719214 | enp139s0f0np0: 198665714423870 53969801196    0 2473    0     0          0    500167 140703760799268 36614405079    0    0    0     0       0          0
1784719215 | enp139s0f0np0: 198668347295491 53970441048    0 2473    0     0          0    500167 140703772974073 36614438961    0    0    0     0       0          0
1784719216 | enp139s0f0np0: 198671016833100 53971089801    0 2473    0     0          0    500167 140703785348809 36614473458    0    0    0     0       0          0
1784719217 | enp139s0f0np0: 198673672105873 53971735167    0 2473    0     0          0    500167 140703797608252 36614507451    0    0    0     0       0          0
1784719218 | enp139s0f0np0: 198676298659550 53972373379    0 2473    0     0          0    500167 140703809777998 36614541576    0    0    0     0       0          0
1784719219 | enp139s0f0np0: 198678955784707 53973019036    0 2473    0     0          0    500167 140703822116748 36614576024    0    0    0     0       0          0
1784719220 | enp139s0f0np0: 198681584296197 53973657813    0 2473    0     0          0    500167 140703834258174 36614610482    0    0    0     0       0          0
1784719221 | enp139s0f0np0: 198684270151081 53974310623    0 2473    0     0          0    500167 140703846733564 36614645030    0    0    0     0       0          0
1784719222 | enp139s0f0np0: 198686869121787 53974942164    0 2473    0     0          0    500167 140703858665931 36614678051    0    0    0     0       0          0
1784719223 | enp139s0f0np0: 198689526265749 53975588145    0 2473    0     0          0    500167 140703871039770 36614712976    0    0    0     0       0          0
1784719224 | enp139s0f0np0: 198692224315862 53976243903    0 2473    0     0          0    500167 140703883574936 36614748485    0    0    0     0       0          0
1784719225 | enp139s0f0np0: 198694922777210 53976899807    0 2473    0     0          0    500167 140703896107823 36614784159    0    0    0     0       0          0
1784719226 | enp139s0f0np0: 198697609934563 53977552656    0 2473    0     0          0    500167 140703908549011 36614818855    0    0    0     0       0          0
1784719227 | enp139s0f0np0: 198700280645753 53978201715    0 2473    0     0          0    500167 140703920942187 36614853552    0    0    0     0       0          0
1784719228 | enp139s0f0np0: 198702931778670 53978846212    0 2473    0     0          0    500167 140703933212621 36614887872    0    0    0     0       0          0
1784719229 | enp139s0f0np0: 198705572049862 53979487534    0 2473    0     0          0    500167 140703945406133 36614921850    0    0    0     0       0          0
1784719230 | enp139s0f0np0: 198708217072834 53980130348    0 2473    0     0          0    500167 140703957652244 36614956422    0    0    0     0       0          0
1784719231 | enp139s0f0np0: 198710867755619 53980774857    0 2473    0     0          0    500167 140703969932580 36614991329    0    0    0     0       0          0
1784719232 | enp139s0f0np0: 198713506289614 53981416068    0 2473    0     0          0    500168 140703982170151 36615025727    0    0    0     0       0          0
1784719233 | enp139s0f0np0: 198716204540517 53982071939    0 2473    0     0          0    500168 140703994742778 36615061434    0    0    0     0       0          0
1784719234 | enp139s0f0np0: 198718815430130 53982706269    0 2473    0     0          0    500168 140704006782235 36615095465    0    0    0     0       0          0
1784719235 | enp139s0f0np0: 198721465933205 53983350572    0 2473    0     0          0    500168 140704019061515 36615129869    0    0    0     0       0          0
1784719236 | enp139s0f0np0: 198724121082809 53983995951    0 2473    0     0          0    500168 140704031354923 36615164769    0    0    0     0       0          0
1784719237 | enp139s0f0np0: 198726774185289 53984640605    0 2473    0     0          0    500168 140704043647107 36615199419    0    0    0     0       0          0
1784719238 | enp139s0f0np0: 198729449529572 53985290997    0 2473    0     0          0    500168 140704055998697 36615234190    0    0    0     0       0          0
1784719239 | enp139s0f0np0: 198732100413662 53985935479    0 2473    0     0          0    500168 140704068283535 36615268410    0    0    0     0       0          0
1784719240 | enp139s0f0np0: 198734724710992 53986573342    0 2473    0     0          0    500168 140704080390568 36615302897    0    0    0     0       0          0
1784719241 | enp139s0f0np0: 198737398863283 53987223320    0 2473    0     0          0    500168 140704092737837 36615337400    0    0    0     0       0          0
1784719242 | enp139s0f0np0: 198740123704119 53987885645    0 2473    0     0          0    500168 140704105295048 36615372280    0    0    0     0       0          0
1784719243 | enp139s0f0np0: 198742804205881 53988536967    0 2473    0     0          0    500168 140704117670905 36615407184    0    0    0     0       0          0
1784719244 | enp139s0f0np0: 198745396014589 53989166932    0 2473    0     0          0    500168 140704129613816 36615440545    0    0    0     0       0          0
1784719245 | enp139s0f0np0: 198748007254204 53989801576    0 2473    0     0          0    500168 140704141674377 36615474828    0    0    0     0       0          0
1784719246 | enp139s0f0np0: 198750660597853 53990446373    0 2473    0     0          0    500168 140704154037652 36615510081    0    0    0     0       0          0
1784719247 | enp139s0f0np0: 198753266446325 53991079973    0 2473    0     0          0    500168 140704166025113 36615544505    0    0    0     0       0          0
1784719248 | enp139s0f0np0: 198755879837781 53991715228    0 2473    0     0          0    500168 140704178053709 36615578933    0    0    0     0       0          0
1784719249 | enp139s0f0np0: 198758535109305 53992360565    0 2473    0     0          0    500168 140704190234428 36615612936    0    0    0     0       0          0
1784719250 | enp139s0f0np0: 198761175493364 53993002312    0 2473    0     0          0    500168 140704202412087 36615647429    0    0    0     0       0          0
1784719251 | enp139s0f0np0: 198763875865560 53993658459    0 2473    0     0          0    500168 140704214787126 36615682526    0    0    0     0       0          0
1784719252 | enp139s0f0np0: 198766566238004 53994312332    0 2473    0     0          0    500168 140704227101279 36615717398    0    0    0     0       0          0
1784719253 | enp139s0f0np0: 198769143201987 53994938834    0 2473    0     0          0    500168 140704238880590 36615751069    0    0    0     0       0          0
1784719254 | enp139s0f0np0: 198771774484780 53995578443    0 2473    0     0          0    500168 140704250875459 36615785091    0    0    0     0       0          0
1784719255 | enp139s0f0np0: 198774387865939 53996213245    0 2473    0     0          0    500168 140704262684717 36615818878    0    0    0     0       0          0
1784719256 | enp139s0f0np0: 198777050110226 53996860229    0 2473    0     0          0    500168 140704274748504 36615853392    0    0    0     0       0          0
1784719257 | enp139s0f0np0: 198779719652166 53997508649    0 2473    0     0          0    500168 140704286712772 36615887847    0    0    0     0       0          0
1784719258 | enp139s0f0np0: 198782365528016 53998151597    0 2473    0     0          0    500168 140704298455644 36615922219    0    0    0     0       0          0
1784719259 | enp139s0f0np0: 198785024330181 53998797229    0 2473    0     0          0    500168 140704310054258 36615956682    0    0    0     0       0          0
1784719260 | enp139s0f0np0: 198787745435832 53999457909    0 2473    0     0          0    500168 140704321766515 36615991952    0    0    0     0       0          0
1784719261 | enp139s0f0np0: 198790422954577 54000108049    0 2473    0     0          0    500168 140704332939633 36616025544    0    0    0     0       0          0
1784719262 | enp139s0f0np0: 198793089400183 54000755419    0 2473    0     0          0    500169 140704344148280 36616059883    0    0    0     0       0          0
1784719263 | enp139s0f0np0: 198795798280886 54001413244    0 2473    0     0          0    500169 140704355529512 36616094680    0    0    0     0       0          0
1784719264 | enp139s0f0np0: 198798509228501 54002071305    0 2473    0     0          0    500169 140704366812205 36616128452    0    0    0     0       0          0
1784719265 | enp139s0f0np0: 198801174433056 54002718462    0 2473    0     0          0    500169 140704378137179 36616161209    0    0    0     0       0          0
1784719266 | enp139s0f0np0: 198803798245268 54003356008    0 2473    0     0          0    500169 140704389644514 36616195037    0    0    0     0       0          0
1784719267 | enp139s0f0np0: 198806550736619 54004024682    0 2473    0     0          0    500169 140704402108436 36616229647    0    0    0     0       0          0
1784719268 | enp139s0f0np0: 198809241347159 54004678943    0 2473    0     0          0    500169 140704414613927 36616265377    0    0    0     0       0          0
1784719269 | enp139s0f0np0: 198811868417067 54005317555    0 2473    0     0          0    500169 140704426777927 36616299568    0    0    0     0       0          0
1784719270 | enp139s0f0np0: 198814496778573 54005956318    0 2473    0     0          0    500169 140704438970874 36616333727    0    0    0     0       0          0
1784719271 | enp139s0f0np0: 198817076415377 54006583441    0 2473    0     0          0    500169 140704450922274 36616367146    0    0    0     0       0          0
1784719272 | enp139s0f0np0: 198819704184485 54007222293    0 2473    0     0          0    500169 140704463178106 36616402341    0    0    0     0       0          0
1784719273 | enp139s0f0np0: 198822324765442 54007859719    0 2473    0     0          0    500169 140704475441666 36616437847    0    0    0     0       0          0
1784719274 | enp139s0f0np0: 198824967242623 54008502157    0 2473    0     0          0    500169 140704487678680 36616472099    0    0    0     0       0          0
1784719275 | enp139s0f0np0: 198827555149791 54009131372    0 2473    0     0          0    500169 140704499714413 36616506256    0    0    0     0       0          0
1784719276 | enp139s0f0np0: 198830174306315 54009768322    0 2473    0     0          0    500169 140704511897924 36616541413    0    0    0     0       0          0
1784719277 | enp139s0f0np0: 198832802787692 54010407549    0 2473    0     0          0    500169 140704524191645 36616576462    0    0    0     0       0          0
1784719278 | enp139s0f0np0: 198835456869146 54011052457    0 2473    0     0          0    500169 140704536470580 36616610770    0    0    0     0       0          0
1784719279 | enp139s0f0np0: 198838086656759 54011691373    0 2473    0     0          0    500169 140704548632877 36616644683    0    0    0     0       0          0
1784719280 | enp139s0f0np0: 198840783239746 54012346857    0 2473    0     0          0    500169 140704561179501 36616679917    0    0    0     0       0          0
1784719281 | enp139s0f0np0: 198843395262889 54012982023    0 2473    0     0          0    500169 140704573358752 36616715019    0    0    0     0       0          0
1784719282 | enp139s0f0np0: 198846067727744 54013631501    0 2473    0     0          0    500169 140704585769161 36616749999    0    0    0     0       0          0
1784719283 | enp139s0f0np0: 198848689646638 54014268796    0 2473    0     0          0    500169 140704597939705 36616784663    0    0    0     0       0          0
1784719284 | enp139s0f0np0: 198851467877428 54014943964    0 2473    0     0          0    500169 140704610807075 36616820531    0    0    0     0       0          0
1784719285 | enp139s0f0np0: 198854054712567 54015572604    0 2473    0     0          0    500169 140704622836932 36616854369    0    0    0     0       0          0
1784719286 | enp139s0f0np0: 198856744911573 54016226191    0 2473    0     0          0    500169 140704635306464 36616889647    0    0    0     0       0          0
1784719287 | enp139s0f0np0: 198859375252347 54016865707    0 2473    0     0          0    500169 140704647625786 36616925024    0    0    0     0       0          0
1784719288 | enp139s0f0np0: 198862005244717 54017505127    0 2473    0     0          0    500169 140704659820889 36616959610    0    0    0     0       0          0
1784719289 | enp139s0f0np0: 198864669593537 54018152695    0 2473    0     0          0    500169 140704672161224 36616994255    0    0    0     0       0          0
1784719290 | enp139s0f0np0: 198867278044123 54018786717    0 2473    0     0          0    500169 140704684262966 36617028129    0    0    0     0       0          0
1784719291 | enp139s0f0np0: 198869938547267 54019433377    0 2473    0     0          0    500169 140704696556347 36617062569    0    0    0     0       0          0
1784719292 | enp139s0f0np0: 198872615011813 54020083737    0 2473    0     0          0    500170 140704708976835 36617097067    0    0    0     0       0          0
1784719294 | enp139s0f0np0: 198875294292971 54020734773    0 2473    0     0          0    500170 140704721396825 36617131695    0    0    0     0       0          0
1784719295 | enp139s0f0np0: 198877963757536 54021383683    0 2473    0     0          0    500170 140704733794186 36617167056    0    0    0     0       0          0
1784719296 | enp139s0f0np0: 198880598436949 54022024208    0 2473    0     0          0    500170 140704746001738 36617201619    0    0    0     0       0          0
1784719297 | enp139s0f0np0: 198883256878563 54022670431    0 2473    0     0          0    500170 140704758352797 36617236251    0    0    0     0       0          0
1784719298 | enp139s0f0np0: 198885900329820 54023313229    0 2473    0     0          0    500170 140704770599815 36617270783    0    0    0     0       0          0
1784719299 | enp139s0f0np0: 198888677612325 54023987999    0 2473    0     0          0    500170 140704783483328 36617306764    0    0    0     0       0          0
1784719300 | enp139s0f0np0: 198891756113800 54024735689    0 2473    0     0          0    500170 140704797583655 36617343870    0    0    0     0       0          0
1784719301 | enp139s0f0np0: 198894754587526 54025463896    0 2473    0     0          0    500170 140704811287301 36617380233    0    0    0     0       0          0
1784719302 | enp139s0f0np0: 198897441189766 54026116807    0 2473    0     0          0    500170 140704823786263 36617415374    0    0    0     0       0          0
1784719303 | enp139s0f0np0: 198900082642184 54026759054    0 2473    0     0          0    500170 140704836017311 36617449993    0    0    0     0       0          0
1784719304 | enp139s0f0np0: 198902718472527 54027399764    0 2473    0     0          0    500170 140704848285879 36617484736    0    0    0     0       0          0
1784719305 | enp139s0f0np0: 198905337050374 54028036213    0 2473    0     0          0    500170 140704860417562 36617519039    0    0    0     0       0          0
1784719306 | enp139s0f0np0: 198907957561773 54028673203    0 2473    0     0          0    500170 140704872629173 36617553460    0    0    0     0       0          0
1784719307 | enp139s0f0np0: 198910570352845 54029308284    0 2473    0     0          0    500170 140704884778495 36617588396    0    0    0     0       0          0
1784719308 | enp139s0f0np0: 198913218966168 54029952178    0 2473    0     0          0    500170 140704897085820 36617623431    0    0    0     0       0          0
1784719309 | enp139s0f0np0: 198915836564281 54030588430    0 2473    0     0          0    500170 140704909251704 36617657650    0    0    0     0       0          0
1784719310 | enp139s0f0np0: 198918411333500 54031214198    0 2473    0     0          0    500170 140704921170067 36617691202    0    0    0     0       0          0
1784719311 | enp139s0f0np0: 198921092958234 54031865782    0 2473    0     0          0    500170 140704933609248 36617726148    0    0    0     0       0          0
1784719312 | enp139s0f0np0: 198923737103856 54032508543    0 2473    0     0          0    500170 140704945898882 36617761012    0    0    0     0       0          0
1784719313 | enp139s0f0np0: 198926343515179 54033141887    0 2473    0     0          0    500170 140704958057750 36617795467    0    0    0     0       0          0
1784719314 | enp139s0f0np0: 198929002108607 54033787906    0 2473    0     0          0    500170 140704970439711 36617830413    0    0    0     0       0          0
1784719315 | enp139s0f0np0: 198931652996475 54034432258    0 2473    0     0          0    500170 140704982680834 36617864783    0    0    0     0       0          0
1784719316 | enp139s0f0np0: 198934310788721 54035078064    0 2473    0     0          0    500170 140704994978930 36617899427    0    0    0     0       0          0
1784719317 | enp139s0f0np0: 198936987716887 54035728540    0 2473    0     0          0    500170 140705007445188 36617934710    0    0    0     0       0          0
1784719318 | enp139s0f0np0: 198939617084793 54036367722    0 2473    0     0          0    500170 140705019685266 36617969871    0    0    0     0       0          0
1784719319 | enp139s0f0np0: 198942234242942 54037003895    0 2473    0     0          0    500170 140705031815111 36618004091    0    0    0     0       0          0
1784719320 | enp139s0f0np0: 198944921151120 54037656932    0 2473    0     0          0    500170 140705044312201 36618039405    0    0    0     0       0          0
1784719321 | enp139s0f0np0: 198947568400966 54038300218    0 2473    0     0          0    500170 140705056602705 36618073964    0    0    0     0       0          0
1784719322 | enp139s0f0np0: 198950145443138 54038926517    0 2473    0     0          0    500170 140705068534385 36618107549    0    0    0     0       0          0
1784719323 | enp139s0f0np0: 198952725557047 54039553943    0 2473    0     0          0    500171 140705080510875 36618141443    0    0    0     0       0          0
1784719324 | enp139s0f0np0: 198955425769010 54040210229    0 2473    0     0          0    500171 140705093096977 36618176918    0    0    0     0       0          0
1784719325 | enp139s0f0np0: 198958070410815 54040852888    0 2473    0     0          0    500171 140705105389399 36618211752    0    0    0     0       0          0
1784719326 | enp139s0f0np0: 198960758195690 54041506039    0 2473    0     0          0    500171 140705117827477 36618246882    0    0    0     0       0          0
1784719327 | enp139s0f0np0: 198963372512791 54042141558    0 2473    0     0          0    500171 140705129998836 36618281166    0    0    0     0       0          0
1784719328 | enp139s0f0np0: 198966054762062 54042793648    0 2473    0     0          0    500171 140705142418347 36618316344    0    0    0     0       0          0
1784719329 | enp139s0f0np0: 198968671846676 54043429831    0 2473    0     0          0    500171 140705154577537 36618350815    0    0    0     0       0          0
1784719330 | enp139s0f0np0: 198971297807143 54044068258    0 2473    0     0          0    500171 140705166785859 36618385351    0    0    0     0       0          0
1784719331 | enp139s0f0np0: 198973927325421 54044707573    0 2473    0     0          0    500171 140705178980331 36618419566    0    0    0     0       0          0
1784719332 | enp139s0f0np0: 198976589052488 54045354704    0 2473    0     0          0    500171 140705191349014 36618454704    0    0    0     0       0          0
1784719333 | enp139s0f0np0: 198979492569973 54046059957    0 2473    0     0          0    500171 140705204729330 36618491461    0    0    0     0       0          0
1784719334 | enp139s0f0np0: 198982387808981 54046763183    0 2473    0     0          0    500171 140705218100020 36618528294    0    0    0     0       0          0
1784719335 | enp139s0f0np0: 198985255221254 54047459605    0 2473    0     0          0    500171 140705231328531 36618564894    0    0    0     0       0          0
1784719336 | enp139s0f0np0: 198988168289330 54048167241    0 2473    0     0          0    500171 140705244747440 36618601499    0    0    0     0       0          0
1784719337 | enp139s0f0np0: 198990966715995 54048847105    0 2473    0     0          0    500171 140705257584569 36618636974    0    0    0     0       0          0
