1784696044 | enp139s0f0np0: 186719697157940 50870314395    0 2473    0     0          0    499395 127687374037375 33253219007    0    0    0     0       0          0
1784696045 | enp139s0f0np0: 186719698837290 50870326186    0 2473    0     0          0    499395 127688125670045 33253399957    0    0    0     0       0          0
1784696046 | enp139s0f0np0: 186719700935672 50870341246    0 2473    0     0          0    499395 127689080013160 33253629689    0    0    0     0       0          0
1784696047 | enp139s0f0np0: 186719703086435 50870356625    0 2473    0     0          0    499395 127690053828020 33253864125    0    0    0     0       0          0
1784696048 | enp139s0f0np0: 186719705233349 50870372225    0 2473    0     0          0    499395 127691027641947 33254098545    0    0    0     0       0          0
1784696049 | enp139s0f0np0: 186719706831779 50870383657    0 2473    0     0          0    499395 127691744065909 33254271004    0    0    0     0       0          0
1784696050 | enp139s0f0np0: 186719708973381 50870398689    0 2473    0     0          0    499395 127692693875367 33254499659    0    0    0     0       0          0
1784696051 | enp139s0f0np0: 186719711159765 50870413954    0 2473    0     0          0    499395 127693652751911 33254730473    0    0    0     0       0          0
1784696052 | enp139s0f0np0: 186719713260093 50870429103    0 2473    0     0          0    499395 127694599090813 33254958246    0    0    0     0       0          0
1784696053 | enp139s0f0np0: 186719715375385 50870444127    0 2473    0     0          0    499395 127695550764813 33255187312    0    0    0     0       0          0
1784696054 | enp139s0f0np0: 186719717021159 50870455427    0 2473    0     0          0    499395 127696277923325 33255362391    0    0    0     0       0          0
1784696055 | enp139s0f0np0: 186719719151962 50870470687    0 2473    0     0          0    499395 127697214864628 33255587916    0    0    0     0       0          0
1784696056 | enp139s0f0np0: 186719721233892 50870485689    0 2473    0     0          0    499395 127698156670532 33255814617    0    0    0     0       0          0
1784696057 | enp139s0f0np0: 186719723360035 50870500928    0 2473    0     0          0    499395 127699104080044 33256042703    0    0    0     0       0          0
1784696058 | enp139s0f0np0: 186719725466012 50870516244    0 2473    0     0          0    499395 127700056148262 33256271878    0    0    0     0       0          0
1784696059 | enp139s0f0np0: 186719727072090 50870527845    0 2473    0     0          0    499395 127700775112781 33256444946    0    0    0     0       0          0
1784696060 | enp139s0f0np0: 186719729194267 50870543260    0 2473    0     0          0    499395 127701731715863 33256675222    0    0    0     0       0          0
1784696061 | enp139s0f0np0: 186719731391770 50870558790    0 2473    0     0          0    499395 127702683986775 33256904435    0    0    0     0       0          0
1784696062 | enp139s0f0np0: 186719733472993 50870573718    0 2473    0     0          0    499395 127703632270695 33257132689    0    0    0     0       0          0
1784696063 | enp139s0f0np0: 186719735561541 50870588584    0 2473    0     0          0    499395 127704580745904 33257361013    0    0    0     0       0          0
1784696064 | enp139s0f0np0: 186719737112695 50870599878    0 2473    0     0          0    499395 127705291302554 33257532071    0    0    0     0       0          0
1784696065 | enp139s0f0np0: 186719739208946 50870614890    0 2473    0     0          0    499395 127706258715136 33257764952    0    0    0     0       0          0
1784696066 | enp139s0f0np0: 186719741333118 50870630401    0 2473    0     0          0    499395 127707215992209 33257995394    0    0    0     0       0          0
1784696067 | enp139s0f0np0: 186719743476883 50870646045    0 2473    0     0          0    499395 127708193932187 33258230789    0    0    0     0       0          0
1784696068 | enp139s0f0np0: 186719745573044 50870661285    0 2473    0     0          0    499395 127709145481711 33258459853    0    0    0     0       0          0
1784696069 | enp139s0f0np0: 186719747193645 50870672943    0 2473    0     0          0    499395 127709869375215 33258634130    0    0    0     0       0          0
1784696070 | enp139s0f0np0: 186719749287256 50870688174    0 2473    0     0          0    499396 127710826117271 33258864420    0    0    0     0       0          0
1784696071 | enp139s0f0np0: 186719751390473 50870703497    0 2473    0     0          0    499396 127711778578921 33259093695    0    0    0     0       0          0
1784696072 | enp139s0f0np0: 186719753496006 50870718571    0 2473    0     0          0    499396 127712734002123 33259323679    0    0    0     0       0          0
1784696073 | enp139s0f0np0: 186719755404860 50870732334    0 2473    0     0          0    499396 127713594193467 33259530783    0    0    0     0       0          0
1784696074 | enp139s0f0np0: 186719757259662 50870745564    0 2473    0     0          0    499396 127714437844804 33259733862    0    0    0     0       0          0
1784696075 | enp139s0f0np0: 186719759392140 50870761019    0 2473    0     0          0    499396 127715415127437 33259969137    0    0    0     0       0          0
1784696076 | enp139s0f0np0: 186719761504699 50870775829    0 2473    0     0          0    499396 127716387874004 33260203294    0    0    0     0       0          0
1784696077 | enp139s0f0np0: 186719763674301 50870791317    0 2473    0     0          0    499396 127717390227002 33260444578    0    0    0     0       0          0
1784696078 | enp139s0f0np0: 186719765350871 50870803242    0 2473    0     0          0    499396 127718174135855 33260633332    0    0    0     0       0          0
1784696079 | enp139s0f0np0: 186719767525841 50870818957    0 2473    0     0          0    499396 127719202099857 33260880861    0    0    0     0       0          0
1784696080 | enp139s0f0np0: 186719769731480 50870834938    0 2473    0     0          0    499396 127720215392116 33261124830    0    0    0     0       0          0
1784696081 | enp139s0f0np0: 186719771926978 50870850938    0 2473    0     0          0    499396 127721211879364 33261364735    0    0    0     0       0          0
1784696082 | enp139s0f0np0: 186719774128566 50870866649    0 2473    0     0          0    499396 127722260913430 33261617317    0    0    0     0       0          0
1784696083 | enp139s0f0np0: 186719775848339 50870879121    0 2473    0     0          0    499396 127723060828456 33261809966    0    0    0     0       0          0
1784696084 | enp139s0f0np0: 186719778083362 50870895681    0 2473    0     0          0    499396 127724090125900 33262057813    0    0    0     0       0          0
1784696085 | enp139s0f0np0: 186719780425891 50870912545    0 2473    0     0          0    499396 127725171169190 33262318134    0    0    0     0       0          0
1784696086 | enp139s0f0np0: 186719782793877 50870930104    0 2473    0     0          0    499396 127726253278215 33262578694    0    0    0     0       0          0
1784696087 | enp139s0f0np0: 186719784599880 50870943297    0 2473    0     0          0    499396 127727072396637 33262775953    0    0    0     0       0          0
1784696088 | enp139s0f0np0: 186719786872424 50870959946    0 2473    0     0          0    499396 127728122499231 33263028815    0    0    0     0       0          0
1784696089 | enp139s0f0np0: 186719789161748 50870976099    0 2473    0     0          0    499396 127729190206789 33263285934    0    0    0     0       0          0
1784696090 | enp139s0f0np0: 186719791384945 50870991825    0 2473    0     0          0    499396 127730214703351 33263532628    0    0    0     0       0          0
1784696091 | enp139s0f0np0: 186719793267930 50871004953    0 2473    0     0          0    499396 127731074362393 33263739621    0    0    0     0       0          0
1784696092 | enp139s0f0np0: 186719795355544 50871020102    0 2473    0     0          0    499396 127732039376833 33263971961    0    0    0     0       0          0
1784696093 | enp139s0f0np0: 186719797634413 50871036632    0 2473    0     0          0    499396 127733098015369 33264226891    0    0    0     0       0          0
1784696094 | enp139s0f0np0: 186719799988219 50871053265    0 2473    0     0          0    499396 127734162787816 33264483286    0    0    0     0       0          0
1784696095 | enp139s0f0np0: 186719802207562 50871069027    0 2473    0     0          0    499396 127735196351561 33264732141    0    0    0     0       0          0
1784696096 | enp139s0f0np0: 186719803892209 50871080788    0 2473    0     0          0    499396 127735966124812 33264917506    0    0    0     0       0          0
1784696097 | enp139s0f0np0: 186719806179210 50871096838    0 2473    0     0          0    499396 127737039434980 33265175994    0    0    0     0       0          0
1784696098 | enp139s0f0np0: 186719808509166 50871113451    0 2473    0     0          0    499396 127738126345589 33265437716    0    0    0     0       0          0
1784696099 | enp139s0f0np0: 186719810872047 50871130470    0 2473    0     0          0    499396 127739190851892 33265694055    0    0    0     0       0          0
1784696100 | enp139s0f0np0: 186719812606615 50871142631    0 2473    0     0          0    499397 127739953421588 33265877657    0    0    0     0       0          0
1784696101 | enp139s0f0np0: 186719814938746 50871159613    0 2473    0     0          0    499397 127741006457688 33266131221    0    0    0     0       0          0
1784696102 | enp139s0f0np0: 186719817198271 50871176040    0 2473    0     0          0    499397 127742038423086 33266379718    0    0    0     0       0          0
1784696103 | enp139s0f0np0: 186719819457822 50871192034    0 2473    0     0          0    499397 127743068112870 33266627647    0    0    0     0       0          0
1784696104 | enp139s0f0np0: 186719821725500 50871208223    0 2473    0     0          0    499397 127744094867502 33266874852    0    0    0     0       0          0
1784696105 | enp139s0f0np0: 186719823398745 50871219856    0 2473    0     0          0    499397 127744831044950 33267052097    0    0    0     0       0          0
1784696106 | enp139s0f0np0: 186719825669315 50871236180    0 2473    0     0          0    499397 127745853940523 33267298396    0    0    0     0       0          0
1784696107 | enp139s0f0np0: 186719827988707 50871252800    0 2473    0     0          0    499397 127746906710669 33267551906    0    0    0     0       0          0
1784696108 | enp139s0f0np0: 186719830161659 50871268481    0 2473    0     0          0    499397 127747883587735 33267787104    0    0    0     0       0          0
1784696109 | enp139s0f0np0: 186719831834313 50871280029    0 2473    0     0          0    499397 127748599811109 33267959559    0    0    0     0       0          0
1784696110 | enp139s0f0np0: 186719833982461 50871295479    0 2473    0     0          0    499397 127749566234849 33268192217    0    0    0     0       0          0
1784696111 | enp139s0f0np0: 186719836193226 50871311176    0 2473    0     0          0    499397 127750581660893 33268436700    0    0    0     0       0          0
1784696112 | enp139s0f0np0: 186719838427148 50871327263    0 2473    0     0          0    499397 127751600021471 33268681880    0    0    0     0       0          0
1784696113 | enp139s0f0np0: 186719840730823 50871343882    0 2473    0     0          0    499397 127752633319265 33268930682    0    0    0     0       0          0
1784696114 | enp139s0f0np0: 186719842423925 50871356026    0 2473    0     0          0    499397 127753402022893 33269115749    0    0    0     0       0          0
1784696115 | enp139s0f0np0: 186719844847729 50871373128    0 2473    0     0          0    499397 127754500936317 33269380365    0    0    0     0       0          0
1784696116 | enp139s0f0np0: 186719847119932 50871389483    0 2473    0     0          0    499397 127755531298813 33269628441    0    0    0     0       0          0
1784696117 | enp139s0f0np0: 186719849295348 50871404978    0 2473    0     0          0    499397 127756513570724 33269864896    0    0    0     0       0          0
1784696118 | enp139s0f0np0: 186719851043116 50871417480    0 2473    0     0          0    499397 127757294620612 33270052931    0    0    0     0       0          0
1784696119 | enp139s0f0np0: 186721188193851 50871748287    0 2473    0     0          0    499397 127757303631824 33270085466    0    0    0     0       0          0
1784696120 | enp139s0f0np0: 186722857935593 50872161190    0 2473    0     0          0    499397 127757314929128 33270126697    0    0    0     0       0          0
1784696121 | enp139s0f0np0: 186724535498008 50872576109    0 2473    0     0          0    499397 127757326304295 33270168502    0    0    0     0       0          0
1784696122 | enp139s0f0np0: 186726173030559 50872980972    0 2473    0     0          0    499397 127757337349080 33270208437    0    0    0     0       0          0
1784696123 | enp139s0f0np0: 186727854197946 50873396745    0 2473    0     0          0    499397 127757348723695 33270250089    0    0    0     0       0          0
1784696124 | enp139s0f0np0: 186729507566370 50873805656    0 2473    0     0          0    499397 127757359880432 33270290541    0    0    0     0       0          0
1784696125 | enp139s0f0np0: 186731168785083 50874216546    0 2473    0     0          0    499397 127757371098538 33270331276    0    0    0     0       0          0
1784696126 | enp139s0f0np0: 186732846453183 50874631504    0 2473    0     0          0    499397 127757382477021 33270373159    0    0    0     0       0          0
1784696127 | enp139s0f0np0: 186734508754391 50875042799    0 2473    0     0          0    499397 127757393709501 33270414068    0    0    0     0       0          0
1784696128 | enp139s0f0np0: 186736166642964 50875452782    0 2473    0     0          0    499397 127757404889165 33270454431    0    0    0     0       0          0
1784696129 | enp139s0f0np0: 186737854250625 50875870257    0 2473    0     0          0    499397 127757416320741 33270496355    0    0    0     0       0          0
1784696130 | enp139s0f0np0: 186739540690063 50876287372    0 2473    0     0          0    499398 127757427747011 33270538296    0    0    0     0       0          0
1784696131 | enp139s0f0np0: 186741220105695 50876702757    0 2473    0     0          0    499398 127757439106379 33270579807    0    0    0     0       0          0
1784696132 | enp139s0f0np0: 186742876643856 50877112289    0 2473    0     0          0    499398 127757450313500 33270620659    0    0    0     0       0          0
1784696133 | enp139s0f0np0: 186744524230627 50877519633    0 2473    0     0          0    499398 127757461374227 33270660173    0    0    0     0       0          0
1784696134 | enp139s0f0np0: 186746162911801 50877924716    0 2473    0     0          0    499398 127757472422135 33270700007    0    0    0     0       0          0
1784696135 | enp139s0f0np0: 186747831067983 50878337251    0 2473    0     0          0    499398 127757483663251 33270740638    0    0    0     0       0          0
1784696137 | enp139s0f0np0: 186749489590719 50878747348    0 2473    0     0          0    499398 127757494844447 33270780992    0    0    0     0       0          0
1784696138 | enp139s0f0np0: 186751140075875 50879155246    0 2473    0     0          0    499398 127757505986368 33270821453    0    0    0     0       0          0
1784696139 | enp139s0f0np0: 186752798564229 50879565044    0 2473    0     0          0    499398 127757517171319 33270861888    0    0    0     0       0          0
1784696140 | enp139s0f0np0: 186754472956607 50879979177    0 2473    0     0          0    499398 127757528504542 33270903408    0    0    0     0       0          0
1784696141 | enp139s0f0np0: 186756129316285 50880388679    0 2473    0     0          0    499398 127757539647858 33270943317    0    0    0     0       0          0
1784696142 | enp139s0f0np0: 186757804941882 50880803052    0 2473    0     0          0    499398 127757550963592 33270984453    0    0    0     0       0          0
1784696143 | enp139s0f0np0: 186759442808034 50881208017    0 2473    0     0          0    499398 127757561999068 33271024292    0    0    0     0       0          0
1784696144 | enp139s0f0np0: 186761108246988 50881619915    0 2473    0     0          0    499398 127757573272950 33271065492    0    0    0     0       0          0
1784696145 | enp139s0f0np0: 186762768474841 50882030534    0 2473    0     0          0    499398 127757584468482 33271105982    0    0    0     0       0          0
1784696146 | enp139s0f0np0: 186764422567435 50882439478    0 2473    0     0          0    499398 127757595602312 33271146021    0    0    0     0       0          0
1784696147 | enp139s0f0np0: 186766080623881 50882849424    0 2473    0     0          0    499398 127757606779581 33271186344    0    0    0     0       0          0
1784696148 | enp139s0f0np0: 186767727922913 50883256764    0 2473    0     0          0    499398 127757617911171 33271226922    0    0    0     0       0          0
1784696149 | enp139s0f0np0: 186769377827195 50883664768    0 2473    0     0          0    499398 127757629077530 33271267768    0    0    0     0       0          0
1784696150 | enp139s0f0np0: 186771060158829 50884080684    0 2473    0     0          0    499398 127757640474277 33271309563    0    0    0     0       0          0
1784696151 | enp139s0f0np0: 186772713286324 50884489470    0 2473    0     0          0    499398 127757651618362 33271349801    0    0    0     0       0          0
1784696152 | enp139s0f0np0: 186774374367082 50884900071    0 2473    0     0          0    499398 127757662823485 33271390351    0    0    0     0       0          0
1784696153 | enp139s0f0np0: 186776051599052 50885314867    0 2473    0     0          0    499398 127757674164417 33271431784    0    0    0     0       0          0
1784696154 | enp139s0f0np0: 186777733187644 50885730731    0 2473    0     0          0    499398 127757685543543 33271473344    0    0    0     0       0          0
1784696155 | enp139s0f0np0: 186779381788552 50886138332    0 2473    0     0          0    499398 127757696665654 33271513628    0    0    0     0       0          0
1784696156 | enp139s0f0np0: 186781061026703 50886553581    0 2473    0     0          0    499398 127757708028379 33271555082    0    0    0     0       0          0
1784696157 | enp139s0f0np0: 186782748911210 50886970942    0 2473    0     0          0    499398 127757719459533 33271597081    0    0    0     0       0          0
1784696158 | enp139s0f0np0: 186784420020957 50887384193    0 2473    0     0          0    499398 127757730749718 33271638065    0    0    0     0       0          0
1784696159 | enp139s0f0np0: 186786096957447 50887798956    0 2473    0     0          0    499398 127757742049796 33271678872    0    0    0     0       0          0
1784696160 | enp139s0f0np0: 186787759604457 50888209997    0 2473    0     0          0    499398 127757753234224 33271718985    0    0    0     0       0          0
1784696161 | enp139s0f0np0: 186789424528545 50888621586    0 2473    0     0          0    499399 127757764442592 33271759315    0    0    0     0       0          0
1784696162 | enp139s0f0np0: 186791142252619 50889046042    0 2473    0     0          0    499399 127757776011239 33271800895    0    0    0     0       0          0
1784696163 | enp139s0f0np0: 186792907596927 50889482332    0 2473    0     0          0    499399 127757787901994 33271843811    0    0    0     0       0          0
1784696164 | enp139s0f0np0: 186794655319762 50889914170    0 2473    0     0          0    499399 127757799655219 33271885932    0    0    0     0       0          0
1784696165 | enp139s0f0np0: 186796376420636 50890339313    0 2473    0     0          0    499399 127757811186140 33271926710    0    0    0     0       0          0
1784696166 | enp139s0f0np0: 186798117319654 50890769503    0 2473    0     0          0    499399 127757822919306 33271969063    0    0    0     0       0          0
1784696167 | enp139s0f0np0: 186799878836604 50891204730    0 2473    0     0          0    499399 127757834817443 33272012274    0    0    0     0       0          0
1784696168 | enp139s0f0np0: 186801629993757 50891637549    0 2473    0     0          0    499399 127757846610137 33272054765    0    0    0     0       0          0
1784696169 | enp139s0f0np0: 186803385852429 50892071482    0 2473    0     0          0    499399 127757858425049 33272097171    0    0    0     0       0          0
1784696170 | enp139s0f0np0: 186805155969431 50892508919    0 2473    0     0          0    499399 127757870330171 33272139900    0    0    0     0       0          0
1784696171 | enp139s0f0np0: 186806904535678 50892941119    0 2473    0     0          0    499399 127757882104709 33272182307    0    0    0     0       0          0
1784696172 | enp139s0f0np0: 186808651045685 50893372589    0 2473    0     0          0    499399 127757893875595 33272224717    0    0    0     0       0          0
1784696173 | enp139s0f0np0: 186810393150283 50893803226    0 2473    0     0          0    499399 127757905600051 33272266891    0    0    0     0       0          0
1784696174 | enp139s0f0np0: 186812181359018 50894245169    0 2473    0     0          0    499399 127757917701014 33272311100    0    0    0     0       0          0
1784696175 | enp139s0f0np0: 186813912727762 50894672822    0 2473    0     0          0    499399 127757929372235 33272353210    0    0    0     0       0          0
1784696176 | enp139s0f0np0: 186815660688426 50895104635    0 2473    0     0          0    499399 127757941152937 33272395797    0    0    0     0       0          0
1784696177 | enp139s0f0np0: 186817422035126 50895539977    0 2473    0     0          0    499399 127757953012795 33272438436    0    0    0     0       0          0
1784696178 | enp139s0f0np0: 186819185659032 50895975867    0 2473    0     0          0    499399 127757964869768 33272480929    0    0    0     0       0          0
1784696179 | enp139s0f0np0: 186820938951568 50896409319    0 2473    0     0          0    499399 127757976713250 33272523937    0    0    0     0       0          0
1784696180 | enp139s0f0np0: 186822646564453 50896831276    0 2473    0     0          0    499399 127757988226966 33272565550    0    0    0     0       0          0
1784696181 | enp139s0f0np0: 186824403572444 50897265627    0 2473    0     0          0    499399 127758000092526 33272608668    0    0    0     0       0          0
1784696182 | enp139s0f0np0: 186826152683255 50897697899    0 2473    0     0          0    499399 127758011856736 33272650875    0    0    0     0       0          0
1784696183 | enp139s0f0np0: 186827875961895 50898123789    0 2473    0     0          0    499399 127758023449628 33272692512    0    0    0     0       0          0
1784696184 | enp139s0f0np0: 186829608766089 50898552159    0 2473    0     0          0    499399 127758035072457 33272733760    0    0    0     0       0          0
1784696185 | enp139s0f0np0: 186831317578943 50898974502    0 2473    0     0          0    499399 127758046574574 33272775060    0    0    0     0       0          0
1784696186 | enp139s0f0np0: 186833059321928 50899404878    0 2473    0     0          0    499399 127758058321539 33272817597    0    0    0     0       0          0
1784696187 | enp139s0f0np0: 186834805887248 50899836525    0 2473    0     0          0    499399 127758070077264 33272859871    0    0    0     0       0          0
1784696188 | enp139s0f0np0: 186836566689695 50900271704    0 2473    0     0          0    499399 127758081940744 33272902640    0    0    0     0       0          0
1784696189 | enp139s0f0np0: 186838307549202 50900701922    0 2473    0     0          0    499399 127758093676550 33272944957    0    0    0     0       0          0
1784696190 | enp139s0f0np0: 186840044531550 50901131343    0 2473    0     0          0    499399 127758105354245 33272986835    0    0    0     0       0          0
1784696191 | enp139s0f0np0: 186841781365291 50901560755    0 2473    0     0          0    499400 127758117053375 33273029031    0    0    0     0       0          0
1784696192 | enp139s0f0np0: 186843510429542 50901988103    0 2473    0     0          0    499400 127758128693737 33273070842    0    0    0     0       0          0
1784696193 | enp139s0f0np0: 186845272045052 50902423472    0 2473    0     0          0    499400 127758140569809 33273113749    0    0    0     0       0          0
1784696194 | enp139s0f0np0: 186847010958764 50902853362    0 2473    0     0          0    499400 127758152278008 33273155861    0    0    0     0       0          0
1784696195 | enp139s0f0np0: 186848728659569 50903277889    0 2473    0     0          0    499400 127758163839016 33273197416    0    0    0     0       0          0
1784696196 | enp139s0f0np0: 186850485147310 50903712122    0 2473    0     0          0    499400 127758175683213 33273240241    0    0    0     0       0          0
1784696197 | enp139s0f0np0: 186852235749975 50904144953    0 2473    0     0          0    499400 127758187480528 33273282837    0    0    0     0       0          0
1784696198 | enp139s0f0np0: 186853978995273 50904575881    0 2473    0     0          0    499400 127758199248247 33273325504    0    0    0     0       0          0
1784696199 | enp139s0f0np0: 186855704550688 50905002229    0 2473    0     0          0    499400 127758210866032 33273367278    0    0    0     0       0          0
1784696200 | enp139s0f0np0: 186857395537775 50905420039    0 2473    0     0          0    499400 127758222224560 33273407876    0    0    0     0       0          0
1784696201 | enp139s0f0np0: 186859111648226 50905844249    0 2473    0     0          0    499400 127758233772549 33273449344    0    0    0     0       0          0
1784696202 | enp139s0f0np0: 186860812620993 50906264720    0 2473    0     0          0    499400 127758245230373 33273490628    0    0    0     0       0          0
1784696203 | enp139s0f0np0: 186862506730625 50906683394    0 2473    0     0          0    499400 127758256680397 33273532282    0    0    0     0       0          0
1784696204 | enp139s0f0np0: 186864225983026 50907108302    0 2473    0     0          0    499400 127758268258338 33273574002    0    0    0     0       0          0
1784696205 | enp139s0f0np0: 186865924121380 50907527939    0 2473    0     0          0    499400 127758279642720 33273614414    0    0    0     0       0          0
1784696206 | enp139s0f0np0: 186867646481440 50907953589    0 2473    0     0          0    499400 127758291229186 33273655958    0    0    0     0       0          0
1784696207 | enp139s0f0np0: 186869380960646 50908382256    0 2473    0     0          0    499400 127758302912089 33273698071    0    0    0     0       0          0
1784696208 | enp139s0f0np0: 186871126458405 50908813827    0 2473    0     0          0    499400 127758314657805 33273740199    0    0    0     0       0          0
1784696209 | enp139s0f0np0: 186872869898042 50909244839    0 2473    0     0          0    499400 127758326391572 33273782421    0    0    0     0       0          0
1784696210 | enp139s0f0np0: 186874606469543 50909673964    0 2473    0     0          0    499400 127758338050203 33273823918    0    0    0     0       0          0
1784696211 | enp139s0f0np0: 186876378601923 50910111899    0 2473    0     0          0    499400 127758349954791 33273866488    0    0    0     0       0          0
1784696212 | enp139s0f0np0: 186878136597770 50910546628    0 2473    0     0          0    499400 127758361774660 33273908825    0    0    0     0       0          0
1784696213 | enp139s0f0np0: 186879874375251 50910976071    0 2473    0     0          0    499400 127758373436635 33273950357    0    0    0     0       0          0
1784696214 | enp139s0f0np0: 186881620386149 50911407836    0 2473    0     0          0    499400 127758385198537 33273992735    0    0    0     0       0          0
1784696215 | enp139s0f0np0: 186883380033010 50911842776    0 2473    0     0          0    499400 127758397025160 33274035027    0    0    0     0       0          0
1784696216 | enp139s0f0np0: 186885086350706 50912264437    0 2473    0     0          0    499400 127758408466216 33274075694    0    0    0     0       0          0
1784696217 | enp139s0f0np0: 186886835891481 50912696797    0 2473    0     0          0    499400 127758420228424 33274117810    0    0    0     0       0          0
1784696218 | enp139s0f0np0: 186888593070668 50913131181    0 2473    0     0          0    499400 127758432054206 33274160237    0    0    0     0       0          0
1784696219 | enp139s0f0np0: 186890344139791 50913564022    0 2473    0     0          0    499400 127758443841956 33274202658    0    0    0     0       0          0
1784696220 | enp139s0f0np0: 186892086782354 50913994601    0 2473    0     0          0    499400 127758455560318 33274244652    0    0    0     0       0          0
1784696221 | enp139s0f0np0: 186893868819914 50914434928    0 2473    0     0          0    499401 127758467553146 33274287758    0    0    0     0       0          0
1784696222 | enp139s0f0np0: 186895631571664 50914870620    0 2473    0     0          0    499401 127758479426333 33274330446    0    0    0     0       0          0
1784696223 | enp139s0f0np0: 186897365155315 50915299029    0 2473    0     0          0    499401 127758491060360 33274371839    0    0    0     0       0          0
1784696224 | enp139s0f0np0: 186899084302105 50915723685    0 2473    0     0          0    499401 127758502580704 33274412783    0    0    0     0       0          0
1784696225 | enp139s0f0np0: 186900829447155 50916155033    0 2473    0     0          0    499401 127758514274396 33274454164    0    0    0     0       0          0
1784696226 | enp139s0f0np0: 186902587809402 50916589744    0 2473    0     0          0    499401 127758526090232 33274496388    0    0    0     0       0          0
1784696227 | enp139s0f0np0: 186904333150992 50917020949    0 2473    0     0          0    499401 127758537834581 33274538587    0    0    0     0       0          0
1784696228 | enp139s0f0np0: 186906089462348 50917455020    0 2473    0     0          0    499401 127758549665799 33274581149    0    0    0     0       0          0
1784696229 | enp139s0f0np0: 186907829502802 50917885027    0 2473    0     0          0    499401 127758561356577 33274622962    0    0    0     0       0          0
1784696230 | enp139s0f0np0: 186909555833585 50918311459    0 2473    0     0          0    499401 127758572968707 33274664609    0    0    0     0       0          0
1784696231 | enp139s0f0np0: 186911298653067 50918742178    0 2473    0     0          0    499401 127758584649166 33274706044    0    0    0     0       0          0
1784696232 | enp139s0f0np0: 186913031296926 50919170384    0 2473    0     0          0    499401 127758596305959 33274747826    0    0    0     0       0          0
1784696233 | enp139s0f0np0: 186914773595960 50919600944    0 2473    0     0          0    499401 127758608030406 33274789966    0    0    0     0       0          0
1784696234 | enp139s0f0np0: 186916547309877 50920039333    0 2473    0     0          0    499401 127758619965154 33274832789    0    0    0     0       0          0
1784696235 | enp139s0f0np0: 186918299720969 50920472182    0 2473    0     0          0    499401 127758631736089 33274874874    0    0    0     0       0          0
1784696236 | enp139s0f0np0: 186920040912012 50920902361    0 2473    0     0          0    499401 127758643452859 33274916966    0    0    0     0       0          0
1784696237 | enp139s0f0np0: 186921780869231 50921332187    0 2473    0     0          0    499401 127758655203251 33274959630    0    0    0     0       0          0
1784696238 | enp139s0f0np0: 186923550567436 50921769547    0 2473    0     0          0    499401 127758667132994 33275002612    0    0    0     0       0          0
1784696239 | enp139s0f0np0: 186925322164044 50922207424    0 2473    0     0          0    499401 127758679049165 33275045382    0    0    0     0       0          0
1784696240 | enp139s0f0np0: 186927071590827 50922639470    0 2473    0     0          0    499401 127758690801360 33275087351    0    0    0     0       0          0
1784696241 | enp139s0f0np0: 186928795308769 50923065281    0 2473    0     0          0    499401 127758702370916 33275128614    0    0    0     0       0          0
1784696242 | enp139s0f0np0: 186930532674045 50923494508    0 2473    0     0          0    499401 127758714063352 33275170610    0    0    0     0       0          0
1784696243 | enp139s0f0np0: 186932243318715 50923916989    0 2473    0     0          0    499401 127758725530218 33275211256    0    0    0     0       0          0
1784696244 | enp139s0f0np0: 186933974987484 50924344879    0 2473    0     0          0    499401 127758737144350 33275252575    0    0    0     0       0          0
1784696245 | enp139s0f0np0: 186935713976083 50924774490    0 2473    0     0          0    499401 127758748819368 33275294106    0    0    0     0       0          0
1784696246 | enp139s0f0np0: 186937456835398 50925204932    0 2473    0     0          0    499401 127758760530050 33275336046    0    0    0     0       0          0
1784696247 | enp139s0f0np0: 186939217423219 50925640071    0 2473    0     0          0    499401 127758772380389 33275378558    0    0    0     0       0          0
1784696248 | enp139s0f0np0: 186940971370384 50926073357    0 2473    0     0          0    499401 127758784145781 33275420384    0    0    0     0       0          0
1784696249 | enp139s0f0np0: 186942728050928 50926507633    0 2473    0     0          0    499401 127758795917655 33275462119    0    0    0     0       0          0
1784696250 | enp139s0f0np0: 186944469133438 50926937818    0 2473    0     0          0    499401 127758807617978 33275503908    0    0    0     0       0          0
1784696251 | enp139s0f0np0: 186946246515158 50927377101    0 2473    0     0          0    499402 127758819572472 33275546795    0    0    0     0       0          0
1784696252 | enp139s0f0np0: 186948016588154 50927814739    0 2473    0     0          0    499402 127758831508535 33275589962    0    0    0     0       0          0
1784696253 | enp139s0f0np0: 186949757407024 50928245088    0 2473    0     0          0    499402 127758843227205 33275632032    0    0    0     0       0          0
1784696254 | enp139s0f0np0: 186951506416530 50928677360    0 2473    0     0          0    499402 127758854992198 33275674265    0    0    0     0       0          0
1784696255 | enp139s0f0np0: 186953238976430 50929105329    0 2473    0     0          0    499402 127758866618357 33275715683    0    0    0     0       0          0
1784696256 | enp139s0f0np0: 186954981354919 50929536031    0 2473    0     0          0    499402 127758878352075 33275757894    0    0    0     0       0          0
1784696257 | enp139s0f0np0: 186956716224176 50929964609    0 2473    0     0          0    499402 127758890039814 33275800092    0    0    0     0       0          0
1784696258 | enp139s0f0np0: 186958460205864 50930395565    0 2473    0     0          0    499402 127758901754078 33275841831    0    0    0     0       0          0
1784696259 | enp139s0f0np0: 186960209942615 50930827914    0 2473    0     0          0    499402 127758913512988 33275883849    0    0    0     0       0          0
1784696260 | enp139s0f0np0: 186961944428061 50931256558    0 2473    0     0          0    499402 127758925191923 33275925897    0    0    0     0       0          0
1784696261 | enp139s0f0np0: 186963686746261 50931687128    0 2473    0     0          0    499402 127758936884862 33275967568    0    0    0     0       0          0
1784696262 | enp139s0f0np0: 186965458086151 50932124836    0 2473    0     0          0    499402 127758948819888 33276010639    0    0    0     0       0          0
1784696263 | enp139s0f0np0: 186967186680413 50932552007    0 2473    0     0          0    499402 127758960427519 33276052018    0    0    0     0       0          0
1784696264 | enp139s0f0np0: 186968915504242 50932979010    0 2473    0     0          0    499402 127758972073788 33276093914    0    0    0     0       0          0
1784696265 | enp139s0f0np0: 186970627063264 50933402042    0 2473    0     0          0    499402 127758983593506 33276135357    0    0    0     0       0          0
1784696266 | enp139s0f0np0: 186972356473368 50933829799    0 2473    0     0          0    499402 127758995244315 33276177348    0    0    0     0       0          0
1784696267 | enp139s0f0np0: 186974110571157 50934263444    0 2473    0     0          0    499402 127759007054324 33276219826    0    0    0     0       0          0
1784696268 | enp139s0f0np0: 186975852550931 50934694083    0 2473    0     0          0    499402 127759018789432 33276262149    0    0    0     0       0          0
1784696269 | enp139s0f0np0: 186977597754160 50935125398    0 2473    0     0          0    499402 127759030517241 33276304092    0    0    0     0       0          0
1784696270 | enp139s0f0np0: 186979355867934 50935560132    0 2473    0     0          0    499402 127759042322465 33276346198    0    0    0     0       0          0
1784696271 | enp139s0f0np0: 186981132612310 50935999298    0 2473    0     0          0    499402 127759054315379 33276389703    0    0    0     0       0          0
1784696272 | enp139s0f0np0: 186982864883064 50936427529    0 2473    0     0          0    499402 127759065979229 33276431640    0    0    0     0       0          0
1784696273 | enp139s0f0np0: 186984614033224 50936859939    0 2473    0     0          0    499402 127759077773109 33276474234    0    0    0     0       0          0
1784696274 | enp139s0f0np0: 186986343121338 50937287355    0 2473    0     0          0    499402 127759089374034 33276515513    0    0    0     0       0          0
1784696275 | enp139s0f0np0: 186988065277029 50937712850    0 2473    0     0          0    499402 127759100900307 33276556219    0    0    0     0       0          0
1784696276 | enp139s0f0np0: 186989810054901 50938144146    0 2473    0     0          0    499402 127759112597241 33276597687    0    0    0     0       0          0
1784696277 | enp139s0f0np0: 186991561500864 50938576981    0 2473    0     0          0    499402 127759124353225 33276639602    0    0    0     0       0          0
1784696278 | enp139s0f0np0: 186993319491276 50939011613    0 2473    0     0          0    499402 127759136212636 33276682549    0    0    0     0       0          0
1784696279 | enp139s0f0np0: 186995055472961 50939440645    0 2473    0     0          0    499402 127759147888317 33276724378    0    0    0     0       0          0
1784696280 | enp139s0f0np0: 186996802991946 50939872652    0 2473    0     0          0    499402 127759159629512 33276766406    0    0    0     0       0          0
1784696281 | enp139s0f0np0: 186998528137350 50940299036    0 2473    0     0          0    499403 127759171241538 33276808028    0    0    0     0       0          0
1784696282 | enp139s0f0np0: 187000263614014 50940728035    0 2473    0     0          0    499403 127759182901912 33276849754    0    0    0     0       0          0
1784696283 | enp139s0f0np0: 187001980788774 50941152475    0 2473    0     0          0    499403 127759194425400 33276890800    0    0    0     0       0          0
1784696284 | enp139s0f0np0: 187003726481639 50941584088    0 2473    0     0          0    499403 127759206141898 33276932522    0    0    0     0       0          0
1784696285 | enp139s0f0np0: 187005476386994 50942016658    0 2473    0     0          0    499403 127759217934411 33276975052    0    0    0     0       0          0
1784696286 | enp139s0f0np0: 187007186780128 50942439309    0 2473    0     0          0    499403 127759229395373 33277015654    0    0    0     0       0          0
1784696287 | enp139s0f0np0: 187008963157662 50942878380    0 2473    0     0          0    499403 127759241365559 33277058833    0    0    0     0       0          0
1784696288 | enp139s0f0np0: 187010727031260 50943314390    0 2473    0     0          0    499403 127759253286795 33277102210    0    0    0     0       0          0
1784696289 | enp139s0f0np0: 187012468544353 50943744903    0 2473    0     0          0    499403 127759265044241 33277144921    0    0    0     0       0          0
1784696290 | enp139s0f0np0: 187014215429637 50944176684    0 2473    0     0          0    499403 127759276784122 33277186974    0    0    0     0       0          0
1784696291 | enp139s0f0np0: 187015943709825 50944604016    0 2473    0     0          0    499403 127759288419347 33277228691    0    0    0     0       0          0
1784696292 | enp139s0f0np0: 187017705161063 50945039434    0 2473    0     0          0    499403 127759300287799 33277271576    0    0    0     0       0          0
1784696293 | enp139s0f0np0: 187019445116137 50945469461    0 2473    0     0          0    499403 127759311982268 33277313392    0    0    0     0       0          0
1784696294 | enp139s0f0np0: 187021184545412 50945899210    0 2473    0     0          0    499403 127759323719703 33277355940    0    0    0     0       0          0
1784696295 | enp139s0f0np0: 187022944148676 50946334019    0 2473    0     0          0    499403 127759335601104 33277399026    0    0    0     0       0          0
1784696296 | enp139s0f0np0: 187024666925268 50946759708    0 2473    0     0          0    499403 127759347176889 33277440461    0    0    0     0       0          0
1784696297 | enp139s0f0np0: 187026395663771 50947186986    0 2473    0     0          0    499403 127759358847441 33277482827    0    0    0     0       0          0
1784696298 | enp139s0f0np0: 187028126799871 50947614632    0 2473    0     0          0    499403 127759370524894 33277525020    0    0    0     0       0          0
