hints = 1
Maintaining 4096 concurrent writes of 262144 bytes to objects of size 262144 for up to 60 seconds or 0 objects
Object prefix: benchmark_data_oneasia-c1-cpu-node10_2436988
  sec Cur ops   started  finished  avg MB/s  cur MB/s last lat(s)  avg lat(s)
    0       0         0         0         0         0           -           0
    1    4095     17314     13219   3304.58   3304.75    0.232403     0.23848
    2    4095     33715     29620   3702.25   4100.25    0.258559    0.242991
    3    4095     50156     46061   3838.14   4110.25    0.255342    0.245548
    4    4095     66059     61964   3872.46   3975.75    0.245819     0.24855
    5    4095     82384     78289   3914.14   4081.25    0.244592    0.249035
    6    4095     98796     94701   3945.56      4103    0.246302    0.248966
    7    4095    115365    111270   3973.62   4142.25    0.241355    0.248896
    8    4095    131308    127213   3975.09   3985.75    0.252765    0.249947
    9    4095    146426    142331   3953.32    3779.5    0.264216    0.252084
   10    4095    162996    158901    3972.2    4142.5    0.230788    0.251667
   11    4095    179409    175314   3984.09   4103.25    0.249555    0.251245
   12    4095    195815    191720   3993.84    4101.5    0.246423    0.251373
   13    4095    211814    207719   3994.27   3999.75    0.238027     0.25157
   14    4095    228153    224058   4000.71   4084.75    0.256928    0.251489
   15    4095    243843    239748   3995.47    3922.5    0.260472    0.252089
   16    4095    259903    255808   3996.67      4015    0.278111    0.252134
   17    4095    276344    272249   4003.34   4110.25    0.257516    0.252162
   18    4095    292233    288138   4001.59   3972.25     0.25133    0.252448
   19    4095    308108    304013   3999.85   3968.75    0.289416    0.252547
2026-07-19T00:39:12.587174+0700 min lat: 0.214983 max lat: 0.299977 avg lat: 0.252821
  sec Cur ops   started  finished  avg MB/s  cur MB/s last lat(s)  avg lat(s)
   20    4095    324386    320291   4003.32    4069.5     0.24179    0.252821
   21    4095    340629    336534   4006.04   4060.75    0.246597    0.252699
   22    4095    356682    352587   4006.35   4013.25    0.244702    0.252867
   23    4095    373203    369108   4011.72   4130.25    0.251184    0.252564
   24    4095    389702    385607   4016.42   4124.75     0.26171    0.252383
   25    4095    406059    401964   4019.32   4089.25    0.246544    0.252379
   26    4095    421742    417647   4015.51   3920.75    0.251141    0.252655
   27    4095    437473    433378   4012.43   3932.75    0.265693    0.252849
   28    4095    453742    449647   4014.38   4067.25    0.230947    0.253014
   29    4095    469350    465255   4010.49      3902    0.257284    0.253212
   30    4095    485852    481757   4014.31    4125.5    0.238647    0.253101
   31    4095    502680    498585   4020.52      4207     0.23642    0.252778
   32    4095    519426    515331    4025.7    4186.5    0.233138    0.252538
   33    4095    536293    532198   4031.48   4216.75    0.244662    0.252148
   34    4095    553079    548984   4036.32    4196.5    0.232384    0.251976
   35    4095    569414    565319   4037.67   4083.75    0.234164     0.25187
   36    4095    586576    582481   4044.68    4290.5    0.242078    0.251574
   37    4095    602905    598810   4045.69   4082.25    0.236392    0.251463
   38    4095    619132    615037   4045.97   4056.75    0.235748    0.251522
   39    4095    635748    631653   4048.73      4154    0.231686    0.251388
2026-07-19T00:39:32.588759+0700 min lat: 0.210089 max lat: 0.301814 avg lat: 0.25135
  sec Cur ops   started  finished  avg MB/s  cur MB/s last lat(s)  avg lat(s)
   40    4095    651860    647765   4048.21      4028    0.261572     0.25135
   41    4095    668500    664405   4050.93      4160     0.25696    0.251301
   42    4095    685443    681348   4055.32   4235.75    0.220799     0.25115
   43    4095    702075    697980    4057.7      4158    0.239947     0.25098
   44    4095    719198    715103   4062.76   4280.75    0.239428    0.250718
   45    4095    735941    731846   4065.49   4185.75    0.233714    0.250569
   46    4095    752127    748032   4065.07    4046.5    0.250634    0.250547
   47    4095    768095    764000    4063.5      3992    0.272013    0.250674
   48    4095    784363    780268   4063.57      4067    0.241235    0.250729
   49    4095    800020    795925   4060.52   3914.25    0.242012    0.250934
   50    4095    815852    811757   4058.46      3958    0.245284    0.251103
   51    4095    831945    827850   4057.76   4023.25    0.248993    0.251173
   52    4095    848416    844321   4058.91   4117.75    0.253133    0.251148
   53    4095    864350    860255   4057.48    3983.5    0.257334    0.251223
   54    4095    881258    877163   4060.62      4227    0.234446    0.251069
   55    4095    897116    893021   4058.86    3964.5    0.263367    0.251146
   56    4095    913415    909320   4059.14   4074.75     0.25776    0.251159
   57    4095    930353    926258   4062.21    4234.5    0.238669    0.251077
   58    4095    946483    942388   4061.69    4032.5    0.254757    0.251071
   59    4095    962899    958804    4062.4      4104    0.243655    0.251047
2026-07-19T00:39:52.590393+0700 min lat: 0.00137642 max lat: 0.301814 avg lat: 0.250702
  sec Cur ops   started  finished  avg MB/s  cur MB/s last lat(s)  avg lat(s)
   60     212    978601    978389   4076.29   4896.25   0.0420005    0.250702
Total time run:         60.0181
Total writes made:      978601
Write size:             262144
Object size:            262144
Bandwidth (MB/sec):     4076.27
Stddev Bandwidth:       177.851
Max bandwidth (MB/sec): 4896.25
Min bandwidth (MB/sec): 3304.75
Average IOPS:           16305
Stddev IOPS:            711.406
Max IOPS:               19585
Min IOPS:               13219
Average Latency(s):     0.250658
Stddev Latency(s):      0.0154796
Max latency(s):         0.301814
Min latency(s):         0.00137642
