hints = 1
  sec Cur ops   started  finished  avg MB/s  cur MB/s last lat(s)  avg lat(s)
    0       0         0         0         0         0           -           0
    1    1023     18513     17490   4372.03    4372.5   0.0528067   0.0559311
    2    1023     37211     36188   4523.06    4674.5   0.0453129   0.0552032
    3    1023     55596     54573   4547.35   4596.25   0.0442947   0.0553783
    4    1023     74529     73506   4593.73   4733.25   0.0509347   0.0550086
    5    1023     92836     91813   4590.25   4576.75   0.0448711   0.0552184
    6    1023    111432    110409   4599.99      4649   0.0433506   0.0551844
    7    1023    130199    129176   4613.06   4691.75   0.0459706   0.0551011
    8    1023    147724    146701   4584.04   4381.25   0.0441675   0.0554639
    9    1023    165506    164483   4568.61    4445.5   0.0422712   0.0557045
   10    1023    184532    183509   4587.35    4756.5   0.0435727   0.0555097
   11    1023    202834    201811   4586.24    4575.5   0.0472509   0.0555417
   12    1023    220869    219846   4579.76   4508.75   0.0428733   0.0556419
   13    1023    239012    237989   4576.35   4535.75   0.0939582   0.0556844
   14    1023    256998    255975   4570.61    4496.5   0.0850046   0.0557965
   15    1023    275100    274077   4567.58    4525.5    0.043538   0.0558377
   16    1023    293705    292682   4572.79   4651.25   0.0409572   0.0557928
   17    1023    312429    311406   4579.12      4681    0.041928   0.0557289
   18    1023    330357    329334   4573.71      4482   0.0413273   0.0557976
   19    1023    349067    348044   4579.15    4677.5   0.0422965   0.0557451
2026-07-19T00:08:29.671727+0700 min lat: 0.0383421 max lat: 0.147445 avg lat: 0.0557123
  sec Cur ops   started  finished  avg MB/s  cur MB/s last lat(s)  avg lat(s)
   20    1023    367622    366599   4582.11   4638.75   0.0418167   0.0557123
   21    1023    385928    384905   4581.82    4576.5   0.0885847   0.0557234
   22    1023    404214    403191   4581.33    4571.5   0.0469358   0.0557228
   23    1023    423507    422484   4591.84   4823.25   0.0480357   0.0556227
   24    1023    442420    441397   4597.51   4728.25   0.0536585   0.0555541
   25    1023    460869    459846   4598.09   4612.25   0.0402687   0.0555481
   26    1023    479253    478230   4597.99      4596   0.0432411   0.0555505
   27    1023    497960    496937   4600.89   4676.75     0.04545   0.0555177
   28    1023    516871    515848    4605.4   4727.75   0.0446898   0.0554719
   29    1023    535158    534135   4604.23   4571.75   0.0431472   0.0554876
   30    1023    553606    552583   4604.47      4612   0.0409835   0.0554878
   31    1023    571245    570222   4598.17   4409.75    0.103341   0.0555474
   32    1023    588977    587954      4593      4433   0.0511018   0.0556204
   33    1023    607711    606688   4595.73    4683.5   0.0420581    0.055604
   34    1023    626511    625488   4598.78      4700   0.0525786    0.055573
   35    1023    645057    644034   4599.85    4636.5    0.044563   0.0555579
   36    1023    663794    662771   4602.18   4684.25   0.0875188   0.0555297
   37    1023    681828    680805   4599.64    4508.5   0.0430711   0.0555615
   38    1023    700693    699670   4602.68   4716.25   0.0956134   0.0555259
   39    1023    719541    718518   4605.47      4712   0.0843822   0.0554974
2026-07-19T00:08:49.673645+0700 min lat: 0.0382158 max lat: 0.149231 avg lat: 0.0555551
  sec Cur ops   started  finished  avg MB/s  cur MB/s last lat(s)  avg lat(s)
   40    1023    737130    736107   4600.26   4397.25     0.10105   0.0555551
   41    1023    755724    754701   4601.42    4648.5   0.0421163   0.0555499
   42    1023    774256    773233   4602.16      4633   0.0870644   0.0555417
   43    1023    792670    791647   4602.18    4603.5   0.0406858    0.055543
   44    1023    811240    810217   4603.09    4642.5   0.0414395   0.0555337
   45    1023    829321    828298   4601.24   4520.25   0.0444454   0.0555577
   46    1023    847837    846814   4601.83      4629    0.047501   0.0555477
   47    1023    866490    865467   4603.13   4663.25   0.0916574   0.0555359
   48    1023    884373    883350   4600.37   4470.75    0.139626   0.0555639
   49    1023    902694    901671   4599.95   4580.25   0.0431631   0.0555787
   50    1023    920769    919746   4598.32   4518.75   0.0427274   0.0555958
   51    1023    939005    937982   4597.54      4559   0.0446115    0.055608
   52    1023    957482    956459   4597.95   4619.25   0.0862385   0.0556048
   53    1023    975757    974734   4597.39   4568.75   0.0444176   0.0556101
   54    1023    994949    993926    4601.1      4798    0.087548    0.055569
   55    1023   1013259   1012236   4600.66    4577.5   0.0466208   0.0555724
   56    1023   1031445   1030422   4599.69    4546.5   0.0406326   0.0555872
   57    1023   1050237   1049214   4601.41      4698    0.041686   0.0555678
   58    1023   1068521   1067498   4600.87      4571   0.0449897   0.0555742
   59    1023   1086988   1085965   4601.14   4616.75   0.0408556   0.0555722
2026-07-19T00:09:09.681004+0700 min lat: 0.0199077 max lat: 0.149231 avg lat: 0.0555908
  sec Cur ops   started  finished  avg MB/s  cur MB/s last lat(s)  avg lat(s)
   60     415   1104820   1104405   4600.85      4610   0.0197999   0.0555908
Total time run:       60.0408
Total reads made:     1104820
Read size:            262144
Object size:          262144
Bandwidth (MB/sec):   4600.29
Average IOPS:         18401
Stddev IOPS:          401.69
Max IOPS:             19293
Min IOPS:             17490
Average Latency(s):   0.0555842
Max latency(s):       0.149231
Min latency(s):       0.0137024
