1784733557 | enp139s0f0np0: 205325968500467 55680577426    0 2473    0     0          0    500645 148539345875151 38606923901    0    0    0     0       0          0
1784733558 | enp139s0f0np0: 205325968572178 55680577463    0 2473    0     0          0    500645 148539345875379 38606923903    0    0    0     0       0          0
1784733559 | enp139s0f0np0: 205325968618011 55680577489    0 2473    0     0          0    500645 148539345875379 38606923903    0    0    0     0       0          0
1784733560 | enp139s0f0np0: 205325968664534 55680577517    0 2473    0     0          0    500645 148539345875379 38606923903    0    0    0     0       0          0
1784733561 | enp139s0f0np0: 205325968748941 55680577558    0 2473    0     0          0    500645 148539345875379 38606923903    0    0    0     0       0          0
1784733562 | enp139s0f0np0: 205325968833348 55680577599    0 2473    0     0          0    500645 148539345875379 38606923903    0    0    0     0       0          0
1784733563 | enp139s0f0np0: 205325968918445 55680577642    0 2473    0     0          0    500645 148539345875379 38606923903    0    0    0     0       0          0
1784733564 | enp139s0f0np0: 205325969012932 55680577713    0 2473    0     0          0    500645 148539345875520 38606923905    0    0    0     0       0          0
1784733565 | enp139s0f0np0: 205325969076192 55680577768    0 2473    0     0          0    500645 148539345875520 38606923905    0    0    0     0       0          0
1784733566 | enp139s0f0np0: 205325969171723 55680577852    0 2473    0     0          0    500645 148539345875520 38606923905    0    0    0     0       0          0
1784733567 | enp139s0f0np0: 205325969274331 55680577935    0 2473    0     0          0    500645 148539345875520 38606923905    0    0    0     0       0          0
1784733568 | enp139s0f0np0: 205325969376672 55680578007    0 2473    0     0          0    500645 148539345875748 38606923907    0    0    0     0       0          0
1784733569 | enp139s0f0np0: 205325969462366 55680578084    0 2473    0     0          0    500645 148539345875748 38606923907    0    0    0     0       0          0
1784733570 | enp139s0f0np0: 205325970757006 55680587583    0 2473    0     0          0    500645 148539920931020 38607062323    0    0    0     0       0          0
1784733571 | enp139s0f0np0: 205325972435169 55680599625    0 2473    0     0          0    500645 148540685091866 38607246239    0    0    0     0       0          0
1784733572 | enp139s0f0np0: 205325974164670 55680611830    0 2473    0     0          0    500645 148541445250808 38607429176    0    0    0     0       0          0
1784733573 | enp139s0f0np0: 205325975839370 55680623872    0 2473    0     0          0    500646 148542197676876 38607610283    0    0    0     0       0          0
1784733574 | enp139s0f0np0: 205325980218667 55680649003    0 2473    0     0          0    500646 148544741873867 38608221541    0    0    0     0       0          0
1784733575 | enp139s0f0np0: 205325986338282 55680679792    0 2473    0     0          0    500646 148548596849131 38609146972    0    0    0     0       0          0
1784733576 | enp139s0f0np0: 205325992592109 55680711836    0 2473    0     0          0    500646 148552480317277 38610079284    0    0    0     0       0          0
1784733577 | enp139s0f0np0: 205325998592229 55680741475    0 2473    0     0          0    500646 148556295012519 38610994930    0    0    0     0       0          0
1784733578 | enp139s0f0np0: 205326004791753 55680773414    0 2473    0     0          0    500646 148560149478493 38611920391    0    0    0     0       0          0
1784733579 | enp139s0f0np0: 205326010862856 55680804252    0 2473    0     0          0    500646 148563944935347 38612831649    0    0    0     0       0          0
1784733580 | enp139s0f0np0: 205326017172063 55680836765    0 2473    0     0          0    500646 148567851145579 38613769548    0    0    0     0       0          0
1784733581 | enp139s0f0np0: 205326023453282 55680868365    0 2473    0     0          0    500646 148571766388973 38614709487    0    0    0     0       0          0
1784733582 | enp139s0f0np0: 205326029783949 55680900594    0 2473    0     0          0    500646 148575709276953 38615655972    0    0    0     0       0          0
1784733583 | enp139s0f0np0: 205326036251858 55680933637    0 2473    0     0          0    500646 148579771090185 38616631204    0    0    0     0       0          0
1784733584 | enp139s0f0np0: 205326042557684 55680966546    0 2473    0     0          0    500646 148583674887032 38617568365    0    0    0     0       0          0
1784733585 | enp139s0f0np0: 205326048991787 55680999232    0 2473    0     0          0    500646 148587662786614 38618525852    0    0    0     0       0          0
1784733586 | enp139s0f0np0: 205326055392706 55681031303    0 2473    0     0          0    500646 148591641193714 38619481026    0    0    0     0       0          0
1784733587 | enp139s0f0np0: 205326061757385 55681063421    0 2473    0     0          0    500646 148595573926036 38620425178    0    0    0     0       0          0
1784733588 | enp139s0f0np0: 205326068079406 55681095161    0 2473    0     0          0    500646 148599489650522 38621365188    0    0    0     0       0          0
1784733589 | enp139s0f0np0: 205326074293742 55681126402    0 2473    0     0          0    500646 148603354526284 38622293063    0    0    0     0       0          0
1784733590 | enp139s0f0np0: 205326080612925 55681158465    0 2473    0     0          0    500646 148607235452124 38623224743    0    0    0     0       0          0
1784733591 | enp139s0f0np0: 205326086827445 55681189984    0 2473    0     0          0    500646 148611083840704 38624148618    0    0    0     0       0          0
1784733592 | enp139s0f0np0: 205326093027108 55681220896    0 2473    0     0          0    500646 148614928767782 38625071783    0    0    0     0       0          0
1784733593 | enp139s0f0np0: 205326098193104 55681247457    0 2473    0     0          0    500646 148618070578536 38625826351    0    0    0     0       0          0
1784733594 | enp139s0f0np0: 205326104665820 55681279773    0 2473    0     0          0    500646 148622083590313 38626789763    0    0    0     0       0          0
1784733595 | enp139s0f0np0: 205326110953320 55681311679    0 2473    0     0          0    500646 148625966130667 38627721837    0    0    0     0       0          0
1784733596 | enp139s0f0np0: 205326117399602 55681344631    0 2473    0     0          0    500646 148629917530973 38628670443    0    0    0     0       0          0
1784733597 | enp139s0f0np0: 205326123709192 55681376229    0 2473    0     0          0    500646 148633853602587 38629615374    0    0    0     0       0          0
1784733598 | enp139s0f0np0: 205326130054970 55681408664    0 2473    0     0          0    500646 148637758852393 38630552966    0    0    0     0       0          0
1784733599 | enp139s0f0np0: 205326136613528 55681442135    0 2473    0     0          0    500646 148641754153369 38631512180    0    0    0     0       0          0
1784733600 | enp139s0f0np0: 205326142972145 55681475079    0 2473    0     0          0    500646 148645648148197 38632446999    0    0    0     0       0          0
1784733601 | enp139s0f0np0: 205326149426728 55681508148    0 2473    0     0          0    500646 148649555134299 38633384946    0    0    0     0       0          0
1784733602 | enp139s0f0np0: 205326155788144 55681540678    0 2473    0     0          0    500646 148653460392069 38634322436    0    0    0     0       0          0
1784733603 | enp139s0f0np0: 205326162149087 55681572687    0 2473    0     0          0    500647 148657380810051 38635263608    0    0    0     0       0          0
1784733604 | enp139s0f0np0: 205326168608710 55681605554    0 2473    0     0          0    500647 148661350539732 38636216663    0    0    0     0       0          0
1784733605 | enp139s0f0np0: 205326175124206 55681638843    0 2473    0     0          0    500647 148665337899464 38637173942    0    0    0     0       0          0
1784733606 | enp139s0f0np0: 205326181494052 55681671503    0 2473    0     0          0    500647 148669233499478 38638109217    0    0    0     0       0          0
1784733607 | enp139s0f0np0: 205326187142774 55681699634    0 2473    0     0          0    500647 148672708418272 38638943528    0    0    0     0       0          0
1784733608 | enp139s0f0np0: 205326193069516 55681730169    0 2473    0     0          0    500647 148676361173692 38639820575    0    0    0     0       0          0
1784733609 | enp139s0f0np0: 205326199452371 55681762513    0 2473    0     0          0    500647 148680280189088 38640761404    0    0    0     0       0          0
1784733610 | enp139s0f0np0: 205326205969627 55681796500    0 2473    0     0          0    500647 148684285057508 38641722835    0    0    0     0       0          0
1784733611 | enp139s0f0np0: 205326212584460 55681830131    0 2473    0     0          0    500647 148688375964512 38642704970    0    0    0     0       0          0
1784733612 | enp139s0f0np0: 205326219075149 55681863637    0 2473    0     0          0    500647 148692359577742 38643661369    0    0    0     0       0          0
1784733613 | enp139s0f0np0: 205326225531606 55681897338    0 2473    0     0          0    500647 148696331104046 38644614749    0    0    0     0       0          0
1784733614 | enp139s0f0np0: 205326232133537 55681931397    0 2473    0     0          0    500647 148700392374627 38645589713    0    0    0     0       0          0
1784733615 | enp139s0f0np0: 205326238566557 55681964430    0 2473    0     0          0    500647 148704348462767 38646539439    0    0    0     0       0          0
1784733616 | enp139s0f0np0: 205326245022556 55681997122    0 2473    0     0          0    500647 148708348012759 38647499623    0    0    0     0       0          0
1784733617 | enp139s0f0np0: 205326251479753 55682030532    0 2473    0     0          0    500647 148712335231199 38648456853    0    0    0     0       0          0
1784733618 | enp139s0f0np0: 205326257869197 55682062195    0 2473    0     0          0    500647 148716340286021 38649418279    0    0    0     0       0          0
1784733619 | enp139s0f0np0: 205326264318208 55682094549    0 2473    0     0          0    500647 148720367793389 38650385205    0    0    0     0       0          0
1784733620 | enp139s0f0np0: 205326270728263 55682126542    0 2473    0     0          0    500647 148724387987573 38651350267    0    0    0     0       0          0
1784733621 | enp139s0f0np0: 205326277132800 55682159453    0 2473    0     0          0    500647 148728366465747 38652305369    0    0    0     0       0          0
1784733622 | enp139s0f0np0: 205326283528241 55682192478    0 2473    0     0          0    500647 148732321018091 38653254745    0    0    0     0       0          0
1784733623 | enp139s0f0np0: 205326289908222 55682224433    0 2473    0     0          0    500647 148736329700279 38654217133    0    0    0     0       0          0
1784733624 | enp139s0f0np0: 205326296373671 55682257672    0 2473    0     0          0    500647 148740350044818 38655182381    0    0    0     0       0          0
1784733625 | enp139s0f0np0: 205326302870378 55682291617    0 2473    0     0          0    500647 148744330535242 38656138023    0    0    0     0       0          0
1784733627 | enp139s0f0np0: 205326308507780 55682320314    0 2473    0     0          0    500647 148747784989442 38656967349    0    0    0     0       0          0
1784733628 | enp139s0f0np0: 205326311844563 55682339284    0 2473    0     0          0    500647 148749700291372 38657427803    0    0    0     0       0          0
1784733629 | enp139s0f0np0: 205326318303071 55682372057    0 2473    0     0          0    500647 148753738039278 38658397062    0    0    0     0       0          0
1784733630 | enp139s0f0np0: 205326324782445 55682405767    0 2473    0     0          0    500647 148757741112504 38659357984    0    0    0     0       0          0
1784733631 | enp139s0f0np0: 205326331333809 55682439576    0 2473    0     0          0    500647 148761812999022 38660335450    0    0    0     0       0          0
1784733632 | enp139s0f0np0: 205326337694733 55682472613    0 2473    0     0          0    500647 148765769676998 38661285387    0    0    0     0       0          0
1784733633 | enp139s0f0np0: 205326344016524 55682505367    0 2473    0     0          0    500647 148769700195524 38662228962    0    0    0     0       0          0
1784733634 | enp139s0f0np0: 205326350524958 55682540005    0 2473    0     0          0    500648 148773690679752 38663187006    0    0    0     0       0          0
1784733635 | enp139s0f0np0: 205326356879852 55682573791    0 2473    0     0          0    500648 148777579880303 38664120789    0    0    0     0       0          0
1784733636 | enp139s0f0np0: 205326363202646 55682607152    0 2473    0     0          0    500648 148781471072969 38665055031    0    0    0     0       0          0
1784733637 | enp139s0f0np0: 205326369686730 55682640605    0 2473    0     0          0    500648 148785515308841 38666025993    0    0    0     0       0          0
1784733638 | enp139s0f0np0: 205326376152445 55682673747    0 2473    0     0          0    500648 148789566004261 38666998455    0    0    0     0       0          0
1784733639 | enp139s0f0np0: 205326382734737 55682708171    0 2473    0     0          0    500648 148793669829621 38667983743    0    0    0     0       0          0
1784733640 | enp139s0f0np0: 205326389131913 55682741842    0 2473    0     0          0    500648 148797613629267 38668930538    0    0    0     0       0          0
1784733641 | enp139s0f0np0: 205326395432013 55682774814    0 2473    0     0          0    500648 148801559296305 38669877886    0    0    0     0       0          0
1784733642 | enp139s0f0np0: 205326401649954 55682807086    0 2473    0     0          0    500648 148805441908157 38670810118    0    0    0     0       0          0
1784733643 | enp139s0f0np0: 205326407944932 55682839542    0 2473    0     0          0    500648 148809358575197 38671750423    0    0    0     0       0          0
1784733644 | enp139s0f0np0: 205326414355778 55682872441    0 2473    0     0          0    500648 148813357714043 38672710446    0    0    0     0       0          0
1784733645 | enp139s0f0np0: 205326420823884 55682906420    0 2473    0     0          0    500648 148817384122946 38673677049    0    0    0     0       0          0
1784733646 | enp139s0f0np0: 205326425309650 55682930565    0 2473    0     0          0    500648 148820061214668 38674320121    0    0    0     0       0          0
1784733647 | enp139s0f0np0: 205326430701118 55682959109    0 2473    0     0          0    500648 148823405716508 38675123200    0    0    0     0       0          0
1784733648 | enp139s0f0np0: 205326437260303 55682993239    0 2473    0     0          0    500648 148827470939260 38676099126    0    0    0     0       0          0
1784733649 | enp139s0f0np0: 205326443776869 55683026933    0 2473    0     0          0    500648 148831545031132 38677077228    0    0    0     0       0          0
1784733650 | enp139s0f0np0: 205326450334980 55683061688    0 2473    0     0          0    500648 148835553462538 38678039587    0    0    0     0       0          0
1784733651 | enp139s0f0np0: 205326456535715 55683093434    0 2473    0     0          0    500648 148839440303780 38678972680    0    0    0     0       0          0
1784733652 | enp139s0f0np0: 205326463070420 55683126968    0 2473    0     0          0    500648 148843488849406 38679944592    0    0    0     0       0          0
1784733653 | enp139s0f0np0: 205326469420819 55683160327    0 2473    0     0          0    500648 148847412262438 38680886516    0    0    0     0       0          0
1784733654 | enp139s0f0np0: 205326475770955 55683193658    0 2473    0     0          0    500648 148851350017938 38681831949    0    0    0     0       0          0
1784733655 | enp139s0f0np0: 205326482159255 55683226445    0 2473    0     0          0    500648 148855308795405 38682782327    0    0    0     0       0          0
1784733656 | enp139s0f0np0: 205326488607917 55683260099    0 2473    0     0          0    500648 148859322291251 38683745854    0    0    0     0       0          0
1784733657 | enp139s0f0np0: 205326495003589 55683292683    0 2473    0     0          0    500648 148863300699671 38684701048    0    0    0     0       0          0
1784733658 | enp139s0f0np0: 205326501479393 55683326672    0 2473    0     0          0    500648 148867266454891 38685653128    0    0    0     0       0          0
1784733659 | enp139s0f0np0: 205326508004512 55683360110    0 2473    0     0          0    500648 148871322748519 38686626874    0    0    0     0       0          0
1784733660 | enp139s0f0np0: 205326514334478 55683392601    0 2473    0     0          0    500648 148875270606059 38687574617    0    0    0     0       0          0
1784733661 | enp139s0f0np0: 205326520536837 55683424219    0 2473    0     0          0    500648 148879162064983 38688508710    0    0    0     0       0          0
1784733662 | enp139s0f0np0: 205326526924491 55683457398    0 2473    0     0          0    500648 148883088743223 38689451457    0    0    0     0       0          0
1784733663 | enp139s0f0np0: 205326531722463 55683482865    0 2473    0     0          0    500648 148885983116467 38690146535    0    0    0     0       0          0
1784733664 | enp139s0f0np0: 205326535800419 55683505089    0 2473    0     0          0    500649 148888410826633 38690729874    0    0    0     0       0          0
1784733665 | enp139s0f0np0: 205326542253129 55683538165    0 2473    0     0          0    500649 148892431181718 38691695076    0    0    0     0       0          0
1784733666 | enp139s0f0np0: 205326548592678 55683570292    0 2473    0     0          0    500649 148896389832534 38692645421    0    0    0     0       0          0
1784733667 | enp139s0f0np0: 205326555022108 55683603795    0 2473    0     0          0    500649 148900342922574 38693594409    0    0    0     0       0          0
1784733668 | enp139s0f0np0: 205326561193809 55683635093    0 2473    0     0          0    500649 148904215445946 38694524159    0    0    0     0       0          0
1784733669 | enp139s0f0np0: 205326567533441 55683667526    0 2473    0     0          0    500649 148908166112398 38695472633    0    0    0     0       0          0
1784733670 | enp139s0f0np0: 205326573883749 55683699929    0 2473    0     0          0    500649 148912096921154 38696416387    0    0    0     0       0          0
1784733671 | enp139s0f0np0: 205326580339527 55683732461    0 2473    0     0          0    500649 148916104676172 38697378526    0    0    0     0       0          0
1784733672 | enp139s0f0np0: 205326586747826 55683765052    0 2473    0     0          0    500649 148920106158496 38698339188    0    0    0     0       0          0
1784733673 | enp139s0f0np0: 205326593109189 55683798307    0 2473    0     0          0    500649 148924036626890 38699282740    0    0    0     0       0          0
1784733674 | enp139s0f0np0: 205326599484316 55683831067    0 2473    0     0          0    500649 148927956891580 38700223950    0    0    0     0       0          0
1784733675 | enp139s0f0np0: 205326605799172 55683863435    0 2473    0     0          0    500649 148931809624649 38701148904    0    0    0     0       0          0
1784733676 | enp139s0f0np0: 205326612205341 55683896538    0 2473    0     0          0    500649 148935735143567 38702091331    0    0    0     0       0          0
1784733677 | enp139s0f0np0: 205326618688355 55683929664    0 2473    0     0          0    500649 148939736034217 38703051736    0    0    0     0       0          0
1784733678 | enp139s0f0np0: 205326625179238 55683961958    0 2473    0     0          0    500649 148943778050403 38704022052    0    0    0     0       0          0
1784733679 | enp139s0f0np0: 205326631606489 55683994027    0 2473    0     0          0    500649 148947770991385 38704980582    0    0    0     0       0          0
1784733680 | enp139s0f0np0: 205326635385632 55684014608    0 2473    0     0          0    500649 148949911122981 38705494884    0    0    0     0       0          0
1784733681 | enp139s0f0np0: 205326640683455 55684041816    0 2473    0     0          0    500649 148953181750297 38706280298    0    0    0     0       0          0
1784733682 | enp139s0f0np0: 205326647044238 55684073349    0 2473    0     0          0    500649 148957107355427 38707222694    0    0    0     0       0          0
1784733683 | enp139s0f0np0: 205326653366418 55684106034    0 2473    0     0          0    500649 148960995422501 38708156119    0    0    0     0       0          0
1784733684 | enp139s0f0np0: 205326659684333 55684138964    0 2473    0     0          0    500649 148964819806069 38709074252    0    0    0     0       0          0
1784733685 | enp139s0f0np0: 205326666072260 55684171881    0 2473    0     0          0    500649 148968732473128 38710013607    0    0    0     0       0          0
1784733686 | enp139s0f0np0: 205326672266240 55684203612    0 2473    0     0          0    500649 148972535523292 38710926672    0    0    0     0       0          0
1784733687 | enp139s0f0np0: 205326678424781 55684234618    0 2473    0     0          0    500649 148976362044398 38711845376    0    0    0     0       0          0
1784733688 | enp139s0f0np0: 205326684655524 55684266830    0 2473    0     0          0    500649 148980167750736 38712759104    0    0    0     0       0          0
1784733689 | enp139s0f0np0: 205326690849433 55684298662    0 2473    0     0          0    500649 148983933207634 38713663132    0    0    0     0       0          0
1784733690 | enp139s0f0np0: 205326697058432 55684330313    0 2473    0     0          0    500649 148987732899224 38714575332    0    0    0     0       0          0
1784733691 | enp139s0f0np0: 205326703380347 55684362127    0 2473    0     0          0    500649 148991651550190 38715515954    0    0    0     0       0          0
1784733692 | enp139s0f0np0: 205326709846615 55684395266    0 2473    0     0          0    500649 148995610244728 38716466343    0    0    0     0       0          0
1784733693 | enp139s0f0np0: 205326716235239 55684427603    0 2473    0     0          0    500649 148999566981028 38717416256    0    0    0     0       0          0
1784733694 | enp139s0f0np0: 205326722706783 55684461366    0 2473    0     0          0    500650 149003497521436 38718359921    0    0    0     0       0          0
1784733695 | enp139s0f0np0: 205326729061907 55684493349    0 2473    0     0          0    500650 149007418868191 38719301429    0    0    0     0       0          0
1784733696 | enp139s0f0np0: 205326733090967 55684514569    0 2473    0     0          0    500650 149009784833347 38719869824    0    0    0     0       0          0
1784733697 | enp139s0f0np0: 205326737925518 55684540099    0 2473    0     0          0    500650 149012684551171 38720566337    0    0    0     0       0          0
1784733698 | enp139s0f0np0: 205326744040355 55684571465    0 2473    0     0          0    500650 149016471332949 38721475512    0    0    0     0       0          0
1784733699 | enp139s0f0np0: 205326750218117 55684603629    0 2473    0     0          0    500650 149020261760031 38722385576    0    0    0     0       0          0
1784733700 | enp139s0f0np0: 205326756313894 55684635726    0 2473    0     0          0    500650 149023996086441 38723282081    0    0    0     0       0          0
1784733701 | enp139s0f0np0: 205326762498812 55684667800    0 2473    0     0          0    500650 149027804798389 38724196452    0    0    0     0       0          0
1784733702 | enp139s0f0np0: 205326768581956 55684699875    0 2473    0     0          0    500650 149031528104441 38725090361    0    0    0     0       0          0
1784733703 | enp139s0f0np0: 205326777577506 55684734123    0 2473    0     0          0    500650 149035480596245 38726039230    0    0    0     0       0          0
1784733704 | enp139s0f0np0: 205326793463520 55684769076    0 2473    0     0          0    500650 149039285873559 38726953032    0    0    0     0       0          0
1784733705 | enp139s0f0np0: 205326813291909 55684805048    0 2473    0     0          0    500650 149043126914498 38727875601    0    0    0     0       0          0
1784733706 | enp139s0f0np0: 205326827308901 55684840267    0 2473    0     0          0    500650 149046986310902 38728802442    0    0    0     0       0          0
1784733707 | enp139s0f0np0: 205326845586724 55684875273    0 2473    0     0          0    500650 149050830447405 38729725682    0    0    0     0       0          0
1784733708 | enp139s0f0np0: 205326860173636 55684909830    0 2473    0     0          0    500650 149054671793772 38730648059    0    0    0     0       0          0
1784733709 | enp139s0f0np0: 205326874199519 55684943722    0 2473    0     0          0    500650 149058510090910 38731569595    0    0    0     0       0          0
1784733710 | enp139s0f0np0: 205326893714150 55684978797    0 2473    0     0          0    500650 149062174107973 38732449603    0    0    0     0       0          0
1784733711 | enp139s0f0np0: 205326911649702 55685013760    0 2473    0     0          0    500650 149065889718067 38733342039    0    0    0     0       0          0
1784733712 | enp139s0f0np0: 205326933726008 55685041482    0 2473    0     0          0    500650 149068511606054 38733972466    0    0    0     0       0          0
1784733713 | enp139s0f0np0: 205326947839833 55685075067    0 2473    0     0          0    500650 149072187910844 38734855312    0    0    0     0       0          0
1784733714 | enp139s0f0np0: 205326966082895 55685111301    0 2473    0     0          0    500650 149076008527414 38735772931    0    0    0     0       0          0
1784733715 | enp139s0f0np0: 205326980744415 55685145740    0 2473    0     0          0    500650 149079836841245 38736692191    0    0    0     0       0          0
1784733716 | enp139s0f0np0: 205326994608493 55685178755    0 2473    0     0          0    500650 149083581479247 38737591353    0    0    0     0       0          0
1784733717 | enp139s0f0np0: 205327011145889 55685213554    0 2473    0     0          0    500650 149087379563719 38738503460    0    0    0     0       0          0
1784733718 | enp139s0f0np0: 205327025464743 55685246488    0 2473    0     0          0    500650 149091170944982 38739413873    0    0    0     0       0          0
1784733719 | enp139s0f0np0: 205327039609010 55685280792    0 2473    0     0          0    500650 149095027398479 38740339906    0    0    0     0       0          0
1784733720 | enp139s0f0np0: 205327058489956 55685315381    0 2473    0     0          0    500650 149098815611266 38741249735    0    0    0     0       0          0
1784733721 | enp139s0f0np0: 205327078211949 55685349460    0 2473    0     0          0    500650 149102542436300 38742144862    0    0    0     0       0          0
1784733722 | enp139s0f0np0: 205327094748625 55685383538    0 2473    0     0          0    500650 149106406458093 38743072772    0    0    0     0       0          0
1784733723 | enp139s0f0np0: 205327113748110 55685418796    0 2473    0     0          0    500650 149110237352057 38743992796    0    0    0     0       0          0
1784733724 | enp139s0f0np0: 205327128863507 55685452914    0 2473    0     0          0    500651 149114113280701 38744923433    0    0    0     0       0          0
1784733725 | enp139s0f0np0: 205327151503697 55685488809    0 2473    0     0          0    500651 149117932845498 38745840769    0    0    0     0       0          0
1784733726 | enp139s0f0np0: 205327164165042 55685521212    0 2473    0     0          0    500651 149121614614566 38746724918    0    0    0     0       0          0
1784733727 | enp139s0f0np0: 205327167447993 55685540841    0 2473    0     0          0    500651 149123496905454 38747177621    0    0    0     0       0          0
1784733728 | enp139s0f0np0: 205327173643103 55685572798    0 2473    0     0          0    500651 149127384041266 38748110788    0    0    0     0       0          0
1784733729 | enp139s0f0np0: 205327179772999 55685604593    0 2473    0     0          0    500651 149131199556296 38749026940    0    0    0     0       0          0
1784733730 | enp139s0f0np0: 205327185905226 55685636805    0 2473    0     0          0    500651 149135009624244 38749941765    0    0    0     0       0          0
1784733731 | enp139s0f0np0: 205327192094549 55685669140    0 2473    0     0          0    500651 149138842281738 38750861972    0    0    0     0       0          0
1784733732 | enp139s0f0np0: 205327198232449 55685701120    0 2473    0     0          0    500651 149142666149996 38751780028    0    0    0     0       0          0
1784733733 | enp139s0f0np0: 205327204508104 55685734043    0 2473    0     0          0    500651 149146552943258 38752713113    0    0    0     0       0          0
1784733734 | enp139s0f0np0: 205327210758065 55685766674    0 2473    0     0          0    500651 149150429606320 38753643821    0    0    0     0       0          0
1784733735 | enp139s0f0np0: 205327217073655 55685799648    0 2473    0     0          0    500651 149154317727205 38754577360    0    0    0     0       0          0
1784733736 | enp139s0f0np0: 205327223210709 55685831432    0 2473    0     0          0    500651 149158158136525 38755499478    0    0    0     0       0          0
1784733737 | enp139s0f0np0: 205327229521021 55685863950    0 2473    0     0          0    500651 149162103060995 38756446546    0    0    0     0       0          0
1784733738 | enp139s0f0np0: 205327235814901 55685896659    0 2473    0     0          0    500651 149166039212275 38757391535    0    0    0     0       0          0
1784733739 | enp139s0f0np0: 205327242184815 55685929972    0 2473    0     0          0    500651 149169991887109 38758340508    0    0    0     0       0          0
1784733740 | enp139s0f0np0: 205327248567943 55685963095    0 2473    0     0          0    500651 149173927070613 38759285269    0    0    0     0       0          0
1784733741 | enp139s0f0np0: 205327252702234 55685985173    0 2473    0     0          0    500651 149176397139187 38759878786    0    0    0     0       0          0
1784733742 | enp139s0f0np0: 205327258839525 55686017951    0 2473    0     0          0    500651 149180170444791 38760784721    0    0    0     0       0          0
1784733743 | enp139s0f0np0: 205327265120118 55686050640    0 2473    0     0          0    500651 149184055650475 38761717408    0    0    0     0       0          0
1784733744 | enp139s0f0np0: 205327271652314 55686084527    0 2473    0     0          0    500651 149188092797459 38762686684    0    0    0     0       0          0
1784733745 | enp139s0f0np0: 205327277988850 55686117094    0 2473    0     0          0    500651 149192035254812 38763633125    0    0    0     0       0          0
1784733746 | enp139s0f0np0: 205327284197545 55686148875    0 2473    0     0          0    500651 149195910469076 38764563463    0    0    0     0       0          0
1784733747 | enp139s0f0np0: 205327290608788 55686181642    0 2473    0     0          0    500651 149199898609458 38765520845    0    0    0     0       0          0
1784733748 | enp139s0f0np0: 205327297138815 55686215219    0 2473    0     0          0    500651 149203931297182 38766489000    0    0    0     0       0          0
1784733749 | enp139s0f0np0: 205327303609652 55686248469    0 2473    0     0          0    500651 149207974118464 38767459564    0    0    0     0       0          0
1784733750 | enp139s0f0np0: 205327307797981 55686270081    0 2473    0     0          0    500651 149210515627886 38768069872    0    0    0     0       0          0
