1784789615 | enp139s0f0np0: 237990549355429 64218242352    0 2473    0     0          0    502513 188673123869215 48872013453    0    0    0     0       0          0
1784789616 | enp139s0f0np0: 237992238535578 64218651432    0 2473    0     0          0    502513 188673131570335 48872032583    0    0    0     0       0          0
1784789617 | enp139s0f0np0: 237995672930032 64219484461    0 2473    0     0          0    502513 188673147251382 48872073283    0    0    0     0       0          0
1784789618 | enp139s0f0np0: 237999156548251 64220329279    0 2473    0     0          0    502514 188673163126401 48872114358    0    0    0     0       0          0
1784789619 | enp139s0f0np0: 238002634748027 64221172500    0 2473    0     0          0    502514 188673178914497 48872154253    0    0    0     0       0          0
1784789620 | enp139s0f0np0: 238006645336084 64222142227    0 2473    0     0          0    502514 188673196595204 48872192880    0    0    0     0       0          0
1784789621 | enp139s0f0np0: 238010632902942 64223106719    0 2473    0     0          0    502514 188673214263724 48872232066    0    0    0     0       0          0
1784789622 | enp139s0f0np0: 238014540062323 64224052064    0 2473    0     0          0    502514 188673231666898 48872272059    0    0    0     0       0          0
1784789623 | enp139s0f0np0: 238017874673400 64224861413    0 2473    0     0          0    502514 188673246956639 48872312430    0    0    0     0       0          0
1784789624 | enp139s0f0np0: 238021372137919 64225709565    0 2473    0     0          0    502514 188673262872560 48872353572    0    0    0     0       0          0
1784789625 | enp139s0f0np0: 238024771058185 64226534193    0 2473    0     0          0    502514 188673278367391 48872393972    0    0    0     0       0          0
1784789626 | enp139s0f0np0: 238028220131121 64227370648    0 2473    0     0          0    502514 188673294092158 48872434698    0    0    0     0       0          0
1784789627 | enp139s0f0np0: 238031663606013 64228205776    0 2473    0     0          0    502514 188673309823720 48872475302    0    0    0     0       0          0
1784789628 | enp139s0f0np0: 238035187930150 64229060081    0 2473    0     0          0    502514 188673325918031 48872517650    0    0    0     0       0          0
1784789629 | enp139s0f0np0: 238038586455864 64229885164    0 2473    0     0          0    502514 188673341662242 48872561547    0    0    0     0       0          0
1784789630 | enp139s0f0np0: 238042017024694 64230716536    0 2473    0     0          0    502514 188673357143396 48872600005    0    0    0     0       0          0
1784789631 | enp139s0f0np0: 238045484696415 64231557838    0 2473    0     0          0    502514 188673373037787 48872642371    0    0    0     0       0          0
1784789632 | enp139s0f0np0: 238049012440066 64232413337    0 2473    0     0          0    502514 188673389163596 48872684456    0    0    0     0       0          0
1784789633 | enp139s0f0np0: 238052505496038 64233260352    0 2473    0     0          0    502514 188673405010209 48872724394    0    0    0     0       0          0
1784789634 | enp139s0f0np0: 238055894529999 64234082262    0 2473    0     0          0    502514 188673420389611 48872763289    0    0    0     0       0          0
1784789635 | enp139s0f0np0: 238059430191762 64234938920    0 2473    0     0          0    502514 188673436374074 48872803577    0    0    0     0       0          0
1784789636 | enp139s0f0np0: 238062843801706 64235767285    0 2473    0     0          0    502514 188673452051258 48872845597    0    0    0     0       0          0
1784789637 | enp139s0f0np0: 238066221206875 64236586696    0 2473    0     0          0    502514 188673467461964 48872885990    0    0    0     0       0          0
1784789638 | enp139s0f0np0: 238069693232134 64237428798    0 2473    0     0          0    502514 188673483393466 48872928122    0    0    0     0       0          0
1784789639 | enp139s0f0np0: 238073189898923 64238276905    0 2473    0     0          0    502514 188673499345353 48872969899    0    0    0     0       0          0
1784789640 | enp139s0f0np0: 238076549798604 64239092341    0 2473    0     0          0    502514 188673514707114 48873010579    0    0    0     0       0          0
1784789641 | enp139s0f0np0: 238079924784890 64239911478    0 2473    0     0          0    502514 188673530240092 48873052602    0    0    0     0       0          0
1784789642 | enp139s0f0np0: 238083410503161 64240756556    0 2473    0     0          0    502514 188673546128596 48873093720    0    0    0     0       0          0
1784789643 | enp139s0f0np0: 238086839847276 64241588354    0 2473    0     0          0    502514 188673561756771 48873134102    0    0    0     0       0          0
1784789644 | enp139s0f0np0: 238090271630179 64242420829    0 2473    0     0          0    502514 188673577429246 48873175406    0    0    0     0       0          0
1784789645 | enp139s0f0np0: 238093747900044 64243263936    0 2473    0     0          0    502514 188673593330866 48873217211    0    0    0     0       0          0
1784789646 | enp139s0f0np0: 238097346086454 64244135563    0 2473    0     0          0    502514 188673609612308 48873257627    0    0    0     0       0          0
1784789647 | enp139s0f0np0: 238100981822413 64245016556    0 2473    0     0          0    502514 188673625964633 48873297246    0    0    0     0       0          0
1784789648 | enp139s0f0np0: 238104464017016 64245861129    0 2473    0     0          0    502515 188673641803980 48873337510    0    0    0     0       0          0
1784789649 | enp139s0f0np0: 238107862413134 64246685661    0 2473    0     0          0    502515 188673657334098 48873378643    0    0    0     0       0          0
1784789650 | enp139s0f0np0: 238111390434389 64247541120    0 2473    0     0          0    502515 188673673413969 48873420273    0    0    0     0       0          0
1784789651 | enp139s0f0np0: 238114918165304 64248396727    0 2473    0     0          0    502515 188673689508200 48873461862    0    0    0     0       0          0
1784789652 | enp139s0f0np0: 238118372036758 64249234499    0 2473    0     0          0    502515 188673705232628 48873502344    0    0    0     0       0          0
1784789653 | enp139s0f0np0: 238121878198337 64250084424    0 2473    0     0          0    502515 188673721124587 48873542840    0    0    0     0       0          0
1784789654 | enp139s0f0np0: 238125339738898 64250924067    0 2473    0     0          0    502515 188673736990203 48873584873    0    0    0     0       0          0
1784789655 | enp139s0f0np0: 238128796481258 64251762112    0 2473    0     0          0    502515 188673752718463 48873625721    0    0    0     0       0          0
1784789656 | enp139s0f0np0: 238132254085140 64252600303    0 2473    0     0          0    502515 188673768456547 48873666444    0    0    0     0       0          0
1784789657 | enp139s0f0np0: 238135741881710 64253446508    0 2473    0     0          0    502515 188673784400461 48873708197    0    0    0     0       0          0
1784789658 | enp139s0f0np0: 238139327838642 64254315675    0 2473    0     0          0    502515 188673800720205 48873749963    0    0    0     0       0          0
1784789659 | enp139s0f0np0: 238142772645585 64255151571    0 2473    0     0          0    502515 188673816390261 48873790618    0    0    0     0       0          0
1784789660 | enp139s0f0np0: 238146285724236 64256003935    0 2473    0     0          0    502515 188673832516019 48873833457    0    0    0     0       0          0
1784789661 | enp139s0f0np0: 238149800305606 64256856515    0 2473    0     0          0    502515 188673848446152 48873874351    0    0    0     0       0          0
1784789662 | enp139s0f0np0: 238153297722103 64257705110    0 2473    0     0          0    502515 188673864523533 48873917346    0    0    0     0       0          0
1784789663 | enp139s0f0np0: 238156900768861 64258578080    0 2473    0     0          0    502515 188673880832517 48873958642    0    0    0     0       0          0
1784789664 | enp139s0f0np0: 238160902215607 64259545625    0 2473    0     0          0    502515 188673898509309 48873996839    0    0    0     0       0          0
1784789665 | enp139s0f0np0: 238164395274502 64260392792    0 2473    0     0          0    502515 188673914395457 48874038292    0    0    0     0       0          0
1784789666 | enp139s0f0np0: 238167889292144 64261240004    0 2473    0     0          0    502515 188673930371685 48874079918    0    0    0     0       0          0
1784789667 | enp139s0f0np0: 238171435603372 64262099937    0 2473    0     0          0    502515 188673946476962 48874121798    0    0    0     0       0          0
1784789668 | enp139s0f0np0: 238174981404774 64262959609    0 2473    0     0          0    502515 188673962669071 48874164145    0    0    0     0       0          0
1784789669 | enp139s0f0np0: 238178475668386 64263806584    0 2473    0     0          0    502515 188673978467734 48874203173    0    0    0     0       0          0
1784789670 | enp139s0f0np0: 238181856459545 64264626943    0 2473    0     0          0    502515 188673993910486 48874244412    0    0    0     0       0          0
1784789671 | enp139s0f0np0: 238185697820816 64265557156    0 2473    0     0          0    502515 188674011046185 48874284145    0    0    0     0       0          0
1784789672 | enp139s0f0np0: 238189445013571 64266464685    0 2473    0     0          0    502515 188674027845097 48874324693    0    0    0     0       0          0
1784789673 | enp139s0f0np0: 238193029208433 64267333059    0 2473    0     0          0    502515 188674043965384 48874364131    0    0    0     0       0          0
1784789674 | enp139s0f0np0: 238196384798125 64268147676    0 2473    0     0          0    502515 188674059334757 48874405466    0    0    0     0       0          0
1784789675 | enp139s0f0np0: 238199674760766 64268946164    0 2473    0     0          0    502515 188674074489089 48874446959    0    0    0     0       0          0
1784789676 | enp139s0f0np0: 238203085505137 64269773649    0 2473    0     0          0    502515 188674090076696 48874488710    0    0    0     0       0          0
1784789677 | enp139s0f0np0: 238206487438814 64270598881    0 2473    0     0          0    502515 188674105563833 48874529520    0    0    0     0       0          0
1784789678 | enp139s0f0np0: 238210014518315 64271453511    0 2473    0     0          0    502516 188674121533396 48874570204    0    0    0     0       0          0
1784789679 | enp139s0f0np0: 238213502760978 64272299075    0 2473    0     0          0    502516 188674137443986 48874611797    0    0    0     0       0          0
1784789680 | enp139s0f0np0: 238216939532690 64273131996    0 2473    0     0          0    502516 188674152919598 48874650323    0    0    0     0       0          0
1784789681 | enp139s0f0np0: 238220441832025 64273981350    0 2473    0     0          0    502516 188674168825579 48874691898    0    0    0     0       0          0
1784789682 | enp139s0f0np0: 238223940206744 64274830076    0 2473    0     0          0    502516 188674184816013 48874735269    0    0    0     0       0          0
1784789683 | enp139s0f0np0: 238227407539998 64275670906    0 2473    0     0          0    502516 188674200566517 48874775988    0    0    0     0       0          0
1784789684 | enp139s0f0np0: 238230977826403 64276536837    0 2473    0     0          0    502516 188674216708855 48874818243    0    0    0     0       0          0
1784789685 | enp139s0f0np0: 238234401904783 64277367614    0 2473    0     0          0    502516 188674232281100 48874859671    0    0    0     0       0          0
1784789686 | enp139s0f0np0: 238237885729416 64278212187    0 2473    0     0          0    502516 188674247933642 48874900079    0    0    0     0       0          0
1784789687 | enp139s0f0np0: 238241344540562 64279050816    0 2473    0     0          0    502516 188674263514678 48874940552    0    0    0     0       0          0
1784789688 | enp139s0f0np0: 238244836268960 64279897363    0 2473    0     0          0    502516 188674279173289 48874981172    0    0    0     0       0          0
1784789689 | enp139s0f0np0: 238248297416383 64280736494    0 2473    0     0          0    502516 188674294642408 48875020999    0    0    0     0       0          0
1784789690 | enp139s0f0np0: 238251773734726 64281579544    0 2473    0     0          0    502516 188674310120759 48875062019    0    0    0     0       0          0
1784789691 | enp139s0f0np0: 238255324317732 64282440181    0 2473    0     0          0    502516 188674325908331 48875104828    0    0    0     0       0          0
1784789692 | enp139s0f0np0: 238258741487153 64283269241    0 2473    0     0          0    502516 188674340871392 48875145773    0    0    0     0       0          0
1784789693 | enp139s0f0np0: 238262228639786 64284114978    0 2473    0     0          0    502516 188674355879920 48875188151    0    0    0     0       0          0
1784789694 | enp139s0f0np0: 238265702971587 64284957182    0 2473    0     0          0    502516 188674370354107 48875228138    0    0    0     0       0          0
1784789695 | enp139s0f0np0: 238269210161181 64285807200    0 2473    0     0          0    502516 188674384838951 48875268795    0    0    0     0       0          0
1784789696 | enp139s0f0np0: 238272695393863 64286651627    0 2473    0     0          0    502516 188674399097214 48875308235    0    0    0     0       0          0
1784789697 | enp139s0f0np0: 238276098789593 64287476948    0 2473    0     0          0    502516 188674413385098 48875348015    0    0    0     0       0          0
1784789698 | enp139s0f0np0: 238279486718783 64288298414    0 2473    0     0          0    502516 188674427869624 48875387455    0    0    0     0       0          0
1784789699 | enp139s0f0np0: 238283010217969 64289152158    0 2473    0     0          0    502516 188674443179624 48875427259    0    0    0     0       0          0
1784789700 | enp139s0f0np0: 238286445618512 64289985360    0 2473    0     0          0    502516 188674458819263 48875469337    0    0    0     0       0          0
1784789701 | enp139s0f0np0: 238289918323765 64290827452    0 2473    0     0          0    502516 188674474649009 48875510210    0    0    0     0       0          0
1784789702 | enp139s0f0np0: 238293391664759 64291669631    0 2473    0     0          0    502516 188674490415530 48875550599    0    0    0     0       0          0
1784789703 | enp139s0f0np0: 238296836832856 64292505322    0 2473    0     0          0    502516 188674506155435 48875591578    0    0    0     0       0          0
1784789704 | enp139s0f0np0: 238300196056163 64293319872    0 2473    0     0          0    502516 188674521504711 48875631702    0    0    0     0       0          0
1784789705 | enp139s0f0np0: 238303663420811 64294160860    0 2473    0     0          0    502516 188674537328621 48875673214    0    0    0     0       0          0
1784789706 | enp139s0f0np0: 238307192480278 64295016288    0 2473    0     0          0    502516 188674553387287 48875714349    0    0    0     0       0          0
1784789707 | enp139s0f0np0: 238310698236468 64295866387    0 2473    0     0          0    502516 188674569348369 48875755221    0    0    0     0       0          0
1784789708 | enp139s0f0np0: 238314217452593 64296719473    0 2473    0     0          0    502517 188674585251208 48875794953    0    0    0     0       0          0
1784789709 | enp139s0f0np0: 238317644248324 64297550388    0 2473    0     0          0    502517 188674600921389 48875835674    0    0    0     0       0          0
1784789710 | enp139s0f0np0: 238321049816998 64298376794    0 2473    0     0          0    502517 188674616482642 48875876914    0    0    0     0       0          0
1784789711 | enp139s0f0np0: 238324406411729 64299191246    0 2473    0     0          0    502517 188674631857706 48875917405    0    0    0     0       0          0
1784789712 | enp139s0f0np0: 238327863527974 64300029536    0 2473    0     0          0    502517 188674647621696 48875958437    0    0    0     0       0          0
1784789713 | enp139s0f0np0: 238331444358420 64300897491    0 2473    0     0          0    502517 188674663814473 48875998502    0    0    0     0       0          0
1784789714 | enp139s0f0np0: 238335412370617 64301857245    0 2473    0     0          0    502517 188674681436469 48876038403    0    0    0     0       0          0
1784789715 | enp139s0f0np0: 238339361300655 64302812443    0 2473    0     0          0    502517 188674698908141 48876077340    0    0    0     0       0          0
1784789716 | enp139s0f0np0: 238342863840676 64303661690    0 2473    0     0          0    502517 188674714766584 48876117093    0    0    0     0       0          0
1784789717 | enp139s0f0np0: 238346234149346 64304479386    0 2473    0     0          0    502517 188674730130011 48876157007    0    0    0     0       0          0
1784789718 | enp139s0f0np0: 238349604914481 64305297354    0 2473    0     0          0    502517 188674745580871 48876197604    0    0    0     0       0          0
1784789719 | enp139s0f0np0: 238353082509641 64306140284    0 2473    0     0          0    502517 188674761348298 48876237926    0    0    0     0       0          0
1784789720 | enp139s0f0np0: 238356488667992 64306966453    0 2473    0     0          0    502517 188674776940582 48876278897    0    0    0     0       0          0
1784789721 | enp139s0f0np0: 238359969530004 64307810764    0 2473    0     0          0    502517 188674792909808 48876321917    0    0    0     0       0          0
1784789722 | enp139s0f0np0: 238363350359299 64308631253    0 2473    0     0          0    502517 188674808377997 48876363004    0    0    0     0       0          0
1784789723 | enp139s0f0np0: 238366867464416 64309483801    0 2473    0     0          0    502517 188674824349169 48876403339    0    0    0     0       0          0
1784789724 | enp139s0f0np0: 238370640423498 64310397603    0 2473    0     0          0    502517 188674841298681 48876443943    0    0    0     0       0          0
1784789725 | enp139s0f0np0: 238374047167289 64311224187    0 2473    0     0          0    502517 188674856812868 48876484374    0    0    0     0       0          0
1784789726 | enp139s0f0np0: 238377595729928 64312084161    0 2473    0     0          0    502517 188674872787580 48876523255    0    0    0     0       0          0
1784789727 | enp139s0f0np0: 238381138141193 64312942852    0 2473    0     0          0    502517 188674888830348 48876563732    0    0    0     0       0          0
1784789728 | enp139s0f0np0: 238384607926612 64313784254    0 2473    0     0          0    502517 188674904701311 48876605685    0    0    0     0       0          0
1784789729 | enp139s0f0np0: 238387919065016 64314587742    0 2473    0     0          0    502517 188674919865908 48876645678    0    0    0     0       0          0
1784789730 | enp139s0f0np0: 238391260089196 64315398788    0 2473    0     0          0    502517 188674935245463 48876687397    0    0    0     0       0          0
1784789731 | enp139s0f0np0: 238394606931486 64316211202    0 2473    0     0          0    502517 188674950672772 48876729693    0    0    0     0       0          0
1784789732 | enp139s0f0np0: 238397933427873 64317018267    0 2473    0     0          0    502517 188674965871835 48876769741    0    0    0     0       0          0
1784789733 | enp139s0f0np0: 238401542164949 64317892876    0 2473    0     0          0    502517 188674982269997 48876811071    0    0    0     0       0          0
1784789734 | enp139s0f0np0: 238404965065065 64318722589    0 2473    0     0          0    502517 188674997763967 48876850029    0    0    0     0       0          0
1784789735 | enp139s0f0np0: 238408356056058 64319545159    0 2473    0     0          0    502517 188675013293116 48876891224    0    0    0     0       0          0
1784789736 | enp139s0f0np0: 238411787002292 64320376933    0 2473    0     0          0    502517 188675028874192 48876931354    0    0    0     0       0          0
1784789737 | enp139s0f0np0: 238415244835256 64321215504    0 2473    0     0          0    502517 188675044761143 48876973756    0    0    0     0       0          0
1784789738 | enp139s0f0np0: 238418592115312 64322027499    0 2473    0     0          0    502518 188675060089836 48877014200    0    0    0     0       0          0
1784789739 | enp139s0f0np0: 238422032700336 64322862174    0 2473    0     0          0    502518 188675075887015 48877056778    0    0    0     0       0          0
1784789740 | enp139s0f0np0: 238425529162411 64323709816    0 2473    0     0          0    502518 188675091876306 48877098745    0    0    0     0       0          0
1784789741 | enp139s0f0np0: 238428942144752 64324537623    0 2473    0     0          0    502518 188675107447769 48877139595    0    0    0     0       0          0
1784789742 | enp139s0f0np0: 238432381826739 64325372099    0 2473    0     0          0    502518 188675123172797 48877180815    0    0    0     0       0          0
1784789743 | enp139s0f0np0: 238435889068400 64326222727    0 2473    0     0          0    502518 188675139217385 48877223005    0    0    0     0       0          0
1784789744 | enp139s0f0np0: 238439394150618 64327073184    0 2473    0     0          0    502518 188675155228579 48877264872    0    0    0     0       0          0
1784789745 | enp139s0f0np0: 238442819498785 64327904557    0 2473    0     0          0    502518 188675170998593 48877307620    0    0    0     0       0          0
1784789746 | enp139s0f0np0: 238446238099179 64328734106    0 2473    0     0          0    502518 188675186608901 48877348789    0    0    0     0       0          0
1784789748 | enp139s0f0np0: 238449653644038 64329562619    0 2473    0     0          0    502518 188675202126485 48877388712    0    0    0     0       0          0
1784789749 | enp139s0f0np0: 238453169445475 64330415200    0 2473    0     0          0    502518 188675218000331 48877428066    0    0    0     0       0          0
1784789750 | enp139s0f0np0: 238456533427822 64331231270    0 2473    0     0          0    502518 188675233350549 48877467925    0    0    0     0       0          0
1784789751 | enp139s0f0np0: 238460000469425 64332072261    0 2473    0     0          0    502518 188675249199113 48877509830    0    0    0     0       0          0
1784789752 | enp139s0f0np0: 238463440441125 64332906832    0 2473    0     0          0    502518 188675264978183 48877551877    0    0    0     0       0          0
1784789753 | enp139s0f0np0: 238466897424203 64333745227    0 2473    0     0          0    502518 188675280691126 48877592526    0    0    0     0       0          0
1784789754 | enp139s0f0np0: 238470344459541 64334581606    0 2473    0     0          0    502518 188675296531559 48877635145    0    0    0     0       0          0
1784789755 | enp139s0f0np0: 238473813326282 64335422951    0 2473    0     0          0    502518 188675312380040 48877677287    0    0    0     0       0          0
1784789756 | enp139s0f0np0: 238477265672872 64336260329    0 2473    0     0          0    502518 188675328141512 48877718842    0    0    0     0       0          0
1784789757 | enp139s0f0np0: 238480652923471 64337082231    0 2473    0     0          0    502518 188675343637396 48877760162    0    0    0     0       0          0
1784789758 | enp139s0f0np0: 238484100788372 64337918236    0 2473    0     0          0    502518 188675359240449 48877799781    0    0    0     0       0          0
1784789759 | enp139s0f0np0: 238487511250515 64338745525    0 2473    0     0          0    502518 188675374832784 48877841301    0    0    0     0       0          0
1784789760 | enp139s0f0np0: 238491004359001 64339592685    0 2473    0     0          0    502518 188675390750922 48877883080    0    0    0     0       0          0
1784789761 | enp139s0f0np0: 238494342397771 64340403082    0 2473    0     0          0    502518 188675406103685 48877924606    0    0    0     0       0          0
1784789762 | enp139s0f0np0: 238497715988400 64341221611    0 2473    0     0          0    502518 188675421546504 48877966241    0    0    0     0       0          0
1784789763 | enp139s0f0np0: 238501098088932 64342042325    0 2473    0     0          0    502518 188675437024345 48878007724    0    0    0     0       0          0
1784789764 | enp139s0f0np0: 238504575611296 64342886058    0 2473    0     0          0    502518 188675452891770 48878049447    0    0    0     0       0          0
1784789765 | enp139s0f0np0: 238508031970370 64343724604    0 2473    0     0          0    502518 188675468597637 48878090408    0    0    0     0       0          0
1784789766 | enp139s0f0np0: 238511662256839 64344604106    0 2473    0     0          0    502518 188675484906906 48878131662    0    0    0     0       0          0
1784789767 | enp139s0f0np0: 238515196782385 64345460549    0 2473    0     0          0    502518 188675500793294 48878171597    0    0    0     0       0          0
1784789768 | enp139s0f0np0: 238518697523173 64346309364    0 2473    0     0          0    502518 188675516609349 48878212348    0    0    0     0       0          0
1784789769 | enp139s0f0np0: 238522128238815 64347141500    0 2473    0     0          0    502519 188675532205101 48878254287    0    0    0     0       0          0
1784789770 | enp139s0f0np0: 238525398654376 64347935347    0 2473    0     0          0    502519 188675547064809 48878293949    0    0    0     0       0          0
1784789771 | enp139s0f0np0: 238528777813174 64348755071    0 2473    0     0          0    502519 188675562271258 48878333538    0    0    0     0       0          0
1784789772 | enp139s0f0np0: 238532253110115 64349597828    0 2473    0     0          0    502519 188675577840110 48878375184    0    0    0     0       0          0
1784789773 | enp139s0f0np0: 238535768246210 64350449912    0 2473    0     0          0    502519 188675593505636 48878416875    0    0    0     0       0          0
1784789774 | enp139s0f0np0: 238539163417034 64351272839    0 2473    0     0          0    502519 188675608439736 48878456590    0    0    0     0       0          0
1784789775 | enp139s0f0np0: 238542661735022 64352120679    0 2473    0     0          0    502519 188675623486133 48878496300    0    0    0     0       0          0
1784789776 | enp139s0f0np0: 238546164529108 64352969567    0 2473    0     0          0    502519 188675638484459 48878536202    0    0    0     0       0          0
1784789777 | enp139s0f0np0: 238549707290652 64353827984    0 2473    0     0          0    502519 188675653522936 48878576356    0    0    0     0       0          0
1784789778 | enp139s0f0np0: 238553226543696 64354680896    0 2473    0     0          0    502519 188675668278989 48878616684    0    0    0     0       0          0
1784789779 | enp139s0f0np0: 238556769528932 64355538723    0 2473    0     0          0    502519 188675683027767 48878654467    0    0    0     0       0          0
1784789780 | enp139s0f0np0: 238560087681470 64356343658    0 2473    0     0          0    502519 188675697191967 48878694105    0    0    0     0       0          0
1784789781 | enp139s0f0np0: 238563498649304 64357171237    0 2473    0     0          0    502519 188675711698487 48878734768    0    0    0     0       0          0
1784789782 | enp139s0f0np0: 238566957430443 64358010178    0 2473    0     0          0    502519 188675726874407 48878776114    0    0    0     0       0          0
1784789783 | enp139s0f0np0: 238570525311978 64358875192    0 2473    0     0          0    502519 188675742629475 48878817949    0    0    0     0       0          0
1784789784 | enp139s0f0np0: 238574039293260 64359727139    0 2473    0     0          0    502519 188675758245994 48878859862    0    0    0     0       0          0
1784789785 | enp139s0f0np0: 238577523033680 64360571616    0 2473    0     0          0    502519 188675773797267 48878900364    0    0    0     0       0          0
1784789786 | enp139s0f0np0: 238580925665648 64361397082    0 2473    0     0          0    502519 188675789245269 48878940896    0    0    0     0       0          0
1784789787 | enp139s0f0np0: 238584398356711 64362239477    0 2473    0     0          0    502519 188675805093418 48878982579    0    0    0     0       0          0
1784789788 | enp139s0f0np0: 238587893850010 64363087273    0 2473    0     0          0    502519 188675821083609 48879024717    0    0    0     0       0          0
1784789789 | enp139s0f0np0: 238591230978101 64363897023    0 2473    0     0          0    502519 188675836472755 48879066747    0    0    0     0       0          0
1784789790 | enp139s0f0np0: 238594542243326 64364700450    0 2473    0     0          0    502519 188675851641222 48879107177    0    0    0     0       0          0
1784789791 | enp139s0f0np0: 238597960376336 64365529457    0 2473    0     0          0    502519 188675867250923 48879147748    0    0    0     0       0          0
1784789792 | enp139s0f0np0: 238601432785360 64366371253    0 2473    0     0          0    502519 188675883018497 48879187832    0    0    0     0       0          0
1784789793 | enp139s0f0np0: 238605047740023 64367247057    0 2473    0     0          0    502519 188675899296460 48879227921    0    0    0     0       0          0
1784789794 | enp139s0f0np0: 238609043662097 64368213517    0 2473    0     0          0    502519 188675916973325 48879266456    0    0    0     0       0          0
1784789795 | enp139s0f0np0: 238612561682355 64369066350    0 2473    0     0          0    502519 188675932925941 48879306816    0    0    0     0       0          0
1784789796 | enp139s0f0np0: 238615690150951 64369825196    0 2473    0     0          0    502519 188675947139430 48879344223    0    0    0     0       0          0
