1784693404 | enp139s0f0np0: 183822571598338 50155469134    0 2473    0     0          0    499307 126420258924321 32913897760    0    0    0     0       0          0
1784693405 | enp139s0f0np0: 183823979243923 50155810702    0 2473    0     0          0    499307 126420265521648 32913915950    0    0    0     0       0          0
1784693406 | enp139s0f0np0: 183826733200334 50156480274    0 2473    0     0          0    499307 126420278358431 32913953112    0    0    0     0       0          0
1784693407 | enp139s0f0np0: 183829610564833 50157179818    0 2473    0     0          0    499307 126420291795367 32913991842    0    0    0     0       0          0
1784693408 | enp139s0f0np0: 183832505890882 50157883309    0 2473    0     0          0    499307 126420305300685 32914030682    0    0    0     0       0          0
1784693409 | enp139s0f0np0: 183835539216240 50158619857    0 2473    0     0          0    499307 126420319353239 32914070071    0    0    0     0       0          0
1784693410 | enp139s0f0np0: 183838618555083 50159367674    0 2473    0     0          0    499307 126420333609072 32914109784    0    0    0     0       0          0
1784693411 | enp139s0f0np0: 183841637064687 50160101103    0 2473    0     0          0    499307 126420347681980 32914150081    0    0    0     0       0          0
1784693412 | enp139s0f0np0: 183844610535801 50160823791    0 2473    0     0          0    499307 126420361544692 32914189336    0    0    0     0       0          0
1784693413 | enp139s0f0np0: 183847641426265 50161559654    0 2473    0     0          0    499307 126420375542930 32914228223    0    0    0     0       0          0
1784693414 | enp139s0f0np0: 183850539929337 50162264053    0 2473    0     0          0    499307 126420389058426 32914267287    0    0    0     0       0          0
1784693415 | enp139s0f0np0: 183853661672700 50163022030    0 2473    0     0          0    499307 126420403497921 32914306761    0    0    0     0       0          0
1784693416 | enp139s0f0np0: 183856687025057 50163757156    0 2473    0     0          0    499307 126420417500429 32914345924    0    0    0     0       0          0
1784693417 | enp139s0f0np0: 183859679863286 50164484550    0 2473    0     0          0    499307 126420431419149 32914385403    0    0    0     0       0          0
1784693418 | enp139s0f0np0: 183862779434592 50165237342    0 2473    0     0          0    499307 126420445758054 32914425032    0    0    0     0       0          0
1784693419 | enp139s0f0np0: 183865692899210 50165945215    0 2473    0     0          0    499307 126420459363230 32914464426    0    0    0     0       0          0
1784693420 | enp139s0f0np0: 183868601470816 50166652161    0 2473    0     0          0    499307 126420472934014 32914503514    0    0    0     0       0          0
1784693421 | enp139s0f0np0: 183871515789945 50167360242    0 2473    0     0          0    499307 126420486507119 32914542599    0    0    0     0       0          0
1784693422 | enp139s0f0np0: 183874513330246 50168088428    0 2473    0     0          0    499307 126420500410037 32914581543    0    0    0     0       0          0
1784693423 | enp139s0f0np0: 183877474192434 50168807875    0 2473    0     0          0    499307 126420514153961 32914620186    0    0    0     0       0          0
1784693424 | enp139s0f0np0: 183880373467426 50169512416    0 2473    0     0          0    499307 126420527582947 32914657864    0    0    0     0       0          0
1784693425 | enp139s0f0np0: 183883300345229 50170223567    0 2473    0     0          0    499307 126420541187415 32914695918    0    0    0     0       0          0
1784693426 | enp139s0f0np0: 183886149450122 50170916161    0 2473    0     0          0    499307 126420554476156 32914734498    0    0    0     0       0          0
1784693427 | enp139s0f0np0: 183888981988724 50171604579    0 2473    0     0          0    499307 126420567715771 32914772873    0    0    0     0       0          0
1784693428 | enp139s0f0np0: 183891895315877 50172312219    0 2473    0     0          0    499307 126420581205091 32914810683    0    0    0     0       0          0
1784693429 | enp139s0f0np0: 183894750293641 50173005957    0 2473    0     0          0    499307 126420594506347 32914848634    0    0    0     0       0          0
1784693430 | enp139s0f0np0: 183897701056230 50173722862    0 2473    0     0          0    499307 126420608233628 32914887816    0    0    0     0       0          0
1784693431 | enp139s0f0np0: 183900742250135 50174461477    0 2473    0     0          0    499308 126420622305142 32914926917    0    0    0     0       0          0
1784693432 | enp139s0f0np0: 183903790057787 50175201759    0 2473    0     0          0    499308 126420636367955 32914965484    0    0    0     0       0          0
1784693433 | enp139s0f0np0: 183906807219262 50175934885    0 2473    0     0          0    499308 126420650361145 32915004955    0    0    0     0       0          0
1784693434 | enp139s0f0np0: 183909723940179 50176643569    0 2473    0     0          0    499308 126420663956430 32915044096    0    0    0     0       0          0
1784693435 | enp139s0f0np0: 183912696699918 50177365626    0 2473    0     0          0    499308 126420677837200 32915083890    0    0    0     0       0          0
1784693436 | enp139s0f0np0: 183915605512681 50178072583    0 2473    0     0          0    499308 126420691398806 32915122676    0    0    0     0       0          0
1784693437 | enp139s0f0np0: 183918561498290 50178790424    0 2473    0     0          0    499308 126420705106709 32915161241    0    0    0     0       0          0
1784693438 | enp139s0f0np0: 183921543537881 50179514788    0 2473    0     0          0    499308 126420718920021 32915200027    0    0    0     0       0          0
1784693439 | enp139s0f0np0: 183924587031763 50180254218    0 2473    0     0          0    499308 126420733049017 32915240041    0    0    0     0       0          0
1784693440 | enp139s0f0np0: 183927519147018 50180966623    0 2473    0     0          0    499308 126420746654291 32915277967    0    0    0     0       0          0
1784693441 | enp139s0f0np0: 183930492845470 50181689262    0 2473    0     0          0    499308 126420760467481 32915317042    0    0    0     0       0          0
1784693442 | enp139s0f0np0: 183933466908047 50182412026    0 2473    0     0          0    499308 126420774322614 32915356486    0    0    0     0       0          0
1784693443 | enp139s0f0np0: 183936440163853 50183134588    0 2473    0     0          0    499308 126420788154542 32915396094    0    0    0     0       0          0
1784693444 | enp139s0f0np0: 183939470694996 50183870788    0 2473    0     0          0    499308 126420802215218 32915435660    0    0    0     0       0          0
1784693445 | enp139s0f0np0: 183942355914474 50184571906    0 2473    0     0          0    499308 126420815669641 32915474143    0    0    0     0       0          0
1784693446 | enp139s0f0np0: 183945305853498 50185288829    0 2473    0     0          0    499308 126420829434815 32915513591    0    0    0     0       0          0
1784693447 | enp139s0f0np0: 183948260669249 50186006851    0 2473    0     0          0    499308 126420843162432 32915553011    0    0    0     0       0          0
1784693448 | enp139s0f0np0: 183951201102347 50186721651    0 2473    0     0          0    499308 126420856849855 32915592144    0    0    0     0       0          0
1784693449 | enp139s0f0np0: 183954121606426 50187431412    0 2473    0     0          0    499308 126420870401958 32915630478    0    0    0     0       0          0
1784693450 | enp139s0f0np0: 183957088428848 50188152514    0 2473    0     0          0    499308 126420884208209 32915669210    0    0    0     0       0          0
1784693451 | enp139s0f0np0: 183960110575113 50188886608    0 2473    0     0          0    499308 126420898160088 32915707999    0    0    0     0       0          0
1784693452 | enp139s0f0np0: 183963134843370 50189621003    0 2473    0     0          0    499308 126420912150054 32915746476    0    0    0     0       0          0
1784693453 | enp139s0f0np0: 183966023466898 50190323103    0 2473    0     0          0    499308 126420925554062 32915785022    0    0    0     0       0          0
1784693454 | enp139s0f0np0: 183968944415069 50191033023    0 2473    0     0          0    499308 126420939209708 32915824193    0    0    0     0       0          0
1784693455 | enp139s0f0np0: 183971851553447 50191739398    0 2473    0     0          0    499308 126420952694641 32915862623    0    0    0     0       0          0
1784693456 | enp139s0f0np0: 183974780383778 50192451448    0 2473    0     0          0    499308 126420966313266 32915901227    0    0    0     0       0          0
1784693457 | enp139s0f0np0: 183977633095675 50193144750    0 2473    0     0          0    499308 126420979570477 32915939098    0    0    0     0       0          0
1784693458 | enp139s0f0np0: 183980515348705 50193845470    0 2473    0     0          0    499308 126420993025471 32915977809    0    0    0     0       0          0
1784693459 | enp139s0f0np0: 183983528961023 50194577300    0 2473    0     0          0    499308 126421006981296 32916016910    0    0    0     0       0          0
1784693460 | enp139s0f0np0: 183986568470518 50195315279    0 2473    0     0          0    499309 126421021069685 32916056574    0    0    0     0       0          0
1784693461 | enp139s0f0np0: 183989592919009 50196049967    0 2473    0     0          0    499309 126421035128487 32916096252    0    0    0     0       0          0
1784693462 | enp139s0f0np0: 183992577478088 50196775225    0 2473    0     0          0    499309 126421049023865 32916135987    0    0    0     0       0          0
1784693463 | enp139s0f0np0: 183995531182240 50197492802    0 2473    0     0          0    499309 126421062711618 32916174723    0    0    0     0       0          0
1784693464 | enp139s0f0np0: 183998495581655 50198213441    0 2473    0     0          0    499309 126421076522921 32916214456    0    0    0     0       0          0
1784693465 | enp139s0f0np0: 184001414294580 50198922584    0 2473    0     0          0    499309 126421090101148 32916252761    0    0    0     0       0          0
1784693466 | enp139s0f0np0: 184004407226542 50199649628    0 2473    0     0          0    499309 126421103989313 32916292247    0    0    0     0       0          0
1784693467 | enp139s0f0np0: 184007353470331 50200365400    0 2473    0     0          0    499309 126421117671038 32916330955    0    0    0     0       0          0
1784693468 | enp139s0f0np0: 184010333545529 50201089297    0 2473    0     0          0    499309 126421131498997 32916370239    0    0    0     0       0          0
1784693469 | enp139s0f0np0: 184013348666886 50201821551    0 2473    0     0          0    499309 126421145438533 32916408987    0    0    0     0       0          0
1784693470 | enp139s0f0np0: 184016331269184 50202545998    0 2473    0     0          0    499309 126421159291441 32916448055    0    0    0     0       0          0
1784693471 | enp139s0f0np0: 184019427599841 50203297627    0 2473    0     0          0    499309 126421173519433 32916487325    0    0    0     0       0          0
1784693472 | enp139s0f0np0: 184022380043185 50204014779    0 2473    0     0          0    499309 126421187300081 32916526990    0    0    0     0       0          0
1784693473 | enp139s0f0np0: 184025449530752 50204760222    0 2473    0     0          0    499309 126421201466713 32916566292    0    0    0     0       0          0
1784693474 | enp139s0f0np0: 184028435923953 50205485456    0 2473    0     0          0    499309 126421215315738 32916605180    0    0    0     0       0          0
1784693475 | enp139s0f0np0: 184031442755769 50206215824    0 2473    0     0          0    499309 126421229157044 32916643908    0    0    0     0       0          0
1784693476 | enp139s0f0np0: 184034355868366 50206923787    0 2473    0     0          0    499309 126421242757411 32916683679    0    0    0     0       0          0
1784693477 | enp139s0f0np0: 184037278511252 50207633960    0 2473    0     0          0    499309 126421256365318 32916722895    0    0    0     0       0          0
1784693478 | enp139s0f0np0: 184040228284836 50208350789    0 2473    0     0          0    499309 126421270081864 32916761782    0    0    0     0       0          0
1784693479 | enp139s0f0np0: 184043289302229 50209094294    0 2473    0     0          0    499309 126421284194509 32916801722    0    0    0     0       0          0
1784693480 | enp139s0f0np0: 184046283109782 50209821705    0 2473    0     0          0    499309 126421298047099 32916840789    0    0    0     0       0          0
1784693481 | enp139s0f0np0: 184049298058377 50210553913    0 2473    0     0          0    499309 126421311978529 32916880302    0    0    0     0       0          0
1784693482 | enp139s0f0np0: 184052310833188 50211285709    0 2473    0     0          0    499309 126421325940079 32916920134    0    0    0     0       0          0
1784693483 | enp139s0f0np0: 184055325817978 50212018039    0 2473    0     0          0    499309 126421339896027 32916959631    0    0    0     0       0          0
1784693484 | enp139s0f0np0: 184058380773026 50212759914    0 2473    0     0          0    499309 126421354008251 32916999278    0    0    0     0       0          0
1784693485 | enp139s0f0np0: 184061399944337 50213493151    0 2473    0     0          0    499309 126421367912807 32917038813    0    0    0     0       0          0
1784693486 | enp139s0f0np0: 184064458381469 50214236054    0 2473    0     0          0    499309 126421382036458 32917079440    0    0    0     0       0          0
1784693487 | enp139s0f0np0: 184067541019717 50214984682    0 2473    0     0          0    499309 126421396246903 32917119984    0    0    0     0       0          0
1784693488 | enp139s0f0np0: 184070637397467 50215736412    0 2473    0     0          0    499309 126421410448468 32917160099    0    0    0     0       0          0
1784693489 | enp139s0f0np0: 184073633275781 50216464250    0 2473    0     0          0    499309 126421424259950 32917199660    0    0    0     0       0          0
1784693490 | enp139s0f0np0: 184076624829876 50217190606    0 2473    0     0          0    499310 126421437913285 32917238410    0    0    0     0       0          0
1784693491 | enp139s0f0np0: 184079613167768 50217916519    0 2473    0     0          0    499310 126421451573918 32917277324    0    0    0     0       0          0
1784693492 | enp139s0f0np0: 184082635116664 50218649840    0 2473    0     0          0    499310 126421465233545 32917316291    0    0    0     0       0          0
1784693493 | enp139s0f0np0: 184085566756963 50219361438    0 2473    0     0          0    499310 126421478497191 32917354430    0    0    0     0       0          0
1784693494 | enp139s0f0np0: 184088596524435 50220096950    0 2473    0     0          0    499310 126421492131300 32917393845    0    0    0     0       0          0
1784693495 | enp139s0f0np0: 184091562731697 50220817089    0 2473    0     0          0    499310 126421505227374 32917432513    0    0    0     0       0          0
1784693496 | enp139s0f0np0: 184094557993509 50221543936    0 2473    0     0          0    499310 126421518236782 32917470783    0    0    0     0       0          0
1784693497 | enp139s0f0np0: 184097606564614 50222283648    0 2473    0     0          0    499310 126421531171765 32917508774    0    0    0     0       0          0
1784693498 | enp139s0f0np0: 184100741902908 50223044392    0 2473    0     0          0    499310 126421544367125 32917548321    0    0    0     0       0          0
1784693499 | enp139s0f0np0: 184103838045193 50223795409    0 2473    0     0          0    499310 126421557400920 32917587283    0    0    0     0       0          0
1784693500 | enp139s0f0np0: 184106835536059 50224522806    0 2473    0     0          0    499310 126421570089960 32917625391    0    0    0     0       0          0
1784693501 | enp139s0f0np0: 184109953996819 50225279410    0 2473    0     0          0    499310 126421583447674 32917665228    0    0    0     0       0          0
1784693502 | enp139s0f0np0: 184112982959927 50226014812    0 2473    0     0          0    499310 126421596657158 32917704300    0    0    0     0       0          0
1784693503 | enp139s0f0np0: 184116001129800 50226747563    0 2473    0     0          0    499310 126421610284386 32917744297    0    0    0     0       0          0
1784693504 | enp139s0f0np0: 184119049355900 50227487553    0 2473    0     0          0    499310 126421624350258 32917783056    0    0    0     0       0          0
1784693505 | enp139s0f0np0: 184122027441568 50228210870    0 2473    0     0          0    499310 126421638183828 32917822109    0    0    0     0       0          0
1784693506 | enp139s0f0np0: 184125010241182 50228935438    0 2473    0     0          0    499310 126421652033454 32917861145    0    0    0     0       0          0
1784693507 | enp139s0f0np0: 184128002120965 50229662195    0 2473    0     0          0    499310 126421665927220 32917900606    0    0    0     0       0          0
1784693508 | enp139s0f0np0: 184130976276606 50230384342    0 2473    0     0          0    499310 126421679758371 32917940345    0    0    0     0       0          0
1784693509 | enp139s0f0np0: 184133959742315 50231108742    0 2473    0     0          0    499310 126421693555482 32917978428    0    0    0     0       0          0
1784693510 | enp139s0f0np0: 184136905588083 50231824016    0 2473    0     0          0    499310 126421707258947 32918016669    0    0    0     0       0          0
1784693511 | enp139s0f0np0: 184139909460434 50232553350    0 2473    0     0          0    499310 126421721159685 32918055566    0    0    0     0       0          0
1784693512 | enp139s0f0np0: 184142977834497 50233298235    0 2473    0     0          0    499310 126421735371431 32918094792    0    0    0     0       0          0
1784693513 | enp139s0f0np0: 184145946922671 50234019208    0 2473    0     0          0    499310 126421749133593 32918133587    0    0    0     0       0          0
1784693514 | enp139s0f0np0: 184148865404636 50234728094    0 2473    0     0          0    499310 126421762654372 32918171700    0    0    0     0       0          0
1784693515 | enp139s0f0np0: 184151860078836 50235455469    0 2473    0     0          0    499310 126421776578854 32918210522    0    0    0     0       0          0
1784693516 | enp139s0f0np0: 184154831057744 50236177098    0 2473    0     0          0    499310 126421790367714 32918249354    0    0    0     0       0          0
1784693517 | enp139s0f0np0: 184157807856641 50236900090    0 2473    0     0          0    499310 126421804189610 32918288596    0    0    0     0       0          0
1784693518 | enp139s0f0np0: 184160972192154 50237667904    0 2473    0     0          0    499310 126421818735379 32918327508    0    0    0     0       0          0
1784693519 | enp139s0f0np0: 184163990334905 50238400688    0 2473    0     0          0    499310 126421832641442 32918365770    0    0    0     0       0          0
1784693520 | enp139s0f0np0: 184166979504651 50239125950    0 2473    0     0          0    499311 126421846421143 32918403113    0    0    0     0       0          0
1784693521 | enp139s0f0np0: 184169981079162 50239854880    0 2473    0     0          0    499311 126421860341787 32918442643    0    0    0     0       0          0
1784693522 | enp139s0f0np0: 184173083439467 50240607787    0 2473    0     0          0    499311 126421874743111 32918483042    0    0    0     0       0          0
1784693523 | enp139s0f0np0: 184176104006424 50241341104    0 2473    0     0          0    499311 126421888742565 32918522167    0    0    0     0       0          0
1784693524 | enp139s0f0np0: 184179097100829 50242068050    0 2473    0     0          0    499311 126421902655109 32918561472    0    0    0     0       0          0
1784693525 | enp139s0f0np0: 184182025282709 50242778965    0 2473    0     0          0    499311 126421916264893 32918600063    0    0    0     0       0          0
1784693526 | enp139s0f0np0: 184184981827833 50243496967    0 2473    0     0          0    499311 126421929970417 32918638430    0    0    0     0       0          0
1784693527 | enp139s0f0np0: 184188054083716 50244243213    0 2473    0     0          0    499311 126421944226132 32918678938    0    0    0     0       0          0
1784693528 | enp139s0f0np0: 184191139322352 50244991992    0 2473    0     0          0    499311 126421958493302 32918718551    0    0    0     0       0          0
1784693529 | enp139s0f0np0: 184194158972036 50245725282    0 2473    0     0          0    499311 126421972500456 32918757770    0    0    0     0       0          0
1784693530 | enp139s0f0np0: 184197198828388 50246463328    0 2473    0     0          0    499311 126421986574379 32918797155    0    0    0     0       0          0
1784693531 | enp139s0f0np0: 184200216275654 50247195958    0 2473    0     0          0    499311 126422000546494 32918836293    0    0    0     0       0          0
1784693532 | enp139s0f0np0: 184203203162750 50247921414    0 2473    0     0          0    499311 126422014423452 32918875222    0    0    0     0       0          0
1784693533 | enp139s0f0np0: 184206214028098 50248652563    0 2473    0     0          0    499311 126422028340999 32918914395    0    0    0     0       0          0
1784693534 | enp139s0f0np0: 184209193988732 50249376501    0 2473    0     0          0    499311 126422042136588 32918952610    0    0    0     0       0          0
1784693535 | enp139s0f0np0: 184212203531800 50250107538    0 2473    0     0          0    499311 126422056101596 32918991710    0    0    0     0       0          0
1784693536 | enp139s0f0np0: 184215216232631 50250839072    0 2473    0     0          0    499311 126422070096064 32919031218    0    0    0     0       0          0
1784693537 | enp139s0f0np0: 184218492485519 50251633800    0 2473    0     0          0    499311 126422085133607 32919071478    0    0    0     0       0          0
1784693538 | enp139s0f0np0: 184221493057963 50252362432    0 2473    0     0          0    499311 126422099034155 32919110387    0    0    0     0       0          0
1784693539 | enp139s0f0np0: 184224438092040 50253077846    0 2473    0     0          0    499311 126422112643057 32919148371    0    0    0     0       0          0
1784693540 | enp139s0f0np0: 184227460837130 50253811879    0 2473    0     0          0    499311 126422126700880 32919188008    0    0    0     0       0          0
1784693541 | enp139s0f0np0: 184230465101370 50254541673    0 2473    0     0          0    499311 126422140613666 32919227475    0    0    0     0       0          0
1784693542 | enp139s0f0np0: 184233417916227 50255259068    0 2473    0     0          0    499311 126422154309842 32919265986    0    0    0     0       0          0
1784693543 | enp139s0f0np0: 184236499936726 50256007188    0 2473    0     0          0    499311 126422168525920 32919304544    0    0    0     0       0          0
1784693544 | enp139s0f0np0: 184239438548959 50256720649    0 2473    0     0          0    499311 126422182195934 32919343041    0    0    0     0       0          0
1784693545 | enp139s0f0np0: 184242448775563 50257451840    0 2473    0     0          0    499311 126422196189202 32919382266    0    0    0     0       0          0
1784693546 | enp139s0f0np0: 184245436312694 50258177583    0 2473    0     0          0    499311 126422210073395 32919422212    0    0    0     0       0          0
1784693547 | enp139s0f0np0: 184248498834264 50258921277    0 2473    0     0          0    499311 126422224231168 32919462084    0    0    0     0       0          0
1784693548 | enp139s0f0np0: 184251439192619 50259635531    0 2473    0     0          0    499311 126422237911407 32919500463    0    0    0     0       0          0
1784693549 | enp139s0f0np0: 184254500171115 50260378985    0 2473    0     0          0    499311 126422252074121 32919539680    0    0    0     0       0          0
1784693550 | enp139s0f0np0: 184257450187976 50261095756    0 2473    0     0          0    499312 126422265714021 32919578161    0    0    0     0       0          0
1784693551 | enp139s0f0np0: 184260442372508 50261822548    0 2473    0     0          0    499312 126422279630696 32919617323    0    0    0     0       0          0
1784693552 | enp139s0f0np0: 184263362273759 50262531821    0 2473    0     0          0    499312 126422293152409 32919654899    0    0    0     0       0          0
1784693553 | enp139s0f0np0: 184266348462425 50263257276    0 2473    0     0          0    499312 126422306981442 32919693795    0    0    0     0       0          0
1784693554 | enp139s0f0np0: 184269371614755 50263991631    0 2473    0     0          0    499312 126422320990344 32919732783    0    0    0     0       0          0
1784693555 | enp139s0f0np0: 184272312244614 50264705890    0 2473    0     0          0    499312 126422334618649 32919770928    0    0    0     0       0          0
1784693556 | enp139s0f0np0: 184275244963943 50265418433    0 2473    0     0          0    499312 126422348265293 32919809959    0    0    0     0       0          0
1784693557 | enp139s0f0np0: 184278274986665 50266153968    0 2473    0     0          0    499312 126422362305635 32919849034    0    0    0     0       0          0
1784693558 | enp139s0f0np0: 184281265544462 50266880238    0 2473    0     0          0    499312 126422376136950 32919887952    0    0    0     0       0          0
1784693559 | enp139s0f0np0: 184284270957718 50267610355    0 2473    0     0          0    499312 126422390091449 32919927030    0    0    0     0       0          0
1784693560 | enp139s0f0np0: 184287241017282 50268331600    0 2473    0     0          0    499312 126422403837465 32919965219    0    0    0     0       0          0
1784693561 | enp139s0f0np0: 184290324482725 50269080316    0 2473    0     0          0    499312 126422418047394 32920004359    0    0    0     0       0          0
1784693562 | enp139s0f0np0: 184293365032070 50269818894    0 2473    0     0          0    499312 126422432130976 32920043863    0    0    0     0       0          0
1784693563 | enp139s0f0np0: 184296297847563 50270531205    0 2473    0     0          0    499312 126422445718766 32920082287    0    0    0     0       0          0
1784693564 | enp139s0f0np0: 184299191523137 50271234208    0 2473    0     0          0    499312 126422459163242 32920119957    0    0    0     0       0          0
1784693565 | enp139s0f0np0: 184302134206302 50271949130    0 2473    0     0          0    499312 126422472774820 32920157974    0    0    0     0       0          0
1784693566 | enp139s0f0np0: 184305104230254 50272670590    0 2473    0     0          0    499312 126422486584911 32920197718    0    0    0     0       0          0
1784693567 | enp139s0f0np0: 184308199862533 50273422288    0 2473    0     0          0    499312 126422500914607 32920238205    0    0    0     0       0          0
1784693568 | enp139s0f0np0: 184311210638947 50274153182    0 2473    0     0          0    499312 126422514908941 32920278071    0    0    0     0       0          0
1784693569 | enp139s0f0np0: 184314274736174 50274897321    0 2473    0     0          0    499312 126422529046845 32920317189    0    0    0     0       0          0
1784693570 | enp139s0f0np0: 184317184537687 50275604192    0 2473    0     0          0    499312 126422542551538 32920355455    0    0    0     0       0          0
1784693571 | enp139s0f0np0: 184320192496143 50276334486    0 2473    0     0          0    499312 126422556499223 32920395044    0    0    0     0       0          0
1784693572 | enp139s0f0np0: 184323176671731 50277059403    0 2473    0     0          0    499312 126422570298346 32920433864    0    0    0     0       0          0
1784693573 | enp139s0f0np0: 184326180619621 50277789038    0 2473    0     0          0    499312 126422584157610 32920472990    0    0    0     0       0          0
1784693574 | enp139s0f0np0: 184329229392148 50278529480    0 2473    0     0          0    499312 126422598179370 32920511647    0    0    0     0       0          0
1784693575 | enp139s0f0np0: 184332170756582 50279243947    0 2473    0     0          0    499312 126422611838783 32920550072    0    0    0     0       0          0
1784693576 | enp139s0f0np0: 184335324603844 50280009129    0 2473    0     0          0    499312 126422626241102 32920588541    0    0    0     0       0          0
1784693577 | enp139s0f0np0: 184338339170223 50280741250    0 2473    0     0          0    499312 126422640198265 32920628151    0    0    0     0       0          0
1784693578 | enp139s0f0np0: 184341327280138 50281466508    0 2473    0     0          0    499312 126422653950484 32920666600    0    0    0     0       0          0
1784693579 | enp139s0f0np0: 184344310318044 50282190847    0 2473    0     0          0    499312 126422667724917 32920705423    0    0    0     0       0          0
1784693580 | enp139s0f0np0: 184347278651195 50282911560    0 2473    0     0          0    499313 126422681425621 32920743984    0    0    0     0       0          0
1784693581 | enp139s0f0np0: 184350299472499 50283644884    0 2473    0     0          0    499313 126422695311961 32920782817    0    0    0     0       0          0
1784693582 | enp139s0f0np0: 184353242678698 50284359613    0 2473    0     0          0    499313 126422708857953 32920821325    0    0    0     0       0          0
1784693583 | enp139s0f0np0: 184356254264861 50285090685    0 2473    0     0          0    499313 126422722682012 32920860624    0    0    0     0       0          0
1784693584 | enp139s0f0np0: 184358965783155 50285749214    0 2473    0     0          0    499313 126422735030011 32920895855    0    0    0     0       0          0
