hints = 1
Maintaining 16 concurrent writes of 262144 bytes to objects of size 262144 for up to 60 seconds or 0 objects
Object prefix: benchmark_data_tikv-node_3658084
  sec Cur ops   started  finished  avg MB/s  cur MB/s last lat(s)  avg lat(s)
    0       0         0         0         0         0           -           0
    1      16       421       405   101.235    101.25    0.041587   0.0378731
    2      16       699       683   85.3608      69.5    0.033305   0.0464885
    3      15      1089      1074   89.4852     97.75   0.0143867   0.0445153
    4      16      1273      1257   78.5496     45.75   0.0192035   0.0502345
    5      16      1483      1467   73.3381      52.5   0.0159479   0.0541648
    6      16      1695      1679    69.947        53   0.0452097   0.0563263
    7      16      1895      1879   67.0963        50  0.00734966   0.0570924
    8      16      2084      2068   64.6146     47.25    0.021643   0.0614758
    9      16      2299      2283   63.4065     53.75    0.068464    0.062977
   10      16      2504      2488   62.1901     51.25    0.031959   0.0638752
   11      16      2723      2707   61.5129     54.75    0.102074   0.0649885
   12      16      2919      2903   60.4695        49   0.0610822    0.065639
   13      16      3122      3106   59.7212     50.75   0.0272172   0.0667288
   14      16      3337      3321   59.2941     53.75    0.028804   0.0672274
   15      16      3525      3509   58.4739        47   0.0460794   0.0680804
   16      16      3730      3714    58.022     51.25   0.0721026   0.0685727
   17      16      3934      3918   57.6087        51   0.0597095   0.0690909
   18      16      4159      4143   57.5328     56.25   0.0146699   0.0694643
   19      16      4347      4331   56.9781        47   0.0213922   0.0699047
2026-07-06T01:58:18.571670+0800 min lat: 0.00726261 max lat: 1.04692 avg lat: 0.0702893
  sec Cur ops   started  finished  avg MB/s  cur MB/s last lat(s)  avg lat(s)
   20      16      4559      4543   56.7787        53   0.0172618   0.0702893
   21      16      4768      4752   56.5626     52.25   0.0238899   0.0705286
   22      16      4974      4958   56.3321      51.5   0.0190955   0.0708149
   23      16      5164      5148   55.9478      47.5   0.0251996   0.0712915
   24      16      5371      5355   55.7725     51.75   0.0520532   0.0715734
   25      16      5579      5563   55.6213        52   0.0136853   0.0716895
   26      16      5776      5760   55.3759     49.25   0.0458489   0.0720719
   27      16      5974      5958    55.158      49.5    0.045455   0.0723591
   28      16      6190      6174   55.1163        54   0.0216238   0.0724803
   29      16      6397      6381   54.9999     51.75   0.0152706   0.0725864
   30      16      6587      6571   54.7497      47.5   0.0741075   0.0728302
   31      16      6797      6781   54.6768      52.5   0.0100238   0.0729808
   32      16      7010      6994    54.632     53.25   0.0861383   0.0731922
   33      16      7209      7193   54.4838     49.75   0.0177045   0.0732399
   34      16      7390      7374    54.212     45.25   0.0193359   0.0736261
   35      16      7600      7584   54.1628      52.5   0.0453359   0.0734224
   36      16      7815      7799   54.1511     53.75    0.107712   0.0738557
   37      16      7994      7978   53.8969     44.75   0.0553869    0.074044
   38      16      8205      8189   53.8665     52.75   0.0131784    0.074208
   39      16      8409      8393   53.7928        51   0.0602014   0.0742258
2026-07-06T01:58:38.574917+0800 min lat: 0.00726261 max lat: 1.04692 avg lat: 0.0743437
  sec Cur ops   started  finished  avg MB/s  cur MB/s last lat(s)  avg lat(s)
   40      16      8623      8607   53.7852      53.5    0.012209   0.0743437
   41      16      8815      8799   53.6439        48   0.0206147   0.0744795
   42      16      9018      9002   53.5748     50.75   0.0122295   0.0743951
   43      16      9222      9206   53.5147        51   0.0168547   0.0747058
   44      16      9424      9408    53.446      50.5   0.0115399   0.0746961
   45      16      9632      9616   53.4137        52   0.0179742   0.0748298
   46      16      9835      9819   53.3556     50.75   0.0361841   0.0749208
   47      16     10045     10029   53.3372      52.5   0.0174853   0.0749403
   48      16     10237     10221   53.2259        48   0.0141602   0.0750738
   49      16     10447     10431   53.2109      52.5   0.0958831   0.0751508
   50      16     10644     10628   53.1315     49.25   0.0421694   0.0751986
   51      16     10854     10838   53.1189      52.5   0.0111367   0.0752116
   52      16     11057     11041   53.0732     50.75   0.0164794   0.0752923
   53      16     11267     11251   53.0622      52.5   0.0291876   0.0753523
   54      16     11473     11457   53.0332      51.5   0.0864794   0.0754178
   55      16     11677     11661    52.996        51   0.0373141    0.075445
   56      16     11866     11850   52.8933     47.25    0.019888   0.0755259
   57      16     11983     11967   52.4784     29.25  0.00893068   0.0751187
   58      16     12269     12253   52.8062      71.5   0.0120418   0.0757195
   59      16     12459     12443   52.7161      47.5   0.0109059   0.0758084
Total time run:         60.0062
Total writes made:      12654
Write size:             262144
Object size:            262144
Bandwidth (MB/sec):     52.7195
Stddev Bandwidth:       10.27
Max bandwidth (MB/sec): 101.25
Min bandwidth (MB/sec): 29.25
Average IOPS:           210
Stddev IOPS:            41.0801
Max IOPS:               405
Min IOPS:               117
Average Latency(s):     0.0758674
Stddev Latency(s):      0.0665595
Max latency(s):         1.1569
Min latency(s):         0.00726261
