hints = 1
  sec Cur ops   started  finished  avg MB/s  cur MB/s last lat(s)  avg lat(s)
    0       0         0         0         0         0           -           0
    1    1024     17158     16134   4033.05    4033.5   0.0537177   0.0600544
    2    1023     33809     32786   4097.85      4163   0.0564686   0.0606747
    3    1023     50670     49647   4136.89   4215.25   0.0565598   0.0606712
    4    1023     68184     67161   4197.19    4378.5   0.0466128   0.0602441
    5    1023     85098     84075   4203.38    4228.5    0.048503   0.0602682
    6    1023    102283    101260   4218.81   4296.25   0.0439727   0.0601282
    7    1023    119181    118158   4219.58    4224.5   0.0460365   0.0602134
    8    1023    136307    135284   4227.28    4281.5   0.0877793   0.0601773
    9    1023    153250    152227    4228.2   4235.75   0.0972777   0.0601831
   10    1023    169989    168966   4223.71   4184.75   0.0920944    0.060284
   11    1023    186653    185630   4218.44      4166    0.044871   0.0603962
   12    1023    203403    202380    4215.8    4187.5    0.104941   0.0604307
   13    1023    220509    219486   4220.45    4276.5    0.045549   0.0604096
   14    1023    237428    236405   4221.08   4229.75   0.0446183   0.0604078
   15    1023    254509    253486   4224.33   4270.25   0.0458534   0.0603792
   16    1023    271119    270096   4219.82    4152.5   0.0524951   0.0604353
   17    1023    287958    286935    4219.2   4209.75    0.110134   0.0604655
   18    1023    304887    303864   4219.91   4232.25    0.107254   0.0604587
   19    1023    322285    321262   4226.71    4349.5   0.0421987    0.060401
2026-07-19T01:09:09.790670+0700 min lat: 0.0381974 max lat: 0.165583 avg lat: 0.0602689
  sec Cur ops   started  finished  avg MB/s  cur MB/s last lat(s)  avg lat(s)
   20    1023    339894    338871   4235.48   4402.25   0.0420571   0.0602689
   21    1023    357069    356046   4238.23   4293.75   0.0478744   0.0602396
   22    1023    374341    373318   4241.84      4318   0.0447605   0.0601961
   23    1023    391012    389989   4238.61   4167.75   0.0533391   0.0602418
   24    1023    408243    407220   4241.48   4307.75   0.0482549   0.0602046
   25    1023    425275    424252   4242.12      4258   0.0454451   0.0602067
   26    1023    441569    440546   4235.62    4073.5   0.0459258   0.0602979
   27    1023    458935    457912   4239.54    4341.5    0.085713   0.0602487
   28    1023    476325    475302   4243.38    4347.5    0.088751    0.060204
   29    1023    493264    492241   4243.07   4234.75   0.0472702    0.060214
   30    1023    510205    509182   4242.79   4235.25    0.044475   0.0602157
   31    1023    526753    525730   4239.37      4137   0.0430328   0.0602666
   32    1023    544335    543312   4244.24    4395.5   0.0537992   0.0601961
   33    1023    561075    560052   4242.44      4185   0.0475409    0.060228
   34    1023    577937    576914   4241.63    4215.5   0.0446149   0.0602504
   35    1023    594913    593890   4241.69      4244   0.0449584    0.060248
   36    1023    612008    610985   4242.57   4273.75   0.0436157   0.0602323
   37    1023    628959    627936   4242.43   4237.75   0.0432537   0.0602428
   38    1023    645910    644887    4242.3   4237.75   0.0449987   0.0602343
   39    1023    662588    661565   4240.42    4169.5   0.0459166   0.0602709
2026-07-19T01:09:29.792292+0700 min lat: 0.0381974 max lat: 0.168395 avg lat: 0.0602685
  sec Cur ops   started  finished  avg MB/s  cur MB/s last lat(s)  avg lat(s)
   40    1023    679519    678496   4240.22   4232.75   0.0551043   0.0602685
   41    1023    697141    696118   4244.24    4405.5   0.0421145   0.0602234
   42    1023    714060    713037   4243.89   4229.75    0.051002   0.0602207
   43    1023    730187    729164   4238.95   4031.75   0.0935559   0.0603012
   44    1023    747260    746237   4239.61   4268.25    0.053156   0.0603018
   45    1023    764698    763675   4242.26    4359.5   0.0912753    0.060259
   46    1023    782030    781007   4244.23      4333   0.0458258   0.0602314
   47    1023    798452    797429   4241.27    4105.5   0.0477816   0.0602759
   48    1023    815342    814319   4240.87    4222.5   0.0503468   0.0602753
   49    1023    832278    831255   4240.72      4234   0.0444464   0.0602836
   50    1023    848926    847903   4239.14      4162   0.0448685   0.0603044
   51    1023    865901    864878   4239.22   4243.75   0.0459361    0.060307
   52    1023    883301    882278   4241.34      4350   0.0417508   0.0602787
   53    1023    900354    899331   4241.75   4263.25   0.0967013    0.060268
   54    1023    917185    916162   4241.11   4207.75   0.0937531   0.0602851
   55    1023    933867    932844   4239.82    4170.5   0.0878977   0.0603039
   56    1023    951568    950545   4243.12   4425.25   0.0429955   0.0602614
   57    1023    968960    967937   4244.96      4348   0.0941057    0.060231
   58    1023    985203    984180   4241.77   4060.75   0.0896818   0.0602826
   59    1023   1002354   1001331   4242.55   4287.75   0.0459659   0.0602707
2026-07-19T01:09:49.799585+0700 min lat: 0.0182516 max lat: 0.169291 avg lat: 0.0602736
  sec Cur ops   started  finished  avg MB/s  cur MB/s last lat(s)  avg lat(s)
   60     465   1019030   1018565   4243.25    4308.5   0.0182516   0.0602736
Total time run:       60.0561
Total reads made:     1019030
Read size:            262144
Object size:          262144
Bandwidth (MB/sec):   4241.99
Average IOPS:         16967
Stddev IOPS:          356.751
Max IOPS:             17701
Min IOPS:             16127
Average Latency(s):   0.0602709
Max latency(s):       0.169291
Min latency(s):       0.0129752
