1784746424 | enp139s0f0np0: 214242253350890 58007667084    0 2473    0     0          0    501074 159672919507568 41456736881    0    0    0     0       0          0
1784746425 | enp139s0f0np0: 214242380796553 58007710419    0 2473    0     0          0    501074 159674479444583 41457112720    0    0    0     0       0          0
1784746426 | enp139s0f0np0: 214242960841645 58007879032    0 2473    0     0          0    501074 159678110002851 41457990733    0    0    0     0       0          0
1784746427 | enp139s0f0np0: 214243369209578 58008005033    0 2473    0     0          0    501074 159680610273864 41458598788    0    0    0     0       0          0
1784746428 | enp139s0f0np0: 214244021701583 58008189251    0 2473    0     0          0    501074 159682936848017 41459167928    0    0    0     0       0          0
1784746429 | enp139s0f0np0: 214244565181548 58008347005    0 2473    0     0          0    501074 159685752313932 41459852396    0    0    0     0       0          0
1784746430 | enp139s0f0np0: 214245246669419 58008538382    0 2473    0     0          0    501074 159688818391477 41460597526    0    0    0     0       0          0
1784746431 | enp139s0f0np0: 214245772456579 58008690155    0 2473    0     0          0    501074 159691317894052 41461205992    0    0    0     0       0          0
1784746432 | enp139s0f0np0: 214246359946250 58008858763    0 2473    0     0          0    501074 159693868281659 41461828632    0    0    0     0       0          0
1784746433 | enp139s0f0np0: 214246893806595 58009014363    0 2473    0     0          0    501074 159696590574831 41462490952    0    0    0     0       0          0
1784746434 | enp139s0f0np0: 214247565273991 58009202902    0 2473    0     0          0    501074 159699328412437 41463157700    0    0    0     0       0          0
1784746435 | enp139s0f0np0: 214248278474960 58009399492    0 2473    0     0          0    501074 159701842952830 41463771733    0    0    0     0       0          0
1784746436 | enp139s0f0np0: 214248802688580 58009553710    0 2473    0     0          0    501074 159704247641783 41464357760    0    0    0     0       0          0
1784746437 | enp139s0f0np0: 214249236546363 58009683164    0 2473    0     0          0    501074 159706657264013 41464943597    0    0    0     0       0          0
1784746438 | enp139s0f0np0: 214249782367894 58009832767    0 2473    0     0          0    501074 159707907497935 41465254478    0    0    0     0       0          0
1784746439 | enp139s0f0np0: 214250526760856 58010036827    0 2473    0     0          0    501074 159710412967312 41465866688    0    0    0     0       0          0
1784746440 | enp139s0f0np0: 214250716939741 58010107925    0 2473    0     0          0    501074 159713226282423 41466545560    0    0    0     0       0          0
1784746441 | enp139s0f0np0: 214251288306164 58010270569    0 2473    0     0          0    501074 159715455325278 41467089462    0    0    0     0       0          0
1784746442 | enp139s0f0np0: 214252044169029 58010475700    0 2473    0     0          0    501074 159717517195382 41467595509    0    0    0     0       0          0
1784746443 | enp139s0f0np0: 214252528157736 58010619004    0 2473    0     0          0    501074 159719996380656 41468197961    0    0    0     0       0          0
1784746444 | enp139s0f0np0: 214252796969634 58010702775    0 2473    0     0          0    501074 159721629090475 41468595822    0    0    0     0       0          0
1784746445 | enp139s0f0np0: 214253493315288 58010899265    0 2473    0     0          0    501075 159724393914141 41469269400    0    0    0     0       0          0
1784746446 | enp139s0f0np0: 214253964374784 58011040950    0 2473    0     0          0    501075 159727496671033 41470021530    0    0    0     0       0          0
1784746447 | enp139s0f0np0: 214254293820907 58011147032    0 2473    0     0          0    501075 159730300486566 41470699945    0    0    0     0       0          0
1784746448 | enp139s0f0np0: 214255012427769 58011347287    0 2473    0     0          0    501075 159732785741973 41471307156    0    0    0     0       0          0
1784746449 | enp139s0f0np0: 214255632196149 58011522229    0 2473    0     0          0    501075 159735378043297 41471938612    0    0    0     0       0          0
1784746450 | enp139s0f0np0: 214255826508619 58011593577    0 2473    0     0          0    501075 159737881044695 41472543079    0    0    0     0       0          0
1784746451 | enp139s0f0np0: 214256131412835 58011691002    0 2473    0     0          0    501075 159739997402543 41473057249    0    0    0     0       0          0
1784746452 | enp139s0f0np0: 214256876468563 58011898872    0 2473    0     0          0    501075 159742917830855 41473767998    0    0    0     0       0          0
1784746453 | enp139s0f0np0: 214257060866282 58011969905    0 2473    0     0          0    501075 159745828852286 41474469893    0    0    0     0       0          0
1784746454 | enp139s0f0np0: 214257634484536 58012136517    0 2473    0     0          0    501075 159748511982957 41475123527    0    0    0     0       0          0
1784746455 | enp139s0f0np0: 214257643544646 58012161723    0 2473    0     0          0    501075 159751362521481 41475807980    0    0    0     0       0          0
1784746456 | enp139s0f0np0: 214257649841019 58012193797    0 2473    0     0          0    501075 159755090122775 41476702964    0    0    0     0       0          0
1784746457 | enp139s0f0np0: 214257653677990 58012213937    0 2473    0     0          0    501075 159756878637384 41477134688    0    0    0     0       0          0
1784746458 | enp139s0f0np0: 214257658323961 58012238000    0 2473    0     0          0    501075 159759486791770 41477761527    0    0    0     0       0          0
1784746459 | enp139s0f0np0: 214257663433175 58012265336    0 2473    0     0          0    501075 159762290147802 41478435975    0    0    0     0       0          0
1784746460 | enp139s0f0np0: 214257666381451 58012281395    0 2473    0     0          0    501075 159763898264370 41478822970    0    0    0     0       0          0
1784746461 | enp139s0f0np0: 214257673000474 58012315197    0 2473    0     0          0    501075 159767922399217 41479789056    0    0    0     0       0          0
1784746462 | enp139s0f0np0: 214257674856834 58012325581    0 2473    0     0          0    501075 159768723731224 41479982431    0    0    0     0       0          0
1784746463 | enp139s0f0np0: 214257681124825 58012358004    0 2473    0     0          0    501075 159772507986461 41480891074    0    0    0     0       0          0
1784746464 | enp139s0f0np0: 214257685334005 58012379818    0 2473    0     0          0    501075 159774874483425 41481459943    0    0    0     0       0          0
1784746465 | enp139s0f0np0: 214257691092998 58012407976    0 2473    0     0          0    501075 159778376224221 41482300988    0    0    0     0       0          0
1784746466 | enp139s0f0np0: 214257694676631 58012426917    0 2473    0     0          0    501075 159780387820977 41482784595    0    0    0     0       0          0
1784746467 | enp139s0f0np0: 214257699738013 58012453125    0 2473    0     0          0    501075 159783423674199 41483513664    0    0    0     0       0          0
1784746468 | enp139s0f0np0: 214257704591393 58012478673    0 2473    0     0          0    501075 159786281057427 41484199959    0    0    0     0       0          0
1784746469 | enp139s0f0np0: 214257716116119 58012506411    0 2473    0     0          0    501075 159789320912520 41484930422    0    0    0     0       0          0
1784746470 | enp139s0f0np0: 214257782314756 58012542641    0 2473    0     0          0    501075 159791810396469 41485529599    0    0    0     0       0          0
1784746471 | enp139s0f0np0: 214257827500353 58012576855    0 2473    0     0          0    501075 159794403188130 41486153484    0    0    0     0       0          0
1784746472 | enp139s0f0np0: 214258023386254 58012655895    0 2473    0     0          0    501075 159798650674093 41487175062    0    0    0     0       0          0
1784746473 | enp139s0f0np0: 214258279081358 58012739659    0 2473    0     0          0    501075 159800637101740 41487657459    0    0    0     0       0          0
1784746474 | enp139s0f0np0: 214258350781077 58012786806    0 2473    0     0          0    501075 159804542893640 41488596112    0    0    0     0       0          0
1784746475 | enp139s0f0np0: 214258353037300 58012798485    0 2473    0     0          0    501076 159805754168806 41488887514    0    0    0     0       0          0
1784746476 | enp139s0f0np0: 214258484921722 58012846308    0 2473    0     0          0    501076 159807303613972 41489262705    0    0    0     0       0          0
1784746477 | enp139s0f0np0: 214258494907690 58012860191    0 2473    0     0          0    501076 159808504831576 41489551693    0    0    0     0       0          0
1784746478 | enp139s0f0np0: 214258498196753 58012877906    0 2473    0     0          0    501076 159810270259222 41489976499    0    0    0     0       0          0
1784746479 | enp139s0f0np0: 214258500109971 58012887407    0 2473    0     0          0    501076 159811225564980 41490206446    0    0    0     0       0          0
1784746480 | enp139s0f0np0: 214258503432882 58012905079    0 2473    0     0          0    501076 159812932810794 41490617501    0    0    0     0       0          0
1784746481 | enp139s0f0np0: 214258505569995 58012916112    0 2473    0     0          0    501076 159814130308220 41490905295    0    0    0     0       0          0
1784746482 | enp139s0f0np0: 214258509269810 58012935611    0 2473    0     0          0    501076 159816156086998 41491392562    0    0    0     0       0          0
1784746483 | enp139s0f0np0: 214258511122471 58012945836    0 2473    0     0          0    501076 159817146521226 41491630828    0    0    0     0       0          0
1784746484 | enp139s0f0np0: 214258514478408 58012963610    0 2473    0     0          0    501076 159818990288179 41492074170    0    0    0     0       0          0
1784746485 | enp139s0f0np0: 214258515953319 58012972000    0 2473    0     0          0    501076 159819767056728 41492261112    0    0    0     0       0          0
1784746486 | enp139s0f0np0: 214258518927241 58012988690    0 2473    0     0          0    501076 159821366481608 41492645833    0    0    0     0       0          0
1784746487 | enp139s0f0np0: 214258521024546 58013000773    0 2473    0     0          0    501076 159822518221472 41492922742    0    0    0     0       0          0
1784746488 | enp139s0f0np0: 214258523636832 58013015128    0 2473    0     0          0    501076 159823950009498 41493267156    0    0    0     0       0          0
1784746489 | enp139s0f0np0: 214258526088276 58013027723    0 2473    0     0          0    501076 159825218928500 41493572719    0    0    0     0       0          0
1784746490 | enp139s0f0np0: 214258529011121 58013043296    0 2473    0     0          0    501076 159826664746938 41493921269    0    0    0     0       0          0
1784746491 | enp139s0f0np0: 214258531266339 58013055264    0 2473    0     0          0    501076 159827789313348 41494192496    0    0    0     0       0          0
1784746492 | enp139s0f0np0: 214258664899014 58013105614    0 2473    0     0          0    501076 159829746561404 41494665886    0    0    0     0       0          0
1784746493 | enp139s0f0np0: 214258741496846 58013132456    0 2473    0     0          0    501076 159830604679338 41494873516    0    0    0     0       0          0
1784746494 | enp139s0f0np0: 214258836227185 58013172926    0 2473    0     0          0    501076 159832505901657 41495332482    0    0    0     0       0          0
1784746495 | enp139s0f0np0: 214258947146443 58013206696    0 2473    0     0          0    501076 159833059581559 41495468048    0    0    0     0       0          0
1784746496 | enp139s0f0np0: 214259153363775 58013277416    0 2473    0     0          0    501076 159835040582531 41495948441    0    0    0     0       0          0
1784746497 | enp139s0f0np0: 214259212533137 58013298615    0 2473    0     0          0    501076 159835644494699 41496095107    0    0    0     0       0          0
1784746498 | enp139s0f0np0: 214259300882841 58013336186    0 2473    0     0          0    501076 159837125002139 41496453145    0    0    0     0       0          0
1784746499 | enp139s0f0np0: 214259302435454 58013344752    0 2473    0     0          0    501076 159837926693673 41496646103    0    0    0     0       0          0
1784746500 | enp139s0f0np0: 214259305184079 58013360643    0 2473    0     0          0    501076 159839326679005 41496983227    0    0    0     0       0          0
1784746501 | enp139s0f0np0: 214259306525490 58013368252    0 2473    0     0          0    501076 159840034899259 41497153684    0    0    0     0       0          0
1784746502 | enp139s0f0np0: 214259309883476 58013387607    0 2473    0     0          0    501076 159841791295359 41497576587    0    0    0     0       0          0
1784746503 | enp139s0f0np0: 214259310995496 58013393983    0 2473    0     0          0    501076 159842312039591 41497702123    0    0    0     0       0          0
1784746504 | enp139s0f0np0: 214259314415163 58013413192    0 2473    0     0          0    501076 159843996546667 41498108038    0    0    0     0       0          0
1784746505 | enp139s0f0np0: 214259316286681 58013422741    0 2473    0     0          0    501077 159844800611726 41498302385    0    0    0     0       0          0
1784746506 | enp139s0f0np0: 214259318923568 58013437161    0 2473    0     0          0    501077 159846270599186 41498655823    0    0    0     0       0          0
1784746507 | enp139s0f0np0: 214259320608453 58013446390    0 2473    0     0          0    501077 159847177291616 41498873921    0    0    0     0       0          0
1784746508 | enp139s0f0np0: 214259323144505 58013460704    0 2473    0     0          0    501077 159848510594678 41499194855    0    0    0     0       0          0
1784746509 | enp139s0f0np0: 214259324635879 58013469381    0 2473    0     0          0    501077 159849264294302 41499376305    0    0    0     0       0          0
1784746510 | enp139s0f0np0: 214259326784931 58013480182    0 2473    0     0          0    501077 159850094752178 41499577639    0    0    0     0       0          0
1784746511 | enp139s0f0np0: 214259328362569 58013489173    0 2473    0     0          0    501077 159850819915844 41499752590    0    0    0     0       0          0
1784746512 | enp139s0f0np0: 214259330105263 58013498679    0 2473    0     0          0    501077 159851689296078 41499961974    0    0    0     0       0          0
1784746513 | enp139s0f0np0: 214259526400455 58013562089    0 2473    0     0          0    501077 159853026781506 41500287520    0    0    0     0       0          0
1784746514 | enp139s0f0np0: 214259539048207 58013572061    0 2473    0     0          0    501077 159853565699661 41500417666    0    0    0     0       0          0
1784746515 | enp139s0f0np0: 214259540921604 58013582995    0 2473    0     0          0    501077 159854472999227 41500636309    0    0    0     0       0          0
1784746516 | enp139s0f0np0: 214259611286113 58013611743    0 2473    0     0          0    501077 159855457054377 41500874586    0    0    0     0       0          0
1784746517 | enp139s0f0np0: 214259714087601 58013650351    0 2473    0     0          0    501077 159856643028243 41501162218    0    0    0     0       0          0
1784746518 | enp139s0f0np0: 214259821004089 58013688465    0 2473    0     0          0    501077 159857826890605 41501448744    0    0    0     0       0          0
1784746519 | enp139s0f0np0: 214259892195497 58013717581    0 2473    0     0          0    501077 159858882742543 41501704219    0    0    0     0       0          0
1784746520 | enp139s0f0np0: 214259961719866 58013745686    0 2473    0     0          0    501077 159859924770505 41501956085    0    0    0     0       0          0
1784746521 | enp139s0f0np0: 214259964026361 58013759117    0 2473    0     0          0    501077 159861150989435 41502251156    0    0    0     0       0          0
1784746522 | enp139s0f0np0: 214259965950967 58013769450    0 2473    0     0          0    501077 159862187478015 41502500360    0    0    0     0       0          0
1784746523 | enp139s0f0np0: 214260063531554 58013808915    0 2473    0     0          0    501077 159863657038453 41502855583    0    0    0     0       0          0
1784746524 | enp139s0f0np0: 214260106537357 58013825793    0 2473    0     0          0    501077 159864149606518 41502975004    0    0    0     0       0          0
1784746525 | enp139s0f0np0: 214260109520340 58013842942    0 2473    0     0          0    501077 159865578454228 41503319338    0    0    0     0       0          0
1784746526 | enp139s0f0np0: 214260111651819 58013854181    0 2473    0     0          0    501077 159866517979403 41503546230    0    0    0     0       0          0
1784746527 | enp139s0f0np0: 214260114363341 58013868411    0 2473    0     0          0    501077 159867757969718 41503845619    0    0    0     0       0          0
1784746528 | enp139s0f0np0: 214260116359267 58013879476    0 2473    0     0          0    501077 159868692710696 41504070822    0    0    0     0       0          0
1784746529 | enp139s0f0np0: 214260119171485 58013896093    0 2473    0     0          0    501077 159870070238526 41504402469    0    0    0     0       0          0
1784746530 | enp139s0f0np0: 214260120776350 58013905427    0 2473    0     0          0    501077 159870783063512 41504574328    0    0    0     0       0          0
1784746531 | enp139s0f0np0: 214260123214988 58013920015    0 2473    0     0          0    501077 159871991129302 41504865175    0    0    0     0       0          0
1784746532 | enp139s0f0np0: 214260125624685 58013932755    0 2473    0     0          0    501077 159873013987680 41505112450    0    0    0     0       0          0
1784746533 | enp139s0f0np0: 214260127359131 58013941879    0 2473    0     0          0    501077 159873853453614 41505314536    0    0    0     0       0          0
1784746534 | enp139s0f0np0: 214260129175786 58013951602    0 2473    0     0          0    501077 159874684995759 41505514933    0    0    0     0       0          0
1784746535 | enp139s0f0np0: 214260131429071 58013964502    0 2473    0     0          0    501078 159875801364573 41505783665    0    0    0     0       0          0
1784746536 | enp139s0f0np0: 214260133319327 58013975126    0 2473    0     0          0    501078 159876689992825 41505997788    0    0    0     0       0          0
1784746537 | enp139s0f0np0: 214260135134345 58013985135    0 2473    0     0          0    501078 159877527424781 41506199686    0    0    0     0       0          0
1784746538 | enp139s0f0np0: 214260136691859 58013993803    0 2473    0     0          0    501078 159878265281945 41506377439    0    0    0     0       0          0
1784746539 | enp139s0f0np0: 214260207339581 58014024138    0 2473    0     0          0    501078 159879319014845 41506632666    0    0    0     0       0          0
1784746540 | enp139s0f0np0: 214260277056700 58014048778    0 2473    0     0          0    501078 159879927225463 41506780541    0    0    0     0       0          0
1784746541 | enp139s0f0np0: 214260347703185 58014078014    0 2473    0     0          0    501078 159880976024782 41507034838    0    0    0     0       0          0
1784746542 | enp139s0f0np0: 214260349909736 58014089202    0 2473    0     0          0    501078 159881853349303 41507247396    0    0    0     0       0          0
1784746543 | enp139s0f0np0: 214260455123827 58014122124    0 2473    0     0          0    501078 159882446788759 41507392396    0    0    0     0       0          0
1784746544 | enp139s0f0np0: 214260490275811 58014144169    0 2473    0     0          0    501078 159883583404114 41507666805    0    0    0     0       0          0
1784746545 | enp139s0f0np0: 214260510991964 58014158945    0 2473    0     0          0    501078 159884376418943 41507858197    0    0    0     0       0          0
1784746546 | enp139s0f0np0: 214260631447469 58014203509    0 2473    0     0          0    501078 159885706120716 41508180529    0    0    0     0       0          0
1784746547 | enp139s0f0np0: 214260686801048 58014225846    0 2473    0     0          0    501078 159886501545874 41508373146    0    0    0     0       0          0
1784746548 | enp139s0f0np0: 214260772404436 58014261401    0 2473    0     0          0    501078 159887774226222 41508681054    0    0    0     0       0          0
1784746549 | enp139s0f0np0: 214260773023323 58014264775    0 2473    0     0          0    501078 159888020705790 41508740478    0    0    0     0       0          0
1784746550 | enp139s0f0np0: 214260788799878 58014278725    0 2473    0     0          0    501078 159888856454063 41508942547    0    0    0     0       0          0
1784746551 | enp139s0f0np0: 214260913502693 58014319208    0 2473    0     0          0    501078 159889849958146 41509183619    0    0    0     0       0          0
1784746552 | enp139s0f0np0: 214260914870417 58014326979    0 2473    0     0          0    501078 159890429417792 41509323338    0    0    0     0       0          0
1784746553 | enp139s0f0np0: 214260916785776 58014338202    0 2473    0     0          0    501078 159891334597598 41509541540    0    0    0     0       0          0
1784746554 | enp139s0f0np0: 214260918381219 58014347875    0 2473    0     0          0    501078 159892069001759 41509718580    0    0    0     0       0          0
1784746555 | enp139s0f0np0: 214260919625565 58014355385    0 2473    0     0          0    501078 159892594615243 41509845523    0    0    0     0       0          0
1784746556 | enp139s0f0np0: 214260921835085 58014367590    0 2473    0     0          0    501078 159893531227117 41510071842    0    0    0     0       0          0
1784746557 | enp139s0f0np0: 214260923110553 58014375065    0 2473    0     0          0    501078 159894102148109 41510209587    0    0    0     0       0          0
1784746558 | enp139s0f0np0: 214260925298798 58014387030    0 2473    0     0          0    501078 159895107460407 41510452090    0    0    0     0       0          0
1784746559 | enp139s0f0np0: 214260926645137 58014395138    0 2473    0     0          0    501078 159895751911465 41510607279    0    0    0     0       0          0
1784746560 | enp139s0f0np0: 214260928144226 58014403784    0 2473    0     0          0    501078 159896416502483 41510767676    0    0    0     0       0          0
1784746561 | enp139s0f0np0: 214260998585462 58014432602    0 2473    0     0          0    501078 159897435684827 41511014567    0    0    0     0       0          0
1784746562 | enp139s0f0np0: 214261001390332 58014448163    0 2473    0     0          0    501078 159898591159827 41511294242    0    0    0     0       0          0
1784746563 | enp139s0f0np0: 214261004094904 58014463029    0 2473    0     0          0    501078 159899689701139 41511560242    0    0    0     0       0          0
1784746564 | enp139s0f0np0: 214261006906533 58014479435    0 2473    0     0          0    501078 159901033796956 41511884297    0    0    0     0       0          0
1784746565 | enp139s0f0np0: 214261009568878 58014495466    0 2473    0     0          0    501079 159902270103630 41512182454    0    0    0     0       0          0
1784746566 | enp139s0f0np0: 214261217238503 58014561708    0 2473    0     0          0    501079 159903524110350 41512488052    0    0    0     0       0          0
1784746567 | enp139s0f0np0: 214261218992043 58014572293    0 2473    0     0          0    501079 159904342525212 41512685285    0    0    0     0       0          0
1784746568 | enp139s0f0np0: 214261220430744 58014581344    0 2473    0     0          0    501079 159905030759960 41512851126    0    0    0     0       0          0
1784746569 | enp139s0f0np0: 214261325298120 58014617929    0 2473    0     0          0    501079 159906113909586 41513113612    0    0    0     0       0          0
1784746570 | enp139s0f0np0: 214261429874041 58014656573    0 2473    0     0          0    501079 159907287483866 41513398047    0    0    0     0       0          0
1784746571 | enp139s0f0np0: 214261448702223 58014671327    0 2473    0     0          0    501079 159908122103866 41513599610    0    0    0     0       0          0
1784746572 | enp139s0f0np0: 214261570589889 58014713757    0 2473    0     0          0    501079 159909261037104 41513876088    0    0    0     0       0          0
1784746573 | enp139s0f0np0: 214261572988733 58014728296    0 2473    0     0          0    501079 159910434974378 41514159064    0    0    0     0       0          0
1784746574 | enp139s0f0np0: 214261656400420 58014758838    0 2473    0     0          0    501079 159911290124425 41514366629    0    0    0     0       0          0
1784746575 | enp139s0f0np0: 214261714175988 58014789105    0 2473    0     0          0    501079 159912661532293 41514698107    0    0    0     0       0          0
1784746576 | enp139s0f0np0: 214261715150064 58014795069    0 2473    0     0          0    501079 159913133419779 41514811865    0    0    0     0       0          0
1784746577 | enp139s0f0np0: 214261717639042 58014809409    0 2473    0     0          0    501079 159914187290421 41515066823    0    0    0     0       0          0
1784746578 | enp139s0f0np0: 214261720278202 58014823461    0 2473    0     0          0    501079 159915215837129 41515316376    0    0    0     0       0          0
1784746579 | enp139s0f0np0: 214261722523967 58014836197    0 2473    0     0          0    501079 159916380828411 41515596950    0    0    0     0       0          0
1784746580 | enp139s0f0np0: 214261724024772 58014844831    0 2473    0     0          0    501079 159917121928503 41515775558    0    0    0     0       0          0
1784746581 | enp139s0f0np0: 214261725582080 58014853825    0 2473    0     0          0    501079 159917872918321 41515956657    0    0    0     0       0          0
1784746582 | enp139s0f0np0: 214261726903097 58014861813    0 2473    0     0          0    501079 159918541363451 41516117540    0    0    0     0       0          0
1784746583 | enp139s0f0np0: 214261728863125 58014873712    0 2473    0     0          0    501079 159919488548297 41516345830    0    0    0     0       0          0
1784746584 | enp139s0f0np0: 214261800153033 58014907958    0 2473    0     0          0    501079 159920960437982 41516701562    0    0    0     0       0          0
1784746585 | enp139s0f0np0: 214261803720637 58014928899    0 2473    0     0          0    501079 159922739301394 41517130101    0    0    0     0       0          0
1784746586 | enp139s0f0np0: 214261807596118 58014951580    0 2473    0     0          0    501079 159924632848892 41517586541    0    0    0     0       0          0
1784746587 | enp139s0f0np0: 214261915607829 58014989673    0 2473    0     0          0    501079 159925613800200 41517824928    0    0    0     0       0          0
1784746588 | enp139s0f0np0: 214261961401544 58015010768    0 2473    0     0          0    501079 159926492602016 41518037432    0    0    0     0       0          0
1784746589 | enp139s0f0np0: 214262017619114 58015031389    0 2473    0     0          0    501079 159927069857220 41518177620    0    0    0     0       0          0
1784746590 | enp139s0f0np0: 214262087846282 58015058797    0 2473    0     0          0    501079 159927956087511 41518392423    0    0    0     0       0          0
1784746591 | enp139s0f0np0: 214262089308264 58015066750    0 2473    0     0          0    501079 159928530300526 41518531491    0    0    0     0       0          0
1784746592 | enp139s0f0np0: 214262159602337 58015093611    0 2473    0     0          0    501079 159929312586626 41518721390    0    0    0     0       0          0
1784746593 | enp139s0f0np0: 214262297859598 58015137964    0 2473    0     0          0    501079 159930188539688 41518934970    0    0    0     0       0          0
1784746594 | enp139s0f0np0: 214262299327406 58015145256    0 2473    0     0          0    501080 159930727270245 41519065708    0    0    0     0       0          0
1784746595 | enp139s0f0np0: 214262301694688 58015159775    0 2473    0     0          0    501080 159931875181779 41519342415    0    0    0     0       0          0
1784746596 | enp139s0f0np0: 214262304189856 58015166924    0 2473    0     0          0    501080 159932451327767 41519481173    0    0    0     0       0          0
1784746597 | enp139s0f0np0: 214262442022305 58015214596    0 2473    0     0          0    501080 159933683980055 41519780435    0    0    0     0       0          0
1784746598 | enp139s0f0np0: 214262442974596 58015220018    0 2473    0     0          0    501080 159934114547027 41519884254    0    0    0     0       0          0
1784746599 | enp139s0f0np0: 214262444596966 58015228789    0 2473    0     0          0    501080 159934908985187 41520075647    0    0    0     0       0          0
1784746600 | enp139s0f0np0: 214262445891598 58015236330    0 2473    0     0          0    501080 159935515109355 41520221817    0    0    0     0       0          0
1784746601 | enp139s0f0np0: 214262447463083 58015245211    0 2473    0     0          0    501080 159936272492695 41520404421    0    0    0     0       0          0
1784746602 | enp139s0f0np0: 214262517946505 58015274115    0 2473    0     0          0    501080 159937311305661 41520656054    0    0    0     0       0          0
1784746603 | enp139s0f0np0: 214262518490487 58015277157    0 2473    0     0          0    501080 159937533501817 41520709661    0    0    0     0       0          0
1784746604 | enp139s0f0np0: 214262520507302 58015288164    0 2473    0     0          0    501080 159938592499090 41520964531    0    0    0     0       0          0
1784746605 | enp139s0f0np0: 214262520707260 58015288562    0 2473    0     0          0    501080 159938602170934 41520967076    0    0    0     0       0          0
1784746606 | enp139s0f0np0: 214262520878977 58015288825    0 2473    0     0          0    501080 159938602238284 41520967314    0    0    0     0       0          0
1784746607 | enp139s0f0np0: 214262521051374 58015289081    0 2473    0     0          0    501080 159938602300066 41520967535    0    0    0     0       0          0
1784746609 | enp139s0f0np0: 214262521206506 58015289337    0 2473    0     0          0    501080 159938602363168 41520967759    0    0    0     0       0          0
1784746610 | enp139s0f0np0: 214262521398152 58015289713    0 2473    0     0          0    501080 159938602477522 41520968134    0    0    0     0       0          0
1784746611 | enp139s0f0np0: 214262521602385 58015290025    0 2473    0     0          0    501080 159938602558690 41520968400    0    0    0     0       0          0
1784746612 | enp139s0f0np0: 214262521783090 58015290315    0 2473    0     0          0    501080 159938602636624 41520968674    0    0    0     0       0          0
1784746613 | enp139s0f0np0: 214262522071458 58015290878    0 2473    0     0          0    501080 159938602802866 41520969203    0    0    0     0       0          0
1784746614 | enp139s0f0np0: 214262590827481 58015309088    0 2473    0     0          0    501080 159938671458938 41520987354    0    0    0     0       0          0
1784746615 | enp139s0f0np0: 214262591257557 58015310170    0 2473    0     0          0    501080 159938671791659 41520988285    0    0    0     0       0          0
1784746616 | enp139s0f0np0: 214262591622248 58015310953    0 2473    0     0          0    501080 159938672007569 41520988892    0    0    0     0       0          0
1784746617 | enp139s0f0np0: 214262591989381 58015311752    0 2473    0     0          0    501080 159938672219663 41520989525    0    0    0     0       0          0
1784746618 | enp139s0f0np0: 214262592549608 58015313149    0 2473    0     0          0    501080 159938672636156 41520990737    0    0    0     0       0          0
1784746619 | enp139s0f0np0: 214262661710688 58015332760    0 2473    0     0          0    501080 159938741795613 41521010242    0    0    0     0       0          0
1784746620 | enp139s0f0np0: 214262661964839 58015333219    0 2473    0     0          0    501080 159938741885757 41521010530    0    0    0     0       0          0
1784746621 | enp139s0f0np0: 214262730745002 58015351464    0 2473    0     0          0    501080 159938810533285 41521028650    0    0    0     0       0          0
1784746622 | enp139s0f0np0: 214262730968074 58015351780    0 2473    0     0          0    501080 159938810573527 41521028783    0    0    0     0       0          0
1784746623 | enp139s0f0np0: 214262731192407 58015352200    0 2473    0     0          0    501080 159938810654365 41521029044    0    0    0     0       0          0
1784746624 | enp139s0f0np0: 214262731366106 58015352506    0 2473    0     0          0    501080 159938810694913 41521029192    0    0    0     0       0          0
1784746625 | enp139s0f0np0: 214262731623703 58015353050    0 2473    0     0          0    501081 159938810822728 41521029605    0    0    0     0       0          0
1784746626 | enp139s0f0np0: 214262800358597 58015371216    0 2473    0     0          0    501081 159938879435462 41521047659    0    0    0     0       0          0
1784746627 | enp139s0f0np0: 214262869296360 58015390039    0 2473    0     0          0    501081 159938948305614 41521066442    0    0    0     0       0          0
1784746628 | enp139s0f0np0: 214262938033048 58015408163    0 2473    0     0          0    501081 159939016909000 41521084401    0    0    0     0       0          0
1784746629 | enp139s0f0np0: 214262938281697 58015408626    0 2473    0     0          0    501081 159939017006986 41521084726    0    0    0     0       0          0
1784746630 | enp139s0f0np0: 214262938492005 58015409024    0 2473    0     0          0    501081 159939017073898 41521084947    0    0    0     0       0          0
1784746631 | enp139s0f0np0: 214262938713069 58015409461    0 2473    0     0          0    501081 159939017163544 41521085243    0    0    0     0       0          0
1784746632 | enp139s0f0np0: 214262939006557 58015410082    0 2473    0     0          0    501081 159939017320318 41521085727    0    0    0     0       0          0
1784746633 | enp139s0f0np0: 214262939211036 58015410367    0 2473    0     0          0    501081 159939017344096 41521085823    0    0    0     0       0          0
1784746634 | enp139s0f0np0: 214262939514731 58015411021    0 2473    0     0          0    501081 159939017514640 41521086355    0    0    0     0       0          0
1784746635 | enp139s0f0np0: 214263128683436 58015460610    0 2473    0     0          0    501081 159939206165287 41521135654    0    0    0     0       0          0
1784746636 | enp139s0f0np0: 214263145757076 58015466318    0 2473    0     0          0    501081 159939223750189 41521141389    0    0    0     0       0          0
1784746637 | enp139s0f0np0: 214263171242478 58015473185    0 2473    0     0          0    501081 159939248971733 41521148103    0    0    0     0       0          0
1784746638 | enp139s0f0np0: 214263283301627 58015503085    0 2473    0     0          0    501081 159939361162855 41521177975    0    0    0     0       0          0
1784746639 | enp139s0f0np0: 214263283564776 58015503679    0 2473    0     0          0    501081 159939361323949 41521178466    0    0    0     0       0          0
1784746640 | enp139s0f0np0: 214263284045179 58015505044    0 2473    0     0          0    501081 159939361768885 41521179744    0    0    0     0       0          0
1784746641 | enp139s0f0np0: 214263284969024 58015507804    0 2473    0     0          0    501081 159939362723299 41521182415    0    0    0     0       0          0
1784746642 | enp139s0f0np0: 214263285195375 58015508239    0 2473    0     0          0    501081 159939362821693 41521182714    0    0    0     0       0          0
1784746643 | enp139s0f0np0: 214263285621609 58015509416    0 2473    0     0          0    501081 159939363192439 41521183818    0    0    0     0       0          0
1784746644 | enp139s0f0np0: 214263285867021 58015509985    0 2473    0     0          0    501081 159939363343579 41521184284    0    0    0     0       0          0
1784746645 | enp139s0f0np0: 214263286064356 58015510418    0 2473    0     0          0    501081 159939363452728 41521184637    0    0    0     0       0          0
1784746646 | enp139s0f0np0: 214263333998342 58015523523    0 2473    0     0          0    501081 159939411323522 41521197684    0    0    0     0       0          0
1784746647 | enp139s0f0np0: 214263420636652 58015546800    0 2473    0     0          0    501081 159939497814408 41521220908    0    0    0     0       0          0
1784746648 | enp139s0f0np0: 214263424164455 58015548825    0 2473    0     0          0    501081 159939501415476 41521222884    0    0    0     0       0          0
1784746649 | enp139s0f0np0: 214263424377091 58015549282    0 2473    0     0          0    501081 159939501526182 41521223223    0    0    0     0       0          0
1784746650 | enp139s0f0np0: 214263502149373 58015570447    0 2473    0     0          0    501081 159939578973169 41521244241    0    0    0     0       0          0
1784746651 | enp139s0f0np0: 214263630838199 58015605275    0 2473    0     0          0    501081 159939708014334 41521278997    0    0    0     0       0          0
1784746652 | enp139s0f0np0: 214263768672470 58015643281    0 2473    0     0          0    501081 159939845976367 41521317014    0    0    0     0       0          0
1784746653 | enp139s0f0np0: 214263947500687 58015692971    0 2473    0     0          0    501081 159940025035364 41521366839    0    0    0     0       0          0
1784746654 | enp139s0f0np0: 214264044573597 58015720205    0 2473    0     0          0    501081 159940122197844 41521394052    0    0    0     0       0          0
1784746655 | enp139s0f0np0: 214264045185202 58015722008    0 2473    0     0          0    501082 159940122783111 41521395779    0    0    0     0       0          0
1784746656 | enp139s0f0np0: 214264045756751 58015723709    0 2473    0     0          0    501082 159940123350045 41521397357    0    0    0     0       0          0
