hints = 1
  sec Cur ops   started  finished  avg MB/s  cur MB/s last lat(s)  avg lat(s)
    0       0         0         0         0         0           -           0
    1     128     13581     13453   3362.85   3363.25   0.0173141   0.0094119
    2     128     27517     27389   3423.28      3484  0.00806225  0.00928483
    3     127     41351     41224   3434.99   3458.75  0.00179749   0.0092705
    4     128     55161     55033   3439.23   3452.25  0.00404847  0.00926391
    5     128     69041     68913   3445.33      3470   0.0216649  0.00925144
    6     128     82860     82732   3446.85   3454.75  0.00880965  0.00925044
    7     128     96908     96780   3456.11      3512 0.000938609  0.00922752
    8     128    110896    110768   3461.19      3497  0.00111188  0.00921483
    9     128    124528    124400   3455.24      3408  0.00551802   0.0092327
   10     128    137969    137841   3445.72   3360.25   0.0211382  0.00925909
   11     128    152194    152066   3455.73   3556.25  0.00991059  0.00923307
   12     128    165759    165631   3450.33   3391.25  0.00143546  0.00924603
   13     128    179277    179149   3444.85    3379.5  0.00979054  0.00926282
   14     128    193212    193084   3447.61   3483.75   0.0123454  0.00925711
   15     128    207172    207044   3450.42      3490   0.0186645  0.00924974
   16     128    220939    220811   3449.86   3441.75  0.00219327  0.00925069
   17     128    234886    234758      3452   3486.75   0.0223519  0.00924488
   18     128    248427    248299   3448.28   3385.25   0.0217634  0.00925487
   19     128    262433    262305   3451.06    3501.5   0.0110453  0.00924892
2026-07-19T00:04:18.935272+0700 min lat: 0.000519365 max lat: 0.0474204 avg lat: 0.00924835
  sec Cur ops   started  finished  avg MB/s  cur MB/s last lat(s)  avg lat(s)
   20     127    276256    276129   3451.29      3456  0.00145541  0.00924835
   21     128    289825    289697   3448.45      3392   0.0223638  0.00925601
   22     127    303335    303208   3445.23   3377.75 0.000934312  0.00926455
   23     128    317254    317126    3446.7    3479.5   0.0126947  0.00926055
   24     127    330784    330657   3444.03   3382.75 0.000946268  0.00926646
   25     127    344742    344615   3445.83    3489.5  0.00105469  0.00926348
   26     128    358270    358142   3443.35   3381.75  0.00129603  0.00927041
   27     127    372134    372007   3444.19   3466.25  0.00729669  0.00926846
   28     127    385881    385754   3443.91   3436.75   0.0162315  0.00926912
   29     128    399712    399584   3444.36    3457.5 0.000893923  0.00926822
   30     127    413636    413509   3445.58   3481.25  0.00778077  0.00926468
   31     128    427592    427464   3446.97   3488.75   0.0225535  0.00926132
   32     128    441124    440996   3444.96      3383   0.0140188  0.00926521
   33     128    454713    454585    3443.5   3397.25   0.0198166  0.00927092
   34     128    468633    468505   3444.57      3480 0.000924349  0.00926799
   35     128    482458    482330   3444.89   3456.25   0.0223348  0.00926731
   36     128    496231    496103   3444.84   3443.25   0.0155639   0.0092675
   37     127    510483    510356   3448.03   3563.25   0.0285493  0.00925828
   38     128    523761    523633   3444.63   3319.25  0.00116436    0.009268
   39     128    537536    537408    3444.6   3443.75   0.0170224  0.00926834
2026-07-19T00:04:38.937145+0700 min lat: 0.000499987 max lat: 0.0500284 avg lat: 0.00926706
  sec Cur ops   started  finished  avg MB/s  cur MB/s last lat(s)  avg lat(s)
   40     127    551382    551255   3445.02   3461.75  0.00585855  0.00926706
   41     127    565314    565187   3445.94      3483  0.00123154  0.00926398
   42     128    579168    579040   3446.34   3463.25   0.0198663  0.00926339
   43     128    592927    592799   3446.18   3439.75   0.0184283  0.00926407
   44     128    607142    607014   3448.62   3553.75  0.00362762  0.00925746
   45     128    620779    620651   3447.74   3409.25  0.00324147  0.00926015
   46     128    634586    634458   3447.82   3451.75   0.0097676   0.0092592
   47     127    648316    648189   3447.49   3432.75  0.00197531  0.00926086
   48     128    661983    661855   3446.84    3416.5  0.00789352   0.0092624
   49     128    675841    675713   3447.19    3464.5   0.0213829  0.00926117
   50     128    689723    689595   3447.65    3470.5  0.00189736  0.00926058
   51     127    703344    703217   3446.82    3405.5  0.00152954  0.00926273
   52     127    717196    717069   3447.12      3463  0.00123555   0.0092621
   53     128    731116    730988   3447.74   3479.75   0.0210663  0.00926035
   54     128    744885    744757   3447.63   3442.25   0.0174006  0.00926011
   55     128    758368    758240   3446.22   3370.75  0.00822822   0.0092646
   56     128    772432    772304   3447.47      3516   0.0169186  0.00926122
   57     127    785728    785601    3445.3   3324.25   0.0014284  0.00926696
   58     127    799424    799297   3444.92      3424  0.00103325  0.00926791
   59     128    813180    813052   3444.81   3438.75   0.0187274  0.00926841
2026-07-19T00:04:58.938986+0700 min lat: 0.000499987 max lat: 0.0500284 avg lat: 0.00926281
  sec Cur ops   started  finished  avg MB/s  cur MB/s last lat(s)  avg lat(s)
   60     106    827340    827234   3446.49    3545.5   0.0204375  0.00926281
Total time run:       60.0249
Total reads made:     827340
Read size:            262144
Object size:          262144
Bandwidth (MB/sec):   3445.82
Average IOPS:         13783
Stddev IOPS:          215.994
Max IOPS:             14253
Min IOPS:             13277
Average Latency(s):   0.00926528
Max latency(s):       0.0500284
Min latency(s):       0.000499987
