1784719967 | enp139s0f0np0: 200144834865246 54334247117    0 2473    0     0          0    500192 141326746279787 36779956074    0    0    0     0       0          0
1784719968 | enp139s0f0np0: 200144951881337 54334287849    0 2473    0     0          0    500192 141328214631359 36780309601    0    0    0     0       0          0
1784719969 | enp139s0f0np0: 200145366851231 54334415771    0 2473    0     0          0    500192 141331495955823 36781101225    0    0    0     0       0          0
1784719970 | enp139s0f0np0: 200145599158844 54334495435    0 2473    0     0          0    500192 141334194787927 36781751470    0    0    0     0       0          0
1784719971 | enp139s0f0np0: 200145712553409 54334549033    0 2473    0     0          0    500192 141336490412743 36782306407    0    0    0     0       0          0
1784719972 | enp139s0f0np0: 200146350933451 54334728240    0 2473    0     0          0    500192 141339035302397 36782925548    0    0    0     0       0          0
1784719973 | enp139s0f0np0: 200146582999234 54334810009    0 2473    0     0          0    500192 141341825152150 36783599732    0    0    0     0       0          0
1784719974 | enp139s0f0np0: 200146749408244 54334873432    0 2473    0     0          0    500192 141343998347077 36784125444    0    0    0     0       0          0
1784719975 | enp139s0f0np0: 200147468391670 54335074328    0 2473    0     0          0    500192 141346462884372 36784726024    0    0    0     0       0          0
1784719976 | enp139s0f0np0: 200147540875582 54335115590    0 2473    0     0          0    500192 141348401811842 36785194877    0    0    0     0       0          0
1784719977 | enp139s0f0np0: 200148174158470 54335295163    0 2473    0     0          0    500192 141350952640214 36785815680    0    0    0     0       0          0
1784719978 | enp139s0f0np0: 200148478283430 54335393585    0 2473    0     0          0    500192 141353278186438 36786379962    0    0    0     0       0          0
1784719979 | enp139s0f0np0: 200148987254417 54335543406    0 2473    0     0          0    500192 141355841213001 36787002989    0    0    0     0       0          0
1784719980 | enp139s0f0np0: 200149440516827 54335679299    0 2473    0     0          0    500192 141358225567559 36787583267    0    0    0     0       0          0
1784719981 | enp139s0f0np0: 200149922653702 54335825244    0 2473    0     0          0    500192 141360706974300 36788187548    0    0    0     0       0          0
1784719982 | enp139s0f0np0: 200150137959239 54335905530    0 2473    0     0          0    500192 141364104349969 36789005569    0    0    0     0       0          0
1784719983 | enp139s0f0np0: 200150619122864 54336046985    0 2473    0     0          0    500193 141366778285859 36789654106    0    0    0     0       0          0
1784719984 | enp139s0f0np0: 200150860519586 54336127901    0 2473    0     0          0    500193 141368646026219 36790108499    0    0    0     0       0          0
1784719985 | enp139s0f0np0: 200151413474509 54336286113    0 2473    0     0          0    500193 141371168252749 36790721112    0    0    0     0       0          0
1784719986 | enp139s0f0np0: 200151619929652 54336352530    0 2473    0     0          0    500193 141372748309383 36791103513    0    0    0     0       0          0
1784719987 | enp139s0f0np0: 200151895364601 54336433431    0 2473    0     0          0    500193 141374124344106 36791438351    0    0    0     0       0          0
1784719988 | enp139s0f0np0: 200152383018867 54336569506    0 2473    0     0          0    500193 141375585306055 36791796399    0    0    0     0       0          0
1784719989 | enp139s0f0np0: 200152875437358 54336714591    0 2473    0     0          0    500193 141378598142372 36792525313    0    0    0     0       0          0
1784719990 | enp139s0f0np0: 200153150963519 54336806236    0 2473    0     0          0    500193 141381085614973 36793126793    0    0    0     0       0          0
1784719991 | enp139s0f0np0: 200153718436818 54336967782    0 2473    0     0          0    500193 141383818792736 36793789814    0    0    0     0       0          0
1784719992 | enp139s0f0np0: 200153852190328 54337017707    0 2473    0     0          0    500193 141385754990217 36794257067    0    0    0     0       0          0
1784719993 | enp139s0f0np0: 200154518342195 54337201494    0 2473    0     0          0    500193 141387961988038 36794795371    0    0    0     0       0          0
1784719994 | enp139s0f0np0: 200154596082586 54337244566    0 2473    0     0          0    500193 141390556058724 36795419586    0    0    0     0       0          0
1784719995 | enp139s0f0np0: 200155278287274 54337429667    0 2473    0     0          0    500193 141392347549214 36795859165    0    0    0     0       0          0
1784719996 | enp139s0f0np0: 200155423474263 54337489487    0 2473    0     0          0    500193 141395332376237 36796577669    0    0    0     0       0          0
1784719997 | enp139s0f0np0: 200155833015737 54337605969    0 2473    0     0          0    500193 141396723018926 36796918477    0    0    0     0       0          0
1784719998 | enp139s0f0np0: 200155905378634 54337644467    0 2473    0     0          0    500193 141398976944666 36797461589    0    0    0     0       0          0
1784719999 | enp139s0f0np0: 200155910414302 54337671277    0 2473    0     0          0    500193 141401877651166 36798158580    0    0    0     0       0          0
1784720000 | enp139s0f0np0: 200155913897925 54337690754    0 2473    0     0          0    500193 141403692101661 36798595360    0    0    0     0       0          0
1784720001 | enp139s0f0np0: 200155918228163 54337714848    0 2473    0     0          0    500193 141406033373977 36799158795    0    0    0     0       0          0
1784720002 | enp139s0f0np0: 200155921811012 54337735221    0 2473    0     0          0    500193 141407994949553 36799630693    0    0    0     0       0          0
1784720003 | enp139s0f0np0: 200155926659636 54337760627    0 2473    0     0          0    500193 141410804726145 36800305986    0    0    0     0       0          0
1784720004 | enp139s0f0np0: 200155930671324 54337782529    0 2473    0     0          0    500193 141413098599485 36800857369    0    0    0     0       0          0
1784720005 | enp139s0f0np0: 200155933410331 54337798910    0 2473    0     0          0    500193 141414559862827 36801209120    0    0    0     0       0          0
1784720006 | enp139s0f0np0: 200155938691304 54337826461    0 2473    0     0          0    500193 141417734018615 36801971212    0    0    0     0       0          0
1784720007 | enp139s0f0np0: 200155942193793 54337846646    0 2473    0     0          0    500193 141419660397333 36802434680    0    0    0     0       0          0
1784720008 | enp139s0f0np0: 200155948209450 54337877793    0 2473    0     0          0    500193 141423282040203 36803304119    0    0    0     0       0          0
1784720009 | enp139s0f0np0: 200155950570960 54337891686    0 2473    0     0          0    500193 141424451620109 36803585838    0    0    0     0       0          0
1784720010 | enp139s0f0np0: 200155954850188 54337914971    0 2473    0     0          0    500193 141426894885600 36804173204    0    0    0     0       0          0
1784720011 | enp139s0f0np0: 200155958167722 54337933880    0 2473    0     0          0    500193 141428643820362 36804594312    0    0    0     0       0          0
1784720012 | enp139s0f0np0: 200155962170619 54337955946    0 2473    0     0          0    500193 141430920769242 36805141327    0    0    0     0       0          0
1784720013 | enp139s0f0np0: 200155966637206 54337979930    0 2473    0     0          0    500194 141433176562848 36805684961    0    0    0     0       0          0
1784720014 | enp139s0f0np0: 200156015863398 54338008348    0 2473    0     0          0    500194 141434792120248 36806074495    0    0    0     0       0          0
1784720015 | enp139s0f0np0: 200156178559774 54338068300    0 2473    0     0          0    500194 141436828029502 36806566838    0    0    0     0       0          0
1784720016 | enp139s0f0np0: 200156182126945 54338088202    0 2473    0     0          0    500194 141438693700582 36807016140    0    0    0     0       0          0
1784720017 | enp139s0f0np0: 200156184848372 54338103124    0 2473    0     0          0    500194 141440048975640 36807342564    0    0    0     0       0          0
1784720018 | enp139s0f0np0: 200156187827043 54338119057    0 2473    0     0          0    500194 141441717992932 36807743629    0    0    0     0       0          0
1784720019 | enp139s0f0np0: 200156204750971 54338137539    0 2473    0     0          0    500194 141443194482143 36808098928    0    0    0     0       0          0
1784720020 | enp139s0f0np0: 200156261161609 54338163696    0 2473    0     0          0    500194 141444457383806 36808403507    0    0    0     0       0          0
1784720021 | enp139s0f0np0: 200156264375989 54338180464    0 2473    0     0          0    500194 141446261334547 36808837169    0    0    0     0       0          0
1784720022 | enp139s0f0np0: 200156266436031 54338191939    0 2473    0     0          0    500194 141447335504931 36809095738    0    0    0     0       0          0
1784720023 | enp139s0f0np0: 200156268223201 54338201716    0 2473    0     0          0    500194 141448286469319 36809324371    0    0    0     0       0          0
1784720024 | enp139s0f0np0: 200156271751095 54338220887    0 2473    0     0          0    500194 141450237438583 36809793639    0    0    0     0       0          0
1784720025 | enp139s0f0np0: 200156273645028 54338231343    0 2473    0     0          0    500194 141451204744609 36810026587    0    0    0     0       0          0
1784720026 | enp139s0f0np0: 200156344522521 54338262459    0 2473    0     0          0    500194 141452555773073 36810352745    0    0    0     0       0          0
1784720027 | enp139s0f0np0: 200156384734239 54338289223    0 2473    0     0          0    500194 141454172189405 36810742392    0    0    0     0       0          0
1784720028 | enp139s0f0np0: 200156503796868 54338327607    0 2473    0     0          0    500194 141454935233203 36810928319    0    0    0     0       0          0
1784720029 | enp139s0f0np0: 200156694375210 54338392837    0 2473    0     0          0    500194 141456826863977 36811386028    0    0    0     0       0          0
1784720030 | enp139s0f0np0: 200156696777011 54338406648    0 2473    0     0          0    500194 141458017148266 36811672752    0    0    0     0       0          0
1784720031 | enp139s0f0np0: 200156755941820 54338429640    0 2473    0     0          0    500194 141458660113772 36811828899    0    0    0     0       0          0
1784720032 | enp139s0f0np0: 200156770138647 54338451469    0 2473    0     0          0    500194 141460624430376 36812301436    0    0    0     0       0          0
1784720033 | enp139s0f0np0: 200156771810822 54338460583    0 2473    0     0          0    500194 141461390328944 36812486233    0    0    0     0       0          0
1784720034 | enp139s0f0np0: 200156795014536 54338482913    0 2473    0     0          0    500194 141462870945443 36812842777    0    0    0     0       0          0
1784720035 | enp139s0f0np0: 200156845389417 54338508485    0 2473    0     0          0    500194 141463975184026 36813109761    0    0    0     0       0          0
1784720036 | enp139s0f0np0: 200156847023680 54338517723    0 2473    0     0          0    500194 141464751616698 36813296815    0    0    0     0       0          0
1784720037 | enp139s0f0np0: 200156850166733 54338535770    0 2473    0     0          0    500194 141466348068270 36813680947    0    0    0     0       0          0
1784720038 | enp139s0f0np0: 200156851550122 54338544069    0 2473    0     0          0    500194 141467023777988 36813843541    0    0    0     0       0          0
1784720039 | enp139s0f0np0: 200156854400643 54338560542    0 2473    0     0          0    500194 141468358029110 36814165251    0    0    0     0       0          0
1784720040 | enp139s0f0np0: 200156855429287 54338566066    0 2473    0     0          0    500194 141468853898065 36814284598    0    0    0     0       0          0
1784720041 | enp139s0f0np0: 200156858553125 54338584350    0 2473    0     0          0    500194 141470534895752 36814688887    0    0    0     0       0          0
1784720042 | enp139s0f0np0: 200156859799554 54338591345    0 2473    0     0          0    500195 141471114208930 36814828399    0    0    0     0       0          0
1784720043 | enp139s0f0np0: 200156862609506 54338608352    0 2473    0     0          0    500195 141472558953404 36815176080    0    0    0     0       0          0
1784720044 | enp139s0f0np0: 200156866474989 54338616008    0 2473    0     0          0    500195 141473003646596 36815284730    0    0    0     0       0          0
1784720045 | enp139s0f0np0: 200156935391707 54338650591    0 2473    0     0          0    500195 141474540268706 36815655625    0    0    0     0       0          0
1784720046 | enp139s0f0np0: 200156937349048 54338662068    0 2473    0     0          0    500195 141475402878598 36815863851    0    0    0     0       0          0
1784720047 | enp139s0f0np0: 200156939656197 54338675895    0 2473    0     0          0    500195 141476548313526 36816139627    0    0    0     0       0          0
1784720048 | enp139s0f0np0: 200157052805019 54338718078    0 2473    0     0          0    500195 141477833184682 36816450777    0    0    0     0       0          0
1784720049 | enp139s0f0np0: 200157148911442 54338750788    0 2473    0     0          0    500195 141478553762362 36816625994    0    0    0     0       0          0
1784720050 | enp139s0f0np0: 200157150978619 54338763241    0 2473    0     0          0    500195 141479515744463 36816857786    0    0    0     0       0          0
1784720051 | enp139s0f0np0: 200157152555190 54338772779    0 2473    0     0          0    500195 141480247180849 36817033920    0    0    0     0       0          0
1784720052 | enp139s0f0np0: 200157154061309 54338781467    0 2473    0     0          0    500195 141480973547801 36817208855    0    0    0     0       0          0
1784720053 | enp139s0f0np0: 200157155865735 54338792716    0 2473    0     0          0    500195 141481821495591 36817412921    0    0    0     0       0          0
1784720054 | enp139s0f0np0: 200157158746962 54338810335    0 2473    0     0          0    500195 141483192939189 36817743332    0    0    0     0       0          0
1784720055 | enp139s0f0np0: 200157160312826 54338819883    0 2473    0     0          0    500195 141483920618131 36817918553    0    0    0     0       0          0
1784720056 | enp139s0f0np0: 200157230870168 54338850133    0 2473    0     0          0    500195 141484942550151 36818165878    0    0    0     0       0          0
1784720057 | enp139s0f0np0: 200157231991717 54338856749    0 2473    0     0          0    500195 141485437624709 36818285122    0    0    0     0       0          0
1784720058 | enp139s0f0np0: 200157234885283 54338873292    0 2473    0     0          0    500195 141486953273615 36818649789    0    0    0     0       0          0
1784720059 | enp139s0f0np0: 200157236216189 54338881185    0 2473    0     0          0    500195 141487555833287 36818794876    0    0    0     0       0          0
1784720060 | enp139s0f0np0: 200157238729614 54338896418    0 2473    0     0          0    500195 141488788780606 36819091792    0    0    0     0       0          0
1784720061 | enp139s0f0np0: 200157339004803 54338929229    0 2473    0     0          0    500195 141489399872484 36819241003    0    0    0     0       0          0
1784720062 | enp139s0f0np0: 200157379705480 54338953772    0 2473    0     0          0    500195 141490918748892 36819606668    0    0    0     0       0          0
1784720063 | enp139s0f0np0: 200157428302262 54338977418    0 2473    0     0          0    500195 141491954718978 36819856822    0    0    0     0       0          0
1784720064 | enp139s0f0np0: 200157520042771 54339007979    0 2473    0     0          0    500195 141492612410952 36820017129    0    0    0     0       0          0
1784720065 | enp139s0f0np0: 200157586325388 54339037081    0 2473    0     0          0    500195 141493859765958 36820318568    0    0    0     0       0          0
1784720066 | enp139s0f0np0: 200157729382136 54339082628    0 2473    0     0          0    500195 141494740511846 36820532951    0    0    0     0       0          0
1784720067 | enp139s0f0np0: 200157731790838 54339096557    0 2473    0     0          0    500195 141495801874158 36820789000    0    0    0     0       0          0
1784720068 | enp139s0f0np0: 200157732985625 54339103053    0 2473    0     0          0    500195 141496257869102 36820899155    0    0    0     0       0          0
1784720069 | enp139s0f0np0: 200157735118009 54339114933    0 2473    0     0          0    500195 141497265715280 36821141917    0    0    0     0       0          0
1784720070 | enp139s0f0np0: 200157736769477 54339124155    0 2473    0     0          0    500195 141498093945159 36821341217    0    0    0     0       0          0
1784720071 | enp139s0f0np0: 200157758858508 54339141701    0 2473    0     0          0    500195 141499100600140 36821584753    0    0    0     0       0          0
1784720072 | enp139s0f0np0: 200157808696937 54339160329    0 2473    0     0          0    500196 141499611928353 36821709048    0    0    0     0       0          0
1784720073 | enp139s0f0np0: 200157810274235 54339168478    0 2473    0     0          0    500196 141500402514331 36821899348    0    0    0     0       0          0
1784720074 | enp139s0f0np0: 200157812349090 54339179959    0 2473    0     0          0    500196 141501474903723 36822157543    0    0    0     0       0          0
1784720075 | enp139s0f0np0: 200157814121050 54339189627    0 2473    0     0          0    500196 141502285496671 36822353194    0    0    0     0       0          0
1784720076 | enp139s0f0np0: 200157884297993 54339217815    0 2473    0     0          0    500196 141503106053831 36822552149    0    0    0     0       0          0
1784720077 | enp139s0f0np0: 200157954393605 54339244962    0 2473    0     0          0    500196 141503895449111 36822743853    0    0    0     0       0          0
1784720078 | enp139s0f0np0: 200157956375707 54339257254    0 2473    0     0          0    500196 141504835495531 36822970280    0    0    0     0       0          0
1784720079 | enp139s0f0np0: 200157957546569 54339263946    0 2473    0     0          0    500196 141505358640519 36823096382    0    0    0     0       0          0
1784720080 | enp139s0f0np0: 200157959910885 54339277492    0 2473    0     0          0    500196 141506320692770 36823329114    0    0    0     0       0          0
1784720081 | enp139s0f0np0: 200157962436622 54339292377    0 2473    0     0          0    500196 141507473011024 36823607085    0    0    0     0       0          0
1784720082 | enp139s0f0np0: 200157964109320 54339301978    0 2473    0     0          0    500196 141508265818612 36823798085    0    0    0     0       0          0
1784720083 | enp139s0f0np0: 200158078893728 54339338960    0 2473    0     0          0    500196 141508954371196 36823966302    0    0    0     0       0          0
1784720084 | enp139s0f0np0: 200158172605795 54339372553    0 2473    0     0          0    500196 141509823863682 36824177432    0    0    0     0       0          0
1784720085 | enp139s0f0np0: 200158173971766 54339380155    0 2473    0     0          0    500196 141510369541118 36824309339    0    0    0     0       0          0
1784720086 | enp139s0f0np0: 200158175911153 54339391732    0 2473    0     0          0    500196 141511237041098 36824518586    0    0    0     0       0          0
1784720087 | enp139s0f0np0: 200158177324123 54339399783    0 2473    0     0          0    500196 141511837751904 36824663692    0    0    0     0       0          0
1784720088 | enp139s0f0np0: 200158178448469 54339406576    0 2473    0     0          0    500196 141512360065332 36824789580    0    0    0     0       0          0
1784720089 | enp139s0f0np0: 200158180586330 54339420538    0 2473    0     0          0    500196 141513436597244 36825048711    0    0    0     0       0          0
1784720090 | enp139s0f0np0: 200158193983801 54339433501    0 2473    0     0          0    500196 141514206530109 36825234456    0    0    0     0       0          0
1784720091 | enp139s0f0np0: 200158320911934 54339475992    0 2473    0     0          0    500196 141515164083461 36825467191    0    0    0     0       0          0
1784720092 | enp139s0f0np0: 200158322177277 54339483423    0 2473    0     0          0    500196 141515745920319 36825607489    0    0    0     0       0          0
1784720093 | enp139s0f0np0: 200158323758962 54339493109    0 2473    0     0          0    500196 141516476628401 36825783730    0    0    0     0       0          0
1784720094 | enp139s0f0np0: 200158324617919 54339498154    0 2473    0     0          0    500196 141516866379857 36825877739    0    0    0     0       0          0
1784720095 | enp139s0f0np0: 200158326731326 54339510994    0 2473    0     0          0    500196 141517889410286 36826124214    0    0    0     0       0          0
1784720096 | enp139s0f0np0: 200158327830713 54339517299    0 2473    0     0          0    500196 141518342224187 36826233635    0    0    0     0       0          0
1784720097 | enp139s0f0np0: 200158459911954 54339564155    0 2473    0     0          0    500196 141519807268887 36826588645    0    0    0     0       0          0
1784720098 | enp139s0f0np0: 200158537258789 54339591624    0 2473    0     0          0    500196 141520495068311 36826755948    0    0    0     0       0          0
1784720099 | enp139s0f0np0: 200158608050501 54339622807    0 2473    0     0          0    500196 141521654456557 36827036540    0    0    0     0       0          0
1784720100 | enp139s0f0np0: 200158608986444 54339628353    0 2473    0     0          0    500196 141522058884962 36827134133    0    0    0     0       0          0
1784720101 | enp139s0f0np0: 200158611322317 54339641403    0 2473    0     0          0    500196 141523038820730 36827371106    0    0    0     0       0          0
1784720102 | enp139s0f0np0: 200158681175578 54339667294    0 2473    0     0          0    500197 141523711094320 36827534555    0    0    0     0       0          0
1784720103 | enp139s0f0np0: 200158682376960 54339674263    0 2473    0     0          0    500197 141524249473380 36827664407    0    0    0     0       0          0
1784720104 | enp139s0f0np0: 200158752517983 54339701479    0 2473    0     0          0    500197 141525071473672 36827864052    0    0    0     0       0          0
1784720105 | enp139s0f0np0: 200158753388190 54339706406    0 2473    0     0          0    500197 141525470825080 36827960360    0    0    0     0       0          0
1784720106 | enp139s0f0np0: 200158755689240 54339719836    0 2473    0     0          0    500197 141526585968360 36828229057    0    0    0     0       0          0
1784720107 | enp139s0f0np0: 200158756653034 54339725448    0 2473    0     0          0    500197 141527020508162 36828333845    0    0    0     0       0          0
1784720108 | enp139s0f0np0: 200158758180368 54339734042    0 2473    0     0          0    500197 141527802844560 36828522227    0    0    0     0       0          0
1784720109 | enp139s0f0np0: 200158759404485 54339740997    0 2473    0     0          0    500197 141528398534422 36828665748    0    0    0     0       0          0
1784720110 | enp139s0f0np0: 200158760314298 54339746288    0 2473    0     0          0    500197 141528821335343 36828767675    0    0    0     0       0          0
1784720111 | enp139s0f0np0: 200158831108036 54339777175    0 2473    0     0          0    500197 141530048993205 36829064652    0    0    0     0       0          0
1784720112 | enp139s0f0np0: 200158868276551 54339791156    0 2473    0     0          0    500197 141530461239993 36829164552    0    0    0     0       0          0
1784720113 | enp139s0f0np0: 200158902393904 54339811181    0 2473    0     0          0    500197 141531587229635 36829436000    0    0    0     0       0          0
1784720114 | enp139s0f0np0: 200158903407910 54339817195    0 2473    0     0          0    500197 141532055151065 36829548863    0    0    0     0       0          0
1784720115 | enp139s0f0np0: 200158905952595 54339832459    0 2473    0     0          0    500197 141533372320343 36829866079    0    0    0     0       0          0
1784720116 | enp139s0f0np0: 200158907653817 54339842802    0 2473    0     0          0    500197 141534225388797 36830071458    0    0    0     0       0          0
1784720117 | enp139s0f0np0: 200158909399236 54339853273    0 2473    0     0          0    500197 141535095259867 36830280975    0    0    0     0       0          0
1784720118 | enp139s0f0np0: 200158910885158 54339862253    0 2473    0     0          0    500197 141535829624915 36830457872    0    0    0     0       0          0
1784720119 | enp139s0f0np0: 200158912439031 54339871599    0 2473    0     0          0    500197 141536586396015 36830640161    0    0    0     0       0          0
1784720120 | enp139s0f0np0: 200158913093647 54339875191    0 2473    0     0          0    500197 141536846230736 36830702866    0    0    0     0       0          0
1784720121 | enp139s0f0np0: 200158914995697 54339886394    0 2473    0     0          0    500197 141537734631954 36830917119    0    0    0     0       0          0
1784720122 | enp139s0f0np0: 200158916185299 54339893413    0 2473    0     0          0    500197 141538269763418 36831046136    0    0    0     0       0          0
1784720123 | enp139s0f0np0: 200158918252548 54339905383    0 2473    0     0          0    500197 141539228865478 36831277415    0    0    0     0       0          0
1784720124 | enp139s0f0np0: 200158919385980 54339912347    0 2473    0     0          0    500197 141539770354672 36831407837    0    0    0     0       0          0
1784720125 | enp139s0f0np0: 200158988988114 54339936309    0 2473    0     0          0    500197 141540334920794 36831545273    0    0    0     0       0          0
1784720126 | enp139s0f0np0: 200158990771343 54339946483    0 2473    0     0          0    500197 141541095310184 36831729002    0    0    0     0       0          0
1784720127 | enp139s0f0np0: 200158991559445 54339950870    0 2473    0     0          0    500197 141541409468294 36831804873    0    0    0     0       0          0
1784720129 | enp139s0f0np0: 200158993577864 54339962306    0 2473    0     0          0    500197 141542380247358 36832038768    0    0    0     0       0          0
1784720130 | enp139s0f0np0: 200158994571166 54339968157    0 2473    0     0          0    500197 141542815463230 36832143642    0    0    0     0       0          0
1784720131 | enp139s0f0np0: 200158996088799 54339977242    0 2473    0     0          0    500197 141543511752213 36832311551    0    0    0     0       0          0
1784720132 | enp139s0f0np0: 200159066233887 54340004734    0 2473    0     0          0    500197 141544295844339 36832502013    0    0    0     0       0          0
1784720133 | enp139s0f0np0: 200159135488122 54340026730    0 2473    0     0          0    500198 141544656284309 36832590477    0    0    0     0       0          0
1784720134 | enp139s0f0np0: 200159237938408 54340060246    0 2473    0     0          0    500198 141545280355161 36832743132    0    0    0     0       0          0
1784720135 | enp139s0f0np0: 200159275131552 54340077656    0 2473    0     0          0    500198 141545899821319 36832893244    0    0    0     0       0          0
1784720136 | enp139s0f0np0: 200159275953818 54340082338    0 2473    0     0          0    500198 141546247646201 36832977097    0    0    0     0       0          0
1784720137 | enp139s0f0np0: 200159276836870 54340087311    0 2473    0     0          0    500198 141546601113507 36833062413    0    0    0     0       0          0
1784720138 | enp139s0f0np0: 200159278727526 54340098710    0 2473    0     0          0    500198 141547525121439 36833284959    0    0    0     0       0          0
1784720139 | enp139s0f0np0: 200159279301822 54340101682    0 2473    0     0          0    500198 141547717189407 36833331337    0    0    0     0       0          0
1784720140 | enp139s0f0np0: 200159282016481 54340117005    0 2473    0     0          0    500198 141548884890399 36833613477    0    0    0     0       0          0
1784720141 | enp139s0f0np0: 200159283112626 54340123396    0 2473    0     0          0    500198 141549346674130 36833724848    0    0    0     0       0          0
1784720142 | enp139s0f0np0: 200159322400665 54340145301    0 2473    0     0          0    500198 141550370183432 36833972222    0    0    0     0       0          0
1784720143 | enp139s0f0np0: 200159354836651 54340160083    0 2473    0     0          0    500198 141550902999088 36834101192    0    0    0     0       0          0
1784720144 | enp139s0f0np0: 200159424759318 54340185732    0 2473    0     0          0    500198 141551603293792 36834271373    0    0    0     0       0          0
1784720145 | enp139s0f0np0: 200159426405713 54340195436    0 2473    0     0          0    500198 141552361435186 36834454063    0    0    0     0       0          0
1784720146 | enp139s0f0np0: 200159427020065 54340198743    0 2473    0     0          0    500198 141552611103170 36834514212    0    0    0     0       0          0
1784720147 | enp139s0f0np0: 200159497597850 54340228810    0 2473    0     0          0    500198 141553710624752 36834780186    0    0    0     0       0          0
1784720148 | enp139s0f0np0: 200159498568946 54340234489    0 2473    0     0          0    500198 141554142471470 36834884209    0    0    0     0       0          0
1784720149 | enp139s0f0np0: 200159499019362 54340235858    0 2473    0     0          0    500198 141554172106584 36834892156    0    0    0     0       0          0
1784720150 | enp139s0f0np0: 200159499378443 54340236629    0 2473    0     0          0    500198 141554172333350 36834892811    0    0    0     0       0          0
1784720151 | enp139s0f0np0: 200159499564424 54340236888    0 2473    0     0          0    500198 141554172374459 36834892953    0    0    0     0       0          0
1784720152 | enp139s0f0np0: 200159499756315 54340237263    0 2473    0     0          0    500198 141554172450045 36834893204    0    0    0     0       0          0
1784720153 | enp139s0f0np0: 200159568516739 54340255583    0 2473    0     0          0    500198 141554241146783 36834911492    0    0    0     0       0          0
1784720154 | enp139s0f0np0: 200159568751275 54340255851    0 2473    0     0          0    500198 141554241174457 36834911596    0    0    0     0       0          0
1784720155 | enp139s0f0np0: 200159568946791 54340256164    0 2473    0     0          0    500198 141554241232967 36834911814    0    0    0     0       0          0
1784720156 | enp139s0f0np0: 200159569159877 54340256436    0 2473    0     0          0    500198 141554241264839 36834911940    0    0    0     0       0          0
1784720157 | enp139s0f0np0: 200159569407741 54340256893    0 2473    0     0          0    500198 141554241370564 36834912268    0    0    0     0       0          0
1784720158 | enp139s0f0np0: 200159638322665 54340275597    0 2473    0     0          0    500198 141554310185301 36834930837    0    0    0     0       0          0
1784720159 | enp139s0f0np0: 200159638522843 54340275972    0 2473    0     0          0    500198 141554310264341 36834931093    0    0    0     0       0          0
1784720160 | enp139s0f0np0: 200159638716770 54340276205    0 2473    0     0          0    500198 141554310287967 36834931182    0    0    0     0       0          0
1784720161 | enp139s0f0np0: 200159638918441 54340276449    0 2473    0     0          0    500198 141554310319436 36834931281    0    0    0     0       0          0
1784720162 | enp139s0f0np0: 200159639087337 54340276678    0 2473    0     0          0    500198 141554310341498 36834931367    0    0    0     0       0          0
1784720163 | enp139s0f0np0: 200159639266491 54340276921    0 2473    0     0          0    500199 141554310414066 36834931613    0    0    0     0       0          0
1784720164 | enp139s0f0np0: 200159639555545 54340277448    0 2473    0     0          0    500199 141554310599800 36834932125    0    0    0     0       0          0
1784720165 | enp139s0f0np0: 200159693788462 54340291734    0 2473    0     0          0    500199 141554364776894 36834946524    0    0    0     0       0          0
1784720166 | enp139s0f0np0: 200159776966316 54340313665    0 2473    0     0          0    500199 141554447924546 36834968496    0    0    0     0       0          0
1784720167 | enp139s0f0np0: 200159777172927 54340313971    0 2473    0     0          0    500199 141554448016440 36834968797    0    0    0     0       0          0
1784720168 | enp139s0f0np0: 200159777399326 54340314350    0 2473    0     0          0    500199 141554448138578 36834969202    0    0    0     0       0          0
1784720169 | enp139s0f0np0: 200159777635533 54340314777    0 2473    0     0          0    500199 141554448273464 36834969629    0    0    0     0       0          0
1784720170 | enp139s0f0np0: 200159777976991 54340315621    0 2473    0     0          0    500199 141554448561062 36834970494    0    0    0     0       0          0
1784720171 | enp139s0f0np0: 200159778135952 54340315904    0 2473    0     0          0    500199 141554448644465 36834970773    0    0    0     0       0          0
1784720172 | enp139s0f0np0: 200159778495120 54340316713    0 2473    0     0          0    500199 141554448929143 36834971592    0    0    0     0       0          0
1784720173 | enp139s0f0np0: 200159778678061 54340316940    0 2473    0     0          0    500199 141554448992973 36834971802    0    0    0     0       0          0
1784720174 | enp139s0f0np0: 200159830089706 54340330818    0 2473    0     0          0    500199 141554500354233 36834985763    0    0    0     0       0          0
1784720175 | enp139s0f0np0: 200159916734761 54340355479    0 2473    0     0          0    500199 141554587094517 36835010387    0    0    0     0       0          0
1784720176 | enp139s0f0np0: 200159917188430 54340356834    0 2473    0     0          0    500199 141554587563433 36835011766    0    0    0     0       0          0
1784720177 | enp139s0f0np0: 200159917392240 54340357281    0 2473    0     0          0    500199 141554587708753 36835012238    0    0    0     0       0          0
1784720178 | enp139s0f0np0: 200159917499786 54340357402    0 2473    0     0          0    500199 141554587739209 36835012344    0    0    0     0       0          0
1784720179 | enp139s0f0np0: 200159986234461 54340375614    0 2473    0     0          0    500199 141554656410787 36835030562    0    0    0     0       0          0
1784720180 | enp139s0f0np0: 200159986351569 54340375742    0 2473    0     0          0    500199 141554656443269 36835030683    0    0    0     0       0          0
1784720181 | enp139s0f0np0: 200160046718637 54340391721    0 2473    0     0          0    500199 141554716552322 36835046768    0    0    0     0       0          0
1784720182 | enp139s0f0np0: 200160192255219 54340429977    0 2473    0     0          0    500199 141554862381100 36835085119    0    0    0     0       0          0
1784720183 | enp139s0f0np0: 200160257908233 54340447821    0 2473    0     0          0    500199 141554928038852 36835102989    0    0    0     0       0          0
1784720184 | enp139s0f0np0: 200160261352480 54340449172    0 2473    0     0          0    500199 141554931429974 36835104374    0    0    0     0       0          0
1784720185 | enp139s0f0np0: 200160261463378 54340449379    0 2473    0     0          0    500199 141554931486298 36835104581    0    0    0     0       0          0
1784720186 | enp139s0f0np0: 200160261657583 54340449748    0 2473    0     0          0    500199 141554931590526 36835104927    0    0    0     0       0          0
1784720187 | enp139s0f0np0: 200160261796599 54340449978    0 2473    0     0          0    500199 141554931650160 36835105134    0    0    0     0       0          0
1784720188 | enp139s0f0np0: 200160262026170 54340450544    0 2473    0     0          0    500199 141554931823634 36835105683    0    0    0     0       0          0
1784720189 | enp139s0f0np0: 200160399272080 54340486720    0 2473    0     0          0    500199 141555069109266 36835141782    0    0    0     0       0          0
1784720190 | enp139s0f0np0: 200160399393186 54340486848    0 2473    0     0          0    500199 141555069129614 36835141858    0    0    0     0       0          0
1784720191 | enp139s0f0np0: 200160436275574 54340496896    0 2473    0     0          0    500199 141555105702521 36835151846    0    0    0     0       0          0
1784720192 | enp139s0f0np0: 200160468350197 54340505741    0 2473    0     0          0    500199 141555138012145 36835160755    0    0    0     0       0          0
1784720193 | enp139s0f0np0: 200160468496891 54340506121    0 2473    0     0          0    500200 141555138127353 36835161125    0    0    0     0       0          0
1784720194 | enp139s0f0np0: 200160468678363 54340506527    0 2473    0     0          0    500200 141555138252069 36835161523    0    0    0     0       0          0
1784720195 | enp139s0f0np0: 200160537885763 54340526538    0 2473    0     0          0    500200 141555207559027 36835181557    0    0    0     0       0          0
1784720196 | enp139s0f0np0: 200160744715613 54340584258    0 2473    0     0          0    500200 141555414683505 36835239320    0    0    0     0       0          0
1784720197 | enp139s0f0np0: 200160744881651 54340584564    0 2473    0     0          0    500200 141555414770061 36835239623    0    0    0     0       0          0
1784720198 | enp139s0f0np0: 200160745082080 54340584982    0 2473    0     0          0    500200 141555414891513 36835240040    0    0    0     0       0          0
1784720199 | enp139s0f0np0: 200160745305832 54340585485    0 2473    0     0          0    500200 141555415055535 36835240569    0    0    0     0       0          0
1784720200 | enp139s0f0np0: 200160745443664 54340585695    0 2473    0     0          0    500200 141555415109933 36835240748    0    0    0     0       0          0
1784720201 | enp139s0f0np0: 200160882628838 54340621688    0 2473    0     0          0    500200 141555552325876 36835276872    0    0    0     0       0          0
1784720202 | enp139s0f0np0: 200160882770395 54340621983    0 2473    0     0          0    500200 141555552415804 36835277166    0    0    0     0       0          0
1784720203 | enp139s0f0np0: 200160882977617 54340622451    0 2473    0     0          0    500200 141555552571036 36835277636    0    0    0     0       0          0
1784720204 | enp139s0f0np0: 200160883185942 54340622960    0 2473    0     0          0    500200 141555552745054 36835278148    0    0    0     0       0          0
1784720205 | enp139s0f0np0: 200160883328420 54340623220    0 2473    0     0          0    500200 141555552822964 36835278429    0    0    0     0       0          0
1784720206 | enp139s0f0np0: 200160883470605 54340623479    0 2473    0     0          0    500200 141555552897096 36835278721    0    0    0     0       0          0
1784720207 | enp139s0f0np0: 200160883660996 54340623898    0 2473    0     0          0    500200 141555552987630 36835279055    0    0    0     0       0          0
1784720208 | enp139s0f0np0: 200160883892448 54340624411    0 2473    0     0          0    500200 141555553110604 36835279452    0    0    0     0       0          0
1784720209 | enp139s0f0np0: 200160952640265 54340642873    0 2473    0     0          0    500200 141555621827360 36835297819    0    0    0     0       0          0
1784720210 | enp139s0f0np0: 200161090454854 54340680826    0 2473    0     0          0    500200 141555759714398 36835335660    0    0    0     0       0          0
1784720211 | enp139s0f0np0: 200161227710450 54340717038    0 2473    0     0          0    500200 141555896998333 36835371802    0    0    0     0       0          0
1784720212 | enp139s0f0np0: 200161365720837 54340755915    0 2473    0     0          0    500200 141556035159953 36835410414    0    0    0     0       0          0
1784720213 | enp139s0f0np0: 200161367061058 54340760127    0 2473    0     0          0    500200 141556036572867 36835414486    0    0    0     0       0          0
1784720214 | enp139s0f0np0: 200161427490414 54340778770    0 2473    0     0          0    500200 141556096784387 36835432902    0    0    0     0       0          0
