Linux 5.15.0-170-generic (oneasia-c1-cpu-node10) 	07/16/26 	_x86_64_	(128 CPU)

11:35:01      UID       PID    %usr %system  %guest   %wait    %CPU   CPU  Command
11:35:02     1002   2427088    0.00    0.00    0.00    0.00    0.00    26  juicefs
11:35:03     1002   2427088    0.00    0.00    0.00    0.00    0.00    26  juicefs
11:35:04     1002   2427088    1.00    0.00    0.00    0.00    1.00    26  juicefs
11:35:05     1002   2427088    0.00    0.00    0.00    0.00    0.00    26  juicefs
11:35:06     1002   2427088    0.00    0.00    0.00    0.00    0.00    26  juicefs
11:35:07     1002   2427088    0.00    0.00    0.00    0.00    0.00    26  juicefs
11:35:08     1002   2427088    0.00    0.00    0.00    0.00    0.00    26  juicefs
11:35:09     1002   2427088    0.00    0.00    0.00    0.00    0.00    26  juicefs
11:35:10     1002   2427088    0.00    0.00    0.00    0.00    0.00    26  juicefs
11:35:11     1002   2427088    0.00    0.00    0.00    0.00    0.00    26  juicefs
11:35:12     1002   2427088    0.00    0.00    0.00    0.00    0.00    26  juicefs
11:35:13     1002   2427088    0.00    0.00    0.00    0.00    0.00    26  juicefs
11:35:14     1002   2427088    0.00    0.00    0.00    0.00    0.00    26  juicefs
11:35:15     1002   2427088    0.00    0.00    0.00    0.00    0.00    26  juicefs
11:35:16     1002   2427088    0.00    0.00    0.00    0.00    0.00    26  juicefs
11:35:17     1002   2427088    0.00    0.00    0.00    0.00    0.00    26  juicefs
11:35:18     1002   2427088    0.00    0.00    0.00    0.00    0.00    26  juicefs
11:35:19     1002   2427088    0.00    0.00    0.00    0.00    0.00    26  juicefs
11:35:20     1002   2427088    0.00    0.00    0.00    0.00    0.00    26  juicefs
11:35:21     1002   2427088    0.00    0.00    0.00    0.00    0.00    26  juicefs
11:35:22     1002   2427088    0.00    0.00    0.00    0.00    0.00    26  juicefs
11:35:23     1002   2427088    0.00    0.00    0.00    0.00    0.00    26  juicefs
11:35:24     1002   2427088    0.00    0.00    0.00    0.00    0.00    26  juicefs
11:35:25     1002   2427088    0.00    0.00    0.00    0.00    0.00    26  juicefs
11:35:26     1002   2427088    0.00    0.00    0.00    0.00    0.00    26  juicefs
11:35:27     1002   2427088    0.00    0.00    0.00    0.00    0.00    26  juicefs
11:35:28     1002   2427088    0.00    0.00    0.00    0.00    0.00    26  juicefs
