Linux 5.15.0-170-generic (oneasia-c1-cpu-node10) 	07/16/26 	_x86_64_	(128 CPU)

11:39:20      UID       PID    %usr %system  %guest   %wait    %CPU   CPU  Command
11:39:21     1002   2427088    0.00    0.00    0.00    0.00    0.00    26  juicefs
11:39:22     1002   2427088    0.00    0.00    0.00    0.00    0.00    26  juicefs
11:39:23     1002   2427088    0.00    0.00    0.00    0.00    0.00    26  juicefs
11:39:24     1002   2427088    0.00    0.00    0.00    0.00    0.00    26  juicefs
11:39:25     1002   2427088    0.00    0.00    0.00    0.00    0.00    26  juicefs
11:39:26     1002   2427088    0.00    0.00    0.00    0.00    0.00    26  juicefs
11:39:27     1002   2427088    0.00    0.00    0.00    0.00    0.00    26  juicefs
11:39:28     1002   2427088    0.00    0.00    0.00    0.00    0.00    26  juicefs
11:39:29     1002   2427088    0.00    0.00    0.00    0.00    0.00    26  juicefs
11:39:30     1002   2427088    0.00    0.00    0.00    0.00    0.00    26  juicefs
11:39:31     1002   2427088    0.00    0.00    0.00    0.00    0.00    26  juicefs
11:39:32     1002   2427088    0.00    0.00    0.00    0.00    0.00    26  juicefs
11:39:33     1002   2427088    0.00    0.00    0.00    0.00    0.00    26  juicefs
11:39:34     1002   2427088    0.00    0.00    0.00    0.00    0.00    26  juicefs
11:39:35     1002   2427088    0.00    0.00    0.00    0.00    0.00    26  juicefs
11:39:36     1002   2427088    0.00    0.00    0.00    0.00    0.00    26  juicefs
11:39:37     1002   2427088    0.00    0.00    0.00    0.00    0.00    26  juicefs
11:39:38     1002   2427088    0.00    0.00    0.00    0.00    0.00    26  juicefs
11:39:39     1002   2427088    0.00    0.00    0.00    0.00    0.00    26  juicefs
11:39:40     1002   2427088    0.00    0.00    0.00    0.00    0.00    26  juicefs
11:39:41     1002   2427088    0.00    0.00    0.00    0.00    0.00    26  juicefs
11:39:42     1002   2427088    0.00    0.00    0.00    0.00    0.00    26  juicefs
11:39:43     1002   2427088    0.00    0.00    0.00    0.00    0.00    26  juicefs
11:39:44     1002   2427088    0.00    0.00    0.00    0.00    0.00    26  juicefs
11:39:45     1002   2427088    0.00    0.00    0.00    0.00    0.00    26  juicefs
11:39:46     1002   2427088    0.00    0.00    0.00    0.00    0.00    26  juicefs
11:39:47     1002   2427088    0.00    0.00    0.00    0.00    0.00    26  juicefs
