1784176501 | enp139s0f0np0: 28282418493128 10994713764    0    0    0     0          0    482078 12634491196270 3298450628    0    0    0     0       0          0
1784176502 | enp139s0f0np0: 28282994251516 10994860391    0    0    0     0          0    482078 12635076830924 3298598768    0    0    0     0       0          0
1784176503 | enp139s0f0np0: 28284276059927 10995189117    0    0    0     0          0    482078 12636351972487 3298925620    0    0    0     0       0          0
1784176504 | enp139s0f0np0: 28285562228725 10995519031    0    0    0     0          0    482078 12637666763071 3299262417    0    0    0     0       0          0
1784176505 | enp139s0f0np0: 28286864388745 10995852499    0    0    0     0          0    482078 12638977301654 3299597641    0    0    0     0       0          0
1784176506 | enp139s0f0np0: 28288032746603 10996152196    0    0    0     0          0    482078 12640158580697 3299900024    0    0    0     0       0          0
1784176507 | enp139s0f0np0: 28289329091274 10996484718    0    0    0     0          0    482078 12641483648173 3300238752    0    0    0     0       0          0
1784176508 | enp139s0f0np0: 28290584799834 10996806031    0    0    0     0          0    482078 12642754761282 3300564277    0    0    0     0       0          0
1784176509 | enp139s0f0np0: 28291781402550 10997112646    0    0    0     0          0    482078 12643948899067 3300870514    0    0    0     0       0          0
1784176510 | enp139s0f0np0: 28293058602137 10997439585    0    0    0     0          0    482078 12645233887419 3301200308    0    0    0     0       0          0
1784176511 | enp139s0f0np0: 28294381863124 10997777692    0    0    0     0          0    482078 12646530421222 3301532646    0    0    0     0       0          0
1784176512 | enp139s0f0np0: 28295680689385 10998109282    0    0    0     0          0    482078 12647838074021 3301867324    0    0    0     0       0          0
1784176513 | enp139s0f0np0: 28296969501293 10998438294    0    0    0     0          0    482078 12649114284097 3302194590    0    0    0     0       0          0
1784176514 | enp139s0f0np0: 28298246832733 10998764951    0    0    0     0          0    482078 12650411134110 3302526481    0    0    0     0       0          0
1784176515 | enp139s0f0np0: 28299501741466 10999085100    0    0    0     0          0    482078 12651667999689 3302848798    0    0    0     0       0          0
1784176516 | enp139s0f0np0: 28300775127983 10999410487    0    0    0     0          0    482078 12652932839713 3303172847    0    0    0     0       0          0
1784176517 | enp139s0f0np0: 28302070735424 10999741569    0    0    0     0          0    482078 12654236585374 3303506324    0    0    0     0       0          0
1784176518 | enp139s0f0np0: 28303381572244 11000075787    0    0    0     0          0    482079 12655548708845 3303842291    0    0    0     0       0          0
1784176519 | enp139s0f0np0: 28304695771626 11000412420    0    0    0     0          0    482079 12656864245190 3304179249    0    0    0     0       0          0
1784176520 | enp139s0f0np0: 28306008319119 11000747723    0    0    0     0          0    482079 12658179968673 3304515853    0    0    0     0       0          0
1784176521 | enp139s0f0np0: 28307333035089 11001086503    0    0    0     0          0    482079 12659489418537 3304851447    0    0    0     0       0          0
1784176522 | enp139s0f0np0: 28308648824862 11001423178    0    0    0     0          0    482079 12660840085244 3305196772    0    0    0     0       0          0
1784176523 | enp139s0f0np0: 28309976355574 11001762411    0    0    0     0          0    482079 12662188592252 3305541090    0    0    0     0       0          0
1784176524 | enp139s0f0np0: 28311326148138 11002106516    0    0    0     0          0    482079 12663518338949 3305881348    0    0    0     0       0          0
1784176525 | enp139s0f0np0: 28312644639246 11002444237    0    0    0     0          0    482079 12664836551981 3306218760    0    0    0     0       0          0
1784176526 | enp139s0f0np0: 28313848343723 11002752688    0    0    0     0          0    482079 12666046931848 3306528681    0    0    0     0       0          0
1784176527 | enp139s0f0np0: 28315139099843 11003083191    0    0    0     0          0    482079 12667339462318 3306859946    0    0    0     0       0          0
1784176528 | enp139s0f0np0: 28316453587334 11003419360    0    0    0     0          0    482079 12668656716850 3307196757    0    0    0     0       0          0
1784176529 | enp139s0f0np0: 28317737768204 11003747647    0    0    0     0          0    482079 12669939277057 3307525342    0    0    0     0       0          0
1784176530 | enp139s0f0np0: 28319032169301 11004079331    0    0    0     0          0    482079 12671229846103 3307856041    0    0    0     0       0          0
1784176531 | enp139s0f0np0: 28320323410794 11004409682    0    0    0     0          0    482079 12672551878257 3308194131    0    0    0     0       0          0
1784176532 | enp139s0f0np0: 28321600133026 11004736297    0    0    0     0          0    482079 12673834350265 3308522468    0    0    0     0       0          0
1784176533 | enp139s0f0np0: 28322906209496 11005069943    0    0    0     0          0    482079 12675134495246 3308855201    0    0    0     0       0          0
1784176534 | enp139s0f0np0: 28324160893389 11005390767    0    0    0     0          0    482079 12676407833150 3309181281    0    0    0     0       0          0
1784176535 | enp139s0f0np0: 28325436664336 11005717146    0    0    0     0          0    482079 12677690576216 3309509950    0    0    0     0       0          0
1784176536 | enp139s0f0np0: 28326716247306 11006044842    0    0    0     0          0    482079 12678981887946 3309840747    0    0    0     0       0          0
1784176537 | enp139s0f0np0: 28328015983708 11006377378    0    0    0     0          0    482079 12680264283085 3310169390    0    0    0     0       0          0
1784176538 | enp139s0f0np0: 28329328918997 11006713044    0    0    0     0          0    482079 12681566434820 3310502676    0    0    0     0       0          0
1784176539 | enp139s0f0np0: 28330663717583 11007054900    0    0    0     0          0    482079 12682882346267 3310839809    0    0    0     0       0          0
1784176540 | enp139s0f0np0: 28331983460833 11007392356    0    0    0     0          0    482079 12684189872582 3311174551    0    0    0     0       0          0
1784176541 | enp139s0f0np0: 28333314551280 11007733618    0    0    0     0          0    482079 12685531016109 3311516912    0    0    0     0       0          0
1784176542 | enp139s0f0np0: 28334651044886 11008075425    0    0    0     0          0    482079 12686866614959 3311858883    0    0    0     0       0          0
1784176543 | enp139s0f0np0: 28335876653848 11008389071    0    0    0     0          0    482079 12688083706237 3312170834    0    0    0     0       0          0
1784176544 | enp139s0f0np0: 28337184021612 11008723436    0    0    0     0          0    482079 12689382363274 3312503780    0    0    0     0       0          0
1784176545 | enp139s0f0np0: 28338485134935 11009056142    0    0    0     0          0    482079 12690690627964 3312838605    0    0    0     0       0          0
1784176546 | enp139s0f0np0: 28339782450681 11009387920    0    0    0     0          0    482079 12691984182834 3313170010    0    0    0     0       0          0
1784176547 | enp139s0f0np0: 28341082324930 11009719996    0    0    0     0          0    482079 12693297483821 3313505983    0    0    0     0       0          0
1784176548 | enp139s0f0np0: 28342367411247 11010048684    0    0    0     0          0    482080 12694598741739 3313839266    0    0    0     0       0          0
1784176549 | enp139s0f0np0: 28343658561197 11010379057    0    0    0     0          0    482080 12695875028899 3314166515    0    0    0     0       0          0
1784176550 | enp139s0f0np0: 28344964624806 11010713177    0    0    0     0          0    482080 12697179762193 3314500916    0    0    0     0       0          0
1784176551 | enp139s0f0np0: 28346281932632 11011050042    0    0    0     0          0    482080 12698484419635 3314835126    0    0    0     0       0          0
1784176552 | enp139s0f0np0: 28347587173318 11011383661    0    0    0     0          0    482080 12699776345189 3315166034    0    0    0     0       0          0
1784176553 | enp139s0f0np0: 28348893992797 11011718447    0    0    0     0          0    482080 12701087805605 3315501589    0    0    0     0       0          0
1784176554 | enp139s0f0np0: 28350188949965 11012049433    0    0    0     0          0    482080 12702386121312 3315834086    0    0    0     0       0          0
1784176555 | enp139s0f0np0: 28351473693935 11012377652    0    0    0     0          0    482080 12703648737403 3316158025    0    0    0     0       0          0
1784176556 | enp139s0f0np0: 28352739520850 11012700879    0    0    0     0          0    482080 12704906893696 3316480943    0    0    0     0       0          0
1784176557 | enp139s0f0np0: 28354030118973 11013030604    0    0    0     0          0    482080 12706184930408 3316808435    0    0    0     0       0          0
1784176558 | enp139s0f0np0: 28355227656374 11013336707    0    0    0     0          0    482080 12707402459908 3317120348    0    0    0     0       0          0
1784176559 | enp139s0f0np0: 28356467775348 11013653918    0    0    0     0          0    482080 12708648214699 3317439543    0    0    0     0       0          0
1784176560 | enp139s0f0np0: 28357683023283 11013964803    0    0    0     0          0    482080 12709870628980 3317752684    0    0    0     0       0          0
1784176561 | enp139s0f0np0: 28358983321231 11014296948    0    0    0     0          0    482080 12711147437060 3318079969    0    0    0     0       0          0
1784176562 | enp139s0f0np0: 28360251138353 11014621050    0    0    0     0          0    482080 12712424640247 3318407345    0    0    0     0       0          0
1784176563 | enp139s0f0np0: 28361521970306 11014945713    0    0    0     0          0    482080 12713695662747 3318733366    0    0    0     0       0          0
1784176564 | enp139s0f0np0: 28362813165447 11015276179    0    0    0     0          0    482080 12714986004649 3319063638    0    0    0     0       0          0
1784176565 | enp139s0f0np0: 28364097580568 11015604504    0    0    0     0          0    482080 12716269685090 3319392921    0    0    0     0       0          0
1784176566 | enp139s0f0np0: 28365373641040 11015930229    0    0    0     0          0    482080 12717547069017 3319720112    0    0    0     0       0          0
1784176567 | enp139s0f0np0: 28366640450324 11016253889    0    0    0     0          0    482080 12718811418004 3320044216    0    0    0     0       0          0
1784176568 | enp139s0f0np0: 28367880375029 11016570399    0    0    0     0          0    482080 12720034580379 3320357534    0    0    0     0       0          0
1784176569 | enp139s0f0np0: 28369161183737 11016897184    0    0    0     0          0    482080 12721302850301 3320682304    0    0    0     0       0          0
1784176570 | enp139s0f0np0: 28370424654633 11017219958    0    0    0     0          0    482080 12722558876554 3321004526    0    0    0     0       0          0
1784176571 | enp139s0f0np0: 28371718629382 11017550494    0    0    0     0          0    482080 12723851907470 3321335824    0    0    0     0       0          0
1784176572 | enp139s0f0np0: 28372974376282 11017870898    0    0    0     0          0    482080 12725105712069 3321657056    0    0    0     0       0          0
1784176573 | enp139s0f0np0: 28374248607449 11018196278    0    0    0     0          0    482080 12726400255951 3321988600    0    0    0     0       0          0
1784176574 | enp139s0f0np0: 28375524287517 11018522146    0    0    0     0          0    482080 12727669185856 3322314325    0    0    0     0       0          0
1784176575 | enp139s0f0np0: 28376828490137 11018855219    0    0    0     0          0    482080 12728971563737 3322647604    0    0    0     0       0          0
1784176576 | enp139s0f0np0: 28378114800143 11019183607    0    0    0     0          0    482080 12730257342993 3322977142    0    0    0     0       0          0
1784176577 | enp139s0f0np0: 28379322761053 11019492330    0    0    0     0          0    482080 12731481340962 3323290892    0    0    0     0       0          0
1784176578 | enp139s0f0np0: 28380593593635 11019816815    0    0    0     0          0    482081 12732739520064 3323613557    0    0    0     0       0          0
1784176579 | enp139s0f0np0: 28381874413442 11020143834    0    0    0     0          0    482081 12734024833592 3323943044    0    0    0     0       0          0
1784176580 | enp139s0f0np0: 28383177681208 11020476552    0    0    0     0          0    482081 12735323194645 3324275622    0    0    0     0       0          0
1784176581 | enp139s0f0np0: 28384454685680 11020802802    0    0    0     0          0    482081 12736619578152 3324607591    0    0    0     0       0          0
1784176582 | enp139s0f0np0: 28385741084415 11021131496    0    0    0     0          0    482081 12737908811500 3324937704    0    0    0     0       0          0
1784176583 | enp139s0f0np0: 28387011350436 11021455792    0    0    0     0          0    482081 12739183753961 3325264160    0    0    0     0       0          0
1784176584 | enp139s0f0np0: 28388301376558 11021785526    0    0    0     0          0    482081 12740477150885 3325595975    0    0    0     0       0          0
1784176585 | enp139s0f0np0: 28389584704279 11022113243    0    0    0     0          0    482081 12741770384480 3325927466    0    0    0     0       0          0
1784176586 | enp139s0f0np0: 28390889912111 11022446612    0    0    0     0          0    482081 12743083130840 3326263500    0    0    0     0       0          0
1784176587 | enp139s0f0np0: 28392185295374 11022777407    0    0    0     0          0    482081 12744399326832 3326600055    0    0    0     0       0          0
1784176588 | enp139s0f0np0: 28393496981979 11023112749    0    0    0     0          0    482081 12745686773667 3326929814    0    0    0     0       0          0
1784176589 | enp139s0f0np0: 28394789115867 11023442951    0    0    0     0          0    482081 12746981453038 3327261600    0    0    0     0       0          0
1784176590 | enp139s0f0np0: 28396088373547 11023774720    0    0    0     0          0    482081 12748293120479 3327597364    0    0    0     0       0          0
1784176591 | enp139s0f0np0: 28397378577903 11024103477    0    0    0     0          0    482081 12749582030273 3327927519    0    0    0     0       0          0
1784176592 | enp139s0f0np0: 28398673547203 11024434240    0    0    0     0          0    482081 12750871613643 3328258078    0    0    0     0       0          0
1784176593 | enp139s0f0np0: 28399986543827 11024769165    0    0    0     0          0    482081 12752188165766 3328595529    0    0    0     0       0          0
1784176594 | enp139s0f0np0: 28401223014791 11025085285    0    0    0     0          0    482081 12753424051749 3328912143    0    0    0     0       0          0
1784176595 | enp139s0f0np0: 28402465826101 11025402709    0    0    0     0          0    482081 12754647457482 3329226233    0    0    0     0       0          0
1784176596 | enp139s0f0np0: 28403772775347 11025736024    0    0    0     0          0    482081 12755957082458 3329561690    0    0    0     0       0          0
1784176597 | enp139s0f0np0: 28405040988072 11026059403    0    0    0     0          0    482081 12757239577834 3329890344    0    0    0     0       0          0
1784176598 | enp139s0f0np0: 28406334790587 11026389356    0    0    0     0          0    482081 12758529696787 3330220730    0    0    0     0       0          0
1784176599 | enp139s0f0np0: 28407599215008 11026712304    0    0    0     0          0    482081 12759809784050 3330548589    0    0    0     0       0          0
1784176600 | enp139s0f0np0: 28408893855410 11027042730    0    0    0     0          0    482081 12761119785287 3330883856    0    0    0     0       0          0
1784176601 | enp139s0f0np0: 28410180447167 11027370839    0    0    0     0          0    482081 12762408558620 3331213895    0    0    0     0       0          0
1784176602 | enp139s0f0np0: 28411455241823 11027696168    0    0    0     0          0    482081 12763685759067 3331541122    0    0    0     0       0          0
1784176603 | enp139s0f0np0: 28412748856763 11028026567    0    0    0     0          0    482081 12764975243604 3331871724    0    0    0     0       0          0
1784176604 | enp139s0f0np0: 28414034270814 11028354696    0    0    0     0          0    482081 12766262874975 3332201694    0    0    0     0       0          0
1784176605 | enp139s0f0np0: 28415323934767 11028683817    0    0    0     0          0    482081 12767525467242 3332525576    0    0    0     0       0          0
1784176606 | enp139s0f0np0: 28416640440233 11029019965    0    0    0     0          0    482081 12768831891154 3332860335    0    0    0     0       0          0
1784176607 | enp139s0f0np0: 28417926982905 11029348595    0    0    0     0          0    482081 12770121117742 3333190828    0    0    0     0       0          0
1784176608 | enp139s0f0np0: 28419212659146 11029676529    0    0    0     0          0    482082 12771406323787 3333520323    0    0    0     0       0          0
1784176609 | enp139s0f0np0: 28420507685532 11030006459    0    0    0     0          0    482082 12772697194654 3333851290    0    0    0     0       0          0
1784176610 | enp139s0f0np0: 28421775214129 11030329883    0    0    0     0          0    482082 12773970282018 3334177503    0    0    0     0       0          0
1784176611 | enp139s0f0np0: 28422975340116 11030636331    0    0    0     0          0    482082 12775185440624 3334488630    0    0    0     0       0          0
1784176612 | enp139s0f0np0: 28424155194869 11030937749    0    0    0     0          0    482082 12776360218525 3334789878    0    0    0     0       0          0
1784176613 | enp139s0f0np0: 28425405131647 11031256844    0    0    0     0          0    482082 12777624703199 3335113602    0    0    0     0       0          0
1784176614 | enp139s0f0np0: 28426704973883 11031589204    0    0    0     0          0    482082 12778906605356 3335442272    0    0    0     0       0          0
1784176615 | enp139s0f0np0: 28427998549342 11031919302    0    0    0     0          0    482082 12780199519686 3335773626    0    0    0     0       0          0
1784176616 | enp139s0f0np0: 28429286929903 11032248172    0    0    0     0          0    482082 12781487539800 3336103997    0    0    0     0       0          0
1784176617 | enp139s0f0np0: 28430590991377 11032581271    0    0    0     0          0    482082 12782775559263 3336434035    0    0    0     0       0          0
1784176618 | enp139s0f0np0: 28431860601897 11032906003    0    0    0     0          0    482082 12784058636425 3336763045    0    0    0     0       0          0
1784176619 | enp139s0f0np0: 28433140547148 11033233106    0    0    0     0          0    482082 12785357126212 3337095573    0    0    0     0       0          0
1784176620 | enp139s0f0np0: 28434442038868 11033565520    0    0    0     0          0    482082 12786653945903 3337427765    0    0    0     0       0          0
1784176621 | enp139s0f0np0: 28435719357054 11033891948    0    0    0     0          0    482082 12787940728909 3337757207    0    0    0     0       0          0
1784176622 | enp139s0f0np0: 28437019561526 11034224156    0    0    0     0          0    482082 12789229261321 3338087561    0    0    0     0       0          0
1784176623 | enp139s0f0np0: 28438307910482 11034552751    0    0    0     0          0    482082 12790534166431 3338421793    0    0    0     0       0          0
1784176624 | enp139s0f0np0: 28439590409967 11034879985    0    0    0     0          0    482082 12791813976962 3338749588    0    0    0     0       0          0
1784176625 | enp139s0f0np0: 28440860535908 11035204582    0    0    0     0          0    482082 12793080118925 3339073738    0    0    0     0       0          0
1784176626 | enp139s0f0np0: 28442137473789 11035530917    0    0    0     0          0    482082 12794375968623 3339405247    0    0    0     0       0          0
1784176627 | enp139s0f0np0: 28443418467578 11035858237    0    0    0     0          0    482082 12795643280235 3339730173    0    0    0     0       0          0
1784176628 | enp139s0f0np0: 28444687739884 11036182495    0    0    0     0          0    482082 12796939326987 3340061311    0    0    0     0       0          0
1784176629 | enp139s0f0np0: 28445860676295 11036482069    0    0    0     0          0    482082 12798118842989 3340363254    0    0    0     0       0          0
1784176630 | enp139s0f0np0: 28447138819607 11036808535    0    0    0     0          0    482082 12799404410869 3340692520    0    0    0     0       0          0
1784176631 | enp139s0f0np0: 28448424132559 11037136573    0    0    0     0          0    482082 12800695889948 3341023482    0    0    0     0       0          0
1784176632 | enp139s0f0np0: 28449698759714 11037462157    0    0    0     0          0    482082 12801960638929 3341347743    0    0    0     0       0          0
1784176633 | enp139s0f0np0: 28450960832607 11037784955    0    0    0     0          0    482082 12803237019398 3341674741    0    0    0     0       0          0
1784176634 | enp139s0f0np0: 28452227791761 11038108650    0    0    0     0          0    482082 12804511716789 3342001168    0    0    0     0       0          0
1784176635 | enp139s0f0np0: 28453499189829 11038433499    0    0    0     0          0    482082 12805794761877 3342330025    0    0    0     0       0          0
1784176636 | enp139s0f0np0: 28454804057991 11038766682    0    0    0     0          0    482082 12807087885060 3342662013    0    0    0     0       0          0
1784176637 | enp139s0f0np0: 28456101285955 11039098236    0    0    0     0          0    482082 12808377985949 3342992585    0    0    0     0       0          0
1784176638 | enp139s0f0np0: 28457403434630 11039430544    0    0    0     0          0    482083 12809679804609 3343325691    0    0    0     0       0          0
1784176639 | enp139s0f0np0: 28458670465501 11039754706    0    0    0     0          0    482083 12810950269755 3343650989    0    0    0     0       0          0
1784176640 | enp139s0f0np0: 28459972715279 11040087010    0    0    0     0          0    482083 12812257385854 3343985754    0    0    0     0       0          0
1784176641 | enp139s0f0np0: 28461239695232 11040411047    0    0    0     0          0    482083 12813560625263 3344319079    0    0    0     0       0          0
1784176642 | enp139s0f0np0: 28462496027005 11040732081    0    0    0     0          0    482083 12814811240662 3344639266    0    0    0     0       0          0
1784176643 | enp139s0f0np0: 28463784728268 11041060791    0    0    0     0          0    482083 12816108983957 3344971725    0    0    0     0       0          0
1784176644 | enp139s0f0np0: 28465057956599 11041386101    0    0    0     0          0    482083 12817378207696 3345297206    0    0    0     0       0          0
1784176645 | enp139s0f0np0: 28466329959084 11041711213    0    0    0     0          0    482083 12818654224853 3345624078    0    0    0     0       0          0
1784176646 | enp139s0f0np0: 28467574795002 11042028881    0    0    0     0          0    482083 12819880501902 3345938699    0    0    0     0       0          0
1784176647 | enp139s0f0np0: 28468838030535 11042351773    0    0    0     0          0    482083 12821144017301 3346262275    0    0    0     0       0          0
1784176648 | enp139s0f0np0: 28470091845809 11042672049    0    0    0     0          0    482083 12822407085013 3346586255    0    0    0     0       0          0
1784176649 | enp139s0f0np0: 28471346877159 11042992869    0    0    0     0          0    482083 12823653853313 3346905634    0    0    0     0       0          0
1784176650 | enp139s0f0np0: 28472618269031 11043317678    0    0    0     0          0    482083 12824899298419 3347225262    0    0    0     0       0          0
1784176651 | enp139s0f0np0: 28473932504586 11043653432    0    0    0     0          0    482083 12826220106010 3347563532    0    0    0     0       0          0
1784176652 | enp139s0f0np0: 28475245093970 11043988887    0    0    0     0          0    482083 12827496672329 3347891357    0    0    0     0       0          0
1784176653 | enp139s0f0np0: 28476528339461 11044317024    0    0    0     0          0    482083 12828788045476 3348222603    0    0    0     0       0          0
1784176654 | enp139s0f0np0: 28477822746118 11044647998    0    0    0     0          0    482083 12830088539346 3348555965    0    0    0     0       0          0
1784176655 | enp139s0f0np0: 28479122926331 11044980030    0    0    0     0          0    482083 12831402079167 3348892415    0    0    0     0       0          0
1784176656 | enp139s0f0np0: 28480406865717 11045308115    0    0    0     0          0    482083 12832695552811 3349223861    0    0    0     0       0          0
1784176657 | enp139s0f0np0: 28481668285334 11045630561    0    0    0     0          0    482083 12833975668645 3349552211    0    0    0     0       0          0
1784176658 | enp139s0f0np0: 28482944640483 11045956586    0    0    0     0          0    482083 12835246744696 3349878028    0    0    0     0       0          0
1784176659 | enp139s0f0np0: 28484250304033 11046289950    0    0    0     0          0    482083 12836553171521 3350212972    0    0    0     0       0          0
1784176660 | enp139s0f0np0: 28485534060234 11046617140    0    0    0     0          0    482083 12837817010684 3350537066    0    0    0     0       0          0
1784176661 | enp139s0f0np0: 28486830365072 11046948130    0    0    0     0          0    482083 12839130058189 3350873270    0    0    0     0       0          0
1784176662 | enp139s0f0np0: 28488128752575 11047279478    0    0    0     0          0    482083 12840419602403 3351203638    0    0    0     0       0          0
1784176663 | enp139s0f0np0: 28489322155499 11047584296    0    0    0     0          0    482083 12841605635702 3351507707    0    0    0     0       0          0
1784176664 | enp139s0f0np0: 28490504320865 11047886622    0    0    0     0          0    482083 12842772680561 3351806847    0    0    0     0       0          0
1784176665 | enp139s0f0np0: 28491762355795 11048208604    0    0    0     0          0    482083 12844052462152 3352134677    0    0    0     0       0          0
1784176666 | enp139s0f0np0: 28493065528308 11048541427    0    0    0     0          0    482083 12845341378262 3352465010    0    0    0     0       0          0
1784176667 | enp139s0f0np0: 28494363446434 11048873348    0    0    0     0          0    482083 12846650180069 3352800130    0    0    0     0       0          0
1784176668 | enp139s0f0np0: 28495678100283 11049209310    0    0    0     0          0    482084 12847940424994 3353131218    0    0    0     0       0          0
1784176669 | enp139s0f0np0: 28496958380202 11049536915    0    0    0     0          0    482084 12849231766767 3353461864    0    0    0     0       0          0
1784176670 | enp139s0f0np0: 28498212170513 11049857766    0    0    0     0          0    482084 12850500312356 3353786513    0    0    0     0       0          0
1784176671 | enp139s0f0np0: 28499485503925 11050182536    0    0    0     0          0    482084 12851778710124 3354114092    0    0    0     0       0          0
1784176672 | enp139s0f0np0: 28500789838156 11050515819    0    0    0     0          0    482084 12853100362573 3354451985    0    0    0     0       0          0
1784176673 | enp139s0f0np0: 28502117285741 11050854768    0    0    0     0          0    482084 12854424175994 3354790929    0    0    0     0       0          0
1784176674 | enp139s0f0np0: 28503423726747 11051189427    0    0    0     0          0    482084 12855737269977 3355127061    0    0    0     0       0          0
1784176675 | enp139s0f0np0: 28504732965957 11051524181    0    0    0     0          0    482084 12857021855750 3355456225    0    0    0     0       0          0
1784176676 | enp139s0f0np0: 28506009283975 11051850951    0    0    0     0          0    482084 12858312060998 3355786771    0    0    0     0       0          0
1784176677 | enp139s0f0np0: 28507298075420 11052180194    0    0    0     0          0    482084 12859605476395 3356118219    0    0    0     0       0          0
1784176678 | enp139s0f0np0: 28508622171226 11052518197    0    0    0     0          0    482084 12860912535738 3356453026    0    0    0     0       0          0
1784176679 | enp139s0f0np0: 28509938628244 11052854814    0    0    0     0          0    482084 12862213903074 3356786427    0    0    0     0       0          0
1784176680 | enp139s0f0np0: 28511189657888 11053174773    0    0    0     0          0    482084 12863469568519 3357108144    0    0    0     0       0          0
1784176681 | enp139s0f0np0: 28512438447859 11053494156    0    0    0     0          0    482084 12864722346837 3357429189    0    0    0     0       0          0
