hints = 1
Maintaining 16 concurrent writes of 262144 bytes to objects of size 262144 for up to 60 seconds or 0 objects
Object prefix: benchmark_data_oneasia-c1-cpu-node10_2305803
  sec Cur ops   started  finished  avg MB/s  cur MB/s last lat(s)  avg lat(s)
    0       0         0         0         0         0           -           0
    1      16     11384     11368   2841.85      2842   0.0011404  0.00140547
    2      16     23013     22997   2874.42   2907.25  0.00135482  0.00139031
    3      16     34609     34593   2882.52      2899 0.000913991  0.00138653
    4      16     46401     46385   2898.81      2948  0.00105246  0.00137889
    5      16     58335     58319   2915.69    2983.5 0.000994149   0.0013709
    6      16     70199     70183   2924.03      2966  0.00142782  0.00136705
    7      16     81812     81796   2921.03   2903.25  0.00129399  0.00136849
    8      15     93551     93536   2922.74      2935  0.00178502   0.0013677
    9      16    105313    105297   2924.66   2940.25  0.00100197  0.00136685
   10      16    117226    117210      2930   2978.25  0.00311892  0.00136434
   11      16    129126    129110   2934.07      2975  0.00140376  0.00136247
   12      16    140803    140787   2932.82   2919.25  0.00138375  0.00136306
   13      16    152566    152550   2933.41   2940.75 0.000957815   0.0013628
   14      16    163919    163903    2926.6   2838.25  0.00172883  0.00136597
   15      15    175143    175128   2918.56   2806.25  0.00106485  0.00136973
   16      16    186986    186970   2921.17    2960.5 0.000987481  0.00136854
   17      16    198683    198667   2921.33   2924.25  0.00114006  0.00136845
   18      16    210224    210208   2919.32   2885.25  0.00127373  0.00136941
   19      16    221851    221835   2918.64   2906.75  0.00219858  0.00136971
2026-07-18T23:02:38.222004+0700 min lat: 0.000721801 max lat: 0.0174236 avg lat: 0.00137018
  sec Cur ops   started  finished  avg MB/s  cur MB/s last lat(s)  avg lat(s)
   20      16    233448    233432   2917.66   2899.25  0.00109108  0.00137018
   21      16    244932    244916   2915.42      2871  0.00135909  0.00137124
   22      16    256542    256526   2914.83    2902.5 0.000980572  0.00137152
   23      16    268336    268320   2916.28    2948.5  0.00116117  0.00137085
   24      15    280113    280098   2917.45    2944.5  0.00136724   0.0013703
   25      16    291774    291758   2917.34      2915  0.00115268  0.00137037
   26      16    303658    303642   2919.39      2971  0.00145727   0.0013694
   27      15    315481    315466   2920.74      2956  0.00105569  0.00136876
   28      16    326398    326382   2913.88      2729  0.00123271  0.00137197
   29      15    338151    338136   2914.72    2938.5  0.00127432   0.0013716
   30      16    349983    349967   2916.15   2957.75  0.00117155  0.00137093
   31      16    361813    361797   2917.48    2957.5  0.00130204   0.0013703
   32      16    373658    373642   2918.84   2961.25  0.00164783  0.00136966
   33      16    385478    385462   2919.93      2955 0.000914486  0.00136915
   34      16    397166    397150   2919.98      2922   0.0020815   0.0013691
   35      16    408960    408944   2920.79    2948.5  0.00113498  0.00136875
   36      16    420725    420709   2921.35   2941.25  0.00242923  0.00136848
   37      16    432480    432464   2921.82   2938.75  0.00110491  0.00136826
   38      16    444308    444292   2922.74      2957  0.00127061  0.00136783
   39      16    456197    456181      2924   2972.25  0.00129619  0.00136725
2026-07-18T23:02:58.223608+0700 min lat: 0.000721801 max lat: 0.0174236 avg lat: 0.0013668
  sec Cur ops   started  finished  avg MB/s  cur MB/s last lat(s)  avg lat(s)
   40      16    468033    468017   2924.87      2959  0.00153729   0.0013668
   41      16    479864    479848   2925.66   2957.75  0.00149511  0.00136646
   42      16    491112    491096   2922.95      2812  0.00164607  0.00136775
   43      16    503064    503048   2924.46      2988   0.0016746  0.00136703
   44      15    514864    514849   2925.04   2950.25  0.00111299  0.00136675
   45      16    526135    526119   2922.64    2817.5  0.00101898  0.00136789
   46      16    538194    538178   2924.64   3014.75  0.00114347  0.00136695
   47      16    550103    550087   2925.76   2977.25  0.00129046  0.00136642
   48      16    561935    561919   2926.42      2958  0.00132744  0.00136611
   49      16    573761    573745   2927.03    2956.5   0.0022734  0.00136583
   50      16    585531    585515   2927.34    2942.5  0.00165722  0.00136569
   51      16    597362    597346   2927.93   2957.75   0.0011485   0.0013654
   52      16    609131    609115    2928.2   2942.25 0.000840086  0.00136529
   53      16    620923    620907   2928.57      2948  0.00113374  0.00136509
   54      16    632655    632639   2928.65      2933  0.00127687  0.00136508
   55      16    643955    643939   2926.76      2825  0.00153504  0.00136596
   56      16    655839    655823   2927.55      2971  0.00123768  0.00136558
   57      16    667769    667753   2928.51    2982.5  0.00142691  0.00136514
   58      16    679420    679404   2928.23   2912.75  0.00112303  0.00136527
   59      16    691203    691187   2928.52   2945.75  0.00180909  0.00136513
Total time run:         60.001
Total writes made:      702896
Write size:             262144
Object size:            262144
Bandwidth (MB/sec):     2928.68
Stddev Bandwidth:       52.7859
Max bandwidth (MB/sec): 3014.75
Min bandwidth (MB/sec): 2729
Average IOPS:           11714
Stddev IOPS:            211.143
Max IOPS:               12059
Min IOPS:               10916
Average Latency(s):     0.00136506
Stddev Latency(s):      0.000492639
Max latency(s):         0.0174236
Min latency(s):         0.000699446
