1784790241 | enp139s0f0np0: 239882354429650 64678411478    0 2473    0     0          0    502534 188821638246728 48927939050    0    0    0     0       0          0
1784790242 | enp139s0f0np0: 239883469846456 64678694687    0 2473    0     0          0    502534 188822255639918 48928105451    0    0    0     0       0          0
1784790243 | enp139s0f0np0: 239886025363380 64679324728    0 2473    0     0          0    502534 188823655080499 48928465671    0    0    0     0       0          0
1784790244 | enp139s0f0np0: 239888578079032 64679954226    0 2473    0     0          0    502534 188825061052883 48928827367    0    0    0     0       0          0
1784790245 | enp139s0f0np0: 239891149817756 64680587911    0 2473    0     0          0    502534 188826474177426 48929190806    0    0    0     0       0          0
1784790246 | enp139s0f0np0: 239893924237410 64681269100    0 2473    0     0          0    502534 188827940569971 48929566500    0    0    0     0       0          0
1784790247 | enp139s0f0np0: 239896883583699 64681993748    0 2473    0     0          0    502534 188829539982313 48929973399    0    0    0     0       0          0
1784790248 | enp139s0f0np0: 239899767841966 64682701479    0 2473    0     0          0    502534 188831206976284 48930395541    0    0    0     0       0          0
1784790249 | enp139s0f0np0: 239902561141470 64683387460    0 2473    0     0          0    502535 188832789509342 48930799884    0    0    0     0       0          0
1784790250 | enp139s0f0np0: 239905345646235 64684070656    0 2473    0     0          0    502535 188834309848996 48931189023    0    0    0     0       0          0
1784790251 | enp139s0f0np0: 239907966233998 64684715495    0 2473    0     0          0    502535 188835764520568 48931562925    0    0    0     0       0          0
1784790252 | enp139s0f0np0: 239910578040477 64685358211    0 2473    0     0          0    502535 188837218868443 48931936391    0    0    0     0       0          0
1784790253 | enp139s0f0np0: 239913130624196 64685987387    0 2473    0     0          0    502535 188838654160413 48932306143    0    0    0     0       0          0
1784790254 | enp139s0f0np0: 239915897882376 64686667569    0 2473    0     0          0    502535 188840190720106 48932698983    0    0    0     0       0          0
1784790255 | enp139s0f0np0: 239918560954100 64687322398    0 2473    0     0          0    502535 188841671714638 48933079673    0    0    0     0       0          0
1784790256 | enp139s0f0np0: 239921128935383 64687955268    0 2473    0     0          0    502535 188843089682901 48933444522    0    0    0     0       0          0
1784790257 | enp139s0f0np0: 239923743257342 64688599047    0 2473    0     0          0    502535 188844532931706 48933815947    0    0    0     0       0          0
1784790258 | enp139s0f0np0: 239926389205490 64689250231    0 2473    0     0          0    502535 188846020696884 48934197337    0    0    0     0       0          0
1784790259 | enp139s0f0np0: 239929091223586 64689914967    0 2473    0     0          0    502535 188847475836199 48934571687    0    0    0     0       0          0
1784790260 | enp139s0f0np0: 239931631551756 64690540943    0 2473    0     0          0    502535 188848909764149 48934940681    0    0    0     0       0          0
1784790261 | enp139s0f0np0: 239934287728093 64691193684    0 2473    0     0          0    502535 188850301062894 48935298921    0    0    0     0       0          0
1784790262 | enp139s0f0np0: 239936923683986 64691842696    0 2473    0     0          0    502535 188851794658776 48935680473    0    0    0     0       0          0
1784790263 | enp139s0f0np0: 239939569020611 64692493439    0 2473    0     0          0    502535 188853229976317 48936049259    0    0    0     0       0          0
1784790264 | enp139s0f0np0: 239942278565294 64693158843    0 2473    0     0          0    502535 188854678591733 48936421135    0    0    0     0       0          0
1784790265 | enp139s0f0np0: 239944921830632 64693808838    0 2473    0     0          0    502535 188856125822716 48936792343    0    0    0     0       0          0
1784790266 | enp139s0f0np0: 239947544701917 64694454090    0 2473    0     0          0    502535 188857558281725 48937159830    0    0    0     0       0          0
1784790267 | enp139s0f0np0: 239950199300173 64695107749    0 2473    0     0          0    502535 188859010063349 48937533508    0    0    0     0       0          0
1784790268 | enp139s0f0np0: 239952824935541 64695753598    0 2473    0     0          0    502535 188860469134023 48937907327    0    0    0     0       0          0
1784790269 | enp139s0f0np0: 239955446182910 64696398617    0 2473    0     0          0    502535 188861919990516 48938280394    0    0    0     0       0          0
1784790270 | enp139s0f0np0: 239958031196501 64697034585    0 2473    0     0          0    502535 188863306610968 48938637203    0    0    0     0       0          0
1784790271 | enp139s0f0np0: 239960588960886 64697664452    0 2473    0     0          0    502535 188864700755487 48938996607    0    0    0     0       0          0
1784790272 | enp139s0f0np0: 239963267841513 64698322474    0 2473    0     0          0    502535 188866154577888 48939369577    0    0    0     0       0          0
1784790273 | enp139s0f0np0: 239965851726470 64698958503    0 2473    0     0          0    502535 188867582087056 48939735680    0    0    0     0       0          0
1784790274 | enp139s0f0np0: 239968374108026 64699579963    0 2473    0     0          0    502535 188868943572496 48940086394    0    0    0     0       0          0
1784790275 | enp139s0f0np0: 239970757596104 64700169817    0 2473    0     0          0    502535 188870319285782 48940440425    0    0    0     0       0          0
1784790276 | enp139s0f0np0: 239973385797749 64700817025    0 2473    0     0          0    502535 188871786527776 48940817233    0    0    0     0       0          0
1784790277 | enp139s0f0np0: 239976019830493 64701465858    0 2473    0     0          0    502535 188873198051043 48941180864    0    0    0     0       0          0
1784790278 | enp139s0f0np0: 239978612612973 64702104436    0 2473    0     0          0    502536 188874635953257 48941549974    0    0    0     0       0          0
1784790279 | enp139s0f0np0: 239981184775098 64702737781    0 2473    0     0          0    502536 188876019039749 48941905506    0    0    0     0       0          0
1784790280 | enp139s0f0np0: 239983877901244 64703399903    0 2473    0     0          0    502536 188877525871141 48942292241    0    0    0     0       0          0
1784790281 | enp139s0f0np0: 239986444194260 64704032997    0 2473    0     0          0    502536 188878978065240 48942664981    0    0    0     0       0          0
1784790282 | enp139s0f0np0: 239989005411949 64704664184    0 2473    0     0          0    502536 188880369614729 48943022972    0    0    0     0       0          0
1784790283 | enp139s0f0np0: 239991731856639 64705334645    0 2473    0     0          0    502536 188881838028826 48943399830    0    0    0     0       0          0
1784790284 | enp139s0f0np0: 239994459173453 64706005479    0 2473    0     0          0    502536 188883331971347 48943782212    0    0    0     0       0          0
1784790285 | enp139s0f0np0: 239997257084175 64706692601    0 2473    0     0          0    502536 188884855287827 48944171146    0    0    0     0       0          0
1784790286 | enp139s0f0np0: 239999818407369 64707324071    0 2473    0     0          0    502536 188886258556133 48944532868    0    0    0     0       0          0
1784790287 | enp139s0f0np0: 240002386831833 64707957142    0 2473    0     0          0    502536 188887686874544 48944900185    0    0    0     0       0          0
1784790288 | enp139s0f0np0: 240004979930656 64708595689    0 2473    0     0          0    502536 188889066629172 48945255883    0    0    0     0       0          0
1784790289 | enp139s0f0np0: 240007288475287 64709167850    0 2473    0     0          0    502536 188890466568666 48945615020    0    0    0     0       0          0
1784790290 | enp139s0f0np0: 240010177847426 64709876724    0 2473    0     0          0    502536 188892050390753 48946017801    0    0    0     0       0          0
1784790291 | enp139s0f0np0: 240013044613672 64710580336    0 2473    0     0          0    502536 188893617245870 48946415826    0    0    0     0       0          0
1784790292 | enp139s0f0np0: 240015941008653 64711291513    0 2473    0     0          0    502536 188895226976752 48946824886    0    0    0     0       0          0
1784790293 | enp139s0f0np0: 240018746095747 64711981039    0 2473    0     0          0    502536 188896746888544 48947215853    0    0    0     0       0          0
1784790294 | enp139s0f0np0: 240021397105431 64712634076    0 2473    0     0          0    502536 188898156626281 48947579351    0    0    0     0       0          0
1784790295 | enp139s0f0np0: 240023980689328 64713270228    0 2473    0     0          0    502536 188899512915427 48947929282    0    0    0     0       0          0
1784790296 | enp139s0f0np0: 240026591382751 64713913421    0 2473    0     0          0    502536 188900929739909 48948293335    0    0    0     0       0          0
1784790297 | enp139s0f0np0: 240029222754439 64714560791    0 2473    0     0          0    502536 188902291691770 48948644498    0    0    0     0       0          0
1784790298 | enp139s0f0np0: 240031922157619 64715224342    0 2473    0     0          0    502536 188903653806899 48948995767    0    0    0     0       0          0
1784790299 | enp139s0f0np0: 240034551724714 64715871042    0 2473    0     0          0    502536 188904970894221 48949336688    0    0    0     0       0          0
1784790300 | enp139s0f0np0: 240037286546178 64716541878    0 2473    0     0          0    502536 188906235259105 48949664744    0    0    0     0       0          0
1784790301 | enp139s0f0np0: 240039743206777 64717147784    0 2473    0     0          0    502536 188907431421857 48949976438    0    0    0     0       0          0
1784790302 | enp139s0f0np0: 240042508522700 64717826635    0 2473    0     0          0    502536 188908676391192 48950300920    0    0    0     0       0          0
1784790303 | enp139s0f0np0: 240045144122816 64718475116    0 2473    0     0          0    502536 188909989521008 48950641781    0    0    0     0       0          0
1784790304 | enp139s0f0np0: 240047700444254 64719104843    0 2473    0     0          0    502536 188911370076030 48950997781    0    0    0     0       0          0
1784790305 | enp139s0f0np0: 240050244788136 64719731532    0 2473    0     0          0    502536 188912800424781 48951364285    0    0    0     0       0          0
1784790306 | enp139s0f0np0: 240052825346075 64720367508    0 2473    0     0          0    502536 188914213926661 48951727768    0    0    0     0       0          0
1784790307 | enp139s0f0np0: 240055380634960 64720996492    0 2473    0     0          0    502536 188915603089290 48952085224    0    0    0     0       0          0
1784790308 | enp139s0f0np0: 240058009512577 64721643079    0 2473    0     0          0    502537 188917051680676 48952456714    0    0    0     0       0          0
1784790309 | enp139s0f0np0: 240060561343317 64722272181    0 2473    0     0          0    502537 188918474472886 48952822809    0    0    0     0       0          0
1784790310 | enp139s0f0np0: 240063185736049 64722918344    0 2473    0     0          0    502537 188919948892822 48953200830    0    0    0     0       0          0
1784790311 | enp139s0f0np0: 240065594823519 64723514291    0 2473    0     0          0    502537 188921400143064 48953571896    0    0    0     0       0          0
1784790312 | enp139s0f0np0: 240068253933762 64724168439    0 2473    0     0          0    502537 188922803267196 48953934436    0    0    0     0       0          0
1784790313 | enp139s0f0np0: 240070800446788 64724795556    0 2473    0     0          0    502537 188924210311064 48954297381    0    0    0     0       0          0
1784790314 | enp139s0f0np0: 240073427992861 64725441829    0 2473    0     0          0    502537 188925632484941 48954662589    0    0    0     0       0          0
1784790315 | enp139s0f0np0: 240076021989570 64726080127    0 2473    0     0          0    502537 188927049802076 48955027015    0    0    0     0       0          0
1784790316 | enp139s0f0np0: 240078576950774 64726709756    0 2473    0     0          0    502537 188928442745175 48955386541    0    0    0     0       0          0
1784790317 | enp139s0f0np0: 240081210165959 64727358251    0 2473    0     0          0    502537 188929901890637 48955760861    0    0    0     0       0          0
1784790318 | enp139s0f0np0: 240083764993689 64727987201    0 2473    0     0          0    502537 188931281331767 48956116408    0    0    0     0       0          0
1784790319 | enp139s0f0np0: 240086270934579 64728605203    0 2473    0     0          0    502537 188932683979499 48956477112    0    0    0     0       0          0
1784790320 | enp139s0f0np0: 240088639541073 64729191375    0 2473    0     0          0    502537 188934097939246 48956839302    0    0    0     0       0          0
1784790321 | enp139s0f0np0: 240091215055808 64729825330    0 2473    0     0          0    502537 188935521500777 48957204465    0    0    0     0       0          0
1784790322 | enp139s0f0np0: 240093776528482 64730455613    0 2473    0     0          0    502537 188936977083311 48957578333    0    0    0     0       0          0
1784790323 | enp139s0f0np0: 240096330654651 64731084980    0 2473    0     0          0    502537 188938373268183 48957938429    0    0    0     0       0          0
1784790324 | enp139s0f0np0: 240098983254461 64731737543    0 2473    0     0          0    502537 188939885420763 48958324529    0    0    0     0       0          0
1784790325 | enp139s0f0np0: 240101657772700 64732394625    0 2473    0     0          0    502537 188941310864306 48958690754    0    0    0     0       0          0
1784790326 | enp139s0f0np0: 240104242406776 64733030761    0 2473    0     0          0    502537 188942720391408 48959053682    0    0    0     0       0          0
1784790327 | enp139s0f0np0: 240106618270344 64733618834    0 2473    0     0          0    502537 188944150928113 48959420696    0    0    0     0       0          0
1784790328 | enp139s0f0np0: 240109159194642 64734245080    0 2473    0     0          0    502537 188945593490342 48959789747    0    0    0     0       0          0
1784790329 | enp139s0f0np0: 240111779024576 64734889979    0 2473    0     0          0    502537 188947022290455 48960156498    0    0    0     0       0          0
1784790330 | enp139s0f0np0: 240114392211192 64735533207    0 2473    0     0          0    502537 188948486365656 48960532436    0    0    0     0       0          0
1784790331 | enp139s0f0np0: 240116957818551 64736165097    0 2473    0     0          0    502537 188949868948395 48960888982    0    0    0     0       0          0
1784790332 | enp139s0f0np0: 240119440309671 64736777039    0 2473    0     0          0    502537 188951254996497 48961246350    0    0    0     0       0          0
1784790333 | enp139s0f0np0: 240121944928661 64737394775    0 2473    0     0          0    502537 188952645838173 48961604671    0    0    0     0       0          0
1784790334 | enp139s0f0np0: 240124576594308 64738041815    0 2473    0     0          0    502537 188954092375630 48961974440    0    0    0     0       0          0
1784790335 | enp139s0f0np0: 240126957543033 64738631621    0 2473    0     0          0    502537 188955588923178 48962355408    0    0    0     0       0          0
1784790336 | enp139s0f0np0: 240129658224749 64739295142    0 2473    0     0          0    502537 188957026938943 48962724040    0    0    0     0       0          0
1784790337 | enp139s0f0np0: 240132219929265 64739926691    0 2473    0     0          0    502537 188958510489507 48963103913    0    0    0     0       0          0
1784790338 | enp139s0f0np0: 240134810339051 64740564644    0 2473    0     0          0    502538 188959942727411 48963472637    0    0    0     0       0          0
1784790339 | enp139s0f0np0: 240137441685581 64741212525    0 2473    0     0          0    502538 188961360831667 48963837990    0    0    0     0       0          0
1784790340 | enp139s0f0np0: 240140057451706 64741856452    0 2473    0     0          0    502538 188962776894094 48964202115    0    0    0     0       0          0
1784790341 | enp139s0f0np0: 240142418287072 64742440288    0 2473    0     0          0    502538 188964138344262 48964552706    0    0    0     0       0          0
1784790342 | enp139s0f0np0: 240144783041830 64743023252    0 2473    0     0          0    502538 188965452339170 48964889324    0    0    0     0       0          0
1784790343 | enp139s0f0np0: 240147315784656 64743647449    0 2473    0     0          0    502538 188966857476098 48965251051    0    0    0     0       0          0
1784790344 | enp139s0f0np0: 240149872488202 64744278153    0 2473    0     0          0    502538 188968222680253 48965604917    0    0    0     0       0          0
1784790345 | enp139s0f0np0: 240152404254321 64744902940    0 2473    0     0          0    502538 188969612648695 48965964015    0    0    0     0       0          0
1784790346 | enp139s0f0np0: 240154995684838 64745540668    0 2473    0     0          0    502538 188971003186449 48966321535    0    0    0     0       0          0
1784790347 | enp139s0f0np0: 240157537547263 64746167164    0 2473    0     0          0    502538 188972377646022 48966676109    0    0    0     0       0          0
1784790348 | enp139s0f0np0: 240159768896400 64746721328    0 2473    0     0          0    502538 188973737671388 48967026610    0    0    0     0       0          0
1784790349 | enp139s0f0np0: 240162572950692 64747409851    0 2473    0     0          0    502538 188975308698221 48967426804    0    0    0     0       0          0
1784790350 | enp139s0f0np0: 240165380488573 64748098696    0 2473    0     0          0    502538 188976856263460 48967820631    0    0    0     0       0          0
1784790351 | enp139s0f0np0: 240168098567475 64748766979    0 2473    0     0          0    502538 188978283266116 48968187041    0    0    0     0       0          0
1784790352 | enp139s0f0np0: 240170740830942 64749417122    0 2473    0     0          0    502538 188979715231663 48968554845    0    0    0     0       0          0
1784790353 | enp139s0f0np0: 240173394663326 64750069848    0 2473    0     0          0    502538 188981114627575 48968914060    0    0    0     0       0          0
1784790354 | enp139s0f0np0: 240175564768781 64750608416    0 2473    0     0          0    502538 188982380985854 48969241328    0    0    0     0       0          0
1784790355 | enp139s0f0np0: 240178292954860 64751278166    0 2473    0     0          0    502538 188983839979072 48969615124    0    0    0     0       0          0
1784790356 | enp139s0f0np0: 240180928233778 64751926845    0 2473    0     0          0    502538 188985282087518 48969985082    0    0    0     0       0          0
1784790357 | enp139s0f0np0: 240183735560738 64752615570    0 2473    0     0          0    502538 188986747059182 48970360567    0    0    0     0       0          0
1784790358 | enp139s0f0np0: 240186343967070 64753258174    0 2473    0     0          0    502538 188988132729676 48970718491    0    0    0     0       0          0
1784790359 | enp139s0f0np0: 240188984775555 64753907735    0 2473    0     0          0    502538 188989505393614 48971072120    0    0    0     0       0          0
1784790360 | enp139s0f0np0: 240191025214766 64754412731    0 2473    0     0          0    502538 188990592108340 48971354500    0    0    0     0       0          0
1784790361 | enp139s0f0np0: 240193705027677 64755071219    0 2473    0     0          0    502538 188991873961542 48971687126    0    0    0     0       0          0
1784790362 | enp139s0f0np0: 240196392914801 64755731470    0 2473    0     0          0    502538 188993135235684 48972015617    0    0    0     0       0          0
1784790363 | enp139s0f0np0: 240199028554058 64756379477    0 2473    0     0          0    502538 188994369669755 48972338329    0    0    0     0       0          0
1784790364 | enp139s0f0np0: 240201686666061 64757032805    0 2473    0     0          0    502538 188995648785459 48972670837    0    0    0     0       0          0
1784790365 | enp139s0f0np0: 240204269882447 64757668458    0 2473    0     0          0    502538 188996878828624 48972991072    0    0    0     0       0          0
1784790366 | enp139s0f0np0: 240206823965429 64758297656    0 2473    0     0          0    502538 188998204275443 48973333860    0    0    0     0       0          0
1784790367 | enp139s0f0np0: 240208956929963 64758825902    0 2473    0     0          0    502538 188999447622509 48973654230    0    0    0     0       0          0
1784790368 | enp139s0f0np0: 240211566093926 64759468100    0 2473    0     0          0    502539 189000866472033 48974019088    0    0    0     0       0          0
1784790369 | enp139s0f0np0: 240214024874562 64760074755    0 2473    0     0          0    502539 189002253069703 48974375583    0    0    0     0       0          0
1784790370 | enp139s0f0np0: 240216574918816 64760702709    0 2473    0     0          0    502539 189003656331332 48974736188    0    0    0     0       0          0
1784790371 | enp139s0f0np0: 240219203714259 64761348874    0 2473    0     0          0    502539 189005110503841 48975108215    0    0    0     0       0          0
1784790372 | enp139s0f0np0: 240221453411379 64761904789    0 2473    0     0          0    502539 189006457988964 48975452878    0    0    0     0       0          0
1784790373 | enp139s0f0np0: 240223993328653 64762530250    0 2473    0     0          0    502539 189007866281064 48975814714    0    0    0     0       0          0
1784790374 | enp139s0f0np0: 240226700055035 64763195872    0 2473    0     0          0    502539 189009351557192 48976194701    0    0    0     0       0          0
1784790375 | enp139s0f0np0: 240229338285319 64763845161    0 2473    0     0          0    502539 189010761279424 48976556860    0    0    0     0       0          0
1784790376 | enp139s0f0np0: 240231968924239 64764492824    0 2473    0     0          0    502539 189012272427994 48976943757    0    0    0     0       0          0
1784790377 | enp139s0f0np0: 240234170570620 64765037757    0 2473    0     0          0    502539 189013576898291 48977279004    0    0    0     0       0          0
1784790378 | enp139s0f0np0: 240236782711362 64765680488    0 2473    0     0          0    502539 189015012672782 48977646891    0    0    0     0       0          0
1784790379 | enp139s0f0np0: 240239289338306 64766298125    0 2473    0     0          0    502539 189016388991672 48978000325    0    0    0     0       0          0
1784790380 | enp139s0f0np0: 240241859823092 64766931249    0 2473    0     0          0    502539 189017817061239 48978366950    0    0    0     0       0          0
1784790381 | enp139s0f0np0: 240244164737829 64767499882    0 2473    0     0          0    502539 189019070335254 48978689469    0    0    0     0       0          0
1784790382 | enp139s0f0np0: 240246735806431 64768133444    0 2473    0     0          0    502539 189020530900053 48979063463    0    0    0     0       0          0
1784790383 | enp139s0f0np0: 240249126344462 64768725343    0 2473    0     0          0    502539 189021981276447 48979435246    0    0    0     0       0          0
1784790384 | enp139s0f0np0: 240251716978587 64769362779    0 2473    0     0          0    502539 189023394321728 48979798609    0    0    0     0       0          0
1784790385 | enp139s0f0np0: 240254252235865 64769987952    0 2473    0     0          0    502539 189024806755266 48980163488    0    0    0     0       0          0
1784790386 | enp139s0f0np0: 240256599129279 64770567337    0 2473    0     0          0    502539 189026104183381 48980497884    0    0    0     0       0          0
1784790387 | enp139s0f0np0: 240259160297596 64771198753    0 2473    0     0          0    502539 189027540948434 48980866712    0    0    0     0       0          0
1784790388 | enp139s0f0np0: 240261487559846 64771774681    0 2473    0     0          0    502539 189028976255370 48981235187    0    0    0     0       0          0
1784790389 | enp139s0f0np0: 240264026293810 64772399895    0 2473    0     0          0    502539 189030405465545 48981602057    0    0    0     0       0          0
1784790390 | enp139s0f0np0: 240266633482549 64773042312    0 2473    0     0          0    502539 189031862059474 48981975342    0    0    0     0       0          0
1784790391 | enp139s0f0np0: 240269077604125 64773645009    0 2473    0     0          0    502539 189033202271475 48982320155    0    0    0     0       0          0
1784790392 | enp139s0f0np0: 240271583770692 64774264110    0 2473    0     0          0    502539 189034641269816 48982689414    0    0    0     0       0          0
1784790393 | enp139s0f0np0: 240273943902799 64774848367    0 2473    0     0          0    502539 189036034980868 48983047744    0    0    0     0       0          0
1784790394 | enp139s0f0np0: 240276543626112 64775488333    0 2473    0     0          0    502539 189037507209405 48983424718    0    0    0     0       0          0
1784790395 | enp139s0f0np0: 240279279930510 64776160586    0 2473    0     0          0    502539 189039028919578 48983813588    0    0    0     0       0          0
1784790396 | enp139s0f0np0: 240281660498180 64776747304    0 2473    0     0          0    502539 189040341725302 48984151470    0    0    0     0       0          0
1784790397 | enp139s0f0np0: 240283870243686 64777296091    0 2473    0     0          0    502539 189041719792330 48984505110    0    0    0     0       0          0
1784790398 | enp139s0f0np0: 240286499243790 64777942833    0 2473    0     0          0    502540 189043151134911 48984872309    0    0    0     0       0          0
1784790399 | enp139s0f0np0: 240289102157568 64778583513    0 2473    0     0          0    502540 189044571397859 48985238012    0    0    0     0       0          0
1784790400 | enp139s0f0np0: 240291661404752 64779214338    0 2473    0     0          0    502540 189045960234641 48985595720    0    0    0     0       0          0
1784790401 | enp139s0f0np0: 240294353008030 64779876317    0 2473    0     0          0    502540 189047466219757 48985982302    0    0    0     0       0          0
1784790402 | enp139s0f0np0: 240296710350816 64780459682    0 2473    0     0          0    502540 189048939749705 48986359394    0    0    0     0       0          0
1784790403 | enp139s0f0np0: 240299302978451 64781098378    0 2473    0     0          0    502540 189050366739428 48986727196    0    0    0     0       0          0
1784790404 | enp139s0f0np0: 240301811189973 64781716896    0 2473    0     0          0    502540 189051739434075 48987081116    0    0    0     0       0          0
1784790405 | enp139s0f0np0: 240304257170832 64782321270    0 2473    0     0          0    502540 189053148574098 48987443750    0    0    0     0       0          0
1784790406 | enp139s0f0np0: 240306866231073 64782963127    0 2473    0     0          0    502540 189054554809404 48987804071    0    0    0     0       0          0
1784790407 | enp139s0f0np0: 240309170818965 64783533784    0 2473    0     0          0    502540 189055939679065 48988159682    0    0    0     0       0          0
1784790408 | enp139s0f0np0: 240311834476290 64784188930    0 2473    0     0          0    502540 189057386515850 48988530779    0    0    0     0       0          0
1784790409 | enp139s0f0np0: 240314496382078 64784842872    0 2473    0     0          0    502540 189058845536707 48988904420    0    0    0     0       0          0
1784790410 | enp139s0f0np0: 240317134533809 64785491153    0 2473    0     0          0    502540 189060277193010 48989272144    0    0    0     0       0          0
1784790411 | enp139s0f0np0: 240319508839908 64786078866    0 2473    0     0          0    502540 189061753540955 48989649845    0    0    0     0       0          0
1784790412 | enp139s0f0np0: 240322161917451 64786731262    0 2473    0     0          0    502540 189063178010040 48990015355    0    0    0     0       0          0
1784790413 | enp139s0f0np0: 240324953516457 64787416291    0 2473    0     0          0    502540 189064729567082 48990409882    0    0    0     0       0          0
1784790414 | enp139s0f0np0: 240327813237837 64788117300    0 2473    0     0          0    502540 189066287267583 48990806282    0    0    0     0       0          0
1784790416 | enp139s0f0np0: 240330226179894 64788714518    0 2473    0     0          0    502540 189067759563731 48991183973    0    0    0     0       0          0
1784790417 | enp139s0f0np0: 240332801556014 64789347949    0 2473    0     0          0    502540 189069131183466 48991538076    0    0    0     0       0          0
1784790418 | enp139s0f0np0: 240335396103729 64789986122    0 2473    0     0          0    502540 189070526144957 48991897451    0    0    0     0       0          0
1784790419 | enp139s0f0np0: 240337973678963 64790620221    0 2473    0     0          0    502540 189071939081110 48992260070    0    0    0     0       0          0
1784790420 | enp139s0f0np0: 240340303694951 64791195662    0 2473    0     0          0    502540 189073255595710 48992599118    0    0    0     0       0          0
1784790421 | enp139s0f0np0: 240342706046735 64791788332    0 2473    0     0          0    502540 189074559917897 48992935830    0    0    0     0       0          0
1784790422 | enp139s0f0np0: 240345278526136 64792421094    0 2473    0     0          0    502540 189075872909389 48993275888    0    0    0     0       0          0
