1784749232 | enp139s0f0np0: 214636924851517 58137302958    0 2473    0     0          0    501167 161806976966142 41991546699    0    0    0     0       0          0
1784749233 | enp139s0f0np0: 214636924981566 58137303056    0 2473    0     0          0    501167 161806976966142 41991546699    0    0    0     0       0          0
1784749234 | enp139s0f0np0: 214636925079935 58137303138    0 2473    0     0          0    501167 161806976966370 41991546701    0    0    0     0       0          0
1784749235 | enp139s0f0np0: 214636925207896 58137303230    0 2473    0     0          0    501168 161806976966370 41991546701    0    0    0     0       0          0
1784749236 | enp139s0f0np0: 214636925313255 58137303311    0 2473    0     0          0    501168 161806976966511 41991546703    0    0    0     0       0          0
1784749237 | enp139s0f0np0: 214636925443565 58137303399    0 2473    0     0          0    501168 161806976966511 41991546703    0    0    0     0       0          0
1784749238 | enp139s0f0np0: 214636925535040 58137303482    0 2473    0     0          0    501168 161806976966751 41991546704    0    0    0     0       0          0
1784749239 | enp139s0f0np0: 214636925632296 58137303571    0 2473    0     0          0    501168 161806976966751 41991546704    0    0    0     0       0          0
1784749240 | enp139s0f0np0: 214636925763212 58137303650    0 2473    0     0          0    501168 161806976966751 41991546704    0    0    0     0       0          0
1784749241 | enp139s0f0np0: 214636925871862 58137303729    0 2473    0     0          0    501168 161806976966751 41991546704    0    0    0     0       0          0
1784749242 | enp139s0f0np0: 214636925988018 58137303819    0 2473    0     0          0    501168 161806976966751 41991546704    0    0    0     0       0          0
1784749243 | enp139s0f0np0: 214636926102104 58137303903    0 2473    0     0          0    501168 161806976966751 41991546704    0    0    0     0       0          0
1784749244 | enp139s0f0np0: 214636926192361 58137303983    0 2473    0     0          0    501168 161806976966979 41991546706    0    0    0     0       0          0
1784749245 | enp139s0f0np0: 214636926967397 58137309255    0 2473    0     0          0    501168 161807303438829 41991625327    0    0    0     0       0          0
1784749246 | enp139s0f0np0: 214636928615488 58137320704    0 2473    0     0          0    501168 161808059061664 41991807145    0    0    0     0       0          0
1784749247 | enp139s0f0np0: 214636930282466 58137332194    0 2473    0     0          0    501168 161808872614006 41992002889    0    0    0     0       0          0
1784749248 | enp139s0f0np0: 214636931862202 58137343202    0 2473    0     0          0    501168 161809619385826 41992182545    0    0    0     0       0          0
1784749249 | enp139s0f0np0: 214636935366373 58137364076    0 2473    0     0          0    501168 161811600743272 41992658678    0    0    0     0       0          0
1784749250 | enp139s0f0np0: 214636941602937 58137395797    0 2473    0     0          0    501168 161815529714926 41993601735    0    0    0     0       0          0
1784749251 | enp139s0f0np0: 214636947603797 58137425837    0 2473    0     0          0    501168 161819329900554 41994513996    0    0    0     0       0          0
1784749252 | enp139s0f0np0: 214636953943191 58137458337    0 2473    0     0          0    501168 161823257960476 41995456849    0    0    0     0       0          0
1784749253 | enp139s0f0np0: 214636960003975 58137488819    0 2473    0     0          0    501168 161827065254188 41996370783    0    0    0     0       0          0
1784749254 | enp139s0f0np0: 214636965893716 58137518635    0 2473    0     0          0    501168 161830747477176 41997254677    0    0    0     0       0          0
1784749255 | enp139s0f0np0: 214636971729910 58137548782    0 2473    0     0          0    501168 161834356988612 41998121328    0    0    0     0       0          0
1784749256 | enp139s0f0np0: 214636977698881 58137578523    0 2473    0     0          0    501168 161838079687759 41999014991    0    0    0     0       0          0
1784749257 | enp139s0f0np0: 214636983683372 58137608413    0 2473    0     0          0    501168 161841828842693 41999915034    0    0    0     0       0          0
1784749258 | enp139s0f0np0: 214636989595210 58137638564    0 2473    0     0          0    501168 161845495079639 42000795178    0    0    0     0       0          0
1784749259 | enp139s0f0np0: 214636995462247 58137668759    0 2473    0     0          0    501168 161849133570843 42001668719    0    0    0     0       0          0
1784749260 | enp139s0f0np0: 214637001330684 58137698079    0 2473    0     0          0    501168 161852789521131 42002546450    0    0    0     0       0          0
1784749261 | enp139s0f0np0: 214637007226486 58137727625    0 2473    0     0          0    501168 161856492863429 42003435411    0    0    0     0       0          0
1784749262 | enp139s0f0np0: 214637013106736 58137756816    0 2473    0     0          0    501168 161860203246403 42004326147    0    0    0     0       0          0
1784749263 | enp139s0f0np0: 214637019063843 58137786982    0 2473    0     0          0    501168 161863924371237 42005219495    0    0    0     0       0          0
1784749264 | enp139s0f0np0: 214637025175658 58137817497    0 2473    0     0          0    501168 161867759397243 42006140118    0    0    0     0       0          0
1784749265 | enp139s0f0np0: 214637031250940 58137848037    0 2473    0     0          0    501169 161871561104365 42007052719    0    0    0     0       0          0
1784749266 | enp139s0f0np0: 214637037130482 58137877030    0 2473    0     0          0    501169 161875300801520 42007950509    0    0    0     0       0          0
1784749267 | enp139s0f0np0: 214637043123617 58137907550    0 2473    0     0          0    501169 161879037578888 42008847521    0    0    0     0       0          0
1784749268 | enp139s0f0np0: 214637049301545 58137938646    0 2473    0     0          0    501169 161882921150976 42009779746    0    0    0     0       0          0
1784749269 | enp139s0f0np0: 214637055327589 58137968290    0 2473    0     0          0    501169 161886739803310 42010696383    0    0    0     0       0          0
1784749270 | enp139s0f0np0: 214637061333023 58137998495    0 2473    0     0          0    501169 161890493117038 42011597484    0    0    0     0       0          0
1784749272 | enp139s0f0np0: 214637067460829 58138029520    0 2473    0     0          0    501169 161894326288196 42012517726    0    0    0     0       0          0
1784749273 | enp139s0f0np0: 214637073438218 58138059717    0 2473    0     0          0    501169 161898071736204 42013416870    0    0    0     0       0          0
1784749274 | enp139s0f0np0: 214637079463578 58138089945    0 2473    0     0          0    501169 161901808634634 42014314153    0    0    0     0       0          0
1784749275 | enp139s0f0np0: 214637085409786 58138119797    0 2473    0     0          0    501169 161905528070786 42015207043    0    0    0     0       0          0
1784749276 | enp139s0f0np0: 214637091258098 58138148285    0 2473    0     0          0    501169 161909232756950 42016096337    0    0    0     0       0          0
1784749277 | enp139s0f0np0: 214637094562421 58138166136    0 2473    0     0          0    501169 161911143721653 42016555651    0    0    0     0       0          0
1784749278 | enp139s0f0np0: 214637100161171 58138194229    0 2473    0     0          0    501169 161914621424991 42017390496    0    0    0     0       0          0
1784749279 | enp139s0f0np0: 214637106061511 58138224476    0 2473    0     0          0    501169 161918298600559 42018273319    0    0    0     0       0          0
1784749280 | enp139s0f0np0: 214637111162182 58138251131    0 2473    0     0          0    501169 161921414951545 42019021633    0    0    0     0       0          0
1784749281 | enp139s0f0np0: 214637116057365 58138276447    0 2473    0     0          0    501169 161924425051815 42019744313    0    0    0     0       0          0
1784749282 | enp139s0f0np0: 214637121270454 58138303180    0 2473    0     0          0    501169 161927646308731 42020517653    0    0    0     0       0          0
1784749283 | enp139s0f0np0: 214637126636660 58138330916    0 2473    0     0          0    501169 161930931303639 42021306303    0    0    0     0       0          0
1784749284 | enp139s0f0np0: 214637132118925 58138358709    0 2473    0     0          0    501169 161934325865369 42022121264    0    0    0     0       0          0
1784749285 | enp139s0f0np0: 214637138075989 58138389112    0 2473    0     0          0    501169 161938021259541 42023008536    0    0    0     0       0          0
1784749286 | enp139s0f0np0: 214637144143158 58138420195    0 2473    0     0          0    501169 161941728008087 42023898393    0    0    0     0       0          0
1784749287 | enp139s0f0np0: 214637150142529 58138451062    0 2473    0     0          0    501169 161945414318274 42024783474    0    0    0     0       0          0
1784749288 | enp139s0f0np0: 214637156098720 58138481036    0 2473    0     0          0    501169 161949138624382 42025677560    0    0    0     0       0          0
1784749289 | enp139s0f0np0: 214637162229048 58138512167    0 2473    0     0          0    501169 161952939008950 42026589990    0    0    0     0       0          0
1784749290 | enp139s0f0np0: 214637166727144 58138535758    0 2473    0     0          0    501169 161955635481370 42027237550    0    0    0     0       0          0
1784749291 | enp139s0f0np0: 214637170898257 58138559138    0 2473    0     0          0    501169 161958092605728 42027828139    0    0    0     0       0          0
1784749292 | enp139s0f0np0: 214637176941336 58138589250    0 2473    0     0          0    501169 161961878826224 42028736970    0    0    0     0       0          0
1784749293 | enp139s0f0np0: 214637183051661 58138620490    0 2473    0     0          0    501169 161965661751492 42029645071    0    0    0     0       0          0
1784749294 | enp139s0f0np0: 214637189104493 58138650952    0 2473    0     0          0    501169 161969417853646 42030546765    0    0    0     0       0          0
1784749295 | enp139s0f0np0: 214637194993563 58138680275    0 2473    0     0          0    501170 161973105944330 42031432131    0    0    0     0       0          0
1784749296 | enp139s0f0np0: 214637201082415 58138711071    0 2473    0     0          0    501170 161976903784602 42032343914    0    0    0     0       0          0
1784749297 | enp139s0f0np0: 214637207041771 58138740688    0 2473    0     0          0    501170 161980624551643 42033237085    0    0    0     0       0          0
1784749298 | enp139s0f0np0: 214637213163414 58138771737    0 2473    0     0          0    501170 161984468141503 42034159857    0    0    0     0       0          0
1784749299 | enp139s0f0np0: 214637219176393 58138802246    0 2473    0     0          0    501170 161988226493229 42035062137    0    0    0     0       0          0
1784749300 | enp139s0f0np0: 214637225334287 58138833092    0 2473    0     0          0    501170 161992100354597 42035992086    0    0    0     0       0          0
1784749301 | enp139s0f0np0: 214637231449361 58138863270    0 2473    0     0          0    501170 161995953555741 42036917103    0    0    0     0       0          0
1784749302 | enp139s0f0np0: 214637237298323 58138892085    0 2473    0     0          0    501170 161999614808897 42037796016    0    0    0     0       0          0
1784749303 | enp139s0f0np0: 214637243331322 58138922894    0 2473    0     0          0    501170 162003366669769 42038696669    0    0    0     0       0          0
1784749304 | enp139s0f0np0: 214637249332576 58138953850    0 2473    0     0          0    501170 162007053826831 42039581861    0    0    0     0       0          0
1784749305 | enp139s0f0np0: 214637255359628 58138984563    0 2473    0     0          0    501170 162010785601761 42040477777    0    0    0     0       0          0
1784749306 | enp139s0f0np0: 214637261364076 58139014477    0 2473    0     0          0    501170 162014585053283 42041389879    0    0    0     0       0          0
1784749307 | enp139s0f0np0: 214637267477780 58139045780    0 2473    0     0          0    501170 162018377642582 42042300494    0    0    0     0       0          0
1784749308 | enp139s0f0np0: 214637273471252 58139076078    0 2473    0     0          0    501170 162022073458696 42043187785    0    0    0     0       0          0
1784749309 | enp139s0f0np0: 214637279445180 58139105892    0 2473    0     0          0    501170 162025822877170 42044087826    0    0    0     0       0          0
1784749310 | enp139s0f0np0: 214637285515810 58139136006    0 2473    0     0          0    501170 162029668265680 42045010971    0    0    0     0       0          0
1784749311 | enp139s0f0np0: 214637291572894 58139165666    0 2473    0     0          0    501170 162033486858606 42045927714    0    0    0     0       0          0
1784749312 | enp139s0f0np0: 214637297535336 58139195645    0 2473    0     0          0    501170 162037206969176 42046820778    0    0    0     0       0          0
1784749313 | enp139s0f0np0: 214637303626153 58139226321    0 2473    0     0          0    501170 162041034130708 42047739552    0    0    0     0       0          0
1784749314 | enp139s0f0np0: 214637308695995 58139251485    0 2473    0     0          0    501170 162044205724554 42048500999    0    0    0     0       0          0
1784749315 | enp139s0f0np0: 214637312349032 58139271013    0 2473    0     0          0    501170 162046394828576 42049027000    0    0    0     0       0          0
1784749316 | enp139s0f0np0: 214637318403087 58139301140    0 2473    0     0          0    501170 162050217755544 42049944817    0    0    0     0       0          0
1784749317 | enp139s0f0np0: 214637324332607 58139331054    0 2473    0     0          0    501170 162053934495845 42050837045    0    0    0     0       0          0
1784749318 | enp139s0f0np0: 214637330406206 58139361558    0 2473    0     0          0    501170 162057744545207 42051751606    0    0    0     0       0          0
1784749319 | enp139s0f0np0: 214637336088349 58139390351    0 2473    0     0          0    501170 162061287163641 42052602089    0    0    0     0       0          0
1784749320 | enp139s0f0np0: 214637342029592 58139420083    0 2473    0     0          0    501170 162065005059227 42053494558    0    0    0     0       0          0
1784749321 | enp139s0f0np0: 214637347968399 58139449658    0 2473    0     0          0    501170 162068735554555 42054390050    0    0    0     0       0          0
1784749322 | enp139s0f0np0: 214637354027970 58139479390    0 2473    0     0          0    501170 162072548742089 42055305520    0    0    0     0       0          0
1784749323 | enp139s0f0np0: 214637359974683 58139509458    0 2473    0     0          0    501170 162076292381943 42056204307    0    0    0     0       0          0
1784749324 | enp139s0f0np0: 214637366072157 58139540396    0 2473    0     0          0    501170 162080094425387 42057117084    0    0    0     0       0          0
1784749325 | enp139s0f0np0: 214637372211169 58139571106    0 2473    0     0          0    501171 162083952004169 42058043132    0    0    0     0       0          0
1784749326 | enp139s0f0np0: 214637378333112 58139601803    0 2473    0     0          0    501171 162087815861003 42058970740    0    0    0     0       0          0
1784749327 | enp139s0f0np0: 214637381678171 58139619892    0 2473    0     0          0    501171 162089763973430 42059438938    0    0    0     0       0          0
1784749328 | enp139s0f0np0: 214637387049943 58139647424    0 2473    0     0          0    501171 162093124010882 42060245793    0    0    0     0       0          0
1784749329 | enp139s0f0np0: 214637393143389 58139677987    0 2473    0     0          0    501171 162096922788328 42061157750    0    0    0     0       0          0
1784749330 | enp139s0f0np0: 214637399136225 58139707895    0 2473    0     0          0    501171 162100691892036 42062062504    0    0    0     0       0          0
1784749331 | enp139s0f0np0: 214637405242062 58139738826    0 2473    0     0          0    501171 162104510139588 42062979140    0    0    0     0       0          0
1784749332 | enp139s0f0np0: 214637411323573 58139770044    0 2473    0     0          0    501171 162108299586896 42063888896    0    0    0     0       0          0
1784749333 | enp139s0f0np0: 214637417290676 58139800161    0 2473    0     0          0    501171 162112028570532 42064784152    0    0    0     0       0          0
1784749334 | enp139s0f0np0: 214637423278379 58139830632    0 2473    0     0          0    501171 162115769210424 42065682239    0    0    0     0       0          0
1784749335 | enp139s0f0np0: 214637429068058 58139860715    0 2473    0     0          0    501171 162119367479952 42066546194    0    0    0     0       0          0
1784749336 | enp139s0f0np0: 214637435069539 58139891744    0 2473    0     0          0    501171 162123094198944 42067440902    0    0    0     0       0          0
1784749337 | enp139s0f0np0: 214637441166448 58139922764    0 2473    0     0          0    501171 162126899832865 42068354475    0    0    0     0       0          0
1784749338 | enp139s0f0np0: 214637447299684 58139954036    0 2473    0     0          0    501171 162130752555167 42069279266    0    0    0     0       0          0
1784749339 | enp139s0f0np0: 214637453128743 58139983638    0 2473    0     0          0    501171 162134399299543 42070154619    0    0    0     0       0          0
1784749340 | enp139s0f0np0: 214637459104745 58140014077    0 2473    0     0          0    501171 162138134639739 42071051418    0    0    0     0       0          0
1784749341 | enp139s0f0np0: 214637465091302 58140044465    0 2473    0     0          0    501171 162141900842233 42071955595    0    0    0     0       0          0
1784749342 | enp139s0f0np0: 214637471223860 58140075748    0 2473    0     0          0    501171 162145706278731 42072869229    0    0    0     0       0          0
1784749343 | enp139s0f0np0: 214637477325353 58140106088    0 2473    0     0          0    501171 162149522685997 42073785409    0    0    0     0       0          0
1784749344 | enp139s0f0np0: 214637483226979 58140135556    0 2473    0     0          0    501171 162153234044081 42074676366    0    0    0     0       0          0
1784749345 | enp139s0f0np0: 214637489301182 58140165847    0 2473    0     0          0    501171 162157049748763 42075592357    0    0    0     0       0          0
1784749346 | enp139s0f0np0: 214637494973845 58140194041    0 2473    0     0          0    501171 162160610965259 42076447303    0    0    0     0       0          0
1784749347 | enp139s0f0np0: 214637500657983 58140222620    0 2473    0     0          0    501171 162164157020176 42077298690    0    0    0     0       0          0
1784749348 | enp139s0f0np0: 214637506488690 58140252285    0 2473    0     0          0    501171 162167748053166 42078160913    0    0    0     0       0          0
1784749349 | enp139s0f0np0: 214637512224716 58140281364    0 2473    0     0          0    501171 162171370403298 42079030419    0    0    0     0       0          0
1784749350 | enp139s0f0np0: 214637515216510 58140298543    0 2473    0     0          0    501171 162172993925016 42079420865    0    0    0     0       0          0
1784749351 | enp139s0f0np0: 214637520921557 58140328032    0 2473    0     0          0    501171 162176555868428 42080276060    0    0    0     0       0          0
1784749352 | enp139s0f0np0: 214637526649431 58140357288    0 2473    0     0          0    501171 162180091262674 42081124959    0    0    0     0       0          0
1784749353 | enp139s0f0np0: 214637532383110 58140386512    0 2473    0     0          0    501171 162183674024410 42081985086    0    0    0     0       0          0
1784749354 | enp139s0f0np0: 214637537034981 58140410361    0 2473    0     0          0    501171 162186577925500 42082682259    0    0    0     0       0          0
1784749355 | enp139s0f0np0: 214637543028195 58140440749    0 2473    0     0          0    501172 162190303570082 42083576801    0    0    0     0       0          0
1784749356 | enp139s0f0np0: 214637549180395 58140471430    0 2473    0     0          0    501172 162194169745714 42084504898    0    0    0     0       0          0
1784749357 | enp139s0f0np0: 214637555340949 58140502517    0 2473    0     0          0    501172 162198026211403 42085430728    0    0    0     0       0          0
1784749358 | enp139s0f0np0: 214637561714689 58140534545    0 2473    0     0          0    501172 162202024079237 42086390436    0    0    0     0       0          0
1784749359 | enp139s0f0np0: 214637568125942 58140567255    0 2473    0     0          0    501172 162206021753193 42087350032    0    0    0     0       0          0
1784749360 | enp139s0f0np0: 214637574209328 58140597882    0 2473    0     0          0    501172 162209823390097 42088262700    0    0    0     0       0          0
1784749361 | enp139s0f0np0: 214637578972789 58140622628    0 2473    0     0          0    501172 162212713369127 42088956700    0    0    0     0       0          0
1784749362 | enp139s0f0np0: 214637583685083 58140647081    0 2473    0     0          0    501172 162215569213395 42089642588    0    0    0     0       0          0
1784749363 | enp139s0f0np0: 214637589885546 58140678445    0 2473    0     0          0    501172 162219414133927 42090565654    0    0    0     0       0          0
1784749364 | enp139s0f0np0: 214637596061492 58140710017    0 2473    0     0          0    501172 162223243968443 42091484951    0    0    0     0       0          0
1784749365 | enp139s0f0np0: 214637602303281 58140741859    0 2473    0     0          0    501172 162227164175975 42092426191    0    0    0     0       0          0
1784749366 | enp139s0f0np0: 214637608345867 58140772549    0 2473    0     0          0    501172 162230909143731 42093325276    0    0    0     0       0          0
1784749367 | enp139s0f0np0: 214637614481988 58140803385    0 2473    0     0          0    501172 162234749451380 42094247191    0    0    0     0       0          0
1784749368 | enp139s0f0np0: 214637620612507 58140834588    0 2473    0     0          0    501172 162238547583832 42095158994    0    0    0     0       0          0
1784749369 | enp139s0f0np0: 214637626644673 58140865172    0 2473    0     0          0    501172 162242290541886 42096057560    0    0    0     0       0          0
1784749370 | enp139s0f0np0: 214637632822041 58140896331    0 2473    0     0          0    501172 162246157801276 42096985963    0    0    0     0       0          0
1784749371 | enp139s0f0np0: 214637638660370 58140925998    0 2473    0     0          0    501172 162249762770636 42097851548    0    0    0     0       0          0
1784749372 | enp139s0f0np0: 214637644063190 58140954339    0 2473    0     0          0    501172 162253006139496 42098630558    0    0    0     0       0          0
1784749373 | enp139s0f0np0: 214637648216313 58140975956    0 2473    0     0          0    501172 162255564059168 42099245020    0    0    0     0       0          0
1784749374 | enp139s0f0np0: 214637654111154 58141005536    0 2473    0     0          0    501172 162259243361908 42100128274    0    0    0     0       0          0
1784749375 | enp139s0f0np0: 214637660341121 58141036846    0 2473    0     0          0    501172 162263103214690 42101054869    0    0    0     0       0          0
1784749376 | enp139s0f0np0: 214637666516872 58141067917    0 2473    0     0          0    501172 162266941848064 42101976445    0    0    0     0       0          0
1784749377 | enp139s0f0np0: 214637672422028 58141097937    0 2473    0     0          0    501172 162270618895015 42102859222    0    0    0     0       0          0
1784749378 | enp139s0f0np0: 214637678402388 58141127749    0 2473    0     0          0    501172 162274354784171 42103756035    0    0    0     0       0          0
1784749379 | enp139s0f0np0: 214637684459647 58141158845    0 2473    0     0          0    501172 162278114817275 42104658782    0    0    0     0       0          0
1784749380 | enp139s0f0np0: 214637690693251 58141190394    0 2473    0     0          0    501172 162281981106373 42105587037    0    0    0     0       0          0
1784749381 | enp139s0f0np0: 214637696679229 58141220490    0 2473    0     0          0    501172 162285683872917 42106476028    0    0    0     0       0          0
1784749382 | enp139s0f0np0: 214637702556309 58141249531    0 2473    0     0          0    501172 162289391432135 42107366048    0    0    0     0       0          0
1784749383 | enp139s0f0np0: 214637706347344 58141268861    0 2473    0     0          0    501172 162291619031253 42107901122    0    0    0     0       0          0
1784749384 | enp139s0f0np0: 214637711167548 58141294460    0 2473    0     0          0    501172 162294529399287 42108600128    0    0    0     0       0          0
1784749385 | enp139s0f0np0: 214637717382788 58141325938    0 2473    0     0          0    501173 162298378356695 42109524171    0    0    0     0       0          0
1784749386 | enp139s0f0np0: 214637723571222 58141357067    0 2473    0     0          0    501173 162302254974109 42110454753    0    0    0     0       0          0
1784749387 | enp139s0f0np0: 214637729572393 58141387785    0 2473    0     0          0    501173 162305995688226 42111352798    0    0    0     0       0          0
1784749388 | enp139s0f0np0: 214637735499259 58141418363    0 2473    0     0          0    501173 162309625837586 42112224438    0    0    0     0       0          0
1784749389 | enp139s0f0np0: 214637741283338 58141448021    0 2473    0     0          0    501173 162313204328598 42113083505    0    0    0     0       0          0
1784749390 | enp139s0f0np0: 214637747483319 58141479191    0 2473    0     0          0    501173 162317094055642 42114017311    0    0    0     0       0          0
1784749391 | enp139s0f0np0: 214637753660731 58141510033    0 2473    0     0          0    501173 162320985376598 42114951405    0    0    0     0       0          0
1784749392 | enp139s0f0np0: 214637759774274 58141540172    0 2473    0     0          0    501173 162324808063376 42115869047    0    0    0     0       0          0
1784749393 | enp139s0f0np0: 214637765739951 58141570345    0 2473    0     0          0    501173 162328501846790 42116755795    0    0    0     0       0          0
1784749394 | enp139s0f0np0: 214637770912593 58141596105    0 2473    0     0          0    501173 162331716807674 42117527835    0    0    0     0       0          0
1784749395 | enp139s0f0np0: 214637775926451 58141621615    0 2473    0     0          0    501173 162334830940978 42118275718    0    0    0     0       0          0
1784749396 | enp139s0f0np0: 214637781828713 58141650930    0 2473    0     0          0    501173 162338482155082 42119152280    0    0    0     0       0          0
1784749397 | enp139s0f0np0: 214637787778885 58141681118    0 2473    0     0          0    501173 162342208481791 42120046781    0    0    0     0       0          0
1784749398 | enp139s0f0np0: 214637793417722 58141710249    0 2473    0     0          0    501173 162345714414893 42120888455    0    0    0     0       0          0
1784749399 | enp139s0f0np0: 214637799220341 58141739659    0 2473    0     0          0    501173 162349336898097 42121758127    0    0    0     0       0          0
1784749400 | enp139s0f0np0: 214637805027501 58141769275    0 2473    0     0          0    501173 162352977291667 42122631968    0    0    0     0       0          0
1784749401 | enp139s0f0np0: 214637810827860 58141798958    0 2473    0     0          0    501173 162356588794777 42123499071    0    0    0     0       0          0
1784749402 | enp139s0f0np0: 214637816870987 58141829833    0 2473    0     0          0    501173 162360337146083 42124398869    0    0    0     0       0          0
1784749403 | enp139s0f0np0: 214637822597107 58141859396    0 2473    0     0          0    501173 162363911025793 42125256892    0    0    0     0       0          0
1784749404 | enp139s0f0np0: 214637828457405 58141889263    0 2473    0     0          0    501173 162367542924041 42126128870    0    0    0     0       0          0
1784749405 | enp139s0f0np0: 214637832771157 58141911466    0 2473    0     0          0    501173 162370179386309 42126762211    0    0    0     0       0          0
1784749406 | enp139s0f0np0: 214637838597675 58141940848    0 2473    0     0          0    501173 162373849631169 42127643364    0    0    0     0       0          0
1784749407 | enp139s0f0np0: 214637844485698 58141970331    0 2473    0     0          0    501173 162377548248730 42128531239    0    0    0     0       0          0
1784749408 | enp139s0f0np0: 214637850353139 58142000076    0 2473    0     0          0    501173 162381186330198 42129404693    0    0    0     0       0          0
1784749409 | enp139s0f0np0: 214637856463418 58142030814    0 2473    0     0          0    501173 162385015792292 42130323986    0    0    0     0       0          0
1784749410 | enp139s0f0np0: 214637862320792 58142060721    0 2473    0     0          0    501173 162388637471512 42131193390    0    0    0     0       0          0
1784749411 | enp139s0f0np0: 214637868272480 58142091325    0 2473    0     0          0    501173 162392325572636 42132078916    0    0    0     0       0          0
1784749412 | enp139s0f0np0: 214637874231625 58142121484    0 2473    0     0          0    501173 162396057387962 42132974729    0    0    0     0       0          0
1784749413 | enp139s0f0np0: 214637880020358 58142150795    0 2473    0     0          0    501173 162399628477506 42133832133    0    0    0     0       0          0
1784749414 | enp139s0f0np0: 214637886017130 58142181787    0 2473    0     0          0    501173 162403357299072 42134727294    0    0    0     0       0          0
1784749415 | enp139s0f0np0: 214637888749686 58142198363    0 2473    0     0          0    501174 162404806193204 42135075898    0    0    0     0       0          0
1784749416 | enp139s0f0np0: 214637894844984 58142228875    0 2473    0     0          0    501174 162408655329486 42135999925    0    0    0     0       0          0
1784749417 | enp139s0f0np0: 214637900685942 58142257943    0 2473    0     0          0    501174 162412324485509 42136880775    0    0    0     0       0          0
1784749418 | enp139s0f0np0: 214637906499739 58142287152    0 2473    0     0          0    501174 162415970689523 42137756083    0    0    0     0       0          0
1784749419 | enp139s0f0np0: 214637912449571 58142317193    0 2473    0     0          0    501174 162419696668997 42138650572    0    0    0     0       0          0
1784749420 | enp139s0f0np0: 214637918388209 58142346624    0 2473    0     0          0    501174 162423469486077 42139556260    0    0    0     0       0          0
1784749421 | enp139s0f0np0: 214637924489479 58142376802    0 2473    0     0          0    501174 162427356818769 42140489519    0    0    0     0       0          0
1784749422 | enp139s0f0np0: 214637930445551 58142406338    0 2473    0     0          0    501174 162431122801045 42141393537    0    0    0     0       0          0
1784749423 | enp139s0f0np0: 214637936288820 58142436459    0 2473    0     0          0    501174 162434761902025 42142267204    0    0    0     0       0          0
1784749424 | enp139s0f0np0: 214637942152138 58142466404    0 2473    0     0          0    501174 162438436774971 42143149459    0    0    0     0       0          0
1784749425 | enp139s0f0np0: 214637947946334 58142495688    0 2473    0     0          0    501174 162442042083713 42144015104    0    0    0     0       0          0
