hints = 1
  sec Cur ops   started  finished  avg MB/s  cur MB/s last lat(s)  avg lat(s)
    0       0         0         0         0         0           -           0
    1    4095     13461      9366   2341.25    2341.5    0.281795    0.309824
    2    4095     28526     24431   3053.59   3766.25    0.272355    0.286489
    3    4095     43696     39601   3299.77    3792.5    0.258043    0.281537
    4    4095     58228     54133      3383      3633    0.271579    0.281105
    5    4095     72602     68507   3425.02    3593.5    0.275154    0.281879
    6    4095     87476     83381   3473.88    3718.5    0.288456    0.280471
    7    4095    102145     98050   3501.46   3667.25     0.27675    0.280447
    8    4095    116043    111948   3498.03    3474.5    0.291482    0.282133
    9    4095    130296    126201   3505.21   3563.25    0.287159    0.282664
   10    4095    144640    140545   3513.26      3586     0.29273    0.282748
   11    4095    159259    155164    3526.1   3654.75    0.283482    0.282521
   12    4095    173640    169545   3531.83   3595.25    0.282455    0.282781
   13    4095    188041    183946   3537.06   3600.25    0.278836    0.282943
   14    4095    203218    199123   3555.41   3794.25    0.261503     0.28225
   15    4095    217385    213290   3554.48   3541.75    0.299062    0.282266
   16    4095    232331    228236   3565.82    3736.5    0.295504    0.281806
   17    4095    246797    242702   3568.78    3616.5     0.28879    0.281832
   18    4095    261455    257360   3574.08    3664.5    0.282669    0.281742
   19    4095    276371    272276   3582.22      3729    0.274319    0.281457
2026-07-19T01:02:11.651183+0700 min lat: 0.252671 max lat: 0.385406 avg lat: 0.281405
  sec Cur ops   started  finished  avg MB/s  cur MB/s last lat(s)  avg lat(s)
   20    4095    291122    287027   3587.47   3687.75    0.257799    0.281405
   21    4095    306498    302403   3599.67      3844    0.265819    0.280592
   22    4095    320750    316655   3597.99      3563    0.301826    0.280667
   23    4095    335204    331109   3598.65    3613.5    0.297087    0.280841
   24    4095    349790    345695   3600.63    3646.5    0.278242    0.280942
   25    4095    363864    359769   3597.33    3518.5    0.303839     0.28117
   26    4095    377915    373820   3594.06   3512.75    0.292997    0.281616
   27    4095    392029    387934   3591.62    3528.5     0.28742     0.28199
   28    4095    406643    402548   3593.81    3653.5    0.275831    0.281984
   29    4095    420870    416775   3592.52   3556.75    0.262939    0.282235
   30    4095    435270    431175   3592.76      3600    0.282593    0.282217
   31    4095    449962    445867   3595.34      3673    0.261458     0.28217
   32    4095    464207    460112   3594.27   3561.25    0.274174    0.282313
   33    4095    477922    473827   3589.24   3428.75    0.290792    0.282712
   34    4095    492789    488694   3592.99   3716.75    0.278114    0.282552
   35    4095    507122    503027    3592.7   3583.25    0.286297    0.282637
   36    4095    521090    516995    3589.9      3492     0.30621    0.282813
   37    4095    534730    530635   3585.03      3410    0.314032    0.283242
   38    4095    549115    545020   3585.31   3596.25    0.277089    0.283369
   39    4095    563574    559479   3586.05   3614.75    0.281312    0.283392
2026-07-19T01:02:31.653115+0700 min lat: 0.252671 max lat: 0.385406 avg lat: 0.283493
  sec Cur ops   started  finished  avg MB/s  cur MB/s last lat(s)  avg lat(s)
   40    4095    577805    573710   3585.33   3557.75    0.284427    0.283493
   41    4095    592121    588026   3585.17      3579    0.282857    0.283555
   42    4095    606675    602580   3586.43    3638.5    0.282223    0.283495
   43    4095    620618    616523   3584.09   3485.75    0.290356     0.28373
   44    4095    635562    631467   3587.53      3736    0.279782    0.283539
   45    4095    649757    645662   3586.67   3548.75    0.277484    0.283672
   46    4095    663721    659626   3584.58      3491    0.319129    0.283659
   47    4095    678578    674483   3587.33   3714.25    0.257171     0.28372
   48    4095    693029    688934   3587.85   3612.75    0.287579    0.283629
   49    4095    707282    703187   3587.34   3563.25    0.275913    0.283721
   50    4095    722041    717946   3589.38   3689.75    0.284777     0.28356
   51    4095    736997    732902   3592.31      3739     0.27967    0.283408
   52    4095    751648    747553   3593.65   3662.75    0.268181    0.283359
   53    4095    766734    762639      3597    3771.5    0.262676    0.283135
   54    4095    781273    777178    3597.7   3634.75    0.288564    0.283062
   55    4095    795714    791619   3597.92   3610.25    0.286004    0.283091
   56    4095    810622    806527   3600.22      3727    0.262336    0.282972
   57    4096    824856    820760   3599.47   3558.25    0.297261    0.282992
   58    4095    839358    835263   3599.92   3625.75    0.288732    0.283012
   59    4095    853873    849778    3600.4   3628.75    0.292997    0.282949
2026-07-19T01:02:51.663456+0700 min lat: 0.252671 max lat: 0.385406 avg lat: 0.282895
  sec Cur ops   started  finished  avg MB/s  cur MB/s last lat(s)  avg lat(s)
   60    3842    868408    864566    3601.5      3697    0.293394    0.282895
Total time run:       60.1242
Total reads made:     868408
Read size:            262144
Object size:          262144
Bandwidth (MB/sec):   3610.89
Average IOPS:         14443
Stddev IOPS:          757.746
Max IOPS:             15376
Min IOPS:             9366
Average Latency(s):   0.28263
Max latency(s):       0.385406
Min latency(s):       0.12421
