1784779349 | enp139s0f0np0: 233224671927678 62937134541    0 2473    0     0          0    502171 181461832141678 47028238725    0    0    0     0       0          0
1784779350 | enp139s0f0np0: 233224742046779 62937164438    0 2473    0     0          0    502171 181463395284782 47028614466    0    0    0     0       0          0
1784779351 | enp139s0f0np0: 233225424030749 62937358046    0 2473    0     0          0    502171 181466399920633 47029343376    0    0    0     0       0          0
1784779352 | enp139s0f0np0: 233225561589528 62937416312    0 2473    0     0          0    502171 181468582266568 47029870919    0    0    0     0       0          0
1784779353 | enp139s0f0np0: 233226063917288 62937561474    0 2473    0     0          0    502171 181470925822684 47030440924    0    0    0     0       0          0
1784779354 | enp139s0f0np0: 233226452052814 62937684483    0 2473    0     0          0    502171 181474461490335 47031293994    0    0    0     0       0          0
1784779355 | enp139s0f0np0: 233226817941089 62937799405    0 2473    0     0          0    502171 181477574760259 47032045583    0    0    0     0       0          0
1784779356 | enp139s0f0np0: 233226995936169 62937868551    0 2473    0     0          0    502171 181480090459686 47032653143    0    0    0     0       0          0
1784779357 | enp139s0f0np0: 233227574401866 62938033526    0 2473    0     0          0    502172 181482490213093 47033237792    0    0    0     0       0          0
1784779358 | enp139s0f0np0: 233227734108415 62938098982    0 2473    0     0          0    502172 181484852420161 47033808642    0    0    0     0       0          0
1784779359 | enp139s0f0np0: 233228202939670 62938236714    0 2473    0     0          0    502172 181486840840535 47034293572    0    0    0     0       0          0
1784779360 | enp139s0f0np0: 233228634309556 62938369254    0 2473    0     0          0    502172 181489114444332 47034847249    0    0    0     0       0          0
1784779361 | enp139s0f0np0: 233229127511470 62938517592    0 2473    0     0          0    502172 181491904432988 47035524333    0    0    0     0       0          0
1784779362 | enp139s0f0np0: 233229188794640 62938550589    0 2473    0     0          0    502172 181493771816130 47035973908    0    0    0     0       0          0
1784779363 | enp139s0f0np0: 233229830028162 62938734019    0 2473    0     0          0    502172 181496238118930 47036575074    0    0    0     0       0          0
1784779364 | enp139s0f0np0: 233230090232990 62938823865    0 2473    0     0          0    502172 181498618644815 47037151287    0    0    0     0       0          0
1784779365 | enp139s0f0np0: 233230603450888 62938977311    0 2473    0     0          0    502172 181501293338832 47037800751    0    0    0     0       0          0
1784779366 | enp139s0f0np0: 233230860047191 62939065351    0 2473    0     0          0    502172 181503647427761 47038370852    0    0    0     0       0          0
1784779367 | enp139s0f0np0: 233231134010331 62939165020    0 2473    0     0          0    502172 181507502402414 47039298733    0    0    0     0       0          0
1784779368 | enp139s0f0np0: 233231553661044 62939298938    0 2473    0     0          0    502172 181511048621468 47040154841    0    0    0     0       0          0
1784779369 | enp139s0f0np0: 233231871455063 62939405262    0 2473    0     0          0    502172 181514023467724 47040873855    0    0    0     0       0          0
1784779370 | enp139s0f0np0: 233232157831367 62939501937    0 2473    0     0          0    502172 181516357377935 47041439028    0    0    0     0       0          0
1784779371 | enp139s0f0np0: 233232706146753 62939663009    0 2473    0     0          0    502172 181518845473369 47042044497    0    0    0     0       0          0
1784779372 | enp139s0f0np0: 233233336392205 62939840126    0 2473    0     0          0    502172 181520997435725 47042570955    0    0    0     0       0          0
1784779373 | enp139s0f0np0: 233233464654647 62939892904    0 2473    0     0          0    502172 181523078342477 47043073199    0    0    0     0       0          0
1784779374 | enp139s0f0np0: 233233467726054 62939911333    0 2473    0     0          0    502172 181524667010007 47043455344    0    0    0     0       0          0
1784779375 | enp139s0f0np0: 233233469084274 62939919014    0 2473    0     0          0    502172 181525317582399 47043611948    0    0    0     0       0          0
1784779376 | enp139s0f0np0: 233233469867118 62939923116    0 2473    0     0          0    502172 181525589719083 47043677721    0    0    0     0       0          0
1784779377 | enp139s0f0np0: 233233471417118 62939932015    0 2473    0     0          0    502172 181526218382959 47043829644    0    0    0     0       0          0
1784779378 | enp139s0f0np0: 233233473405906 62939943921    0 2473    0     0          0    502172 181527066763393 47044034363    0    0    0     0       0          0
1784779379 | enp139s0f0np0: 233233566756906 62939974869    0 2473    0     0          0    502172 181527660499829 47044179461    0    0    0     0       0          0
1784779380 | enp139s0f0np0: 233233613382916 62939996197    0 2473    0     0          0    502172 181528416304750 47044362786    0    0    0     0       0          0
1784779381 | enp139s0f0np0: 233233615850838 62940009915    0 2473    0     0          0    502172 181529291549310 47044575224    0    0    0     0       0          0
1784779382 | enp139s0f0np0: 233233618226042 62940023016    0 2473    0     0          0    502172 181530251951758 47044807351    0    0    0     0       0          0
1784779383 | enp139s0f0np0: 233233620764650 62940037354    0 2473    0     0          0    502172 181531292718982 47045059086    0    0    0     0       0          0
1784779384 | enp139s0f0np0: 233233621763133 62940042560    0 2473    0     0          0    502172 181531737127592 47045166088    0    0    0     0       0          0
1784779385 | enp139s0f0np0: 233233623473383 62940052933    0 2473    0     0          0    502172 181532468109432 47045342444    0    0    0     0       0          0
1784779386 | enp139s0f0np0: 233233624515498 62940059218    0 2473    0     0          0    502172 181532911448070 47045449338    0    0    0     0       0          0
1784779387 | enp139s0f0np0: 233233693398923 62940087318    0 2473    0     0          0    502173 181533809004738 47045666719    0    0    0     0       0          0
1784779388 | enp139s0f0np0: 233233695658633 62940092861    0 2473    0     0          0    502173 181534186742392 47045757877    0    0    0     0       0          0
1784779389 | enp139s0f0np0: 233233696869266 62940100064    0 2473    0     0          0    502173 181534708508212 47045883657    0    0    0     0       0          0
1784779390 | enp139s0f0np0: 233233697871655 62940105993    0 2473    0     0          0    502173 181535114027583 47045981571    0    0    0     0       0          0
1784779391 | enp139s0f0np0: 233233699282519 62940114668    0 2473    0     0          0    502173 181535710563427 47046125622    0    0    0     0       0          0
1784779392 | enp139s0f0np0: 233233701361648 62940126976    0 2473    0     0          0    502173 181536568712263 47046332996    0    0    0     0       0          0
1784779394 | enp139s0f0np0: 233233760561091 62940150117    0 2473    0     0          0    502173 181537184810669 47046483046    0    0    0     0       0          0
1784779395 | enp139s0f0np0: 233233773279729 62940164804    0 2473    0     0          0    502173 181538062166885 47046695205    0    0    0     0       0          0
1784779396 | enp139s0f0np0: 233233774325981 62940171010    0 2473    0     0          0    502173 181538505811377 47046802286    0    0    0     0       0          0
1784779397 | enp139s0f0np0: 233233776297398 62940182644    0 2473    0     0          0    502173 181539355841631 47047007403    0    0    0     0       0          0
1784779398 | enp139s0f0np0: 233233777417715 62940189798    0 2473    0     0          0    502173 181539835734401 47047123188    0    0    0     0       0          0
1784779399 | enp139s0f0np0: 233233847505447 62940216928    0 2473    0     0          0    502173 181540555317439 47047298276    0    0    0     0       0          0
1784779400 | enp139s0f0np0: 233233849022225 62940226143    0 2473    0     0          0    502173 181541174352785 47047447917    0    0    0     0       0          0
1784779401 | enp139s0f0np0: 233233851402869 62940240798    0 2473    0     0          0    502173 181542285433584 47047715680    0    0    0     0       0          0
1784779402 | enp139s0f0np0: 233233853634013 62940255258    0 2473    0     0          0    502173 181543366744458 47047976137    0    0    0     0       0          0
1784779403 | enp139s0f0np0: 233233854585624 62940261253    0 2473    0     0          0    502173 181543807543502 47048082381    0    0    0     0       0          0
1784779404 | enp139s0f0np0: 233233856318674 62940272688    0 2473    0     0          0    502173 181544663874382 47048288575    0    0    0     0       0          0
1784779405 | enp139s0f0np0: 233233857140902 62940277684    0 2473    0     0          0    502173 181545035861756 47048378257    0    0    0     0       0          0
1784779406 | enp139s0f0np0: 233233858116258 62940283600    0 2473    0     0          0    502173 181545426871430 47048472748    0    0    0     0       0          0
1784779407 | enp139s0f0np0: 233233859062682 62940289219    0 2473    0     0          0    502173 181545824661434 47048568832    0    0    0     0       0          0
1784779408 | enp139s0f0np0: 233233859512858 62940291657    0 2473    0     0          0    502173 181545994350086 47048609902    0    0    0     0       0          0
1784779409 | enp139s0f0np0: 233233895855793 62940305409    0 2473    0     0          0    502173 181546356238492 47048697930    0    0    0     0       0          0
1784779410 | enp139s0f0np0: 233234139588544 62940372939    0 2473    0     0          0    502173 181546920867436 47048838823    0    0    0     0       0          0
1784779411 | enp139s0f0np0: 233234273050700 62940413296    0 2473    0     0          0    502173 181547512553225 47048984041    0    0    0     0       0          0
1784779412 | enp139s0f0np0: 233234273538786 62940416300    0 2473    0     0          0    502173 181547720514291 47049034306    0    0    0     0       0          0
1784779413 | enp139s0f0np0: 233234274673845 62940422822    0 2473    0     0          0    502173 181548195841171 47049149144    0    0    0     0       0          0
1784779414 | enp139s0f0np0: 233234276105905 62940431255    0 2473    0     0          0    502173 181548817569717 47049299405    0    0    0     0       0          0
1784779415 | enp139s0f0np0: 233234276883521 62940435911    0 2473    0     0          0    502173 181549169080767 47049384200    0    0    0     0       0          0
1784779416 | enp139s0f0np0: 233234347630681 62940466234    0 2473    0     0          0    502173 181550022688909 47049593000    0    0    0     0       0          0
1784779417 | enp139s0f0np0: 233234348827817 62940474344    0 2473    0     0          0    502173 181550591412769 47049730090    0    0    0     0       0          0
1784779418 | enp139s0f0np0: 233234419086551 62940503269    0 2473    0     0          0    502174 181551406788785 47049928334    0    0    0     0       0          0
1784779419 | enp139s0f0np0: 233234420157766 62940510511    0 2473    0     0          0    502174 181551889351613 47050044752    0    0    0     0       0          0
1784779420 | enp139s0f0np0: 233234421749069 62940521374    0 2473    0     0          0    502174 181552645040571 47050226888    0    0    0     0       0          0
1784779421 | enp139s0f0np0: 233234424019402 62940536776    0 2473    0     0          0    502174 181553767471658 47050497223    0    0    0     0       0          0
1784779422 | enp139s0f0np0: 233234425972331 62940549700    0 2473    0     0          0    502174 181554716001828 47050725703    0    0    0     0       0          0
1784779423 | enp139s0f0np0: 233234427685389 62940561163    0 2473    0     0          0    502174 181555558918726 47050928872    0    0    0     0       0          0
1784779424 | enp139s0f0np0: 233234428725425 62940567271    0 2473    0     0          0    502174 181555994601136 47051034130    0    0    0     0       0          0
1784779425 | enp139s0f0np0: 233234430187942 62940576585    0 2473    0     0          0    502174 181556695743580 47051203101    0    0    0     0       0          0
1784779426 | enp139s0f0np0: 233234430952752 62940581531    0 2473    0     0          0    502174 181557014371056 47051279945    0    0    0     0       0          0
1784779427 | enp139s0f0np0: 233234432971424 62940594840    0 2473    0     0          0    502174 181557968028986 47051509848    0    0    0     0       0          0
1784779428 | enp139s0f0np0: 233234433863999 62940600383    0 2473    0     0          0    502174 181558344766682 47051600771    0    0    0     0       0          0
1784779429 | enp139s0f0np0: 233234435266747 62940609609    0 2473    0     0          0    502174 181558934342604 47051743174    0    0    0     0       0          0
1784779430 | enp139s0f0np0: 233234436227260 62940615634    0 2473    0     0          0    502174 181559323168504 47051837053    0    0    0     0       0          0
1784779431 | enp139s0f0np0: 233234437858559 62940625931    0 2473    0     0          0    502174 181560019690551 47052005276    0    0    0     0       0          0
1784779432 | enp139s0f0np0: 233234439314188 62940635467    0 2473    0     0          0    502174 181560708164371 47052171189    0    0    0     0       0          0
1784779433 | enp139s0f0np0: 233234502974959 62940665056    0 2473    0     0          0    502174 181561684905691 47052408184    0    0    0     0       0          0
1784779434 | enp139s0f0np0: 233234535062743 62940679952    0 2473    0     0          0    502174 181562195236740 47052531777    0    0    0     0       0          0
1784779435 | enp139s0f0np0: 233234581005669 62940701172    0 2473    0     0          0    502174 181562906730749 47052704375    0    0    0     0       0          0
1784779436 | enp139s0f0np0: 233234582168787 62940708431    0 2473    0     0          0    502174 181563405896221 47052824874    0    0    0     0       0          0
1784779437 | enp139s0f0np0: 233234583160765 62940714304    0 2473    0     0          0    502174 181563789039849 47052917481    0    0    0     0       0          0
1784779438 | enp139s0f0np0: 233234584309368 62940721552    0 2473    0     0          0    502174 181564274887779 47053034850    0    0    0     0       0          0
1784779439 | enp139s0f0np0: 233234585449520 62940728663    0 2473    0     0          0    502174 181564752718563 47053150204    0    0    0     0       0          0
1784779440 | enp139s0f0np0: 233234604212793 62940741899    0 2473    0     0          0    502174 181565351236862 47053294964    0    0    0     0       0          0
1784779441 | enp139s0f0np0: 233234656489441 62940762778    0 2473    0     0          0    502174 181565920484378 47053433199    0    0    0     0       0          0
1784779442 | enp139s0f0np0: 233234657143296 62940766574    0 2473    0     0          0    502174 181566174899468 47053494753    0    0    0     0       0          0
1784779443 | enp139s0f0np0: 233234726834318 62940791349    0 2473    0     0          0    502174 181566753627610 47053635994    0    0    0     0       0          0
1784779444 | enp139s0f0np0: 233234728551242 62940801818    0 2473    0     0          0    502174 181567471335630 47053809303    0    0    0     0       0          0
1784779445 | enp139s0f0np0: 233234730482838 62940813574    0 2473    0     0          0    502174 181568310306708 47054012040    0    0    0     0       0          0
1784779446 | enp139s0f0np0: 233234862429112 62940861006    0 2473    0     0          0    502174 181569486333930 47054298387    0    0    0     0       0          0
1784779447 | enp139s0f0np0: 233234871884797 62940874888    0 2473    0     0          0    502174 181570303788506 47054495893    0    0    0     0       0          0
1784779448 | enp139s0f0np0: 233234873779595 62940887107    0 2473    0     0          0    502175 181571209397360 47054713809    0    0    0     0       0          0
1784779449 | enp139s0f0np0: 233234875588674 62940898066    0 2473    0     0          0    502175 181572063332036 47054919337    0    0    0     0       0          0
1784779450 | enp139s0f0np0: 233234876777796 62940905401    0 2473    0     0          0    502175 181572582268570 47055044330    0    0    0     0       0          0
1784779451 | enp139s0f0np0: 233234984557709 62940943994    0 2473    0     0          0    502175 181573505164073 47055268833    0    0    0     0       0          0
1784779452 | enp139s0f0np0: 233235153673214 62940993025    0 2473    0     0          0    502175 181574130339901 47055422614    0    0    0     0       0          0
1784779453 | enp139s0f0np0: 233235154969973 62941000129    0 2473    0     0          0    502175 181574629739495 47055543378    0    0    0     0       0          0
1784779454 | enp139s0f0np0: 233235155726193 62941003979    0 2473    0     0          0    502175 181574903620999 47055609575    0    0    0     0       0          0
1784779455 | enp139s0f0np0: 233235156917842 62941010715    0 2473    0     0          0    502175 181575355368383 47055718812    0    0    0     0       0          0
1784779456 | enp139s0f0np0: 233235158434505 62941019519    0 2473    0     0          0    502175 181576037195910 47055883134    0    0    0     0       0          0
1784779457 | enp139s0f0np0: 233235159910952 62941027396    0 2473    0     0          0    502175 181576545688014 47056006462    0    0    0     0       0          0
1784779458 | enp139s0f0np0: 233235160911925 62941032969    0 2473    0     0          0    502175 181576940797358 47056101816    0    0    0     0       0          0
1784779459 | enp139s0f0np0: 233235226310484 62941059300    0 2473    0     0          0    502175 181577768618568 47056302724    0    0    0     0       0          0
1784779460 | enp139s0f0np0: 233235232265754 62941066777    0 2473    0     0          0    502175 181578196655458 47056406339    0    0    0     0       0          0
1784779461 | enp139s0f0np0: 233235233939148 62941076827    0 2473    0     0          0    502175 181578936910527 47056584923    0    0    0     0       0          0
1784779462 | enp139s0f0np0: 233235235040038 62941082959    0 2473    0     0          0    502175 181579391096147 47056694614    0    0    0     0       0          0
1784779463 | enp139s0f0np0: 233235236429601 62941090226    0 2473    0     0          0    502175 181579846271223 47056805242    0    0    0     0       0          0
1784779464 | enp139s0f0np0: 233235237792085 62941097738    0 2473    0     0          0    502175 181580392162839 47056937121    0    0    0     0       0          0
1784779465 | enp139s0f0np0: 233235238824954 62941103967    0 2473    0     0          0    502175 181580817397273 47057039767    0    0    0     0       0          0
1784779466 | enp139s0f0np0: 233235240729277 62941115119    0 2473    0     0          0    502175 181581621608055 47057234119    0    0    0     0       0          0
1784779467 | enp139s0f0np0: 233235242023393 62941122235    0 2473    0     0          0    502175 181582073972973 47057343737    0    0    0     0       0          0
1784779468 | enp139s0f0np0: 233235312463834 62941151451    0 2473    0     0          0    502175 181582990669275 47057566176    0    0    0     0       0          0
1784779469 | enp139s0f0np0: 233235381728469 62941173403    0 2473    0     0          0    502175 181583360945515 47057656844    0    0    0     0       0          0
1784779470 | enp139s0f0np0: 233235384127709 62941188387    0 2473    0     0          0    502175 181584374261827 47057901561    0    0    0     0       0          0
1784779471 | enp139s0f0np0: 233235385851267 62941198827    0 2473    0     0          0    502175 181585088556274 47058074078    0    0    0     0       0          0
1784779472 | enp139s0f0np0: 233235387475334 62941208243    0 2473    0     0          0    502175 181585770726258 47058238773    0    0    0     0       0          0
1784779473 | enp139s0f0np0: 233235457073664 62941232611    0 2473    0     0          0    502175 181586298789540 47058367497    0    0    0     0       0          0
1784779474 | enp139s0f0np0: 233235458113045 62941238848    0 2473    0     0          0    502175 181586726844358 47058470819    0    0    0     0       0          0
1784779475 | enp139s0f0np0: 233235527855344 62941263908    0 2473    0     0          0    502175 181587305286146 47058611916    0    0    0     0       0          0
1784779476 | enp139s0f0np0: 233235529026600 62941270725    0 2473    0     0          0    502175 181587827870048 47058737875    0    0    0     0       0          0
1784779477 | enp139s0f0np0: 233235530606820 62941279676    0 2473    0     0          0    502175 181588511685168 47058902984    0    0    0     0       0          0
1784779478 | enp139s0f0np0: 233235532024533 62941288736    0 2473    0     0          0    502176 181589148126978 47059056375    0    0    0     0       0          0
1784779479 | enp139s0f0np0: 233235533778461 62941299805    0 2473    0     0          0    502176 181589874386168 47059231744    0    0    0     0       0          0
1784779480 | enp139s0f0np0: 233235535272123 62941308752    0 2473    0     0          0    502176 181590446475850 47059370029    0    0    0     0       0          0
1784779481 | enp139s0f0np0: 233235536773057 62941318329    0 2473    0     0          0    502176 181591119495601 47059532293    0    0    0     0       0          0
1784779482 | enp139s0f0np0: 233235537879114 62941324594    0 2473    0     0          0    502176 181591567990055 47059640582    0    0    0     0       0          0
1784779483 | enp139s0f0np0: 233235676850756 62941371607    0 2473    0     0          0    502176 181592598593219 47059891638    0    0    0     0       0          0
1784779484 | enp139s0f0np0: 233235678019874 62941378504    0 2473    0     0          0    502176 181593053030899 47060001578    0    0    0     0       0          0
1784779485 | enp139s0f0np0: 233235754346323 62941407778    0 2473    0     0          0    502176 181593866476435 47060199213    0    0    0     0       0          0
1784779486 | enp139s0f0np0: 233235927961838 62941456937    0 2473    0     0          0    502176 181594343341501 47060317621    0    0    0     0       0          0
1784779487 | enp139s0f0np0: 233235956013684 62941472945    0 2473    0     0          0    502176 181594976688673 47060471344    0    0    0     0       0          0
1784779488 | enp139s0f0np0: 233235957214216 62941480221    0 2473    0     0          0    502176 181595491041033 47060595457    0    0    0     0       0          0
1784779489 | enp139s0f0np0: 233235958574664 62941488641    0 2473    0     0          0    502176 181596050788045 47060730599    0    0    0     0       0          0
1784779490 | enp139s0f0np0: 233235960590214 62941499812    0 2473    0     0          0    502176 181596707735701 47060890807    0    0    0     0       0          0
1784779491 | enp139s0f0np0: 233235961016086 62941502475    0 2473    0     0          0    502176 181596871806406 47060930482    0    0    0     0       0          0
1784779492 | enp139s0f0np0: 233235962016525 62941508604    0 2473    0     0          0    502176 181597301865146 47061034310    0    0    0     0       0          0
1784779493 | enp139s0f0np0: 233236027402836 62941532545    0 2473    0     0          0    502176 181597921817200 47061185147    0    0    0     0       0          0
1784779494 | enp139s0f0np0: 233236032981251 62941541757    0 2473    0     0          0    502176 181598543933470 47061335241    0    0    0     0       0          0
1784779495 | enp139s0f0np0: 233236034511122 62941550935    0 2473    0     0          0    502176 181599210167474 47061496146    0    0    0     0       0          0
1784779496 | enp139s0f0np0: 233236035451852 62941557114    0 2473    0     0          0    502176 181599631652476 47061597836    0    0    0     0       0          0
1784779497 | enp139s0f0np0: 233236036470878 62941563366    0 2473    0     0          0    502176 181600087840726 47061707907    0    0    0     0       0          0
1784779498 | enp139s0f0np0: 233236037604037 62941570304    0 2473    0     0          0    502176 181600611193450 47061834050    0    0    0     0       0          0
1784779499 | enp139s0f0np0: 233236107041980 62941593709    0 2473    0     0          0    502176 181601074368062 47061947283    0    0    0     0       0          0
1784779500 | enp139s0f0np0: 233236108430302 62941602778    0 2473    0     0          0    502176 181601736423588 47062106824    0    0    0     0       0          0
1784779501 | enp139s0f0np0: 233236109227194 62941607678    0 2473    0     0          0    502176 181602085101071 47062190948    0    0    0     0       0          0
1784779502 | enp139s0f0np0: 233236178967935 62941633193    0 2473    0     0          0    502176 181602702468833 47062341306    0    0    0     0       0          0
1784779503 | enp139s0f0np0: 233236248985637 62941660476    0 2473    0     0          0    502176 181603432964169 47062519004    0    0    0     0       0          0
1784779504 | enp139s0f0np0: 233236318624366 62941684830    0 2473    0     0          0    502176 181603989832387 47062654868    0    0    0     0       0          0
1784779505 | enp139s0f0np0: 233236320112584 62941693519    0 2473    0     0          0    502176 181604640053435 47062811916    0    0    0     0       0          0
1784779506 | enp139s0f0np0: 233236321426921 62941701542    0 2473    0     0          0    502176 181605190910821 47062945108    0    0    0     0       0          0
1784779507 | enp139s0f0np0: 233236381286528 62941727862    0 2473    0     0          0    502176 181606059731025 47063155928    0    0    0     0       0          0
1784779508 | enp139s0f0np0: 233236392880027 62941738059    0 2473    0     0          0    502177 181606600755561 47063286639    0    0    0     0       0          0
1784779509 | enp139s0f0np0: 233236394420399 62941748037    0 2473    0     0          0    502177 181607289603719 47063452915    0    0    0     0       0          0
1784779510 | enp139s0f0np0: 233236409284213 62941758019    0 2473    0     0          0    502177 181607754853617 47063565291    0    0    0     0       0          0
1784779511 | enp139s0f0np0: 233236465271471 62941780725    0 2473    0     0          0    502177 181608399703204 47063722071    0    0    0     0       0          0
1784779512 | enp139s0f0np0: 233236466569246 62941789080    0 2473    0     0          0    502177 181609000690032 47063866976    0    0    0     0       0          0
1784779513 | enp139s0f0np0: 233236467994757 62941798071    0 2473    0     0          0    502177 181609642588084 47064021835    0    0    0     0       0          0
1784779514 | enp139s0f0np0: 233236468759645 62941802904    0 2473    0     0          0    502177 181609959000296 47064098238    0    0    0     0       0          0
1784779515 | enp139s0f0np0: 233236470218211 62941811872    0 2473    0     0          0    502177 181610574311674 47064246944    0    0    0     0       0          0
1784779516 | enp139s0f0np0: 233236471306669 62941818432    0 2473    0     0          0    502177 181611016482808 47064353920    0    0    0     0       0          0
1784779517 | enp139s0f0np0: 233236472743828 62941827527    0 2473    0     0          0    502177 181611674391766 47064512756    0    0    0     0       0          0
1784779518 | enp139s0f0np0: 233236473936012 62941834736    0 2473    0     0          0    502177 181612207568944 47064641477    0    0    0     0       0          0
1784779519 | enp139s0f0np0: 233236474690453 62941839343    0 2473    0     0          0    502177 181612539335872 47064721594    0    0    0     0       0          0
1784779520 | enp139s0f0np0: 233236543016042 62941868962    0 2473    0     0          0    502177 181613444282938 47064941228    0    0    0     0       0          0
1784779521 | enp139s0f0np0: 233236545955650 62941874316    0 2473    0     0          0    502177 181613763388813 47065018357    0    0    0     0       0          0
1784779522 | enp139s0f0np0: 233236548042062 62941887113    0 2473    0     0          0    502177 181614687852751 47065241498    0    0    0     0       0          0
1784779523 | enp139s0f0np0: 233236617344931 62941909716    0 2473    0     0          0    502177 181615082931425 47065338099    0    0    0     0       0          0
1784779524 | enp139s0f0np0: 233236734780036 62941951094    0 2473    0     0          0    502177 181616073867765 47065579061    0    0    0     0       0          0
1784779525 | enp139s0f0np0: 233236756761561 62941959974    0 2473    0     0          0    502177 181616305270141 47065635401    0    0    0     0       0          0
1784779526 | enp139s0f0np0: 233236758050004 62941967735    0 2473    0     0          0    502177 181616799481769 47065754963    0    0    0     0       0          0
1784779527 | enp139s0f0np0: 233236759371831 62941976080    0 2473    0     0          0    502177 181617346693711 47065887086    0    0    0     0       0          0
1784779528 | enp139s0f0np0: 233236759964411 62941979481    0 2473    0     0          0    502177 181617571071365 47065941314    0    0    0     0       0          0
1784779529 | enp139s0f0np0: 233236762260842 62941993135    0 2473    0     0          0    502177 181618604984839 47066190973    0    0    0     0       0          0
1784779530 | enp139s0f0np0: 233236808295508 62942010686    0 2473    0     0          0    502177 181619074551756 47066305404    0    0    0     0       0          0
1784779531 | enp139s0f0np0: 233236832357063 62942018660    0 2473    0     0          0    502177 181619172552812 47066330226    0    0    0     0       0          0
1784779532 | enp139s0f0np0: 233236832690911 62942019298    0 2473    0     0          0    502177 181619172748070 47066330806    0    0    0     0       0          0
1784779533 | enp139s0f0np0: 233236970207525 62942056322    0 2473    0     0          0    502177 181619310333214 47066367807    0    0    0     0       0          0
1784779534 | enp139s0f0np0: 233236970405319 62942056721    0 2473    0     0          0    502177 181619310405130 47066368052    0    0    0     0       0          0
1784779535 | enp139s0f0np0: 233236970648936 62942057195    0 2473    0     0          0    502177 181619310504286 47066368404    0    0    0     0       0          0
1784779536 | enp139s0f0np0: 233237012312368 62942068566    0 2473    0     0          0    502177 181619351887916 47066379625    0    0    0     0       0          0
1784779537 | enp139s0f0np0: 233237079781374 62942086512    0 2473    0     0          0    502177 181619419450920 47066397474    0    0    0     0       0          0
1784779538 | enp139s0f0np0: 233237177487088 62942114099    0 2473    0     0          0    502178 181619517170398 47066424870    0    0    0     0       0          0
1784779539 | enp139s0f0np0: 233237177751331 62942114662    0 2473    0     0          0    502178 181619517298018 47066425275    0    0    0     0       0          0
1784779540 | enp139s0f0np0: 233237177932823 62942114978    0 2473    0     0          0    502178 181619517340606 47066425428    0    0    0     0       0          0
1784779541 | enp139s0f0np0: 233237178230362 62942115657    0 2473    0     0          0    502178 181619517517345 47066425976    0    0    0     0       0          0
1784779542 | enp139s0f0np0: 233237178473785 62942116032    0 2473    0     0          0    502178 181619517577123 47066426177    0    0    0     0       0          0
1784779543 | enp139s0f0np0: 233237178702167 62942116447    0 2473    0     0          0    502178 181619517653581 47066426439    0    0    0     0       0          0
1784779544 | enp139s0f0np0: 233237236992965 62942131951    0 2473    0     0          0    502178 181619575583033 47066441789    0    0    0     0       0          0
1784779545 | enp139s0f0np0: 233237247779722 62942135436    0 2473    0     0          0    502178 181619586512555 47066445189    0    0    0     0       0          0
1784779546 | enp139s0f0np0: 233237248012041 62942135843    0 2473    0     0          0    502178 181619586586307 47066445450    0    0    0     0       0          0
1784779547 | enp139s0f0np0: 233237248247593 62942136313    0 2473    0     0          0    502178 181619586686549 47066445777    0    0    0     0       0          0
1784779548 | enp139s0f0np0: 233237248453150 62942136734    0 2473    0     0          0    502178 181619586769349 47066446047    0    0    0     0       0          0
1784779549 | enp139s0f0np0: 233237248692056 62942137124    0 2473    0     0          0    502178 181619586836879 47066446267    0    0    0     0       0          0
1784779550 | enp139s0f0np0: 233237249119046 62942138139    0 2473    0     0          0    502178 181619587123475 47066447122    0    0    0     0       0          0
1784779551 | enp139s0f0np0: 233237249666709 62942139604    0 2473    0     0          0    502178 181619587569734 47066448401    0    0    0     0       0          0
1784779552 | enp139s0f0np0: 233237249947763 62942140186    0 2473    0     0          0    502178 181619587705448 47066448825    0    0    0     0       0          0
1784779553 | enp139s0f0np0: 233237318956650 62942159318    0 2473    0     0          0    502178 181619656666272 47066467847    0    0    0     0       0          0
1784779554 | enp139s0f0np0: 233237319256966 62942159906    0 2473    0     0          0    502178 181619656795062 47066468249    0    0    0     0       0          0
1784779555 | enp139s0f0np0: 233237525366322 62942214633    0 2473    0     0          0    502178 181619862940222 47066522975    0    0    0     0       0          0
1784779556 | enp139s0f0np0: 233237525571223 62942214914    0 2473    0     0          0    502178 181619862975166 47066523104    0    0    0     0       0          0
1784779557 | enp139s0f0np0: 233237525757962 62942215266    0 2473    0     0          0    502178 181619863042132 47066523331    0    0    0     0       0          0
1784779558 | enp139s0f0np0: 233237525945352 62942215538    0 2473    0     0          0    502178 181619863081876 47066523472    0    0    0     0       0          0
1784779559 | enp139s0f0np0: 233237526293404 62942216270    0 2473    0     0          0    502178 181619863285852 47066524096    0    0    0     0       0          0
1784779560 | enp139s0f0np0: 233237526560370 62942216905    0 2473    0     0          0    502178 181619863457722 47066524617    0    0    0     0       0          0
1784779561 | enp139s0f0np0: 233237526808609 62942217495    0 2473    0     0          0    502178 181619863625287 47066525140    0    0    0     0       0          0
1784779562 | enp139s0f0np0: 233237595472072 62942235674    0 2473    0     0          0    502178 181619932266179 47066543346    0    0    0     0       0          0
1784779563 | enp139s0f0np0: 233237595789912 62942236483    0 2473    0     0          0    502178 181619932514837 47066544045    0    0    0     0       0          0
1784779564 | enp139s0f0np0: 233237595988343 62942236910    0 2473    0     0          0    502178 181619932618367 47066544370    0    0    0     0       0          0
1784779565 | enp139s0f0np0: 233237596310916 62942237679    0 2473    0     0          0    502178 181619932853387 47066545023    0    0    0     0       0          0
1784779566 | enp139s0f0np0: 233237596508398 62942238044    0 2473    0     0          0    502178 181619932931699 47066545265    0    0    0     0       0          0
1784779567 | enp139s0f0np0: 233237596733405 62942238523    0 2473    0     0          0    502179 181619933048147 47066545651    0    0    0     0       0          0
1784779568 | enp139s0f0np0: 233237597123871 62942239501    0 2473    0     0          0    502179 181619933353193 47066546535    0    0    0     0       0          0
1784779569 | enp139s0f0np0: 233237665803100 62942257524    0 2473    0     0          0    502179 181620001967541 47066564629    0    0    0     0       0          0
1784779570 | enp139s0f0np0: 233237734494215 62942275702    0 2473    0     0          0    502179 181620070609105 47066582726    0    0    0     0       0          0
1784779571 | enp139s0f0np0: 233237734690712 62942276119    0 2473    0     0          0    502179 181620070708108 47066583060    0    0    0     0       0          0
1784779572 | enp139s0f0np0: 233237735164281 62942277483    0 2473    0     0          0    502179 181620071138818 47066584334    0    0    0     0       0          0
1784779573 | enp139s0f0np0: 233237735330822 62942277746    0 2473    0     0          0    502179 181620071184196 47066584493    0    0    0     0       0          0
1784779574 | enp139s0f0np0: 233237804035576 62942296041    0 2473    0     0          0    502179 181620139870532 47066602846    0    0    0     0       0          0
1784779575 | enp139s0f0np0: 233237941393443 62942332442    0 2473    0     0          0    502179 181620277212544 47066639186    0    0    0     0       0          0
1784779576 | enp139s0f0np0: 233237941645308 62942332950    0 2473    0     0          0    502179 181620277339798 47066639584    0    0    0     0       0          0
1784779577 | enp139s0f0np0: 233237941848717 62942333432    0 2473    0     0          0    502179 181620277477012 47066640010    0    0    0     0       0          0
1784779578 | enp139s0f0np0: 233238010782197 62942352453    0 2473    0     0          0    502179 181620346462652 47066659180    0    0    0     0       0          0
1784779579 | enp139s0f0np0: 233238077634980 62942371105    0 2473    0     0          0    502179 181620413105772 47066677815    0    0    0     0       0          0
1784779580 | enp139s0f0np0: 233238080013680 62942372174    0 2473    0     0          0    502179 181620415684560 47066678964    0    0    0     0       0          0
1784779581 | enp139s0f0np0: 233238080199926 62942372529    0 2473    0     0          0    502179 181620415799289 47066679329    0    0    0     0       0          0
1784779582 | enp139s0f0np0: 233238080429753 62942373004    0 2473    0     0          0    502179 181620415960017 47066679847    0    0    0     0       0          0
1784779583 | enp139s0f0np0: 233238080761531 62942373880    0 2473    0     0          0    502179 181620416264559 47066680720    0    0    0     0       0          0
1784779584 | enp139s0f0np0: 233238081196328 62942375080    0 2473    0     0          0    502179 181620416674017 47066681939    0    0    0     0       0          0
1784779585 | enp139s0f0np0: 233238149926102 62942393365    0 2473    0     0          0    502179 181620485419411 47066700350    0    0    0     0       0          0
1784779586 | enp139s0f0np0: 233238150268522 62942394336    0 2473    0     0          0    502179 181620485752891 47066701311    0    0    0     0       0          0
1784779587 | enp139s0f0np0: 233238180484314 62942402689    0 2473    0     0          0    502179 181620515805944 47066709708    0    0    0     0       0          0
1784779588 | enp139s0f0np0: 233238287801417 62942431226    0 2473    0     0          0    502179 181620623330745 47066738364    0    0    0     0       0          0
1784779589 | enp139s0f0np0: 233238288376663 62942432974    0 2473    0     0          0    502179 181620623966931 47066740150    0    0    0     0       0          0
1784779590 | enp139s0f0np0: 233238357153014 62942451518    0 2473    0     0          0    502179 181620692778088 47066758723    0    0    0     0       0          0
1784779591 | enp139s0f0np0: 233238357505843 62942452505    0 2473    0     0          0    502179 181620693139288 47066759722    0    0    0     0       0          0
1784779592 | enp139s0f0np0: 233238357711152 62942453030    0 2473    0     0          0    502179 181620693326512 47066760315    0    0    0     0       0          0
1784779593 | enp139s0f0np0: 233238362442083 62942454587    0 2473    0     0          0    502179 181620697998841 47066761881    0    0    0     0       0          0
1784779594 | enp139s0f0np0: 233238495317703 62942490192    0 2473    0     0          0    502179 181620830967510 47066797645    0    0    0     0       0          0
1784779595 | enp139s0f0np0: 233238495505260 62942490725    0 2473    0     0          0    502179 181620831150966 47066798212    0    0    0     0       0          0
1784779596 | enp139s0f0np0: 233238701752706 62942546405    0 2473    0     0          0    502179 181621037617474 47066853933    0    0    0     0       0          0
1784779597 | enp139s0f0np0: 233238839775266 62942585140    0 2473    0     0          0    502180 181621175827442 47066892775    0    0    0     0       0          0
1784779598 | enp139s0f0np0: 233238839963598 62942585622    0 2473    0     0          0    502180 181621175991260 47066893288    0    0    0     0       0          0
1784779599 | enp139s0f0np0: 233238894798297 62942601048    0 2473    0     0          0    502180 181621230777558 47066908750    0    0    0     0       0          0
1784779600 | enp139s0f0np0: 233238977913553 62942623792    0 2473    0     0          0    502180 181621313967343 47066931565    0    0    0     0       0          0
1784779601 | enp139s0f0np0: 233238978149410 62942624359    0 2473    0     0          0    502180 181621314148645 47066932146    0    0    0     0       0          0
1784779602 | enp139s0f0np0: 233238981298111 62942625546    0 2473    0     0          0    502180 181621317225592 47066933345    0    0    0     0       0          0
1784779603 | enp139s0f0np0: 233239115597864 62942660844    0 2473    0     0          0    502180 181621451554857 47066968868    0    0    0     0       0          0
1784779604 | enp139s0f0np0: 233239301136922 62942711521    0 2473    0     0          0    502180 181621637002663 47067019505    0    0    0     0       0          0
1784779605 | enp139s0f0np0: 233239322451622 62942718229    0 2473    0     0          0    502180 181621658596311 47067026237    0    0    0     0       0          0
1784779606 | enp139s0f0np0: 233239322624366 62942718522    0 2473    0     0          0    502180 181621658672733 47067026497    0    0    0     0       0          0
1784779607 | enp139s0f0np0: 233239322788471 62942718908    0 2473    0     0          0    502180 181621658786985 47067026886    0    0    0     0       0          0
1784779608 | enp139s0f0np0: 233239391518506 62942737074    0 2473    0     0          0    502180 181621727475985 47067045225    0    0    0     0       0          0
1784779609 | enp139s0f0np0: 233239460513787 62942756200    0 2473    0     0          0    502180 181621796487269 47067064426    0    0    0     0       0          0
1784779610 | enp139s0f0np0: 233239461348402 62942758786    0 2473    0     0          0    502180 181621797375440 47067067021    0    0    0     0       0          0
1784779611 | enp139s0f0np0: 233239532590065 62942780139    0 2473    0     0          0    502180 181621868336908 47067088289    0    0    0     0       0          0
1784779612 | enp139s0f0np0: 233239599803885 62942798686    0 2473    0     0          0    502180 181621935943654 47067106858    0    0    0     0       0          0
1784779613 | enp139s0f0np0: 233239658199951 62942815373    0 2473    0     0          0    502180 181621994375363 47067123632    0    0    0     0       0          0
1784779614 | enp139s0f0np0: 233239806383126 62942854949    0 2473    0     0          0    502180 181622142636844 47067163355    0    0    0     0       0          0
1784779615 | enp139s0f0np0: 233239944606928 62942894304    0 2473    0     0          0    502180 181622281062614 47067202836    0    0    0     0       0          0
1784779616 | enp139s0f0np0: 233239944817999 62942894729    0 2473    0     0          0    502180 181622281191308 47067203261    0    0    0     0       0          0
1784779617 | enp139s0f0np0: 233240150063114 62942948484    0 2473    0     0          0    502180 181622486243696 47067257049    0    0    0     0       0          0
1784779618 | enp139s0f0np0: 233240159872090 62942952178    0 2473    0     0          0    502180 181622496025490 47067260718    0    0    0     0       0          0
1784779619 | enp139s0f0np0: 233240324204586 62942998815    0 2473    0     0          0    502180 181622660856842 47067307521    0    0    0     0       0          0
