hints = 1
  sec Cur ops   started  finished  avg MB/s  cur MB/s last lat(s)  avg lat(s)
    0       0         0         0         0         0           -           0
    1    4095     17161     13066   3266.12    3266.5    0.208709    0.238447
    2    4095     35929     31834   3978.87      4692    0.217069    0.226255
    3    4095     55139     51044    4253.3    4802.5    0.224599    0.220871
    4    4095     73679     69584   4348.61      4635    0.188175    0.221998
    5    4095     91084     86989   4348.82   4351.25    0.229273     0.22343
    6    4095    108431    104336   4346.75   4336.75    0.213259    0.226041
    7    4095    126932    122837   4386.49   4625.25    0.213004    0.225425
    8    4095    143972    139877   4370.62      4260    0.244406    0.226695
    9    4095    162592    158497   4402.17      4655    0.216295    0.226296
   10    4095    181173    177078   4426.44   4645.25    0.228315    0.225536
   11    4095    200023    195928   4452.14    4712.5    0.221514    0.224789
   12    4095    218950    214855    4475.4   4731.75    0.236931    0.223971
   13    4095    237430    233335   4486.49      4620    0.231283    0.223739
   14    4095    256385    252290   4504.48   4738.75    0.217203    0.223406
   15    4095    275286    271191   4519.17   4725.25    0.222548    0.222904
   16    4095    294151    290056   4531.45   4716.25     0.22176    0.222489
   17    4095    312946    308851   4541.27   4698.75    0.210927    0.222261
   18    4095    332443    328348   4559.74   4874.25    0.213509    0.221543
   19    4095    351472    347377    4570.1   4757.25    0.211402     0.22122
2026-07-19T00:11:17.245386+0700 min lat: 0.163907 max lat: 0.361952 avg lat: 0.221107
  sec Cur ops   started  finished  avg MB/s  cur MB/s last lat(s)  avg lat(s)
   20    4095    369982    365887   4572.95    4627.5     0.22338    0.221107
   21    4095    388019    383924    4569.9   4509.25    0.218869    0.221471
   22    4095    407174    403079   4579.82   4788.75     0.21254    0.221119
   23    4095    425573    421478   4580.68   4599.75    0.221119    0.221132
   24    4095    444098    440003   4582.76   4631.25    0.220612    0.221144
   25    4095    463291    459196   4591.36   4798.25     0.20979    0.220869
   26    4095    482130    478035    4595.9   4709.75    0.220072    0.220681
   27    4095    501181    497086   4602.06   4762.75    0.208572    0.220513
   28    4095    519674    515579    4602.8   4623.25    0.227481    0.220491
   29    4095    538280    534185   4604.47    4651.5    0.211441    0.220527
   30    4095    557087    552992   4607.69   4701.75     0.21685    0.220419
   31    4095    575433    571338   4606.99    4586.5    0.238112    0.220471
   32    4095    593885    589790   4607.17      4613    0.215242     0.22055
   33    4095    612490    608395   4608.49   4651.25    0.221558    0.220531
   34    4095    631826    627731   4615.11      4834    0.212681    0.220284
   35    4095    650532    646437   4616.86    4676.5    0.223091    0.220188
   36    4095    669713    665618    4621.8   4795.25     0.22223    0.220049
   37    4095    688674    684579      4625   4740.25    0.213592    0.219937
   38    4095    707602    703507    4627.8      4732    0.209934    0.219848
   39    4095    726640    722545   4631.17    4759.5    0.225892    0.219651
2026-07-19T00:11:37.247101+0700 min lat: 0.163907 max lat: 0.361952 avg lat: 0.219605
  sec Cur ops   started  finished  avg MB/s  cur MB/s last lat(s)  avg lat(s)
   40    4095    745674    741579   4634.35    4758.5      0.2127    0.219605
   41    4095    764149    760054   4633.94   4618.75    0.217953    0.219644
   42    4095    782736    778641   4634.24   4646.75    0.228525    0.219616
   43    4095    802040    797945   4638.69      4826    0.210502      0.2195
   44    4095    820540    816445   4638.36      4625    0.225322    0.219496
   45    4095    839276    835181   4639.37      4684    0.221896    0.219484
   46    4095    858446    854351   4642.69    4792.5     0.21483     0.21938
   47    4095    876284    872189   4638.78    4459.5    0.243079    0.219534
   48    4095    894694    890599   4638.02    4602.5    0.234154    0.219592
   49    4095    913488    909393   4639.25    4698.5    0.222149    0.219582
   50    4095    932572    928477   4641.87      4771    0.216094    0.219507
   51    4095    951282    947187   4642.57    4677.5    0.212296    0.219505
   52    4095    969904    965809   4642.81    4655.5    0.226597    0.219473
   53    4096    988603    984507    4643.4    4674.5    0.212578    0.219506
   54    4095   1007142   1003047   4643.24      4635    0.223748    0.219523
   55    4095   1026368   1022273    4646.2    4806.5    0.210926    0.219415
   56    4095   1045330   1041235   4647.87    4740.5    0.221372    0.219329
   57    4095   1064160   1060065   4648.91    4707.5    0.222444    0.219298
   58    4095   1082803   1078708   4649.11   4660.75    0.211846    0.219326
   59    4095   1101800   1097705    4650.8   4749.25    0.214487    0.219249
2026-07-19T00:11:57.309862+0700 min lat: 0.0989027 max lat: 0.361952 avg lat: 0.218988
  sec Cur ops   started  finished  avg MB/s  cur MB/s last lat(s)  avg lat(s)
   60     619   1120726   1120107   4661.89    5600.5    0.098825    0.218988
Total time run:       60.0792
Total reads made:     1120726
Read size:            262144
Object size:          262144
Bandwidth (MB/sec):   4663.53
Average IOPS:         18654
Stddev IOPS:          988.046
Max IOPS:             22402
Min IOPS:             13066
Average Latency(s):   0.218917
Max latency(s):       0.361952
Min latency(s):       0.0793124
