hints = 1
  sec Cur ops   started  finished  avg MB/s  cur MB/s last lat(s)  avg lat(s)
    0       0         0         0         0         0           -           0
    1    4095     20346     16251   4062.28   4062.75     0.19817    0.198077
    2    4095     43318     39223   4902.38      5743    0.182998    0.186857
    3    4095     65033     60938   5077.67   5428.75    0.217238    0.185872
    4    4095     81388     77293   4830.34   4088.75    0.233972    0.199442
    5    4095    100896     96801   4839.58      4877    0.176836    0.202712
    6    4095    123720    119625    4983.9      5706    0.171707    0.198358
    7    4095    146582    142487   5088.33    5715.5     0.17578    0.195221
    8    4096    169398    165302   5165.19   5703.75    0.174436    0.193085
    9    4095    192158    188063   5223.47   5690.25    0.202075    0.191419
   10    4095    214600    210505    5262.1    5610.5    0.197522    0.190491
   11    4095    236940    232845   5291.38      5585    0.199509    0.189718
   12    4095    259892    255797   5328.53      5738    0.172871    0.188818
   13    4095    282382    278287    5351.1    5622.5    0.193795    0.188072
   14    4095    305299    301204   5378.07   5729.25    0.183799    0.187531
   15    4095    327612    323517   5391.36   5578.25    0.190469    0.187259
   16    4095    350790    346695   5416.53    5794.5    0.176043    0.186564
   17    4095    373849    369754   5436.98   5764.75    0.189984    0.185971
   18    4095    396533    392438   5449.89      5671    0.188975    0.185608
   19    4095    419935    415840   5470.92    5850.5    0.176428    0.185086
2026-07-18T23:57:20.328280+0700 min lat: 0.155021 max lat: 0.289618 avg lat: 0.185057
  sec Cur ops   started  finished  avg MB/s  cur MB/s last lat(s)  avg lat(s)
   20    4095    442165    438070   5475.23    5557.5    0.173656    0.185057
   21    4095    464756    460661   5483.41   5647.75    0.182072    0.184814
   22    4096    487118    483022   5488.24   5590.25    0.181826    0.184726
   23    4095    509964    505869   5497.93   5711.75     0.18712    0.184473
   24    4095    531561    527466    5493.8   5399.25     0.18795    0.184704
   25    4095    553911    549816   5497.52    5587.5    0.183162    0.184664
   26    4095    575724    571629   5495.79   5453.25    0.183588    0.184756
   27    4096    599338    595242   5510.85   5903.25    0.175081    0.184356
   28    4095    622466    618371   5520.53   5782.25    0.171249    0.184091
   29    4095    645977    641882   5532.83   5877.75    0.170927    0.183739
   30    4096    669581    665485   5545.08   5900.75    0.171827    0.183375
   31    4095    692272    688177   5549.19      5673    0.188408    0.183274
   32    4095    714932    710837   5552.78      5665    0.209911    0.183045
   33    4095    738702    734607   5564.57    5942.5    0.165831    0.182851
   34    4095    761949    757854   5571.82   5811.75    0.187709    0.182605
   35    4095    784213    780118   5571.63      5566    0.177207    0.182667
   36    4096    807194    803098   5576.44      5745    0.177242    0.182535
   37    4095    830258    826163   5581.55   5766.25    0.178644    0.182398
   38    4095    852935    848840   5583.85   5669.25    0.180302    0.182352
   39    4095    875651    871556   5586.28      5679    0.177811    0.182298
2026-07-18T23:57:40.330360+0700 min lat: 0.152232 max lat: 0.289618 avg lat: 0.182263
  sec Cur ops   started  finished  avg MB/s  cur MB/s last lat(s)  avg lat(s)
   40    4095    898214    894119   5587.62   5640.75      0.1956    0.182263
   41    4095    921125    917030   5591.03   5727.75    0.178671    0.182188
   42    4095    943757    939662   5592.61      5658    0.177476    0.182157
   43    4096    967071    962975   5598.08   5828.25    0.176678    0.182007
   44    4095    989619    985524   5598.95   5637.25    0.191139     0.18194
   45    4095   1012637   1008542    5602.4    5754.5    0.176118    0.181905
   46    4095   1035169   1031074   5603.05      5633    0.175246    0.181905
   47    4095   1057997   1053902   5605.25      5707    0.170653    0.181858
   48    4095   1081246   1077151   5609.55   5812.25    0.174525     0.18173
   49    4095   1104030   1099935   5611.31      5696    0.175277    0.181688
   50    4095   1126644   1122549   5612.14    5653.5    0.173724    0.181678
   51    4095   1149527   1145432   5614.26   5720.75    0.174075    0.181624
   52    4095   1172647   1168552   5617.44      5780    0.183325    0.181535
   53    4095   1195666   1191571   5620.01   5754.75    0.173802    0.181466
   54    4095   1218511   1214416   5621.69   5711.25    0.185052    0.181404
   55    4095   1241372   1237277   5623.39   5715.25    0.175216    0.181382
   56    4095   1264485   1260390   5626.14   5778.25    0.177227    0.181304
   57    4095   1287447   1283352   5628.14    5740.5    0.172913    0.181257
   58    4095   1309962   1305867   5628.14   5628.75    0.174002    0.181268
   59    4095   1333038   1328943   5630.52      5769    0.173481    0.181199
2026-07-18T23:58:00.391861+0700 min lat: 0.0992936 max lat: 0.289618 avg lat: 0.181071
  sec Cur ops   started  finished  avg MB/s  cur MB/s last lat(s)  avg lat(s)
   60     774   1355653   1354879   5639.13      6484    0.099287    0.181071
Total time run:       60.0812
Total reads made:     1355653
Read size:            262144
Object size:          262144
Bandwidth (MB/sec):   5640.92
Average IOPS:         22563
Stddev IOPS:          1381.8
Max IOPS:             25936
Min IOPS:             16251
Average Latency(s):   0.181019
Max latency(s):       0.289618
Min latency(s):       0.0812415
