Linux 5.15.0-170-generic (oneasia-c1-cpu-node10) 	07/16/26 	_x86_64_	(128 CPU)

11:26:11      UID       PID    %usr %system  %guest   %wait    %CPU   CPU  Command
11:26:12     1002   2427088    0.00    0.00    0.00    0.00    0.00    26  juicefs
11:26:13     1002   2427088    0.00    0.00    0.00    0.00    0.00    26  juicefs
11:26:14     1002   2427088    0.00    0.00    0.00    0.00    0.00    26  juicefs
11:26:15     1002   2427088    0.00    0.00    0.00    0.00    0.00    26  juicefs
11:26:16     1002   2427088    0.00    0.00    0.00    0.00    0.00    26  juicefs
11:26:17     1002   2427088    0.00    0.00    0.00    0.00    0.00    26  juicefs
11:26:18     1002   2427088    0.00    0.00    0.00    0.00    0.00    26  juicefs
11:26:19     1002   2427088    0.00    0.00    0.00    0.00    0.00    26  juicefs
11:26:20     1002   2427088    0.00    0.00    0.00    0.00    0.00    26  juicefs
11:26:21     1002   2427088    0.00    0.00    0.00    0.00    0.00    26  juicefs
11:26:22     1002   2427088    0.00    0.00    0.00    0.00    0.00    26  juicefs
11:26:23     1002   2427088    0.00    0.00    0.00    0.00    0.00    26  juicefs
11:26:24     1002   2427088    0.00    0.00    0.00    0.00    0.00    26  juicefs
11:26:25     1002   2427088    0.00    0.00    0.00    0.00    0.00    26  juicefs
11:26:26     1002   2427088    0.00    0.00    0.00    0.00    0.00    26  juicefs
11:26:27     1002   2427088    0.00    0.00    0.00    0.00    0.00    26  juicefs
11:26:28     1002   2427088    0.00    0.00    0.00    0.00    0.00    26  juicefs
11:26:29     1002   2427088    0.00    0.00    0.00    0.00    0.00    26  juicefs
11:26:30     1002   2427088    0.00    0.00    0.00    0.00    0.00    26  juicefs
11:26:31     1002   2427088    0.00    0.00    0.00    0.00    0.00    26  juicefs
11:26:32     1002   2427088    0.00    0.00    0.00    0.00    0.00    26  juicefs
11:26:33     1002   2427088    0.00    0.00    0.00    0.00    0.00    26  juicefs
11:26:34     1002   2427088    0.00    0.00    0.00    0.00    0.00    26  juicefs
11:26:35     1002   2427088    0.00    0.00    0.00    0.00    0.00    26  juicefs
11:26:36     1002   2427088    0.00    0.00    0.00    0.00    0.00    26  juicefs
11:26:37     1002   2427088    0.00    0.00    0.00    0.00    0.00    26  juicefs
11:26:38     1002   2427088    0.00    0.00    0.00    0.00    0.00    26  juicefs
