1784176226 | enp139s0f0np0: 28035578724996 10931509427    0    0    0     0          0    482069 12387264973612 3234960473    0    0    0     0       0          0
1784176227 | enp139s0f0np0: 28036161007235 10931657351    0    0    0     0          0    482069 12387855244872 3235109964    0    0    0     0       0          0
1784176228 | enp139s0f0np0: 28037602540941 10932023934    0    0    0     0          0    482069 12389278397354 3235472972    0    0    0     0       0          0
1784176229 | enp139s0f0np0: 28038989271009 10932377325    0    0    0     0          0    482069 12390677667039 3235830667    0    0    0     0       0          0
1784176230 | enp139s0f0np0: 28040346900238 10932723815    0    0    0     0          0    482069 12392059238503 3236184007    0    0    0     0       0          0
1784176231 | enp139s0f0np0: 28041714784250 10933072807    0    0    0     0          0    482069 12393448747119 3236539295    0    0    0     0       0          0
1784176232 | enp139s0f0np0: 28043072263419 10933419216    0    0    0     0          0    482069 12394844662817 3236896076    0    0    0     0       0          0
1784176233 | enp139s0f0np0: 28044443773039 10933768992    0    0    0     0          0    482069 12396203044466 3237243627    0    0    0     0       0          0
1784176234 | enp139s0f0np0: 28045791134281 10934112323    0    0    0     0          0    482069 12397563362194 3237591798    0    0    0     0       0          0
1784176235 | enp139s0f0np0: 28047187895867 10934467918    0    0    0     0          0    482069 12398950973295 3237946636    0    0    0     0       0          0
1784176236 | enp139s0f0np0: 28048560710535 10934818090    0    0    0     0          0    482069 12400317245699 3238296233    0    0    0     0       0          0
1784176237 | enp139s0f0np0: 28049928082401 10935166962    0    0    0     0          0    482069 12401653826511 3238639075    0    0    0     0       0          0
1784176238 | enp139s0f0np0: 28051286989037 10935514050    0    0    0     0          0    482069 12403014209492 3238987197    0    0    0     0       0          0
1784176239 | enp139s0f0np0: 28052672303681 10935867218    0    0    0     0          0    482069 12404395334627 3239340183    0    0    0     0       0          0
1784176240 | enp139s0f0np0: 28054061644888 10936220936    0    0    0     0          0    482069 12405803086551 3239699652    0    0    0     0       0          0
1784176241 | enp139s0f0np0: 28055284687558 10936532995    0    0    0     0          0    482069 12407049737067 3240018775    0    0    0     0       0          0
1784176242 | enp139s0f0np0: 28056654822318 10936881872    0    0    0     0          0    482069 12408378903056 3240359750    0    0    0     0       0          0
1784176243 | enp139s0f0np0: 28057993321475 10937223633    0    0    0     0          0    482069 12409728239072 3240705048    0    0    0     0       0          0
1784176244 | enp139s0f0np0: 28059332862425 10937565955    0    0    0     0          0    482069 12411088600709 3241052607    0    0    0     0       0          0
1784176245 | enp139s0f0np0: 28060668177694 10937906552    0    0    0     0          0    482069 12412420363618 3241393831    0    0    0     0       0          0
1784176246 | enp139s0f0np0: 28062059738507 10938261119    0    0    0     0          0    482069 12413831540117 3241754589    0    0    0     0       0          0
1784176247 | enp139s0f0np0: 28063441618084 10938613135    0    0    0     0          0    482069 12415200305003 3242104837    0    0    0     0       0          0
1784176248 | enp139s0f0np0: 28064841648406 10938970018    0    0    0     0          0    482070 12416596797318 3242462463    0    0    0     0       0          0
1784176249 | enp139s0f0np0: 28066214609697 10939320321    0    0    0     0          0    482070 12417996057242 3242820176    0    0    0     0       0          0
1784176250 | enp139s0f0np0: 28067536648784 10939656824    0    0    0     0          0    482070 12419341019575 3243164483    0    0    0     0       0          0
1784176251 | enp139s0f0np0: 28068902989874 10940004278    0    0    0     0          0    482070 12420708284460 3243513994    0    0    0     0       0          0
1784176252 | enp139s0f0np0: 28070254018081 10940348207    0    0    0     0          0    482070 12422045517538 3243856567    0    0    0     0       0          0
1784176253 | enp139s0f0np0: 28071621900743 10940696973    0    0    0     0          0    482070 12423414393457 3244207275    0    0    0     0       0          0
1784176254 | enp139s0f0np0: 28072985124829 10941044948    0    0    0     0          0    482070 12424814046162 3244565019    0    0    0     0       0          0
1784176255 | enp139s0f0np0: 28074380956992 10941400587    0    0    0     0          0    482070 12426217337094 3244923938    0    0    0     0       0          0
1784176256 | enp139s0f0np0: 28075736363445 10941746156    0    0    0     0          0    482070 12427565182857 3245269050    0    0    0     0       0          0
1784176257 | enp139s0f0np0: 28077095704314 10942092552    0    0    0     0          0    482070 12428948267124 3245622778    0    0    0     0       0          0
1784176258 | enp139s0f0np0: 28078446978765 10942436613    0    0    0     0          0    482070 12430279618824 3245964186    0    0    0     0       0          0
1784176259 | enp139s0f0np0: 28079761375906 10942771314    0    0    0     0          0    482070 12431618245819 3246306747    0    0    0     0       0          0
1784176260 | enp139s0f0np0: 28081041892353 10943097373    0    0    0     0          0    482070 12432917127741 3246639112    0    0    0     0       0          0
1784176261 | enp139s0f0np0: 28082413677496 10943446288    0    0    0     0          0    482070 12434299515587 3246992621    0    0    0     0       0          0
1784176262 | enp139s0f0np0: 28083789354084 10943796368    0    0    0     0          0    482070 12435678151464 3247345192    0    0    0     0       0          0
1784176263 | enp139s0f0np0: 28085159034133 10944145149    0    0    0     0          0    482070 12437066269042 3247699662    0    0    0     0       0          0
1784176264 | enp139s0f0np0: 28086523984590 10944492523    0    0    0     0          0    482070 12438429732170 3248048752    0    0    0     0       0          0
1784176265 | enp139s0f0np0: 28087844574223 10944828877    0    0    0     0          0    482070 12439758750461 3248389102    0    0    0     0       0          0
1784176266 | enp139s0f0np0: 28089190342387 10945171601    0    0    0     0          0    482070 12441113904298 3248736397    0    0    0     0       0          0
1784176267 | enp139s0f0np0: 28090533212700 10945513646    0    0    0     0          0    482070 12442450421545 3249078702    0    0    0     0       0          0
1784176268 | enp139s0f0np0: 28091902232753 10945861801    0    0    0     0          0    482070 12443789820632 3249421881    0    0    0     0       0          0
1784176269 | enp139s0f0np0: 28093203676508 10946193308    0    0    0     0          0    482070 12445094057752 3249756156    0    0    0     0       0          0
1784176270 | enp139s0f0np0: 28094491064935 10946521450    0    0    0     0          0    482070 12446410144802 3250092734    0    0    0     0       0          0
1784176271 | enp139s0f0np0: 28095773338228 10946848305    0    0    0     0          0    482070 12447701254918 3250422771    0    0    0     0       0          0
1784176272 | enp139s0f0np0: 28097098414067 10947185732    0    0    0     0          0    482070 12449014586948 3250759191    0    0    0     0       0          0
1784176273 | enp139s0f0np0: 28098477133510 10947537487    0    0    0     0          0    482070 12450385207045 3251110013    0    0    0     0       0          0
1784176274 | enp139s0f0np0: 28099857963375 10947889974    0    0    0     0          0    482070 12451776405400 3251465605    0    0    0     0       0          0
1784176275 | enp139s0f0np0: 28101248239825 10948244705    0    0    0     0          0    482070 12453159913876 3251819595    0    0    0     0       0          0
1784176276 | enp139s0f0np0: 28102633166194 10948597689    0    0    0     0          0    482070 12454539980432 3252173093    0    0    0     0       0          0
1784176277 | enp139s0f0np0: 28104010808047 10948949558    0    0    0     0          0    482070 12455935320104 3252529183    0    0    0     0       0          0
1784176278 | enp139s0f0np0: 28105310468705 10949280764    0    0    0     0          0    482071 12457251663010 3252865545    0    0    0     0       0          0
1784176279 | enp139s0f0np0: 28106680786288 10949630130    0    0    0     0          0    482071 12458612018072 3253213267    0    0    0     0       0          0
1784176280 | enp139s0f0np0: 28108083880421 10949987866    0    0    0     0          0    482071 12460017415835 3253572528    0    0    0     0       0          0
1784176281 | enp139s0f0np0: 28109459745698 10950339146    0    0    0     0          0    482071 12461377980220 3253921018    0    0    0     0       0          0
1784176282 | enp139s0f0np0: 28110838294216 10950691710    0    0    0     0          0    482071 12462784549590 3254280360    0    0    0     0       0          0
1784176284 | enp139s0f0np0: 28112232746022 10951047503    0    0    0     0          0    482071 12464166037206 3254633848    0    0    0     0       0          0
1784176285 | enp139s0f0np0: 28113625666980 10951403007    0    0    0     0          0    482071 12465553781032 3254989056    0    0    0     0       0          0
1784176286 | enp139s0f0np0: 28115004300937 10951755371    0    0    0     0          0    482071 12466933303030 3255341359    0    0    0     0       0          0
1784176287 | enp139s0f0np0: 28116408153520 10952113166    0    0    0     0          0    482071 12468335357805 3255700027    0    0    0     0       0          0
1784176288 | enp139s0f0np0: 28117759163318 10952457582    0    0    0     0          0    482071 12469675193168 3256043457    0    0    0     0       0          0
1784176289 | enp139s0f0np0: 28119094616281 10952797976    0    0    0     0          0    482071 12471011732004 3256385497    0    0    0     0       0          0
1784176290 | enp139s0f0np0: 28120485419918 10953152152    0    0    0     0          0    482071 12472394745137 3256739659    0    0    0     0       0          0
1784176291 | enp139s0f0np0: 28121859525769 10953502149    0    0    0     0          0    482071 12473796511217 3257097919    0    0    0     0       0          0
1784176292 | enp139s0f0np0: 28123205596025 10953845357    0    0    0     0          0    482071 12475156417037 3257446360    0    0    0     0       0          0
1784176293 | enp139s0f0np0: 28124542331196 10954186428    0    0    0     0          0    482071 12476500988108 3257791242    0    0    0     0       0          0
1784176294 | enp139s0f0np0: 28125917044391 10954536455    0    0    0     0          0    482071 12477862928984 3258140299    0    0    0     0       0          0
1784176295 | enp139s0f0np0: 28127328587864 10954896314    0    0    0     0          0    482071 12479259143771 3258497065    0    0    0     0       0          0
1784176296 | enp139s0f0np0: 28128708705003 10955248936    0    0    0     0          0    482071 12480669551223 3258857479    0    0    0     0       0          0
1784176297 | enp139s0f0np0: 28130076140523 10955597299    0    0    0     0          0    482071 12482039416668 3259207185    0    0    0     0       0          0
1784176298 | enp139s0f0np0: 28131397578313 10955934869    0    0    0     0          0    482071 12483396152764 3259553410    0    0    0     0       0          0
1784176299 | enp139s0f0np0: 28132776518703 10956287066    0    0    0     0          0    482071 12484783341642 3259908571    0    0    0     0       0          0
1784176300 | enp139s0f0np0: 28134170249985 10956643041    0    0    0     0          0    482071 12486176702390 3260264562    0    0    0     0       0          0
1784176301 | enp139s0f0np0: 28135581519900 10957002956    0    0    0     0          0    482071 12487553943382 3260617413    0    0    0     0       0          0
1784176302 | enp139s0f0np0: 28136981355965 10957360057    0    0    0     0          0    482071 12488971928093 3260979396    0    0    0     0       0          0
1784176303 | enp139s0f0np0: 28138406851020 10957723299    0    0    0     0          0    482071 12490378326584 3261339672    0    0    0     0       0          0
1784176304 | enp139s0f0np0: 28139788316093 10958076022    0    0    0     0          0    482071 12491764592210 3261694639    0    0    0     0       0          0
1784176305 | enp139s0f0np0: 28141170368363 10958428107    0    0    0     0          0    482071 12493147002930 3262048436    0    0    0     0       0          0
1784176306 | enp139s0f0np0: 28142575928100 10958786422    0    0    0     0          0    482071 12494544812610 3262406134    0    0    0     0       0          0
1784176307 | enp139s0f0np0: 28143986010854 10959145802    0    0    0     0          0    482071 12495949234253 3262765237    0    0    0     0       0          0
1784176308 | enp139s0f0np0: 28145419715790 10959511251    0    0    0     0          0    482071 12497372758874 3263129299    0    0    0     0       0          0
1784176309 | enp139s0f0np0: 28146827565978 10959869855    0    0    0     0          0    482072 12498768101856 3263486338    0    0    0     0       0          0
1784176310 | enp139s0f0np0: 28148231166903 10960228214    0    0    0     0          0    482072 12500174147341 3263846409    0    0    0     0       0          0
1784176311 | enp139s0f0np0: 28149622000637 10960583385    0    0    0     0          0    482072 12501588316740 3264207535    0    0    0     0       0          0
1784176312 | enp139s0f0np0: 28151050164676 10960947749    0    0    0     0          0    482072 12503021720411 3264573723    0    0    0     0       0          0
1784176313 | enp139s0f0np0: 28152462876512 10961307972    0    0    0     0          0    482072 12504434093184 3264934756    0    0    0     0       0          0
1784176314 | enp139s0f0np0: 28153874630350 10961668333    0    0    0     0          0    482072 12505840764400 3265294584    0    0    0     0       0          0
1784176315 | enp139s0f0np0: 28155218453830 10962011044    0    0    0     0          0    482072 12507172170109 3265635460    0    0    0     0       0          0
1784176316 | enp139s0f0np0: 28156558065073 10962352741    0    0    0     0          0    482072 12508541728226 3265985148    0    0    0     0       0          0
1784176317 | enp139s0f0np0: 28157934821297 10962704058    0    0    0     0          0    482072 12509933764215 3266341637    0    0    0     0       0          0
1784176318 | enp139s0f0np0: 28159319299176 10963056826    0    0    0     0          0    482072 12511318866173 3266695756    0    0    0     0       0          0
1784176319 | enp139s0f0np0: 28160680710357 10963403703    0    0    0     0          0    482072 12512665846650 3267040605    0    0    0     0       0          0
1784176320 | enp139s0f0np0: 28162074774620 10963759311    0    0    0     0          0    482072 12514065066757 3267398445    0    0    0     0       0          0
1784176321 | enp139s0f0np0: 28163459987774 10964112833    0    0    0     0          0    482072 12515468584656 3267757289    0    0    0     0       0          0
1784176322 | enp139s0f0np0: 28164866856140 10964471356    0    0    0     0          0    482072 12516873532696 3268116477    0    0    0     0       0          0
1784176323 | enp139s0f0np0: 28166234576175 10964819938    0    0    0     0          0    482072 12518251873642 3268468974    0    0    0     0       0          0
1784176324 | enp139s0f0np0: 28167646386442 10965179672    0    0    0     0          0    482072 12519641102034 3268824678    0    0    0     0       0          0
1784176325 | enp139s0f0np0: 28169017365199 10965529076    0    0    0     0          0    482072 12521026413387 3269178979    0    0    0     0       0          0
1784176326 | enp139s0f0np0: 28170343519974 10965866568    0    0    0     0          0    482072 12522347707836 3269517380    0    0    0     0       0          0
1784176327 | enp139s0f0np0: 28171668555687 10966204130    0    0    0     0          0    482072 12523674609651 3269857201    0    0    0     0       0          0
1784176328 | enp139s0f0np0: 28172950441160 10966530973    0    0    0     0          0    482072 12524953291768 3270184565    0    0    0     0       0          0
1784176329 | enp139s0f0np0: 28174307033170 10966876221    0    0    0     0          0    482072 12526309447011 3270531909    0    0    0     0       0          0
1784176330 | enp139s0f0np0: 28175656059389 10967220192    0    0    0     0          0    482072 12527665804315 3270878549    0    0    0     0       0          0
1784176331 | enp139s0f0np0: 28177072464050 10967581561    0    0    0     0          0    482072 12529078789560 3271239815    0    0    0     0       0          0
1784176332 | enp139s0f0np0: 28178469748570 10967937756    0    0    0     0          0    482072 12530463970955 3271593904    0    0    0     0       0          0
1784176333 | enp139s0f0np0: 28179842332315 10968288400    0    0    0     0          0    482072 12531842183690 3271946525    0    0    0     0       0          0
1784176334 | enp139s0f0np0: 28181124090599 10968615413    0    0    0     0          0    482072 12533155500716 3272282078    0    0    0     0       0          0
1784176335 | enp139s0f0np0: 28182536145480 10968975357    0    0    0     0          0    482072 12534576579279 3272644681    0    0    0     0       0          0
1784176336 | enp139s0f0np0: 28183953099073 10969336868    0    0    0     0          0    482072 12535997529664 3273007809    0    0    0     0       0          0
1784176337 | enp139s0f0np0: 28185364979966 10969696881    0    0    0     0          0    482072 12537407534429 3273368418    0    0    0     0       0          0
1784176338 | enp139s0f0np0: 28186760538804 10970052314    0    0    0     0          0    482073 12538808280889 3273726599    0    0    0     0       0          0
1784176339 | enp139s0f0np0: 28188177248596 10970413062    0    0    0     0          0    482073 12540208008775 3274084886    0    0    0     0       0          0
1784176340 | enp139s0f0np0: 28189575985969 10970769913    0    0    0     0          0    482073 12541589105911 3274438482    0    0    0     0       0          0
1784176341 | enp139s0f0np0: 28190988455236 10971129576    0    0    0     0          0    482073 12543004713653 3274800395    0    0    0     0       0          0
1784176342 | enp139s0f0np0: 28192409087950 10971491232    0    0    0     0          0    482073 12544412828666 3275160521    0    0    0     0       0          0
1784176343 | enp139s0f0np0: 28193808869575 10971847946    0    0    0     0          0    482073 12545785310490 3275512151    0    0    0     0       0          0
1784176344 | enp139s0f0np0: 28195223515684 10972208658    0    0    0     0          0    482073 12547201428965 3275873902    0    0    0     0       0          0
1784176345 | enp139s0f0np0: 28196650723780 10972572286    0    0    0     0          0    482073 12548610966341 3276234466    0    0    0     0       0          0
1784176346 | enp139s0f0np0: 28198064705455 10972932572    0    0    0     0          0    482073 12550019411016 3276594668    0    0    0     0       0          0
1784176347 | enp139s0f0np0: 28199421547436 10973279370    0    0    0     0          0    482073 12551419834814 3276952232    0    0    0     0       0          0
1784176348 | enp139s0f0np0: 28200802796754 10973630897    0    0    0     0          0    482073 12552771577295 3277298656    0    0    0     0       0          0
1784176349 | enp139s0f0np0: 28202172553930 10973980139    0    0    0     0          0    482073 12554164029831 3277654095    0    0    0     0       0          0
1784176350 | enp139s0f0np0: 28203512168546 10974321981    0    0    0     0          0    482073 12555490712335 3277993840    0    0    0     0       0          0
1784176351 | enp139s0f0np0: 28204883487513 10974671546    0    0    0     0          0    482073 12556854888432 3278342902    0    0    0     0       0          0
1784176352 | enp139s0f0np0: 28206172159793 10975000279    0    0    0     0          0    482073 12558130078444 3278669472    0    0    0     0       0          0
1784176353 | enp139s0f0np0: 28207526489383 10975345789    0    0    0     0          0    482073 12559462119873 3279010812    0    0    0     0       0          0
1784176354 | enp139s0f0np0: 28208938772024 10975705930    0    0    0     0          0    482073 12560864933414 3279369294    0    0    0     0       0          0
1784176355 | enp139s0f0np0: 28210311515683 10976056083    0    0    0     0          0    482073 12562234524722 3279719770    0    0    0     0       0          0
1784176356 | enp139s0f0np0: 28211696832970 10976408741    0    0    0     0          0    482073 12563583507407 3280065598    0    0    0     0       0          0
1784176357 | enp139s0f0np0: 28213042893938 10976752270    0    0    0     0          0    482073 12564962314455 3280418353    0    0    0     0       0          0
1784176358 | enp139s0f0np0: 28214416624728 10977102803    0    0    0     0          0    482073 12566334734176 3280769634    0    0    0     0       0          0
1784176359 | enp139s0f0np0: 28215803914567 10977457015    0    0    0     0          0    482073 12567736442839 3281127949    0    0    0     0       0          0
1784176360 | enp139s0f0np0: 28217216383507 10977817810    0    0    0     0          0    482073 12569133750182 3281485371    0    0    0     0       0          0
1784176361 | enp139s0f0np0: 28218632445888 10978179102    0    0    0     0          0    482073 12570559810650 3281849825    0    0    0     0       0          0
1784176362 | enp139s0f0np0: 28220052222040 10978541303    0    0    0     0          0    482073 12572006542784 3282219248    0    0    0     0       0          0
1784176363 | enp139s0f0np0: 28221456043932 10978899160    0    0    0     0          0    482073 12573408020835 3282577588    0    0    0     0       0          0
1784176364 | enp139s0f0np0: 28222854211059 10979256026    0    0    0     0          0    482073 12574788141397 3282930841    0    0    0     0       0          0
1784176365 | enp139s0f0np0: 28224230205706 10979607539    0    0    0     0          0    482073 12576178141528 3283285986    0    0    0     0       0          0
1784176366 | enp139s0f0np0: 28225635469104 10979966343    0    0    0     0          0    482073 12577564324250 3283640597    0    0    0     0       0          0
1784176367 | enp139s0f0np0: 28227005749251 10980316014    0    0    0     0          0    482073 12578944562464 3283993196    0    0    0     0       0          0
1784176368 | enp139s0f0np0: 28228389602677 10980669640    0    0    0     0          0    482074 12580326441414 3284346627    0    0    0     0       0          0
1784176369 | enp139s0f0np0: 28229740619494 10981015161    0    0    0     0          0    482074 12581727458855 3284704712    0    0    0     0       0          0
1784176370 | enp139s0f0np0: 28231084426435 10981358187    0    0    0     0          0    482074 12583073873479 3285049127    0    0    0     0       0          0
1784176371 | enp139s0f0np0: 28232456066016 10981708298    0    0    0     0          0    482074 12584443061524 3285398868    0    0    0     0       0          0
1784176372 | enp139s0f0np0: 28233871330675 10982068881    0    0    0     0          0    482074 12585826578460 3285753142    0    0    0     0       0          0
1784176373 | enp139s0f0np0: 28235290137748 10982430909    0    0    0     0          0    482074 12587238073828 3286114058    0    0    0     0       0          0
1784176374 | enp139s0f0np0: 28236688017473 10982787307    0    0    0     0          0    482074 12588642948927 3286472821    0    0    0     0       0          0
1784176375 | enp139s0f0np0: 28238051439379 10983135448    0    0    0     0          0    482074 12590043787260 3286830264    0    0    0     0       0          0
1784176376 | enp139s0f0np0: 28239411420141 10983482857    0    0    0     0          0    482074 12591390690723 3287175277    0    0    0     0       0          0
1784176377 | enp139s0f0np0: 28240795934766 10983836219    0    0    0     0          0    482074 12592775820166 3287529607    0    0    0     0       0          0
1784176378 | enp139s0f0np0: 28242207002622 10984196565    0    0    0     0          0    482074 12594182738729 3287889486    0    0    0     0       0          0
1784176379 | enp139s0f0np0: 28243583965636 10984548139    0    0    0     0          0    482074 12595591697890 3288249280    0    0    0     0       0          0
1784176380 | enp139s0f0np0: 28244973111920 10984902273    0    0    0     0          0    482074 12596980868874 3288604163    0    0    0     0       0          0
1784176381 | enp139s0f0np0: 28246342728950 10985252242    0    0    0     0          0    482074 12598369805052 3288959263    0    0    0     0       0          0
1784176382 | enp139s0f0np0: 28247678244198 10985593126    0    0    0     0          0    482074 12599714898167 3289303602    0    0    0     0       0          0
1784176383 | enp139s0f0np0: 28249052328199 10985943765    0    0    0     0          0    482074 12601103852498 3289658626    0    0    0     0       0          0
1784176384 | enp139s0f0np0: 28250317180176 10986266528    0    0    0     0          0    482074 12602402540583 3289989934    0    0    0     0       0          0
1784176385 | enp139s0f0np0: 28251737449200 10986628881    0    0    0     0          0    482074 12603820862132 3290352685    0    0    0     0       0          0
1784176386 | enp139s0f0np0: 28253156817047 10986990465    0    0    0     0          0    482074 12605232497535 3290713628    0    0    0     0       0          0
1784176387 | enp139s0f0np0: 28254549414780 10987345599    0    0    0     0          0    482074 12606610296488 3291066318    0    0    0     0       0          0
1784176388 | enp139s0f0np0: 28255925018731 10987696846    0    0    0     0          0    482074 12607972693819 3291415148    0    0    0     0       0          0
1784176389 | enp139s0f0np0: 28257256968324 10988036294    0    0    0     0          0    482074 12609304349026 3291755661    0    0    0     0       0          0
1784176390 | enp139s0f0np0: 28258634675649 10988387620    0    0    0     0          0    482074 12610706197760 3292113788    0    0    0     0       0          0
1784176391 | enp139s0f0np0: 28260027792666 10988743361    0    0    0     0          0    482074 12612099341926 3292470313    0    0    0     0       0          0
1784176392 | enp139s0f0np0: 28261411924177 10989096681    0    0    0     0          0    482074 12613495102019 3292826818    0    0    0     0       0          0
1784176393 | enp139s0f0np0: 28262797539222 10989450382    0    0    0     0          0    482074 12614850908821 3293174474    0    0    0     0       0          0
1784176394 | enp139s0f0np0: 28264130272765 10989790497    0    0    0     0          0    482074 12616154056706 3293509037    0    0    0     0       0          0
1784176395 | enp139s0f0np0: 28265483186948 10990136047    0    0    0     0          0    482074 12617504820892 3293855167    0    0    0     0       0          0
1784176396 | enp139s0f0np0: 28266801757210 10990472108    0    0    0     0          0    482074 12618813496059 3294190664    0    0    0     0       0          0
1784176397 | enp139s0f0np0: 28268160909431 10990818790    0    0    0     0          0    482074 12620201168787 3294545261    0    0    0     0       0          0
1784176398 | enp139s0f0np0: 28269539115041 10991170385    0    0    0     0          0    482075 12621592660802 3294900783    0    0    0     0       0          0
1784176399 | enp139s0f0np0: 28270919986219 10991522445    0    0    0     0          0    482075 12622989926402 3295257995    0    0    0     0       0          0
1784176400 | enp139s0f0np0: 28272302503783 10991874939    0    0    0     0          0    482075 12624352088077 3295606595    0    0    0     0       0          0
1784176401 | enp139s0f0np0: 28273646570488 10992217826    0    0    0     0          0    482075 12625710353053 3295954434    0    0    0     0       0          0
1784176402 | enp139s0f0np0: 28275002104536 10992564000    0    0    0     0          0    482075 12627085180638 3296306160    0    0    0     0       0          0
1784176403 | enp139s0f0np0: 28276409659606 10992922975    0    0    0     0          0    482075 12628498000911 3296666663    0    0    0     0       0          0
1784176404 | enp139s0f0np0: 28277806254274 10993279521    0    0    0     0          0    482075 12629894870542 3297023851    0    0    0     0       0          0
1784176405 | enp139s0f0np0: 28279170015672 10993627353    0    0    0     0          0    482075 12631248565069 3297370178    0    0    0     0       0          0
1784176406 | enp139s0f0np0: 28280536705373 10993976056    0    0    0     0          0    482075 12632607239543 3297718302    0    0    0     0       0          0
1784176407 | enp139s0f0np0: 28281828933404 10994306075    0    0    0     0          0    482075 12633899490276 3298049309    0    0    0     0       0          0
