1784175971 | enp139s0f0np0: 27789599213246 10868518934    0    0    0     0          0    482060 12140896582845 3171686938    0    0    0     0       0          0
1784175972 | enp139s0f0np0: 27790171437712 10868663904    0    0    0     0          0    482060 12141477996963 3171834233    0    0    0     0       0          0
1784175973 | enp139s0f0np0: 27791534503188 10869010945    0    0    0     0          0    482060 12142815271455 3172176556    0    0    0     0       0          0
1784175974 | enp139s0f0np0: 27792867550950 10869350261    0    0    0     0          0    482060 12144170661295 3172522986    0    0    0     0       0          0
1784175975 | enp139s0f0np0: 27794118874324 10869668928    0    0    0     0          0    482060 12145448378253 3172849535    0    0    0     0       0          0
1784175976 | enp139s0f0np0: 27795432376378 10870003634    0    0    0     0          0    482060 12146773673949 3173189053    0    0    0     0       0          0
1784175977 | enp139s0f0np0: 27796774591896 10870345162    0    0    0     0          0    482060 12148151672726 3173541378    0    0    0     0       0          0
1784175978 | enp139s0f0np0: 27798106037380 10870683728    0    0    0     0          0    482061 12149483055509 3173882294    0    0    0     0       0          0
1784175979 | enp139s0f0np0: 27799460444375 10871028089    0    0    0     0          0    482061 12150846322636 3174230864    0    0    0     0       0          0
1784175980 | enp139s0f0np0: 27800830131177 10871376221    0    0    0     0          0    482061 12152200991157 3174577923    0    0    0     0       0          0
1784175981 | enp139s0f0np0: 27802175216281 10871718698    0    0    0     0          0    482061 12153543514812 3174921943    0    0    0     0       0          0
1784175982 | enp139s0f0np0: 27803545348011 10872067744    0    0    0     0          0    482061 12154897348791 3175268910    0    0    0     0       0          0
1784175983 | enp139s0f0np0: 27804948568811 10872425250    0    0    0     0          0    482061 12156272444476 3175621114    0    0    0     0       0          0
1784175984 | enp139s0f0np0: 27806336464188 10872779678    0    0    0     0          0    482061 12157670319160 3175978248    0    0    0     0       0          0
1784175985 | enp139s0f0np0: 27807730503919 10873135651    0    0    0     0          0    482061 12159086080620 3176339858    0    0    0     0       0          0
1784175986 | enp139s0f0np0: 27809125088593 10873491323    0    0    0     0          0    482061 12160496360203 3176700614    0    0    0     0       0          0
1784175987 | enp139s0f0np0: 27810542059174 10873852571    0    0    0     0          0    482061 12161869997365 3177052898    0    0    0     0       0          0
1784175988 | enp139s0f0np0: 27811879644175 10874194692    0    0    0     0          0    482061 12163220614273 3177398567    0    0    0     0       0          0
1784175989 | enp139s0f0np0: 27813288249356 10874554195    0    0    0     0          0    482061 12164645416766 3177762774    0    0    0     0       0          0
1784175990 | enp139s0f0np0: 27814656072038 10874903670    0    0    0     0          0    482061 12166014975209 3178113031    0    0    0     0       0          0
1784175991 | enp139s0f0np0: 27816055478731 10875260599    0    0    0     0          0    482061 12167427580804 3178473821    0    0    0     0       0          0
1784175992 | enp139s0f0np0: 27817419109093 10875608231    0    0    0     0          0    482061 12168793566161 3178823204    0    0    0     0       0          0
1784175993 | enp139s0f0np0: 27818739074016 10875944456    0    0    0     0          0    482061 12170105944313 3179159032    0    0    0     0       0          0
1784175994 | enp139s0f0np0: 27820095876108 10876291160    0    0    0     0          0    482061 12171488970745 3179512526    0    0    0     0       0          0
1784175995 | enp139s0f0np0: 27821442963886 10876635554    0    0    0     0          0    482061 12172864602581 3179864503    0    0    0     0       0          0
1784175996 | enp139s0f0np0: 27822853177272 10876994813    0    0    0     0          0    482061 12174271218401 3180224027    0    0    0     0       0          0
1784175997 | enp139s0f0np0: 27824208647500 10877340522    0    0    0     0          0    482061 12175609716238 3180567235    0    0    0     0       0          0
1784175998 | enp139s0f0np0: 27825562676361 10877685923    0    0    0     0          0    482061 12176963792853 3180914085    0    0    0     0       0          0
1784175999 | enp139s0f0np0: 27826879587112 10878022176    0    0    0     0          0    482061 12178313827467 3181259236    0    0    0     0       0          0
1784176000 | enp139s0f0np0: 27828242660407 10878369497    0    0    0     0          0    482061 12179688855950 3181610578    0    0    0     0       0          0
1784176001 | enp139s0f0np0: 27829612578004 10878718464    0    0    0     0          0    482061 12181057190878 3181960482    0    0    0     0       0          0
1784176002 | enp139s0f0np0: 27830991485261 10879069731    0    0    0     0          0    482061 12182449803860 3182316710    0    0    0     0       0          0
1784176003 | enp139s0f0np0: 27832413762613 10879431786    0    0    0     0          0    482061 12183862636204 3182678011    0    0    0     0       0          0
1784176004 | enp139s0f0np0: 27833826057556 10879791869    0    0    0     0          0    482061 12185305089276 3183045962    0    0    0     0       0          0
1784176005 | enp139s0f0np0: 27835190978091 10880140032    0    0    0     0          0    482061 12186681354571 3183398342    0    0    0     0       0          0
1784176006 | enp139s0f0np0: 27836580243081 10880494582    0    0    0     0          0    482061 12188069495400 3183753595    0    0    0     0       0          0
1784176007 | enp139s0f0np0: 27837946692585 10880842961    0    0    0     0          0    482061 12189450203340 3184106633    0    0    0     0       0          0
1784176008 | enp139s0f0np0: 27839308636508 10881190857    0    0    0     0          0    482062 12190823184992 3184457987    0    0    0     0       0          0
1784176009 | enp139s0f0np0: 27840715440713 10881549412    0    0    0     0          0    482062 12192234017957 3184818450    0    0    0     0       0          0
1784176010 | enp139s0f0np0: 27842114586455 10881906699    0    0    0     0          0    482062 12193645395652 3185179323    0    0    0     0       0          0
1784176011 | enp139s0f0np0: 27843529706367 10882267255    0    0    0     0          0    482062 12195066086758 3185542662    0    0    0     0       0          0
1784176012 | enp139s0f0np0: 27844845996728 10882602342    0    0    0     0          0    482062 12196350232493 3185871462    0    0    0     0       0          0
1784176013 | enp139s0f0np0: 27846245886402 10882959282    0    0    0     0          0    482062 12197741654034 3186227070    0    0    0     0       0          0
1784176014 | enp139s0f0np0: 27847641125132 10883315082    0    0    0     0          0    482062 12199159860638 3186589189    0    0    0     0       0          0
1784176015 | enp139s0f0np0: 27849015916185 10883665691    0    0    0     0          0    482062 12200559864869 3186947015    0    0    0     0       0          0
1784176016 | enp139s0f0np0: 27850444412784 10884030672    0    0    0     0          0    482062 12201972716689 3187308518    0    0    0     0       0          0
1784176017 | enp139s0f0np0: 27851863792493 10884393052    0    0    0     0          0    482062 12203384626215 3187669619    0    0    0     0       0          0
1784176018 | enp139s0f0np0: 27853253435138 10884747335    0    0    0     0          0    482062 12204782732503 3188027156    0    0    0     0       0          0
1784176019 | enp139s0f0np0: 27854658205024 10885105586    0    0    0     0          0    482062 12206180272004 3188384575    0    0    0     0       0          0
1784176020 | enp139s0f0np0: 27856048200001 10885460468    0    0    0     0          0    482062 12207558584316 3188737839    0    0    0     0       0          0
1784176021 | enp139s0f0np0: 27857466171349 10885821814    0    0    0     0          0    482062 12209000042547 3189106409    0    0    0     0       0          0
1784176022 | enp139s0f0np0: 27858884218354 10886183107    0    0    0     0          0    482062 12210416318877 3189468039    0    0    0     0       0          0
1784176023 | enp139s0f0np0: 27860259296765 10886533662    0    0    0     0          0    482062 12211806745420 3189824176    0    0    0     0       0          0
1784176024 | enp139s0f0np0: 27861638930499 10886885050    0    0    0     0          0    482062 12213183280950 3190176273    0    0    0     0       0          0
1784176025 | enp139s0f0np0: 27862980818888 10887226273    0    0    0     0          0    482062 12214509801795 3190516339    0    0    0     0       0          0
1784176026 | enp139s0f0np0: 27864343254184 10887573359    0    0    0     0          0    482062 12215875607233 3190865822    0    0    0     0       0          0
1784176027 | enp139s0f0np0: 27865665881975 10887909971    0    0    0     0          0    482062 12217204972267 3191206625    0    0    0     0       0          0
1784176028 | enp139s0f0np0: 27867045147021 10888261370    0    0    0     0          0    482062 12218590431677 3191561638    0    0    0     0       0          0
1784176029 | enp139s0f0np0: 27868385339411 10888602411    0    0    0     0          0    482062 12219921937880 3191902803    0    0    0     0       0          0
1784176030 | enp139s0f0np0: 27869660744165 10888927682    0    0    0     0          0    482062 12221195901305 3192229217    0    0    0     0       0          0
1784176031 | enp139s0f0np0: 27870989490641 10889266623    0    0    0     0          0    482062 12222527480837 3192569698    0    0    0     0       0          0
1784176032 | enp139s0f0np0: 27872307476566 10889602948    0    0    0     0          0    482062 12223839091818 3192905868    0    0    0     0       0          0
1784176033 | enp139s0f0np0: 27873623952723 10889939094    0    0    0     0          0    482062 12225147282977 3193241052    0    0    0     0       0          0
1784176034 | enp139s0f0np0: 27874961488475 10890281069    0    0    0     0          0    482062 12226499563869 3193586813    0    0    0     0       0          0
1784176035 | enp139s0f0np0: 27876330121165 10890630010    0    0    0     0          0    482062 12227884562872 3193940862    0    0    0     0       0          0
1784176036 | enp139s0f0np0: 27877695568904 10890978254    0    0    0     0          0    482062 12229252254261 3194290904    0    0    0     0       0          0
1784176037 | enp139s0f0np0: 27878989982373 10891308288    0    0    0     0          0    482062 12230558062927 3194625066    0    0    0     0       0          0
1784176038 | enp139s0f0np0: 27880419899999 10891672553    0    0    0     0          0    482063 12231971235725 3194985845    0    0    0     0       0          0
1784176039 | enp139s0f0np0: 27881800823629 10892024703    0    0    0     0          0    482063 12233364816454 3195341547    0    0    0     0       0          0
1784176040 | enp139s0f0np0: 27883158969855 10892371162    0    0    0     0          0    482063 12234740986735 3195693688    0    0    0     0       0          0
1784176041 | enp139s0f0np0: 27884534033935 10892722093    0    0    0     0          0    482063 12236126032438 3196047867    0    0    0     0       0          0
1784176042 | enp139s0f0np0: 27885917379166 10893075234    0    0    0     0          0    482063 12237527110518 3196406204    0    0    0     0       0          0
1784176043 | enp139s0f0np0: 27887291738062 10893425537    0    0    0     0          0    482063 12238911144681 3196759828    0    0    0     0       0          0
1784176044 | enp139s0f0np0: 27888666353294 10893775218    0    0    0     0          0    482063 12240272923834 3197108309    0    0    0     0       0          0
1784176045 | enp139s0f0np0: 27890053275597 10894128951    0    0    0     0          0    482063 12241649735564 3197460726    0    0    0     0       0          0
1784176046 | enp139s0f0np0: 27891391917130 10894470175    0    0    0     0          0    482063 12242969155926 3197798694    0    0    0     0       0          0
1784176047 | enp139s0f0np0: 27892767594468 10894820725    0    0    0     0          0    482063 12244335302628 3198148539    0    0    0     0       0          0
1784176048 | enp139s0f0np0: 27894148991418 10895172820    0    0    0     0          0    482063 12245730320291 3198504791    0    0    0     0       0          0
1784176049 | enp139s0f0np0: 27895455261191 10895505907    0    0    0     0          0    482063 12247034630481 3198838206    0    0    0     0       0          0
1784176050 | enp139s0f0np0: 27896850894696 10895861603    0    0    0     0          0    482063 12248427577194 3199194512    0    0    0     0       0          0
1784176051 | enp139s0f0np0: 27898248935328 10896218019    0    0    0     0          0    482063 12249813409247 3199548953    0    0    0     0       0          0
1784176052 | enp139s0f0np0: 27899651582093 10896575757    0    0    0     0          0    482063 12251214683524 3199907201    0    0    0     0       0          0
1784176053 | enp139s0f0np0: 27901029706364 10896927383    0    0    0     0          0    482063 12252591494904 3200259418    0    0    0     0       0          0
1784176054 | enp139s0f0np0: 27902425530602 10897283033    0    0    0     0          0    482063 12253981270777 3200614777    0    0    0     0       0          0
1784176055 | enp139s0f0np0: 27903741299165 10897618662    0    0    0     0          0    482063 12255335556111 3200960373    0    0    0     0       0          0
1784176056 | enp139s0f0np0: 27905075939085 10897958962    0    0    0     0          0    482063 12256658857720 3201299326    0    0    0     0       0          0
1784176057 | enp139s0f0np0: 27906451194050 10898308898    0    0    0     0          0    482063 12258019758283 3201647022    0    0    0     0       0          0
1784176058 | enp139s0f0np0: 27907833598970 10898661580    0    0    0     0          0    482063 12259406201290 3202001537    0    0    0     0       0          0
1784176059 | enp139s0f0np0: 27909197830537 10899010121    0    0    0     0          0    482063 12260780871702 3202352944    0    0    0     0       0          0
1784176060 | enp139s0f0np0: 27910574641560 10899361813    0    0    0     0          0    482063 12262176906641 3202709403    0    0    0     0       0          0
1784176061 | enp139s0f0np0: 27911933763052 10899708817    0    0    0     0          0    482063 12263539550027 3203058203    0    0    0     0       0          0
1784176062 | enp139s0f0np0: 27913292029948 10900055097    0    0    0     0          0    482063 12264909133000 3203408640    0    0    0     0       0          0
1784176063 | enp139s0f0np0: 27914602057648 10900389159    0    0    0     0          0    482063 12266205346041 3203741223    0    0    0     0       0          0
1784176064 | enp139s0f0np0: 27915959531789 10900735492    0    0    0     0          0    482063 12267570328630 3204090619    0    0    0     0       0          0
1784176065 | enp139s0f0np0: 27917322017466 10901083201    0    0    0     0          0    482063 12268934728239 3204439752    0    0    0     0       0          0
1784176066 | enp139s0f0np0: 27918711286868 10901436975    0    0    0     0          0    482063 12270335029911 3204797841    0    0    0     0       0          0
1784176067 | enp139s0f0np0: 27919992487813 10901763642    0    0    0     0          0    482063 12271615021538 3205125774    0    0    0     0       0          0
1784176068 | enp139s0f0np0: 27921415261277 10902125837    0    0    0     0          0    482064 12273022759302 3205486150    0    0    0     0       0          0
1784176069 | enp139s0f0np0: 27922780100495 10902473708    0    0    0     0          0    482064 12274372643283 3205831813    0    0    0     0       0          0
1784176070 | enp139s0f0np0: 27924152647810 10902823504    0    0    0     0          0    482064 12275774084542 3206189459    0    0    0     0       0          0
1784176071 | enp139s0f0np0: 27925559057981 10903181769    0    0    0     0          0    482064 12277181438898 3206549086    0    0    0     0       0          0
1784176072 | enp139s0f0np0: 27926948481829 10903536346    0    0    0     0          0    482064 12278566218254 3206903186    0    0    0     0       0          0
1784176073 | enp139s0f0np0: 27928275935963 10903875246    0    0    0     0          0    482064 12279886382770 3207241881    0    0    0     0       0          0
1784176074 | enp139s0f0np0: 27929600798381 10904213670    0    0    0     0          0    482064 12281232298730 3207585956    0    0    0     0       0          0
1784176075 | enp139s0f0np0: 27930994258752 10904569342    0    0    0     0          0    482064 12282616136020 3207939915    0    0    0     0       0          0
1784176076 | enp139s0f0np0: 27932386494826 10904924102    0    0    0     0          0    482064 12283997218062 3208292993    0    0    0     0       0          0
1784176077 | enp139s0f0np0: 27933767431584 10905277084    0    0    0     0          0    482064 12285396817689 3208650793    0    0    0     0       0          0
1784176078 | enp139s0f0np0: 27935149108663 10905629876    0    0    0     0          0    482064 12286788783935 3209006767    0    0    0     0       0          0
1784176079 | enp139s0f0np0: 27936473303790 10905968112    0    0    0     0          0    482064 12288108317645 3209344852    0    0    0     0       0          0
1784176080 | enp139s0f0np0: 27937790772031 10906304325    0    0    0     0          0    482064 12289451173170 3209688248    0    0    0     0       0          0
1784176081 | enp139s0f0np0: 27939145337134 10906649992    0    0    0     0          0    482064 12290798839337 3210032749    0    0    0     0       0          0
1784176082 | enp139s0f0np0: 27940542283054 10907006246    0    0    0     0          0    482064 12292181036351 3210386827    0    0    0     0       0          0
1784176083 | enp139s0f0np0: 27941935658193 10907361690    0    0    0     0          0    482064 12293593849877 3210747424    0    0    0     0       0          0
1784176084 | enp139s0f0np0: 27943341045191 10907719837    0    0    0     0          0    482064 12294975058320 3211100965    0    0    0     0       0          0
1784176085 | enp139s0f0np0: 27944732417324 10908074853    0    0    0     0          0    482064 12296365507674 3211456623    0    0    0     0       0          0
1784176086 | enp139s0f0np0: 27946084274194 10908419719    0    0    0     0          0    482064 12297685371517 3211794392    0    0    0     0       0          0
1784176087 | enp139s0f0np0: 27947486428680 10908777313    0    0    0     0          0    482064 12299087045721 3212152685    0    0    0     0       0          0
1784176088 | enp139s0f0np0: 27948880323688 10909132539    0    0    0     0          0    482064 12300461247803 3212504092    0    0    0     0       0          0
1784176089 | enp139s0f0np0: 27950262434387 10909485187    0    0    0     0          0    482064 12301844629026 3212857459    0    0    0     0       0          0
1784176090 | enp139s0f0np0: 27951638957793 10909836063    0    0    0     0          0    482064 12303211512288 3213207330    0    0    0     0       0          0
1784176091 | enp139s0f0np0: 27952993882059 10910181974    0    0    0     0          0    482064 12304593477604 3213561075    0    0    0     0       0          0
1784176092 | enp139s0f0np0: 27954395702758 10910538710    0    0    0     0          0    482064 12305979945156 3213915932    0    0    0     0       0          0
1784176093 | enp139s0f0np0: 27955785153550 10910893284    0    0    0     0          0    482064 12307381925746 3214274617    0    0    0     0       0          0
1784176094 | enp139s0f0np0: 27957174982126 10911248012    0    0    0     0          0    482064 12308761470142 3214627714    0    0    0     0       0          0
1784176095 | enp139s0f0np0: 27958568366000 10911602906    0    0    0     0          0    482064 12310146377391 3214982376    0    0    0     0       0          0
1784176096 | enp139s0f0np0: 27959938854042 10911953052    0    0    0     0          0    482064 12311512603742 3215331898    0    0    0     0       0          0
1784176097 | enp139s0f0np0: 27961365327159 10912317194    0    0    0     0          0    482064 12312912927166 3215690505    0    0    0     0       0          0
1784176098 | enp139s0f0np0: 27962784623389 10912679691    0    0    0     0          0    482065 12314313008445 3216048635    0    0    0     0       0          0
1784176099 | enp139s0f0np0: 27964189259986 10913038649    0    0    0     0          0    482065 12315708532350 3216405442    0    0    0     0       0          0
1784176100 | enp139s0f0np0: 27965617713586 10913403179    0    0    0     0          0    482065 12317115488885 3216765156    0    0    0     0       0          0
1784176101 | enp139s0f0np0: 27966972120493 10913749419    0    0    0     0          0    482065 12318496630535 3217118326    0    0    0     0       0          0
1784176102 | enp139s0f0np0: 27968348029896 10914100743    0    0    0     0          0    482065 12319882507508 3217472361    0    0    0     0       0          0
1784176103 | enp139s0f0np0: 27969627142500 10914427766    0    0    0     0          0    482065 12321174729146 3217802945    0    0    0     0       0          0
1784176104 | enp139s0f0np0: 27970967589146 10914769942    0    0    0     0          0    482065 12322503669274 3218143188    0    0    0     0       0          0
1784176105 | enp139s0f0np0: 27972369757295 10915127777    0    0    0     0          0    482065 12323914157826 3218503630    0    0    0     0       0          0
1784176106 | enp139s0f0np0: 27973742121200 10915478005    0    0    0     0          0    482065 12325293045476 3218856260    0    0    0     0       0          0
1784176107 | enp139s0f0np0: 27975108792356 10915826651    0    0    0     0          0    482065 12326666254813 3219207023    0    0    0     0       0          0
1784176108 | enp139s0f0np0: 27976488756209 10916178494    0    0    0     0          0    482065 12328042314449 3219559019    0    0    0     0       0          0
1784176109 | enp139s0f0np0: 27977846513268 10916525435    0    0    0     0          0    482065 12329413886056 3219909699    0    0    0     0       0          0
1784176110 | enp139s0f0np0: 27979214764542 10916874634    0    0    0     0          0    482065 12330765248587 3220255539    0    0    0     0       0          0
1784176111 | enp139s0f0np0: 27980540711778 10917212980    0    0    0     0          0    482065 12332086531699 3220593596    0    0    0     0       0          0
1784176112 | enp139s0f0np0: 27981820297345 10917539913    0    0    0     0          0    482065 12333375060960 3220923022    0    0    0     0       0          0
1784176113 | enp139s0f0np0: 27983175922356 10917885188    0    0    0     0          0    482065 12334755163684 3221275250    0    0    0     0       0          0
1784176114 | enp139s0f0np0: 27984529286589 10918230606    0    0    0     0          0    482065 12336127830827 3221626139    0    0    0     0       0          0
1784176115 | enp139s0f0np0: 27985938086623 10918589997    0    0    0     0          0    482065 12337530951407 3221984565    0    0    0     0       0          0
1784176116 | enp139s0f0np0: 27987294374340 10918936170    0    0    0     0          0    482065 12338865803245 3222326540    0    0    0     0       0          0
1784176117 | enp139s0f0np0: 27988690071412 10919292800    0    0    0     0          0    482065 12340249155091 3222680534    0    0    0     0       0          0
1784176118 | enp139s0f0np0: 27990006409957 10919628617    0    0    0     0          0    482065 12341570339619 3223018278    0    0    0     0       0          0
1784176119 | enp139s0f0np0: 27991385062900 10919980378    0    0    0     0          0    482065 12342968197579 3223375161    0    0    0     0       0          0
1784176120 | enp139s0f0np0: 27992738938033 10920325877    0    0    0     0          0    482065 12344337959917 3223725416    0    0    0     0       0          0
1784176121 | enp139s0f0np0: 27994051775179 10920660209    0    0    0     0          0    482065 12345643942513 3224059688    0    0    0     0       0          0
1784176122 | enp139s0f0np0: 27995341551497 10920989260    0    0    0     0          0    482065 12346917242206 3224385434    0    0    0     0       0          0
1784176123 | enp139s0f0np0: 27996651244242 10921323492    0    0    0     0          0    482065 12348248004153 3224725663    0    0    0     0       0          0
1784176124 | enp139s0f0np0: 27998041584937 10921678069    0    0    0     0          0    482065 12349659483973 3225086619    0    0    0     0       0          0
1784176125 | enp139s0f0np0: 27999421623642 10922030350    0    0    0     0          0    482065 12351065383983 3225445879    0    0    0     0       0          0
1784176126 | enp139s0f0np0: 28000739425825 10922366394    0    0    0     0          0    482065 12352389628001 3225784550    0    0    0     0       0          0
1784176127 | enp139s0f0np0: 28002109771159 10922715969    0    0    0     0          0    482065 12353763139629 3226136159    0    0    0     0       0          0
1784176128 | enp139s0f0np0: 28003425547746 10923052423    0    0    0     0          0    482066 12355124411549 3226483830    0    0    0     0       0          0
1784176129 | enp139s0f0np0: 28004818886864 10923407672    0    0    0     0          0    482066 12356499425714 3226835771    0    0    0     0       0          0
1784176130 | enp139s0f0np0: 28006198336562 10923759186    0    0    0     0          0    482066 12357886382229 3227190555    0    0    0     0       0          0
1784176131 | enp139s0f0np0: 28007568243639 10924108158    0    0    0     0          0    482066 12359251959811 3227539866    0    0    0     0       0          0
1784176132 | enp139s0f0np0: 28008976691838 10924467203    0    0    0     0          0    482066 12360640696797 3227895294    0    0    0     0       0          0
1784176133 | enp139s0f0np0: 28010389333676 10924827104    0    0    0     0          0    482066 12362043155231 3228253789    0    0    0     0       0          0
1784176134 | enp139s0f0np0: 28011735570436 10925170376    0    0    0     0          0    482066 12363390145126 3228598445    0    0    0     0       0          0
1784176135 | enp139s0f0np0: 28013112499067 10925521591    0    0    0     0          0    482066 12364794306574 3228957273    0    0    0     0       0          0
1784176136 | enp139s0f0np0: 28014484159111 10925871143    0    0    0     0          0    482066 12366166104829 3229308282    0    0    0     0       0          0
1784176137 | enp139s0f0np0: 28015846135778 10926217937    0    0    0     0          0    482066 12367530144630 3229656820    0    0    0     0       0          0
1784176138 | enp139s0f0np0: 28017253723399 10926576642    0    0    0     0          0    482066 12368898355799 3230007741    0    0    0     0       0          0
1784176139 | enp139s0f0np0: 28018673650937 10926938260    0    0    0     0          0    482066 12370280178318 3230361630    0    0    0     0       0          0
1784176140 | enp139s0f0np0: 28019974811251 10927270172    0    0    0     0          0    482066 12371596555017 3230698006    0    0    0     0       0          0
1784176141 | enp139s0f0np0: 28021349728271 10927621307    0    0    0     0          0    482066 12372979969965 3231051943    0    0    0     0       0          0
1784176142 | enp139s0f0np0: 28022740451846 10927976096    0    0    0     0          0    482066 12374393490544 3231412944    0    0    0     0       0          0
1784176143 | enp139s0f0np0: 28024104325069 10928324083    0    0    0     0          0    482066 12375781989404 3231767962    0    0    0     0       0          0
1784176144 | enp139s0f0np0: 28025508005468 10928680890    0    0    0     0          0    482066 12377171203407 3232123428    0    0    0     0       0          0
1784176145 | enp139s0f0np0: 28026885800148 10929032149    0    0    0     0          0    482066 12378549057056 3232475970    0    0    0     0       0          0
1784176146 | enp139s0f0np0: 28028262275698 10929383173    0    0    0     0          0    482066 12379931227049 3232829837    0    0    0     0       0          0
1784176147 | enp139s0f0np0: 28029627253084 10929730910    0    0    0     0          0    482066 12381316370473 3233183811    0    0    0     0       0          0
1784176148 | enp139s0f0np0: 28031020262325 10930085736    0    0    0     0          0    482066 12382718027409 3233542178    0    0    0     0       0          0
1784176149 | enp139s0f0np0: 28032402374005 10930438064    0    0    0     0          0    482066 12384105551575 3233896829    0    0    0     0       0          0
1784176150 | enp139s0f0np0: 28033805193479 10930795264    0    0    0     0          0    482066 12385480667918 3234248843    0    0    0     0       0          0
1784176151 | enp139s0f0np0: 28035179020766 10931145403    0    0    0     0          0    482066 12386861780618 3234602075    0    0    0     0       0          0
