1784784256 | enp139s0f0np0: 234161601828339 63217257255    0 2473    0     0          0    502335 184073694909481 47694953449    0    0    0     0       0          0
1784784257 | enp139s0f0np0: 234161601948644 63217257314    0 2473    0     0          0    502335 184073694909481 47694953449    0    0    0     0       0          0
1784784258 | enp139s0f0np0: 234161606853154 63217284808    0 2473    0     0          0    502335 184076656457434 47695664257    0    0    0     0       0          0
1784784259 | enp139s0f0np0: 234161614225921 63217323652    0 2473    0     0          0    502335 184081274573522 47696772598    0    0    0     0       0          0
1784784260 | enp139s0f0np0: 234161621646136 63217362989    0 2473    0     0          0    502335 184085909681184 47697884967    0    0    0     0       0          0
1784784261 | enp139s0f0np0: 234161628821215 63217400201    0 2473    0     0          0    502335 184090423424592 47698968372    0    0    0     0       0          0
1784784262 | enp139s0f0np0: 234161636095021 63217438985    0 2473    0     0          0    502335 184094970773758 47700059971    0    0    0     0       0          0
1784784263 | enp139s0f0np0: 234161643313935 63217477522    0 2473    0     0          0    502335 184099445282869 47701133952    0    0    0     0       0          0
1784784264 | enp139s0f0np0: 234161650434849 63217514354    0 2473    0     0          0    502335 184103986478881 47702223784    0    0    0     0       0          0
1784784265 | enp139s0f0np0: 234161657389238 63217550363    0 2473    0     0          0    502335 184108373257308 47703276740    0    0    0     0       0          0
1784784266 | enp139s0f0np0: 234161664652822 63217588175    0 2473    0     0          0    502335 184112960848808 47704377738    0    0    0     0       0          0
1784784267 | enp139s0f0np0: 234161671981157 63217626162    0 2473    0     0          0    502335 184117605124380 47705492506    0    0    0     0       0          0
1784784268 | enp139s0f0np0: 234161679375500 63217665209    0 2473    0     0          0    502335 184122218192594 47706599598    0    0    0     0       0          0
1784784269 | enp139s0f0np0: 234161686774813 63217703915    0 2473    0     0          0    502335 184126851193225 47707711520    0    0    0     0       0          0
1784784270 | enp139s0f0np0: 234161694092531 63217742812    0 2473    0     0          0    502335 184131427983254 47708810008    0    0    0     0       0          0
1784784271 | enp139s0f0np0: 234161700981805 63217777398    0 2473    0     0          0    502335 184135869773531 47709876100    0    0    0     0       0          0
1784784272 | enp139s0f0np0: 234161708110602 63217814245    0 2473    0     0          0    502335 184140350275607 47710951536    0    0    0     0       0          0
1784784273 | enp139s0f0np0: 234161715352569 63217851847    0 2473    0     0          0    502335 184144910959697 47712046126    0    0    0     0       0          0
1784784274 | enp139s0f0np0: 234161722241063 63217887837    0 2473    0     0          0    502335 184149252815086 47713088456    0    0    0     0       0          0
1784784275 | enp139s0f0np0: 234161729486118 63217925779    0 2473    0     0          0    502335 184153803756165 47714180783    0    0    0     0       0          0
1784784276 | enp139s0f0np0: 234161736684213 63217962931    0 2473    0     0          0    502335 184158339790976 47715269556    0    0    0     0       0          0
1784784277 | enp139s0f0np0: 234161743970200 63218002111    0 2473    0     0          0    502335 184162884727734 47716360497    0    0    0     0       0          0
1784784278 | enp139s0f0np0: 234161751239866 63218040272    0 2473    0     0          0    502336 184167435137718 47717452728    0    0    0     0       0          0
1784784279 | enp139s0f0np0: 234161758446230 63218078204    0 2473    0     0          0    502336 184171964547135 47718539807    0    0    0     0       0          0
1784784280 | enp139s0f0np0: 234161765807810 63218117185    0 2473    0     0          0    502336 184176526436166 47719634746    0    0    0     0       0          0
1784784281 | enp139s0f0np0: 234161773242610 63218156571    0 2473    0     0          0    502336 184181157407105 47720746346    0    0    0     0       0          0
1784784282 | enp139s0f0np0: 234161780722510 63218196447    0 2473    0     0          0    502336 184185805416532 47721861775    0    0    0     0       0          0
1784784283 | enp139s0f0np0: 234161788249654 63218237266    0 2473    0     0          0    502336 184190458955876 47722978634    0    0    0     0       0          0
1784784284 | enp139s0f0np0: 234161795587100 63218276347    0 2473    0     0          0    502336 184195051661583 47724081045    0    0    0     0       0          0
1784784285 | enp139s0f0np0: 234161802878612 63218315136    0 2473    0     0          0    502336 184199601878638 47725173191    0    0    0     0       0          0
1784784286 | enp139s0f0np0: 234161810107008 63218352504    0 2473    0     0          0    502336 184204175893074 47726270988    0    0    0     0       0          0
1784784287 | enp139s0f0np0: 234161817349285 63218390344    0 2473    0     0          0    502336 184208722504155 47727362290    0    0    0     0       0          0
1784784288 | enp139s0f0np0: 234161824520657 63218428910    0 2473    0     0          0    502336 184213155721809 47728426404    0    0    0     0       0          0
